153829607866000,0,65.0,2400.0,0.0,
153829626299000,0,65.0,2400.0,0.0,
153829644609000,0,66.0,2400.0,0.0,
153831488786000,0,62.0,2400.0,0.0,
153831526079000,0,63.0,2400.0,0.0,
153831548448000,0,62.0,2400.0,0.0,
153831566118000,0,62.0,2400.0,0.0,
153831589403000,0,61.0,2400.0,0.0,
153831608842000,0,61.0,2400.0,0.0,
153831626176000,0,61.0,2400.0,0.0,
153831646440000,0,61.0,2400.0,0.0,
153831668626000,0,61.0,2400.0,0.0,
153831686235000,0,62.0,2400.0,0.0,
153831706224000,0,62.0,2400.0,0.0,
153831729448000,0,59.0,2400.0,0.0,
153831746446000,0,59.0,2400.0,0.0,
153831768572000,0,59.0,2400.0,0.0,
153831788957000,0,59.0,2400.0,0.0,
153831806322000,0,58.0,2400.0,0.0,
153831826341000,0,58.0,2400.0,0.0,
153831848650000,0,57.0,2400.0,0.0,
153831866167000,0,59.0,2400.0,0.0,
153831886186000,0,59.0,2400.0,0.0,
153831908647000,0,56.0,2400.0,0.0,
153831926195000,0,56.0,2400.0,0.0,
153831949480000,0,60.0,2400.0,0.0,
153831969316000,0,60.0,2400.0,0.0,
153831986314000,0,59.0,2400.0,0.0,
153832006273000,0,59.0,2400.0,0.0,
153832028551000,0,57.0,2400.0,0.0,
153832046373000,0,59.0,2400.0,0.0,
153832066454000,0,59.0,2400.0,0.0,
153832088731000,0,58.0,2400.0,0.0,
153832106462000,0,58.0,2400.0,0.0,
153832129747000,0,57.0,2400.0,0.0,
153832149278000,0,57.0,2400.0,0.0,
153832166399000,0,58.0,2400.0,0.0,
153832186418000,0,58.0,2400.0,0.0,
153832209093000,0,54.0,2400.0,0.0,
153832226457000,0,56.0,2400.0,0.0,
153832246477000,0,56.0,2400.0,0.0,
153832268877000,0,59.0,2400.0,0.0,
153832286607000,0,59.0,2400.0,0.0,
153832309892000,0,55.0,2400.0,0.0,
153832329546000,0,55.0,2400.0,0.0,
153832346971000,0,57.0,2400.0,0.0,
153832366899000,0,57.0,2400.0,0.0,
153832389330000,0,57.0,2400.0,0.0,
153832406786000,0,57.0,2400.0,0.0,
153832426866000,0,57.0,2400.0,0.0,
153832449449000,0,56.0,2400.0,0.0,
153832466814000,0,56.0,2400.0,0.0,
153832490160000,0,58.0,2400.0,0.0,
153832509508000,0,58.0,2400.0,0.0,
153832526842000,0,59.0,2400.0,0.0,
153832546800000,0,61.0,2400.0,0.0,
153832569109000,0,59.0,2400.0,0.0,
153832586839000,0,56.0,2400.0,0.0,
153832606828000,0,56.0,2400.0,0.0,
153832629411000,0,58.0,2400.0,0.0,
153832646959000,0,58.0,2400.0,0.0,
153832669267000,0,59.0,2400.0,0.0,
153832690538000,0,59.0,2400.0,0.0,
153832706987000,0,59.0,2400.0,0.0,
153832727007000,0,58.0,2400.0,0.0,
153832749315000,0,58.0,2400.0,0.0,
153832766985000,0,58.0,2400.0,0.0,
153832787004000,0,58.0,2400.0,0.0,
153832809343000,0,59.0,2400.0,0.0,
153832827043000,0,59.0,2400.0,0.0,
153832850389000,0,59.0,2400.0,0.0,
153832869951000,0,59.0,2400.0,0.0,
153832887102000,0,58.0,2400.0,0.0,
153832907121000,0,56.0,2400.0,0.0,
153832929765000,0,56.0,2400.0,0.0,
153832947160000,0,57.0,2400.0,0.0,
153832967210000,0,57.0,2400.0,0.0,
153832989549000,0,58.0,2400.0,0.0,
153833007219000,0,58.0,2400.0,0.0,
153833030504000,0,57.0,2400.0,0.0,
153833049944000,0,57.0,2400.0,0.0,
153833067339000,0,58.0,2400.0,0.0,
153833087328000,0,57.0,2400.0,0.0,
153833109697000,0,57.0,2400.0,0.0,
153833127306000,0,57.0,2400.0,0.0,
153833147325000,0,57.0,2400.0,0.0,
153833170091000,0,57.0,2400.0,0.0,
153833187395000,0,57.0,2400.0,0.0,
153833210680000,0,58.0,2400.0,0.0,
153833230150000,0,58.0,2400.0,0.0,
153833247423000,0,56.0,2400.0,0.0,
153833267534000,0,60.0,2400.0,0.0,
153833289781000,0,60.0,2400.0,0.0,
153833307481000,0,60.0,2400.0,0.0,
153833327501000,0,60.0,2400.0,0.0,
153833349992000,0,63.0,2400.0,0.0,
153833367571000,0,63.0,2400.0,0.0,
153833390886000,0,62.0,2400.0,0.0,
153833410631000,0,62.0,2400.0,0.0,
153833427629000,0,63.0,2400.0,0.0,
153833447649000,0,63.0,2400.0,0.0,
153833469988000,0,63.0,2400.0,0.0,
153833487688000,0,67.0,2400.0,0.0,
153833507738000,0,67.0,2400.0,0.0,
153833530138000,0,70.0,2400.0,0.0,
153833547807000,0,70.0,2400.0,0.0,
153833570085000,0,79.0,2400.0,0.0,
153833590593000,0,79.0,2400.0,0.0,
153833710313000,0,100.0,2400.0,0.0,
153833727953000,0,100.0,2400.0,0.0,
153833750383000,0,102.0,2400.0,0.0,
153833770738000,0,102.0,2400.0,0.0,
153833787950000,0,100.0,2400.0,0.0,
153833807970000,0,100.0,2400.0,0.0,
153833830431000,0,100.0,2400.0,0.0,
153833848009000,0,99.0,2400.0,0.0,
153833868089000,0,99.0,2400.0,0.0,
153833890794000,0,95.0,2400.0,0.0,
153833908067000,0,95.0,2400.0,0.0,
153833931413000,0,92.0,2400.0,0.0,
153833950884000,0,92.0,2400.0,0.0,
153833968156000,0,94.0,2400.0,0.0,
153833988145000,0,93.0,2400.0,0.0,
153834010484000,0,93.0,2400.0,0.0,
153834028246000,0,90.0,2400.0,0.0,
153834048235000,0,90.0,2400.0,0.0,
153834070696000,0,89.0,2400.0,0.0,
153834088243000,0,89.0,2400.0,0.0,
153834111620000,0,90.0,2400.0,0.0,
153834131364000,0,91.0,2400.0,0.0,
153834148332000,0,91.0,2400.0,0.0,
153834168352000,0,93.0,2400.0,0.0,
153834190630000,0,93.0,2400.0,0.0,
153834213091000,0,97.0,2400.0,0.0,
153834228380000,0,97.0,2400.0,0.0,
153834250780000,0,101.0,2400.0,0.0,
153834268388000,0,101.0,2400.0,0.0,
153834291734000,0,108.0,2400.0,0.0,
153834311327000,0,116.0,2400.0,0.0,
153834328539000,0,116.0,2400.0,0.0,
153834348528000,0,122.0,2400.0,0.0,
153834371111000,0,122.0,2400.0,0.0,
153834388536000,0,123.0,2400.0,0.0,
153834408525000,0,123.0,2400.0,0.0,
153834430895000,0,119.0,2400.0,0.0,
153834448564000,0,119.0,2400.0,0.0,
153834471910000,0,116.0,2400.0,0.0,
153834491411000,0,113.0,2400.0,0.0,
153834508623000,0,113.0,2400.0,0.0,
153834528673000,0,111.0,2400.0,0.0,
153834551347000,0,111.0,2400.0,0.0,
153834568803000,0,118.0,2400.0,0.0,
153834588823000,0,118.0,2400.0,0.0,
153834611925000,0,120.0,2400.0,0.0,
153834628770000,0,120.0,2400.0,0.0,
153834650987000,0,120.0,2400.0,0.0,
153834671587000,0,121.0,2400.0,0.0,
153834688890000,0,121.0,2400.0,0.0,
153834708910000,0,122.0,2400.0,0.0,
153834731187000,0,122.0,2400.0,0.0,
153834748979000,0,119.0,2400.0,0.0,
153834768938000,0,119.0,2400.0,0.0,
153834791399000,0,119.0,2400.0,0.0,
153834809038000,0,119.0,2400.0,0.0,
153834831133000,0,115.0,2400.0,0.0,
153834852251000,0,109.0,2400.0,0.0,
153834869005000,0,109.0,2400.0,0.0,
153834889024000,0,108.0,2400.0,0.0,
153834911394000,0,108.0,2400.0,0.0,
153834929063000,0,109.0,2400.0,0.0,
153834949083000,0,109.0,2400.0,0.0,
153834971391000,0,107.0,2400.0,0.0,
153834989092000,0,107.0,2400.0,0.0,
153835011430000,0,103.0,2400.0,0.0,
153835031999000,0,103.0,2400.0,0.0,
153835049181000,0,103.0,2400.0,0.0,
153835069200000,0,98.0,2400.0,0.0,
153835091844000,0,98.0,2400.0,0.0,
153835109239000,0,95.0,2400.0,0.0,
153835129228000,0,95.0,2400.0,0.0,
153835151628000,0,87.0,2400.0,0.0,
153835169359000,0,87.0,2400.0,0.0,
153835192674000,0,79.0,2400.0,0.0,
153835212053000,0,78.0,2400.0,0.0,
153835229356000,0,78.0,2400.0,0.0,
153835249376000,0,76.0,2400.0,0.0,
153835271806000,0,76.0,2400.0,0.0,
153835289415000,0,78.0,2400.0,0.0,
153835309404000,0,78.0,2400.0,0.0,
153835332109000,0,75.0,2400.0,0.0,
153835349443000,0,75.0,2400.0,0.0,
153835372789000,0,71.0,2400.0,0.0,
153835392229000,0,65.0,2400.0,0.0,
153835409532000,0,65.0,2400.0,0.0,
153835429552000,0,64.0,2400.0,0.0,
153835451891000,0,64.0,2400.0,0.0,
153835469621000,0,57.0,2400.0,0.0,
153835489610000,0,57.0,2400.0,0.0,
153835512193000,0,56.0,2400.0,0.0,
153835529741000,0,57.0,2400.0,0.0,
153835552965000,0,57.0,2400.0,0.0,
153835573167000,0,54.0,2400.0,0.0,
153835589647000,0,54.0,2400.0,0.0,
153835609789000,0,57.0,2400.0,0.0,
153835632127000,0,57.0,2400.0,0.0,
153835649858000,0,56.0,2400.0,0.0,
153835669817000,0,56.0,2400.0,0.0,
153835692247000,0,56.0,2400.0,0.0,
153835709856000,0,56.0,2400.0,0.0,
153835732103000,0,56.0,2400.0,0.0,
153835752702000,0,55.0,2400.0,0.0,
153835769884000,0,55.0,2400.0,0.0,
153835850298000,0,52.0,2400.0,0.0,
153835872575000,0,53.0,2400.0,0.0,
153835890306000,0,51.0,2400.0,0.0,
153835912553000,0,51.0,2400.0,0.0,
153835933061000,0,48.0,2400.0,0.0,
153835950304000,0,48.0,2400.0,0.0,
153835970171000,0,49.0,2400.0,0.0,
153835992632000,0,49.0,2400.0,0.0,
153836010210000,0,50.0,2400.0,0.0,
153836030199000,0,50.0,2400.0,0.0,
153836052904000,0,51.0,2400.0,0.0,
153836070177000,0,54.0,2400.0,0.0,
153836093492000,0,54.0,2400.0,0.0,
153836112932000,0,58.0,2400.0,0.0,
153836130205000,0,58.0,2400.0,0.0,
153836150224000,0,62.0,2400.0,0.0,
153836172685000,0,62.0,2400.0,0.0,
153836190324000,0,62.0,2400.0,0.0,
153836210466000,0,62.0,2400.0,0.0,
153836233019000,0,55.0,2400.0,0.0,
153836250475000,0,54.0,2400.0,0.0,
153836272630000,0,54.0,2400.0,0.0,
153836293443000,0,54.0,2400.0,0.0,
153836310381000,0,54.0,2400.0,0.0,
153836330400000,0,55.0,2400.0,0.0,
153836353044000,0,55.0,2400.0,0.0,
153836370561000,0,53.0,2400.0,0.0,
153836390581000,0,53.0,2400.0,0.0,
153836413011000,0,53.0,2400.0,0.0,
153836430650000,0,55.0,2400.0,0.0,
153836453966000,0,55.0,2400.0,0.0,
153836473497000,0,55.0,2400.0,0.0,
153836490709000,0,55.0,2400.0,0.0,
153836510637000,0,56.0,2400.0,0.0,
153836533708000,0,56.0,2400.0,0.0,
153836550676000,0,56.0,2400.0,0.0,
153836570634000,0,56.0,2400.0,0.0,
153836592973000,0,53.0,2400.0,0.0,
153836610704000,0,54.0,2400.0,0.0,
153836633989000,0,54.0,2400.0,0.0,
153836653459000,0,58.0,2400.0,0.0,
153836670732000,0,58.0,2400.0,0.0,
153836690752000,0,54.0,2400.0,0.0,
153836713182000,0,54.0,2400.0,0.0,
153836730791000,0,54.0,2400.0,0.0,
153836750902000,0,54.0,2400.0,0.0,
153836773546000,0,52.0,2400.0,0.0,
153836790849000,0,54.0,2400.0,0.0,
153836813158000,0,54.0,2400.0,0.0,
153836833604000,0,54.0,2400.0,0.0,
153836850908000,0,54.0,2400.0,0.0,
153836870958000,0,52.0,2400.0,0.0,
153836893236000,0,52.0,2400.0,0.0,
153836910967000,0,51.0,2400.0,0.0,
153836930986000,0,53.0,2400.0,0.0,
153836953569000,0,53.0,2400.0,0.0,
153836971025000,0,52.0,2400.0,0.0,
153836993395000,0,52.0,2400.0,0.0,
153837014116000,0,54.0,2400.0,0.0,
153837031053000,0,54.0,2400.0,0.0,
153837051317000,0,53.0,2400.0,0.0,
153837073473000,0,53.0,2400.0,0.0,
153837091142000,0,53.0,2400.0,0.0,
153837111131000,0,52.0,2400.0,0.0,
153837133501000,0,52.0,2400.0,0.0,
153837151323000,0,57.0,2400.0,0.0,
153837173509000,0,57.0,2400.0,0.0,
153837194139000,0,57.0,2400.0,0.0,
153837211259000,0,57.0,2400.0,0.0,
153837231615000,0,57.0,2400.0,0.0,
153837259752000,0,57.0,2400.0,0.0,
153837271318000,0,59.0,2400.0,0.0,
153837291307000,0,57.0,2400.0,0.0,
153837313646000,0,57.0,2400.0,0.0,
153837331346000,0,58.0,2400.0,0.0,
153837354692000,0,58.0,2400.0,0.0,
153837374162000,0,57.0,2400.0,0.0,
153837391435000,0,57.0,2400.0,0.0,
153837411485000,0,57.0,2400.0,0.0,
153837433885000,0,57.0,2400.0,0.0,
153837451555000,0,57.0,2400.0,0.0,
153837471635000,0,60.0,2400.0,0.0,
153837494859000,0,60.0,2400.0,0.0,
153837511552000,0,60.0,2400.0,0.0,
153837534898000,0,60.0,2400.0,0.0,
153837554277000,0,59.0,2400.0,0.0,
153837571611000,0,59.0,2400.0,0.0,
153837592271000,0,58.0,2400.0,0.0,
153837613969000,0,58.0,2400.0,0.0,
153837631700000,0,55.0,2400.0,0.0,
153837674394000,0,59.0,2400.0,0.0,
153837692003000,0,60.0,2400.0,0.0,
153837715288000,0,60.0,2400.0,0.0,
153837735063000,0,60.0,2400.0,0.0,
153837752031000,0,60.0,2400.0,0.0,
153837771837000,0,57.0,2400.0,0.0,
153837794206000,0,57.0,2400.0,0.0,
153837811876000,0,58.0,2400.0,0.0,
153837831895000,0,55.0,2400.0,0.0,
153837854234000,0,55.0,2400.0,0.0,
153837871996000,0,59.0,2400.0,0.0,
153837895250000,0,59.0,2400.0,0.0,
153837914781000,0,59.0,2400.0,0.0,
153837931963000,0,59.0,2400.0,0.0,
153837952013000,0,55.0,2400.0,0.0,
153837974687000,0,55.0,2400.0,0.0,
153837992082000,0,57.0,2400.0,0.0,
153838012010000,0,59.0,2400.0,0.0,
153838034349000,0,59.0,2400.0,0.0,
153838052110000,0,57.0,2400.0,0.0,
153838074419000,0,57.0,2400.0,0.0,
153838094957000,0,56.0,2400.0,0.0,
153838112077000,0,56.0,2400.0,0.0,
153838132158000,0,59.0,2400.0,0.0,
153838154588000,0,57.0,2400.0,0.0,
153838172166000,0,57.0,2400.0,0.0,
153838192186000,0,59.0,2400.0,0.0,
153838214952000,0,59.0,2400.0,0.0,
153838232286000,0,55.0,2400.0,0.0,
153838255510000,0,55.0,2400.0,0.0,
153838274980000,0,55.0,2400.0,0.0,
153838292284000,0,55.0,2400.0,0.0,
153838312334000,0,55.0,2400.0,0.0,
153838334612000,0,53.0,2400.0,0.0,
153838352403000,0,53.0,2400.0,0.0,
153838372545000,0,55.0,2400.0,0.0,
153838394975000,0,55.0,2400.0,0.0,
153838412370000,0,55.0,2400.0,0.0,
153838435716000,0,55.0,2400.0,0.0,
153838455980000,0,52.0,2400.0,0.0,
153838472429000,0,52.0,2400.0,0.0,
153838492479000,0,47.0,2400.0,0.0,
153838517809000,0,44.0,2400.0,0.0,
153838533250000,0,44.0,2400.0,0.0,
153838553423000,0,45.0,2400.0,0.0,
153838573625000,0,45.0,2400.0,0.0,
153838594591000,0,45.0,2400.0,0.0,
153838616502000,0,45.0,2400.0,0.0,
153838634172000,0,46.0,2400.0,0.0,
153838653581000,0,46.0,2400.0,0.0,
153838733415000,0,49.0,2400.0,0.0,
153838754015000,0,49.0,2400.0,0.0,
153838775041000,0,45.0,2400.0,0.0,
153838797014000,0,45.0,2400.0,0.0,
153838814470000,0,49.0,2400.0,0.0,
153838833788000,0,49.0,2400.0,0.0,
153838853777000,0,49.0,2400.0,0.0,
153838874315000,0,45.0,2400.0,0.0,
153838893816000,0,45.0,2400.0,0.0,
153838913805000,0,45.0,2400.0,0.0,
153838934618000,0,45.0,2400.0,0.0,
153838955064000,0,45.0,2400.0,0.0,
153838977068000,0,45.0,2400.0,0.0,
153838994493000,0,44.0,2400.0,0.0,
153839013719000,0,44.0,2400.0,0.0,
153839033739000,0,41.0,2400.0,0.0,
153839054155000,0,40.0,2400.0,0.0,
153839073686000,0,40.0,2400.0,0.0,
153839093675000,0,41.0,2400.0,0.0,
153839114275000,0,41.0,2400.0,0.0,
153839135149000,0,38.0,2400.0,0.0,
153839156114000,0,38.0,2400.0,0.0,
153839174913000,0,39.0,2400.0,0.0,
153839193803000,0,39.0,2400.0,0.0,
153839213823000,0,38.0,2400.0,0.0,
153839234178000,0,37.0,2400.0,0.0,
153839254167000,0,37.0,2400.0,0.0,
153839273882000,0,35.0,2400.0,0.0,
153839294298000,0,35.0,2400.0,0.0,
153839315294000,0,34.0,2400.0,0.0,
153839336107000,0,34.0,2400.0,0.0,
153839354936000,0,34.0,2400.0,0.0,
153839373979000,0,34.0,2400.0,0.0,
153839394060000,0,32.0,2400.0,0.0,
153839415270000,0,35.0,2400.0,0.0,
153839434068000,0,35.0,2400.0,0.0,
153839454301000,0,36.0,2400.0,0.0,
153839474779000,0,36.0,2400.0,0.0,
153839495714000,0,39.0,2400.0,0.0,
153839516527000,0,39.0,2400.0,0.0,
153839535051000,0,41.0,2400.0,0.0,
153839554216000,0,41.0,2400.0,0.0,
153839574175000,0,47.0,2400.0,0.0,
153839594713000,0,52.0,2400.0,0.0,
153839614214000,0,52.0,2400.0,0.0,
153839634142000,0,56.0,2400.0,0.0,
153839654924000,0,56.0,2400.0,0.0,
153839675615000,0,62.0,2400.0,0.0,
153839696550000,0,62.0,2400.0,0.0,
153839715135000,0,61.0,2400.0,0.0,
153839734422000,0,59.0,2400.0,0.0,
153839754381000,0,63.0,2400.0,0.0,
153839774767000,0,65.0,2400.0,0.0,
153839794359000,0,65.0,2400.0,0.0,
153839814470000,0,65.0,2400.0,0.0,
153839834978000,0,65.0,2400.0,0.0,
153839855791000,0,66.0,2400.0,0.0,
153839877733000,0,66.0,2400.0,0.0,
153839895586000,0,61.0,2400.0,0.0,
153839914537000,0,66.0,2400.0,0.0,
153839934618000,0,66.0,2400.0,0.0,
153839954851000,0,64.0,2400.0,0.0,
153839974504000,0,64.0,2400.0,0.0,
153839994554000,0,64.0,2400.0,0.0,
153840014970000,0,64.0,2400.0,0.0,
153840036028000,0,64.0,2400.0,0.0,
153840057909000,0,64.0,2400.0,0.0,
153840075548000,0,66.0,2400.0,0.0,
153840094713000,0,71.0,2400.0,0.0,
153840114702000,0,71.0,2400.0,0.0,
153840135454000,0,71.0,2400.0,0.0,
153840154771000,0,71.0,2400.0,0.0,
153840174760000,0,71.0,2400.0,0.0,
153840195177000,0,71.0,2400.0,0.0,
153840216142000,0,70.0,2400.0,0.0,
153840238084000,0,70.0,2400.0,0.0,
153840255540000,0,69.0,2400.0,0.0,
153840274919000,0,68.0,2400.0,0.0,
153840294786000,0,68.0,2400.0,0.0,
153840315416000,0,71.0,2400.0,0.0,
153840334978000,0,71.0,2400.0,0.0,
153840354936000,0,69.0,2400.0,0.0,
153840376115000,0,69.0,2400.0,0.0,
153840396288000,0,71.0,2400.0,0.0,
153840418352000,0,71.0,2400.0,0.0,
153840435808000,0,66.0,2400.0,0.0,
153840455064000,0,66.0,2400.0,0.0,
153840475114000,0,66.0,2400.0,0.0,
153840495470000,0,67.0,2400.0,0.0,
153840515093000,0,67.0,2400.0,0.0,
153840535143000,0,64.0,2400.0,0.0,
153840555620000,0,64.0,2400.0,0.0,
153840576494000,0,67.0,2400.0,0.0,
153840597459000,0,67.0,2400.0,0.0,
153840616289000,0,65.0,2400.0,0.0,
153840635149000,0,68.0,2400.0,0.0,
153840655229000,0,68.0,2400.0,0.0,
153840675584000,0,69.0,2400.0,0.0,
153840735979000,0,67.0,2400.0,0.0,
153840756822000,0,65.0,2400.0,0.0,
153840777788000,0,65.0,2400.0,0.0,
153840796434000,0,65.0,2400.0,0.0,
153840815508000,0,70.0,2400.0,0.0,
153840835497000,0,70.0,2400.0,0.0,
153840856065000,0,66.0,2400.0,0.0,
153840875444000,0,66.0,2400.0,0.0,
153840895464000,0,69.0,2400.0,0.0,
153840915849000,0,69.0,2400.0,0.0,
153840936876000,0,64.0,2400.0,0.0,
153840957780000,0,64.0,2400.0,0.0,
153840976335000,0,69.0,2400.0,0.0,
153840995561000,0,68.0,2400.0,0.0,
153841015581000,0,68.0,2400.0,0.0,
153841036089000,0,67.0,2400.0,0.0,
153841055589000,0,67.0,2400.0,0.0,
153841075700000,0,68.0,2400.0,0.0,
153841096391000,0,68.0,2400.0,0.0,
153841116991000,0,68.0,2400.0,0.0,
153841137987000,0,70.0,2400.0,0.0,
153841156511000,0,69.0,2400.0,0.0,
153841175707000,0,69.0,2400.0,0.0,
153841195818000,0,69.0,2400.0,0.0,
153841216112000,0,67.0,2400.0,0.0,
153841235765000,0,67.0,2400.0,0.0,
153841255785000,0,71.0,2400.0,0.0,
153841276353000,0,71.0,2400.0,0.0,
153841297136000,0,70.0,2400.0,0.0,
153841319231000,0,71.0,2400.0,0.0,
153841337511000,0,71.0,2400.0,0.0,
153841355913000,0,74.0,2400.0,0.0,
153841375871000,0,74.0,2400.0,0.0,
153841396288000,0,69.0,2400.0,0.0,
153841415941000,0,69.0,2400.0,0.0,
153841435991000,0,69.0,2400.0,0.0,
153841456377000,0,69.0,2400.0,0.0,
153841477373000,0,69.0,2400.0,0.0,
153841499315000,0,67.0,2400.0,0.0,
153841516985000,0,67.0,2400.0,0.0,
153841536119000,0,66.0,2400.0,0.0,
153841556078000,0,66.0,2400.0,0.0,
153841576830000,0,73.0,2400.0,0.0,
153841596117000,0,73.0,2400.0,0.0,
153841616167000,0,71.0,2400.0,0.0,
153841636583000,0,71.0,2400.0,0.0,
153841657518000,0,62.0,2400.0,0.0,
153841679552000,0,58.0,2400.0,0.0,
153841776537000,0,46.0,2400.0,0.0,
153841796587000,0,45.0,2400.0,0.0,
153841817125000,0,45.0,2400.0,0.0,
153841837694000,0,41.0,2400.0,0.0,
153841859789000,0,33.0,2400.0,0.0,
153841877214000,0,33.0,2400.0,0.0,
153841896410000,0,33.0,2400.0,0.0,
153841916429000,0,33.0,2400.0,0.0,
153841936754000,0,25.0,2400.0,0.0,
153841956499000,0,25.0,2400.0,0.0,
153841976518000,0,22.0,2400.0,0.0,
153841997057000,0,22.0,2400.0,0.0,
153842017900000,0,21.0,2400.0,0.0,
153842038805000,0,23.0,2400.0,0.0,
153842057665000,0,23.0,2400.0,0.0,
153842076616000,0,19.0,2400.0,0.0,
153842096574000,0,19.0,2400.0,0.0,
153842116960000,0,19.0,2400.0,0.0,
153842136552000,0,19.0,2400.0,0.0,
153842156694000,0,22.0,2400.0,0.0,
153842177446000,0,22.0,2400.0,0.0,
153842198076000,0,23.0,2400.0,0.0,
153842219041000,0,18.0,2400.0,0.0,
153842237627000,0,18.0,2400.0,0.0,
153842297960000,0,18.0,2400.0,0.0,
153842316820000,0,18.0,2400.0,0.0,
153842336870000,0,18.0,2400.0,0.0,
153842357561000,0,18.0,2400.0,0.0,
153842378252000,0,18.0,2400.0,0.0,
153842399187000,0,21.0,2400.0,0.0,
153842417680000,0,21.0,2400.0,0.0,
153842436937000,0,23.0,2400.0,0.0,
153842456987000,0,23.0,2400.0,0.0,
153842477525000,0,20.0,2400.0,0.0,
153842497057000,0,20.0,2400.0,0.0,
153842517015000,0,24.0,2400.0,0.0,
153842537828000,0,21.0,2400.0,0.0,
153842558397000,0,21.0,2400.0,0.0,
153842579363000,0,22.0,2400.0,0.0,
153842597917000,0,22.0,2400.0,0.0,
153842617143000,0,20.0,2400.0,0.0,
153842637102000,0,20.0,2400.0,0.0,
153842657457000,0,19.0,2400.0,0.0,
153842677171000,0,19.0,2400.0,0.0,
153842697221000,0,26.0,2400.0,0.0,
153842717668000,0,20.0,2400.0,0.0,
153842738573000,0,20.0,2400.0,0.0,
153842759599000,0,24.0,2400.0,0.0,
153842778429000,0,24.0,2400.0,0.0,
153842797319000,0,22.0,2400.0,0.0,
153842817308000,0,22.0,2400.0,0.0,
153842837694000,0,26.0,2400.0,0.0,
153842857347000,0,26.0,2400.0,0.0,
153842877397000,0,23.0,2400.0,0.0,
153842897783000,0,24.0,2400.0,0.0,
153842918718000,0,24.0,2400.0,0.0,
153842939745000,0,24.0,2400.0,0.0,
153842958269000,0,24.0,2400.0,0.0,
153842977434000,0,23.0,2400.0,0.0,
153842997392000,0,23.0,2400.0,0.0,
153843018144000,0,23.0,2400.0,0.0,
153843037584000,0,23.0,2400.0,0.0,
153843057603000,0,20.0,2400.0,0.0,
153843078020000,0,22.0,2400.0,0.0,
153843098955000,0,22.0,2400.0,0.0,
153843119890000,0,21.0,2400.0,0.0,
153843138384000,0,21.0,2400.0,0.0,
153843157640000,0,21.0,2400.0,0.0,
153843177568000,0,21.0,2400.0,0.0,
153843198076000,0,23.0,2400.0,0.0,
153843217668000,0,23.0,2400.0,0.0,
153843237688000,0,20.0,2400.0,0.0,
153843258928000,0,21.0,2400.0,0.0,
153843279436000,0,21.0,2400.0,0.0,
153843306383000,0,22.0,2400.0,0.0,
153843318590000,0,22.0,2400.0,0.0,
153843337816000,0,22.0,2400.0,0.0,
153843357774000,0,22.0,2400.0,0.0,
153843378221000,0,21.0,2400.0,0.0,
153843397844000,0,21.0,2400.0,0.0,
153843417894000,0,26.0,2400.0,0.0,
153843438432000,0,21.0,2400.0,0.0,
153843459337000,0,21.0,2400.0,0.0,
153843480333000,0,20.0,2400.0,0.0,
153843499101000,0,20.0,2400.0,0.0,
153843518022000,0,22.0,2400.0,0.0,
153843537950000,0,22.0,2400.0,0.0,
153843558366000,0,20.0,2400.0,0.0,
153843578020000,0,20.0,2400.0,0.0,
153843598070000,0,23.0,2400.0,0.0,
153843618456000,0,20.0,2400.0,0.0,
153843639452000,0,20.0,2400.0,0.0,
153843660387000,0,20.0,2400.0,0.0,
153843678941000,0,20.0,2400.0,0.0,
153843698473000,0,22.0,2400.0,0.0,
153843718156000,0,22.0,2400.0,0.0,
153843738908000,0,23.0,2400.0,0.0,
153843778368000,0,18.0,2400.0,0.0,
153843798814000,0,21.0,2400.0,0.0,
153843820360000,0,21.0,2400.0,0.0,
153843840746000,0,21.0,2400.0,0.0,
153843859056000,0,21.0,2400.0,0.0,
153843878343000,0,22.0,2400.0,0.0,
153843898332000,0,22.0,2400.0,0.0,
153843918840000,0,22.0,2400.0,0.0,
153843938432000,0,22.0,2400.0,0.0,
153843958391000,0,20.0,2400.0,0.0,
153843979082000,0,20.0,2400.0,0.0,
153843999742000,0,20.0,2400.0,0.0,
153844020799000,0,22.0,2400.0,0.0,
153844039171000,0,22.0,2400.0,0.0,
153844058427000,0,21.0,2400.0,0.0,
153844078478000,0,21.0,2400.0,0.0,
153844098863000,0,23.0,2400.0,0.0,
153844118517000,0,23.0,2400.0,0.0,
153844138597000,0,23.0,2400.0,0.0,
153844159105000,0,22.0,2400.0,0.0,
153844179979000,0,22.0,2400.0,0.0,
153844200945000,0,21.0,2400.0,0.0,
153844220171000,0,21.0,2400.0,0.0,
153844238634000,0,22.0,2400.0,0.0,
153844258653000,0,22.0,2400.0,0.0,
153844279100000,0,20.0,2400.0,0.0,
153844298784000,0,20.0,2400.0,0.0,
153844318712000,0,23.0,2400.0,0.0,
153844339128000,0,21.0,2400.0,0.0,
153844360094000,0,21.0,2400.0,0.0,
153844381059000,0,22.0,2400.0,0.0,
153844399675000,0,22.0,2400.0,0.0,
153844418840000,0,21.0,2400.0,0.0,
153844438860000,0,21.0,2400.0,0.0,
153844459551000,0,23.0,2400.0,0.0,
153844478868000,0,19.0,2400.0,0.0,
153844498888000,0,19.0,2400.0,0.0,
153844519365000,0,21.0,2400.0,0.0,
153844540270000,0,21.0,2400.0,0.0,
153844561235000,0,18.0,2400.0,0.0,
153844579668000,0,18.0,2400.0,0.0,
153844598955000,0,20.0,2400.0,0.0,
153844619005000,0,20.0,2400.0,0.0,
153844639513000,0,23.0,2400.0,0.0,
153844659044000,0,19.0,2400.0,0.0,
153844679124000,0,19.0,2400.0,0.0,
153844699846000,0,18.0,2400.0,0.0,
153844720567000,0,18.0,2400.0,0.0,
153844741502000,0,21.0,2400.0,0.0,
153844759996000,0,21.0,2400.0,0.0,
153844779131000,0,20.0,2400.0,0.0,
153844799181000,0,20.0,2400.0,0.0,
153844819566000,0,20.0,2400.0,0.0,
153844839311000,0,20.0,2400.0,0.0,
153844859239000,0,20.0,2400.0,0.0,
153844879717000,0,17.0,2400.0,0.0,
153844900652000,0,17.0,2400.0,0.0,
153844921587000,0,16.0,2400.0,0.0,
153844940416000,0,16.0,2400.0,0.0,
153844959367000,0,15.0,2400.0,0.0,
153845039507000,0,13.0,2400.0,0.0,
153845059953000,0,11.0,2400.0,0.0,
153845080980000,0,11.0,2400.0,0.0,
153845101946000,0,10.0,2400.0,0.0,
153845120683000,0,10.0,2400.0,0.0,
153845139818000,0,13.0,2400.0,0.0,
153845159624000,0,13.0,2400.0,0.0,
153845180895000,0,12.0,2400.0,0.0,
153845199693000,0,14.0,2400.0,0.0,
153845219682000,0,14.0,2400.0,0.0,
153845240129000,0,17.0,2400.0,0.0,
153845261034000,0,17.0,2400.0,0.0,
153845281938000,0,15.0,2400.0,0.0,
153845300401000,0,15.0,2400.0,0.0,
153845319749000,0,15.0,2400.0,0.0,
153845339769000,0,15.0,2400.0,0.0,
153845360185000,0,16.0,2400.0,0.0,
153845379778000,0,20.0,2400.0,0.0,
153845399767000,0,20.0,2400.0,0.0,
153845420519000,0,24.0,2400.0,0.0,
153845441179000,0,24.0,2400.0,0.0,
153845462145000,0,26.0,2400.0,0.0,
153845480638000,0,26.0,2400.0,0.0,
153845499864000,0,28.0,2400.0,0.0,
153845519914000,0,28.0,2400.0,0.0,
153845540331000,0,35.0,2400.0,0.0,
153845559984000,0,39.0,2400.0,0.0,
153845580034000,0,39.0,2400.0,0.0,
153845600511000,0,45.0,2400.0,0.0,
153845621355000,0,45.0,2400.0,0.0,
153845643266000,0,49.0,2400.0,0.0,
153845661119000,0,49.0,2400.0,0.0,
153845680101000,0,52.0,2400.0,0.0,
153845700151000,0,52.0,2400.0,0.0,
153845720445000,0,53.0,2400.0,0.0,
153845740099000,0,55.0,2400.0,0.0,
153845760149000,0,55.0,2400.0,0.0,
153845780534000,0,54.0,2400.0,0.0,
153845801500000,0,54.0,2400.0,0.0,
153845823595000,0,51.0,2400.0,0.0,
153845841081000,0,51.0,2400.0,0.0,
153845860246000,0,49.0,2400.0,0.0,
153845880266000,0,48.0,2400.0,0.0,
153845900987000,0,50.0,2400.0,0.0,
153845920244000,0,56.0,2400.0,0.0,
153845940324000,0,56.0,2400.0,0.0,
153845960832000,0,66.0,2400.0,0.0,
153845981706000,0,66.0,2400.0,0.0,
153846003709000,0,71.0,2400.0,0.0,
153846021135000,0,71.0,2400.0,0.0,
153846040361000,0,71.0,2400.0,0.0,
153846066270000,0,73.0,2400.0,0.0,
153846080919000,0,73.0,2400.0,0.0,
153846100511000,0,69.0,2400.0,0.0,
153846120409000,0,69.0,2400.0,0.0,
153846141679000,0,71.0,2400.0,0.0,
153846161760000,0,71.0,2400.0,0.0,
153846182695000,0,71.0,2400.0,0.0,
153846201250000,0,71.0,2400.0,0.0,
153846220567000,0,72.0,2400.0,0.0,
153846240556000,0,71.0,2400.0,0.0,
153846260942000,0,71.0,2400.0,0.0,
153846280626000,0,71.0,2400.0,0.0,
153846300615000,0,71.0,2400.0,0.0,
153846322099000,0,71.0,2400.0,0.0,
153846341966000,0,71.0,2400.0,0.0,
153846363054000,0,71.0,2400.0,0.0,
153846381822000,0,71.0,2400.0,0.0,
153846400774000,0,74.0,2400.0,0.0,
153846420793000,0,72.0,2400.0,0.0,
153846441179000,0,72.0,2400.0,0.0,
153846460802000,0,73.0,2400.0,0.0,
153846480791000,0,73.0,2400.0,0.0,
153846501238000,0,74.0,2400.0,0.0,
153846522203000,0,74.0,2400.0,0.0,
153846543108000,0,74.0,2400.0,0.0,
153846561815000,0,74.0,2400.0,0.0,
153846580949000,0,69.0,2400.0,0.0,
153846600938000,0,71.0,2400.0,0.0,
153846621629000,0,71.0,2400.0,0.0,
153846641039000,0,70.0,2400.0,0.0,
153846660997000,0,70.0,2400.0,0.0,
153846681413000,0,69.0,2400.0,0.0,
153846702348000,0,69.0,2400.0,0.0,
153846723283000,0,74.0,2400.0,0.0,
153846741777000,0,74.0,2400.0,0.0,
153846761339000,0,70.0,2400.0,0.0,
153846781145000,0,75.0,2400.0,0.0,
153846801653000,0,75.0,2400.0,0.0,
153846821153000,0,74.0,2400.0,0.0,
153846841173000,0,74.0,2400.0,0.0,
153846861925000,0,76.0,2400.0,0.0,
153846882463000,0,76.0,2400.0,0.0,
153846904619000,0,77.0,2400.0,0.0,
153846922075000,0,77.0,2400.0,0.0,
153846941301000,0,78.0,2400.0,0.0,
153846961290000,0,80.0,2400.0,0.0,
153846981645000,0,80.0,2400.0,0.0,
153847001390000,0,80.0,2400.0,0.0,
153847021288000,0,80.0,2400.0,0.0,
153847041826000,0,80.0,2400.0,0.0,
153847062761000,0,80.0,2400.0,0.0,
153847084825000,0,83.0,2400.0,0.0,
153847103105000,0,83.0,2400.0,0.0,
153847121416000,0,76.0,2400.0,0.0,
153847141405000,0,82.0,2400.0,0.0,
153847161882000,0,82.0,2400.0,0.0,
153847181627000,0,77.0,2400.0,0.0,
153847201524000,0,77.0,2400.0,0.0,
153847221910000,0,78.0,2400.0,0.0,
153847242876000,0,78.0,2400.0,0.0,
153847263902000,0,79.0,2400.0,0.0,
153847282549000,0,79.0,2400.0,0.0,
153847301683000,0,79.0,2400.0,0.0,
153847321672000,0,79.0,2400.0,0.0,
153847342394000,0,79.0,2400.0,0.0,
153847361681000,0,78.0,2400.0,0.0,
153847381700000,0,78.0,2400.0,0.0,
153847402116000,0,81.0,2400.0,0.0,
153847423082000,0,81.0,2400.0,0.0,
153847445085000,0,80.0,2400.0,0.0,
153847462511000,0,80.0,2400.0,0.0,
153847481737000,0,80.0,2400.0,0.0,
153847501787000,0,84.0,2400.0,0.0,
153847522325000,0,84.0,2400.0,0.0,
153847541856000,0,78.0,2400.0,0.0,
153847561876000,0,78.0,2400.0,0.0,
153847582567000,0,81.0,2400.0,0.0,
153847603532000,0,81.0,2400.0,0.0,
153847624254000,0,83.0,2400.0,0.0,
153847642870000,0,82.0,2400.0,0.0,
153847662065000,0,82.0,2400.0,0.0,
153847682115000,0,82.0,2400.0,0.0,
153847702409000,0,82.0,2400.0,0.0,
153847722032000,0,81.0,2400.0,0.0,
153847742021000,0,81.0,2400.0,0.0,
153847762621000,0,80.0,2400.0,0.0,
153847842119000,0,74.0,2400.0,0.0,
153847862199000,0,75.0,2400.0,0.0,
153847882555000,0,75.0,2400.0,0.0,
153847902269000,0,77.0,2400.0,0.0,
153847922197000,0,77.0,2400.0,0.0,
153847942644000,0,76.0,2400.0,0.0,
153847963579000,0,76.0,2400.0,0.0,
153847985582000,0,80.0,2400.0,0.0,
153848003191000,0,80.0,2400.0,0.0,
153848027055000,0,80.0,2400.0,0.0,
153848042223000,0,79.0,2400.0,0.0,
153848063432000,0,79.0,2400.0,0.0,
153848082292000,0,82.0,2400.0,0.0,
153848102342000,0,82.0,2400.0,0.0,
153848122759000,0,79.0,2400.0,0.0,
153848143785000,0,79.0,2400.0,0.0,
153848164659000,0,78.0,2400.0,0.0,
153848183153000,0,82.0,2400.0,0.0,
153848202440000,0,82.0,2400.0,0.0,
153848222490000,0,78.0,2400.0,0.0,
153848242998000,0,78.0,2400.0,0.0,
153848262529000,0,75.0,2400.0,0.0,
153848282518000,0,75.0,2400.0,0.0,
153848303239000,0,75.0,2400.0,0.0,
153848323961000,0,75.0,2400.0,0.0,
153848344926000,0,75.0,2400.0,0.0,
153848363359000,0,79.0,2400.0,0.0,
153848382646000,0,79.0,2400.0,0.0,
153848402666000,0,77.0,2400.0,0.0,
153848423021000,0,77.0,2400.0,0.0,
153848442705000,0,76.0,2400.0,0.0,
153848462724000,0,76.0,2400.0,0.0,
153848483263000,0,78.0,2400.0,0.0,
153848504076000,0,78.0,2400.0,0.0,
153848525072000,0,82.0,2400.0,0.0,
153848543932000,0,82.0,2400.0,0.0,
153848562791000,0,82.0,2400.0,0.0,
153848582750000,0,82.0,2400.0,0.0,
153848603380000,0,82.0,2400.0,0.0,
153848622850000,0,81.0,2400.0,0.0,
153848642931000,0,81.0,2400.0,0.0,
153848663255000,0,84.0,2400.0,0.0,
153848684160000,0,84.0,2400.0,0.0,
153848705278000,0,81.0,2400.0,0.0,
153848723894000,0,80.0,2400.0,0.0,
153848742998000,0,80.0,2400.0,0.0,
153848762987000,0,78.0,2400.0,0.0,
153848783708000,0,78.0,2400.0,0.0,
153848923448000,0,78.0,2400.0,0.0,
153848943407000,0,80.0,2400.0,0.0,
153848963792000,0,80.0,2400.0,0.0,
153848983354000,0,78.0,2400.0,0.0,
153849003374000,0,78.0,2400.0,0.0,
153849024553000,0,82.0,2400.0,0.0,
153849044756000,0,84.0,2400.0,0.0,
153849065721000,0,84.0,2400.0,0.0,
153849084184000,0,87.0,2400.0,0.0,
153849103471000,0,87.0,2400.0,0.0,
153849123521000,0,85.0,2400.0,0.0,
153849143877000,0,85.0,2400.0,0.0,
153849163530000,0,84.0,2400.0,0.0,
153849183580000,0,84.0,2400.0,0.0,
153849204088000,0,88.0,2400.0,0.0,
153849224962000,0,84.0,2400.0,0.0,
153849245927000,0,84.0,2400.0,0.0,
153849264696000,0,84.0,2400.0,0.0,
153849283586000,0,84.0,2400.0,0.0,
153849303636000,0,85.0,2400.0,0.0,
153849323991000,0,85.0,2400.0,0.0,
153849348161000,0,87.0,2400.0,0.0,
153849363695000,0,87.0,2400.0,0.0,
153849384050000,0,85.0,2400.0,0.0,
153849405107000,0,86.0,2400.0,0.0,
153849427080000,0,86.0,2400.0,0.0,
153849444658000,0,81.0,2400.0,0.0,
153849463670000,0,81.0,2400.0,0.0,
153849483690000,0,81.0,2400.0,0.0,
153849504442000,0,81.0,2400.0,0.0,
153849523759000,0,82.0,2400.0,0.0,
153849543749000,0,82.0,2400.0,0.0,
153849564104000,0,84.0,2400.0,0.0,
153849585069000,0,82.0,2400.0,0.0,
153849606126000,0,82.0,2400.0,0.0,
153849624590000,0,80.0,2400.0,0.0,
153849643846000,0,80.0,2400.0,0.0,
153849663866000,0,78.0,2400.0,0.0,
153849684312000,0,78.0,2400.0,0.0,
153849703935000,0,81.0,2400.0,0.0,
153849723955000,0,81.0,2400.0,0.0,
153849744707000,0,79.0,2400.0,0.0,
153849765215000,0,78.0,2400.0,0.0,
153849786241000,0,78.0,2400.0,0.0,
153849804796000,0,79.0,2400.0,0.0,
153849824022000,0,79.0,2400.0,0.0,
153849844072000,0,80.0,2400.0,0.0,
153849864366000,0,80.0,2400.0,0.0,
153849884050000,0,79.0,2400.0,0.0,
153849904100000,0,79.0,2400.0,0.0,
153849924638000,0,77.0,2400.0,0.0,
153849945879000,0,77.0,2400.0,0.0,
153849967424000,0,77.0,2400.0,0.0,
153849985796000,0,74.0,2400.0,0.0,
153850004228000,0,74.0,2400.0,0.0,
153850104784000,0,79.0,2400.0,0.0,
153850125841000,0,77.0,2400.0,0.0,
153850147783000,0,77.0,2400.0,0.0,
153850165422000,0,80.0,2400.0,0.0,
153850184435000,0,80.0,2400.0,0.0,
153850204546000,0,81.0,2400.0,0.0,
153850225206000,0,81.0,2400.0,0.0,
153850244585000,0,77.0,2400.0,0.0,
153850264604000,0,77.0,2400.0,0.0,
153850285020000,0,78.0,2400.0,0.0,
153850305803000,0,78.0,2400.0,0.0,
153850326769000,0,78.0,2400.0,0.0,
153850345323000,0,78.0,2400.0,0.0,
153850364519000,0,78.0,2400.0,0.0,
153850384538000,0,79.0,2400.0,0.0,
153850405046000,0,79.0,2400.0,0.0,
153850424577000,0,76.0,2400.0,0.0,
153850444627000,0,78.0,2400.0,0.0,
153850465379000,0,78.0,2400.0,0.0,
153850486009000,0,74.0,2400.0,0.0,
153850506944000,0,74.0,2400.0,0.0,
153850525468000,0,74.0,2400.0,0.0,
153850544725000,0,74.0,2400.0,0.0,
153850564745000,0,75.0,2400.0,0.0,
153850585161000,0,75.0,2400.0,0.0,
153850604845000,0,76.0,2400.0,0.0,
153850624803000,0,77.0,2400.0,0.0,
153850645403000,0,77.0,2400.0,0.0,
153850666307000,0,75.0,2400.0,0.0,
153850688280000,0,75.0,2400.0,0.0,
153850705980000,0,78.0,2400.0,0.0,
153850724931000,0,78.0,2400.0,0.0,
153850744981000,0,74.0,2400.0,0.0,
153850765215000,0,74.0,2400.0,0.0,
153850784898000,0,75.0,2400.0,0.0,
153850804918000,0,74.0,2400.0,0.0,
153850825304000,0,74.0,2400.0,0.0,
153850846269000,0,78.0,2400.0,0.0,
153850867265000,0,78.0,2400.0,0.0,
153850885881000,0,75.0,2400.0,0.0,
153850905046000,0,75.0,2400.0,0.0,
153850925035000,0,75.0,2400.0,0.0,
