153829607805000,3,0.6170521,-0.69645256,8.8232756E-4,
153829626238000,3,0.40443802,-0.6884005,-0.040674567,
153829644579000,3,0.4208784,-0.67369914,0.17593962,
153831488664000,3,0.34742546,-0.1939771,0.6626184,
153831525926000,3,0.3475008,-0.27204877,0.6821064,
153831548326000,3,0.41776562,-0.28875557,0.7609657,
153831565996000,3,0.4521923,-0.2566244,0.7747052,
153831589281000,3,0.42498398,-0.24960722,0.76324123,
153831608690000,3,0.39128494,-0.20851767,0.70087653,
153831626054000,3,0.37612534,-0.18307167,0.66046035,
153831646227000,3,0.4003477,-0.21845688,0.6455185,
153831668504000,3,0.44834518,-0.23314592,0.73444915,
153831686113000,3,0.4635296,-0.27785715,0.75807816,
153831706102000,3,0.4410658,-0.2900535,0.76180506,
153831729326000,3,0.40774345,-0.26230595,0.741564,
153831746294000,3,0.36404896,-0.28325522,0.7373741,
153831768449000,3,0.3496189,-0.24111645,0.75448275,
153831788835000,3,0.33102417,-0.2038222,0.7256512,
153831806169000,3,0.38547707,-0.22443478,0.80853057,
153831826219000,3,0.37949753,-0.1828554,0.7786642,
153831848528000,3,0.37709713,-0.17116232,0.75365067,
153831866106000,3,0.38850212,-0.18100247,0.7480364,
153831886125000,3,0.36639214,-0.20840192,0.76660746,
153831908586000,3,0.3682022,-0.18582653,0.76833534,
153831926134000,3,0.38794422,-0.142455,0.78933483,
153831949419000,3,0.38315296,-0.11915684,0.78924894,
153831969225000,3,0.37300205,-0.16449529,0.78520024,
153831986253000,3,0.40835953,-0.18581659,0.8184292,
153832006212000,3,0.42695618,-0.24978052,0.8450217,
153832028490000,3,0.49820614,-0.20860037,0.89363027,
153832046312000,3,0.50659084,-0.20475656,0.90986156,
153832066393000,3,0.4551258,-0.16580373,0.8390999,
153832088670000,3,0.42343903,-0.18426059,0.786004,
153832106401000,3,0.47677326,-0.16420388,0.8184283,
153832129655000,3,0.44514942,-0.13036767,0.79792213,
153832149217000,3,0.4386711,-0.11793839,0.82835466,
153832166338000,3,0.3699627,-0.107175305,0.7777412,
153832186357000,3,0.40725327,-0.078758776,0.76735914,
153832209032000,3,0.40326405,-0.09675912,0.8507597,
153832226396000,3,0.37762833,-0.104425125,0.86828685,
153832246416000,3,0.35553265,-0.13938567,0.89686966,
153832268816000,3,0.34304047,-0.13911271,0.91614014,
153832286516000,3,0.3150053,-0.15216655,0.8740821,
153832309831000,3,0.3587427,-0.13225773,0.9305316,
153832329363000,3,0.33601284,-0.12846594,0.89362293,
153832346880000,3,0.37196922,-0.11635347,0.8710177,
153832366777000,3,0.37033558,-0.11557313,0.8531974,
153832389207000,3,0.38848877,-0.12623073,0.8827926,
153832406725000,3,0.4292202,-0.0982219,0.94610566,
153832426775000,3,0.4129715,-0.115896665,0.93248606,
153832449358000,3,0.42132187,-0.08546499,0.89620596,
153832466753000,3,0.461483,-0.06785276,0.95505273,
153832490099000,3,0.42746735,-0.053562082,0.88003016,
153832509416000,3,0.4717989,0.0024412558,0.9335531,
153832526750000,3,0.46524048,-0.015199031,0.92764705,
153832546739000,3,0.38989162,0.018873626,0.9011267,
153832569017000,3,0.40073013,0.026277473,0.89404666,
153832586778000,3,0.4139862,0.06327099,0.9240649,
153832606767000,3,0.36684036,4.4599012E-4,0.89820933,
153832629320000,3,0.4286356,-0.015046178,0.98136693,
153832646867000,3,0.40944576,0.015192308,0.9897885,
153832669176000,3,0.46970844,0.04216244,1.0349483,
153832690447000,3,0.46953297,0.07041063,1.0182818,
153832706895000,3,0.40001488,0.021431495,0.9896695,
153832726946000,3,0.39222622,-0.026223991,0.9233532,
153832749254000,3,0.36377716,-0.07660159,0.9125945,
153832766924000,3,0.40429497,-0.049273733,0.99784786,
153832786943000,3,0.4406376,-0.026721127,1.002641,
153832809282000,3,0.436059,-0.012488022,1.0415663,
153832826982000,3,0.37440586,0.020496257,0.98414785,
153832850298000,3,0.40329456,0.052348614,0.9934645,
153832869859000,3,0.35335445,0.040387537,0.96758866,
153832887041000,3,0.35785198,0.061669987,1.0105352,
153832907060000,3,0.31089592,0.044395313,0.91748863,
153832929704000,3,0.3632412,0.04098346,0.9437869,
153832947099000,3,0.40956593,0.034795422,0.9935887,
153832967149000,3,0.48515797,-0.008032203,1.0012869,
153832989458000,3,0.47504425,-0.023543082,1.0641233,
153833007158000,3,0.5200949,-0.07434476,1.1231105,
153833030443000,3,0.46477795,-0.044863224,1.0080621,
153833049883000,3,0.46272087,-0.0023193806,1.0055361,
153833067247000,3,0.46722984,0.03175327,1.0553806,
153833087267000,3,0.4225874,0.0017068088,1.0152987,
153833109636000,3,0.36836147,0.009740174,1.0248566,
153833127275000,3,0.39555645,0.044032916,1.0003861,
153833147264000,3,0.38450623,0.026665017,1.0124434,
153833170000000,3,0.41295624,0.0053965896,1.0977286,
153833187303000,3,0.42442894,0.06076456,1.1300559,
153833210619000,3,0.35382557,0.039077923,1.0716131,
153833230089000,3,0.34496403,0.027454704,1.0336297,
153833247392000,3,0.34413147,7.0494413E-4,1.042733,
153833267442000,3,0.34916782,0.058750004,1.0151196,
153833289720000,3,0.42145824,0.05189854,1.0734429,
153833307420000,3,0.4329605,0.036991462,1.1541265,
153833327440000,3,0.32148075,0.031437933,1.2301989,
153833349931000,3,0.4241438,0.14076953,1.1184417,
153833367509000,3,0.3024435,0.066731356,1.0133681,
153833390825000,3,0.27738094,0.13425446,1.0069039,
153833410570000,3,0.41580963,0.14579935,1.0003914,
153833427568000,3,0.31711674,0.074255034,0.95235884,
153833447588000,3,0.32445335,0.017686173,1.0153446,
153833469926000,3,0.3592701,0.01331307,0.8997762,
153833487627000,3,0.35842705,0.035672203,0.8283347,
153833507677000,3,0.44213295,0.018738031,0.9825012,
153833530046000,3,0.61020565,0.05538754,1.1279963,
153833547716000,3,0.5603857,0.047661908,1.1927897,
153833569994000,3,0.51083374,-0.0071510375,1.1692894,
153833590501000,3,0.42874146,-0.0077744424,1.0819249,
153833710252000,3,0.35484123,-0.0914163,1.165055,
153833727892000,3,0.30259323,-0.05695757,1.0814424,
153833750291000,3,0.37002754,-0.03610387,1.120755,
153833770616000,3,0.40875244,-0.07206483,1.2032263,
153833787889000,3,0.4707985,-0.061405487,1.2016306,
153833807909000,3,0.3874445,-0.1296572,1.366194,
153833830370000,3,0.36277294,-0.15502895,1.3616785,
153833847948000,3,0.33937073,-0.21102819,1.3325223,
153833867998000,3,0.31012917,-0.19525252,1.1841488,
153833890733000,3,0.31599808,-0.11920974,1.0121046,
153833908006000,3,0.37416363,-0.09347937,1.0517992,
153833931352000,3,0.5261059,-0.044875495,1.0760996,
153833950792000,3,0.4699669,0.0072170943,1.0868971,
153833968065000,3,0.55306053,-0.035610534,1.1222105,
153833988084000,3,0.447464,-0.1388748,1.274898,
153834010423000,3,0.49467373,-0.23593234,1.3665395,
153834028185000,3,0.44116592,-0.22857143,1.3413565,
153834048143000,3,0.3739891,-0.20893034,1.3201822,
153834070634000,3,0.4785347,-0.24232028,1.4153808,
153834088182000,3,0.40960598,-0.29069093,1.3192738,
153834111528000,3,0.33310986,-0.28061348,1.1613333,
153834131303000,3,0.2854271,-0.27903733,1.1168677,
153834148241000,3,0.28853416,-0.3346499,1.1440631,
153834168260000,3,0.40144348,-0.3529998,1.3437706,
153834190569000,3,0.43266773,-0.3209189,1.5557594,
153834213060000,3,0.38856792,-0.27155456,1.4412361,
153834228349000,3,0.3577938,-0.20231324,1.2428236,
153834250719000,3,0.43050957,-0.19051468,1.2796003,
153834268327000,3,0.42564106,-0.26975888,1.3193907,
153834291673000,3,0.5140114,-0.27425826,1.4044752,
153834311235000,3,0.4641142,-0.4494573,1.3737614,
153834328447000,3,0.43534946,-0.4931807,1.3540438,
153834348436000,3,0.5618286,-0.44853026,1.449467,
153834371050000,3,0.37839413,-0.42848903,1.2420336,
153834388475000,3,0.24671268,-0.4911121,1.0993822,
153834408464000,3,0.3881731,-0.40824822,1.2054154,
153834430833000,3,0.40777588,-0.4444231,1.3098321,
153834448503000,3,0.34910965,-0.8252418,1.4892571,
153834471849000,3,0.46188545,-0.6297747,1.5919255,
153834491319000,3,0.23523617,-0.5892069,1.4127052,
153834508592000,3,0.30704403,-0.5564622,1.4729915,
153834528612000,3,0.25998783,-0.6586378,1.6032656,
153834551286000,3,0.267725,-0.5976608,1.3040187,
153834568712000,3,0.3790064,-0.5286939,1.116331,
153834588731000,3,0.25294685,-0.6485583,1.2061566,
153834611864000,3,0.48495674,-0.73311937,1.4149615,
153834628740000,3,0.28538322,-0.6719763,1.2351866,
153834650896000,3,0.21414852,-0.6399454,1.3231273,
153834671495000,3,0.13330936,-0.59021163,1.2104928,
153834688799000,3,0.17615795,-0.5813079,1.30863,
153834708849000,3,0.19494057,-0.67673725,1.2448816,
153834731126000,3,0.21373463,-0.71188307,1.3991622,
153834748888000,3,0.30055904,-0.65554893,1.30806,
153834768877000,3,0.29415798,-0.7167811,1.3203751,
153834791338000,3,0.23809719,-0.8257231,1.2739105,
153834808946000,3,0.35592937,-0.7571263,1.186632,
153834831072000,3,0.4483118,-0.7974998,1.3904533,
153834852159000,3,0.4279604,-0.92961603,1.3358921,
153834868944000,3,0.43612957,-0.8255632,1.2669991,
153834888963000,3,0.56321716,-0.80391926,1.3381003,
153834911333000,3,0.4297762,-0.88170946,1.3458613,
153834928972000,3,0.35631847,-0.94492936,1.2713047,
153834948991000,3,0.26050377,-0.9591326,1.2744602,
153834971361000,3,0.18789387,-0.9881185,1.2018673,
153834989030000,3,0.034332275,-0.9187775,1.1384404,
153835011369000,3,0.2190218,-1.0346885,1.0629206,
153835031908000,3,0.58518887,-0.9048197,1.3250419,
153835049120000,3,0.2882805,-0.96809745,1.2003471,
153835069109000,3,0.19434166,-0.9220146,0.99726045,
153835091783000,3,0.47835064,-0.9903867,1.1146187,
153835109178000,3,0.5973797,-1.0020242,1.1491982,
153835129167000,3,0.4374094,-1.1174282,1.0255399,
153835151567000,3,0.3020239,-1.2175488,0.840202,
153835169267000,3,0.37707996,-1.3297493,0.812287,
153835192583000,3,0.55243015,-1.4079484,1.1647657,
153835211961000,3,0.4832163,-1.3627927,0.8170166,
153835229295000,3,0.57540226,-1.2938976,0.8894682,
153835249315000,3,0.45790958,-1.365691,0.98327774,
153835271745000,3,0.49148464,-1.3289789,1.1626979,
153835289354000,3,0.44242477,-1.1780761,1.1185669,
153835309343000,3,0.4926443,-1.2196821,1.2313757,
153835332048000,3,0.4849043,-1.1890802,1.1945426,
153835349382000,3,0.4976616,-1.1106726,1.1735709,
153835372728000,3,0.48770618,-0.99154437,1.2371455,
153835392137000,3,0.39969254,-1.0226599,1.0564532,
153835409441000,3,0.34861374,-1.2018939,0.8642893,
153835429491000,3,0.47728062,-1.2317827,0.9110136,
153835451799000,3,0.3668852,-1.2770543,0.73506904,
153835469560000,3,0.42513752,-1.2930069,0.7758885,
153835489519000,3,0.48260212,-1.3198016,0.65017104,
153835512102000,3,0.62693024,-1.230003,0.63798404,
153835529649000,3,0.56548214,-1.1676737,0.68939805,
153835552904000,3,0.83553505,-1.1216352,1.1133438,
153835573106000,3,0.7760124,-1.030741,1.0031053,
153835589616000,3,0.5057535,-1.0011598,0.9705983,
153835609697000,3,0.410779,-0.94891953,1.0066153,
153835632036000,3,0.4118681,-0.96126294,1.2057681,
153835649767000,3,0.28047466,-1.000218,1.22931,
153835669756000,3,0.15229416,-1.1101878,1.2065742,
153835692186000,3,0.20790863,-1.0263498,0.97667205,
153835709795000,3,0.3111143,-1.0850909,1.0243641,
153835732042000,3,0.3510027,-1.2264459,0.9919626,
153835752611000,3,0.40580463,-1.3026443,1.0053589,
153835769823000,3,0.5383539,-1.2111671,1.071583,
153835850176000,3,0.46988964,-1.1103958,0.7742712,
153835872453000,3,0.5309324,-1.0957153,0.9716958,
153835890184000,3,0.6332092,-0.909685,1.0612957,
153835912431000,3,0.86875343,-0.66019994,1.0070728,
153835932878000,3,0.63541126,-0.64609075,1.1013672,
153835950212000,3,0.2165947,-0.97302413,1.0635136,
153835970110000,3,0.24228859,-0.9272581,1.0352509,
153835992540000,3,0.45579243,-0.90424573,1.0466039,
153836010149000,3,0.38446522,-0.99692225,1.0165251,
153836030138000,3,0.52399445,-1.110575,1.301234,
153836052843000,3,0.31952858,-1.1372095,1.1767483,
153836070116000,3,0.47938728,-1.0904125,1.1801625,
153836093401000,3,0.56121445,-1.0402815,1.1070672,
153836112871000,3,0.48701096,-1.0620482,0.8704443,
153836130144000,3,0.4250574,-0.9585671,0.7375246,
153836150163000,3,0.30274487,-0.95101154,0.8418045,
153836172624000,3,0.4115858,-0.9977157,1.0214587,
153836190233000,3,0.4118948,-0.9247335,0.9308251,
153836210374000,3,0.62717533,-0.8502853,1.0320742,
153836232896000,3,0.72310925,-0.77877957,1.0160768,
153836250414000,3,0.83838844,-0.7213918,1.0610057,
153836272569000,3,0.70407677,-0.70584357,1.1147549,
153836293382000,3,0.545619,-0.7959154,1.149206,
153836310320000,3,0.38385105,-0.8266183,1.0950372,
153836330339000,3,0.37436867,-0.84699386,1.1551609,
153836352922000,3,0.26076984,-0.7031629,0.9683377,
153836370439000,3,0.20101547,-0.6146002,0.89230424,
153836390459000,3,0.28064442,-0.6612395,1.0920427,
153836412889000,3,0.36383057,-0.68973327,1.1937133,
153836430528000,3,0.45252514,-0.6529323,1.147685,
153836453844000,3,0.5087156,-0.69166684,1.1491513,
153836473344000,3,0.6227226,-0.6505577,1.121106,
153836490587000,3,0.6178465,-0.5786033,1.0670445,
153836510545000,3,0.47098637,-0.5595017,1.088862,
153836533617000,3,0.3873968,-0.5475275,0.99596095,
153836550584000,3,0.43218327,-0.5712381,1.1230326,
153836570573000,3,0.36546612,-0.52156395,0.92925274,
153836592912000,3,0.34836006,-0.54160833,0.8655644,
153836610643000,3,0.5552416,-0.588409,0.98207426,
153836633897000,3,0.23965454,-0.58471423,0.7816291,
153836653368000,3,0.39630985,-0.51854753,0.9318974,
153836670671000,3,0.3486824,-0.5414932,0.9150828,
153836690691000,3,0.40256214,-0.62408644,1.0054852,
153836713121000,3,0.39935017,-0.5112471,1.3303896,
153836730730000,3,0.594306,-0.85856974,0.99269474,
153836750841000,3,0.6819334,-0.5487833,0.9739225,
153836773485000,3,0.58070374,-0.7157193,1.0830522,
153836790788000,3,0.20586109,-0.6217814,0.62875414,
153836813097000,3,0.47773075,-0.5730399,0.8988228,
153836833513000,3,0.28630066,-0.41833794,0.9690157,
153836850847000,3,0.55704594,-0.16755466,0.9605917,
153836870897000,3,0.60478497,-0.18177813,0.9984166,
153836893175000,3,0.5170355,-0.2635735,1.0673802,
153836910905000,3,0.5897856,-0.16523264,1.1009587,
153836930925000,3,0.20337486,-0.14253712,1.0511796,
153836953508000,3,0.69885826,-0.15585603,1.3471318,
153836970964000,3,0.6720362,-0.12761457,1.3434675,
153836993303000,3,0.75940895,-0.19034106,1.2966683,
153837014024000,3,0.69073105,-0.2475541,1.3433511,
153837030992000,3,0.55169964,-0.30935615,1.044014,
153837051225000,3,0.616663,-0.5680138,0.9620775,
153837073412000,3,0.4286766,-0.687785,0.82310677,
153837091051000,3,0.4917574,-0.5597311,0.81934774,
153837111101000,3,0.62395096,-0.5334028,0.82024086,
153837133440000,3,0.6128664,-0.46037793,0.83957744,
153837151262000,3,0.35646725,-0.31879884,0.7583423,
153837173448000,3,0.1606884,-0.24420536,0.55770755,
153837194048000,3,0.0724926,-0.1368503,0.54699624,
153837211168000,3,0.18126774,-0.19779932,1.2250421,
153837231554000,3,0.24660206,-0.36967242,1.516042,
153837259691000,3,0.36632252,-0.17051435,1.0019062,
153837271257000,3,0.6434946,-0.36498278,1.0837916,
153837291246000,3,0.57632065,-0.46866065,1.0128782,
153837313585000,3,0.42999554,-0.43224335,1.2521269,
153837331316000,3,0.47518635,-0.10911739,0.88334084,
153837354601000,3,0.64376545,0.059290648,0.70384735,
153837374101000,3,0.5467272,0.021096885,0.7881091,
153837391374000,3,0.41571617,-0.10646039,0.9206991,
153837411394000,3,0.41741943,-0.19731766,0.89369774,
153837433794000,3,0.65553,-0.14108425,0.9303946,
153837451463000,3,0.7073574,-0.03969258,0.9312071,
153837471544000,3,0.6582346,-0.26549947,0.9913877,
153837494768000,3,0.49893665,-0.17158294,0.8940379,
153837511491000,3,0.6301327,-0.21442956,1.0186398,
153837534837000,3,0.6675167,-0.037551165,0.92318976,
153837554216000,3,0.6790495,0.05180323,1.0775328,
153837571550000,3,0.55632687,0.010346949,1.2932816,
153837592210000,3,0.60023594,0.13863221,1.079387,
153837613908000,3,0.62305164,0.20635173,1.0086569,
153837631639000,3,0.64906025,0.2362138,0.9213866,
153837674272000,3,0.4802065,0.07593024,0.996241,
153837691881000,3,0.5167875,-0.04297638,1.1101626,
153837715166000,3,0.33278084,-0.19116616,1.1116087,
153837734911000,3,0.31604385,-0.19537646,1.035625,
153837751909000,3,0.3953724,0.040987253,0.6721692,
153837771776000,3,0.3512392,0.0527215,0.6122586,
153837794115000,3,0.4446659,-0.08311784,0.9347043,
153837811815000,3,0.5848837,-0.10499501,1.2539847,
153837831834000,3,0.77722263,-0.055728078,1.2231266,
153837854173000,3,0.63997936,0.08988309,0.79694414,
153837871935000,3,0.35934925,0.0058040023,0.83661395,
153837895189000,3,0.49166107,0.04902327,1.3256407,
153837914720000,3,0.5373335,0.42253947,0.8806015,
153837931902000,3,0.5305891,0.2521695,1.1869307,
153837951952000,3,0.78373337,0.05406505,1.1864877,
153837974626000,3,0.79021263,0.1092422,1.0359943,
153837991991000,3,0.6640196,0.19745472,1.0015548,
153838011949000,3,0.6638031,0.12804651,0.8460125,
153838034288000,3,0.62328243,0.118780375,0.83574355,
153838052049000,3,0.6473799,-0.03208995,0.84758365,
153838074358000,3,0.64514923,0.10972941,1.1259599,
153838094804000,3,0.63037395,0.044395328,1.0693157,
153838112047000,3,0.5629816,0.057284296,0.98224753,
153838132097000,3,0.4801321,0.21508187,0.9436159,
153838154558000,3,0.5629835,0.2390002,0.9023364,
153838172105000,3,0.7469473,0.33773732,0.8774772,
153838192155000,3,0.8090544,0.404782,0.9934107,
153838214891000,3,0.84585094,0.44749653,0.9786802,
153838232225000,3,0.7201967,0.42074412,0.8751275,
153838255449000,3,0.44065094,0.24645516,1.0709049,
153838274889000,3,0.39514542,0.15236118,1.5011247,
153838292223000,3,0.7851181,0.44198182,0.49367726,
153838312273000,3,0.44228745,0.3837936,0.7124381,
153838334551000,3,0.5348568,-0.13507456,0.53892803,
153838352342000,3,0.41338825,0.11554682,0.52223516,
153838372453000,3,0.32429504,-0.126302,1.3999083,
153838394884000,3,0.611681,0.10446662,0.23375738,
153838412309000,3,0.57427025,0.24602701,-0.08217323,
153838435655000,3,0.35982323,0.13820317,0.60336566,
153838455888000,3,0.16353321,-9.805262E-4,1.4965503,
153838472398000,3,0.23592186,0.05857086,1.1540169,
153838492418000,3,0.3450184,0.20340545,0.92273796,
153838517748000,3,0.5505161,0.16871464,1.0593922,
153838533189000,3,0.7187948,0.12666619,1.512582,
153838553362000,3,0.8114462,0.2045064,1.5718243,
153838573564000,3,0.873826,0.29781216,1.4546306,
153838594530000,3,0.8976402,0.25121608,1.305919,
153838616472000,3,0.91539,0.22744653,1.1244522,
153838634111000,3,0.9921875,0.2845134,1.2287929,
153838653490000,3,0.9591255,0.35439974,1.214416,
153838733354000,3,0.5334263,0.059812963,1.1158184,
153838753893000,3,0.5195656,0.10654193,1.4093671,
153838774919000,3,0.6278486,0.20295417,1.2531161,
153838796892000,3,0.8789196,0.24789134,0.5764755,
153838814348000,3,0.7641678,0.26190057,0.18778825,
153838833665000,3,0.5327282,0.2478604,0.40658534,
153838853655000,3,0.41691017,0.19672173,0.69604397,
153838874223000,3,0.5000391,0.18997431,0.7785077,
153838893694000,3,0.6486368,0.20071694,0.80103755,
153838913683000,3,0.657691,0.15802431,0.97681737,
153838934496000,3,0.72824764,0.15302902,1.0155067,
153838955003000,3,0.56311893,0.23837972,1.1142526,
153838976976000,3,0.47869396,0.17664835,1.2262374,
153838994402000,3,0.43961143,0.1514014,1.2369559,
153839013658000,3,0.48260498,0.17548895,1.191998,
153839033647000,3,0.5856514,0.16271803,1.1700381,
153839054094000,3,0.6146612,0.1697402,1.2066467,
153839073625000,3,0.6913271,0.18965745,1.1981635,
153839093614000,3,0.7398815,0.2155191,1.2010552,
153839114214000,3,0.8101177,0.18846768,1.2180979,
153839135088000,3,0.8089514,0.1670844,1.2424608,
153839156053000,3,0.84698296,0.29612434,1.1807477,
153839174852000,3,0.9503832,0.27047697,1.0373877,
153839193742000,3,0.7884388,0.13335401,0.6168659,
153839213762000,3,0.687335,0.10149962,-0.09380412,
153839234117000,3,0.6459904,-0.119390965,-0.32370377,
153839254106000,3,0.47064018,-0.03776717,-0.061535597,
153839273821000,3,0.4677477,0.04022038,0.2340169,
153839294237000,3,0.24004841,-0.042699337,0.90634847,
153839315233000,3,0.756135,-0.6747533,0.946352,
153839336015000,3,0.8142605,-0.68548465,1.6087756,
153839354845000,3,0.58875847,-0.35277098,1.6647664,
153839373918000,3,0.7290878,-0.34613305,1.4702725,
153839393999000,3,0.72059536,-0.26035804,1.0229764,
153839415178000,3,0.88259506,-0.48734045,0.98406005,
153839434007000,3,0.7903023,-0.5513608,0.49090147,
153839454179000,3,0.5250616,-0.6133429,0.007615328,
153839474657000,3,0.49935055,-1.0555934,-0.053452253,
153839495592000,3,0.7654104,-1.4538257,0.7718096,
153839516466000,3,1.0726137,-1.4185338,1.4150537,
153839534959000,3,0.6986971,-1.0850358,1.506776,
153839554155000,3,0.63755894,-1.2633281,2.109958,
153839574144000,3,1.8303175,-1.6682191,2.3924623,
153839594652000,3,2.380992,-1.3962142,1.9412403,
153839614153000,3,1.2630463,-1.169206,0.76903796,
153839634081000,3,0.51490116,-1.1443288,0.14814878,
153839654863000,3,-0.17778397,-1.2192352,-0.106405735,
153839675554000,3,0.36861515,-1.5162811,0.13291967,
153839696489000,3,1.069416,-1.3839731,0.41011286,
153839715074000,3,0.54328537,-1.2204854,0.036744714,
153839734331000,3,0.32763004,-1.220205,0.098373294,
153839754320000,3,1.0046673,-1.4018369,0.92499304,
153839774706000,3,1.168541,-1.2927756,0.8416103,
153839794328000,3,0.4226637,-1.0271994,0.4469992,
153839814409000,3,0.12213898,-1.0537772,0.49582243,
153839834917000,3,0.6517248,-1.3601933,0.68108666,
153839855730000,3,0.6186142,-1.3731416,0.32430732,
153839877672000,3,0.74973965,-1.4330109,0.22533143,
153839895525000,3,0.52312756,-1.4153272,0.11812353,
153839914476000,3,0.2896614,-1.3843358,0.15784311,
153839934526000,3,0.8395519,-1.6724463,0.7741991,
153839954790000,3,0.93293476,-1.5646746,0.9152601,
153839974443000,3,0.59551907,-1.3752345,0.60985804,
153839994493000,3,0.54179,-1.3341967,0.80030084,
153840014909000,3,0.5214186,-1.3008331,0.945426,
153840035967000,3,0.6035166,-1.1264777,0.81348574,
153840057878000,3,0.56966686,-0.9487658,0.53391194,
153840075487000,3,0.79574203,-0.83982384,0.47429693,
153840094652000,3,0.90359783,-0.8480606,0.15114546,
153840114641000,3,1.047329,-0.9207269,0.14716768,
153840135393000,3,0.72056675,-0.90457594,-0.11696744,
153840154710000,3,0.45153427,-1.0416455,0.06621134,
153840174669000,3,0.3174734,-1.1263644,0.26026738,
153840195116000,3,0.20041084,-1.1960065,0.20515871,
153840216081000,3,0.39395714,-1.2611952,0.17463088,
153840238023000,3,0.51187897,-1.3071108,0.12998712,
153840255479000,3,0.72295856,-1.2947192,0.18513095,
153840274858000,3,0.4810629,-1.1930664,0.0182724,
153840294725000,3,0.4566555,-1.1214836,-0.03151393,
153840315355000,3,0.5611706,-1.0065681,-0.18093407,
153840334886000,3,0.5034895,-0.9340841,-0.45824766,
153840354906000,3,1.0708542,-1.0333182,0.013355732,
153840376054000,3,1.0236406,-1.0623133,0.3839227,
153840396227000,3,0.6698837,-1.0024924,0.42946053,
153840418291000,3,0.58773327,-1.0125343,0.4025067,
153840435716000,3,0.468935,-1.0156679,0.022579193,
153840455003000,3,0.3719797,-0.97739136,-0.17158985,
153840475053000,3,0.3482399,-0.99322283,0.04026127,
153840495378000,3,0.43352032,-1.0023587,0.41756427,
153840515062000,3,0.42930508,-1.0160905,0.65260553,
153840535082000,3,0.5516634,-1.0063468,0.6523173,
153840555559000,3,0.6975994,-0.9580954,0.59113693,
153840576402000,3,0.70115376,-0.8961735,0.17952693,
153840597368000,3,0.72459793,-0.88010436,0.009511113,
153840616228000,3,0.5465517,-0.8212568,-0.18246424,
153840635118000,3,0.50648975,-0.8560031,-0.15358639,
153840655168000,3,0.54540825,-0.9191396,0.118435025,
153840675523000,3,0.44288063,-0.97509766,0.28133154,
153840735826000,3,0.5639372,-0.92208385,0.2551695,
153840756700000,3,0.50319576,-0.88901484,0.24292552,
153840777666000,3,0.4604454,-0.9010209,0.08076131,
153840796312000,3,0.5727606,-0.88957626,-0.100111604,
153840815385000,3,0.5356102,-0.9575374,-0.35313928,
153840835374000,3,0.3477564,-1.0076017,-0.33232868,
153840856004000,3,0.31245327,-0.97083473,-0.3242662,
153840875383000,3,0.4891739,-0.97719204,-0.11801171,
153840895403000,3,0.7122078,-0.88834846,0.10422087,
153840915788000,3,0.630847,-0.77557,0.17195177,
153840936815000,3,0.67179394,-0.7075725,0.12079477,
153840957689000,3,0.6789894,-0.6892086,-0.010107875,
153840976274000,3,0.685976,-0.72009593,-0.024445295,
153840995470000,3,0.7251129,-0.7482137,0.022579432,
153841015520000,3,0.6327429,-0.73703915,0.049945593,
153841036028000,3,0.6587658,-0.77434397,0.16716886,
153841055528000,3,0.68812656,-0.7272265,0.21982348,
153841075609000,3,0.59016514,-0.6857886,0.28234327,
153841096330000,3,0.48570442,-0.72004646,0.27423346,
153841116930000,3,0.52577114,-0.72188663,0.18636131,
153841137926000,3,0.52252007,-0.714393,0.068149686,
153841156419000,3,0.526042,-0.7055118,0.05125606,
153841175615000,3,0.56631565,-0.7426692,0.08963525,
153841195757000,3,0.45906448,-0.72896284,0.0043400526,
153841216051000,3,0.40789604,-0.75147796,-0.003380537,
153841235704000,3,0.34540844,-0.6806094,0.059773564,
153841255724000,3,-0.13035107,-0.29730242,-0.2650634,
153841276292000,3,0.51920605,-0.3171306,-0.16607702,
153841297075000,3,0.8038502,-0.44616556,-0.014508128,
153841319170000,3,0.700737,-0.56625354,0.33675683,
153841337389000,3,0.76851845,-0.5870862,0.47264874,
153841355852000,3,0.45668697,-0.38344666,0.30062664,
153841375810000,3,0.39412308,-0.19474837,0.2135284,
153841396227000,3,0.9249439,-0.5169053,0.11031282,
153841415880000,3,0.8702831,-0.7376345,0.12430823,
153841435930000,3,0.5995426,-0.68143713,0.18214524,
153841456316000,3,0.632884,-0.69462156,-0.13414013,
153841477312000,3,0.45917225,-0.67233694,-0.6281985,
153841499254000,3,0.24916553,-0.67044574,-0.68738306,
153841516893000,3,-0.5670757,-0.82398623,-0.4984311,
153841536058000,3,0.63935184,-1.0656894,-0.48222888,
153841556017000,3,0.942214,-0.4089809,-1.2791221,
153841576738000,3,1.2141333,-0.59858954,-1.398339,
153841596056000,3,0.67743015,-0.2705667,-1.5545254,
153841616106000,3,-0.48638725,-0.28593788,-1.8411767,
153841636491000,3,-0.8844147,-0.6388386,0.1314616,
153841657457000,3,0.5254946,-0.75775874,0.73205316,
153841679460000,3,1.3800259,-0.6339584,0.8773279,
153841776384000,3,0.93256664,-0.88222563,-1.811241,
153841796434000,3,0.5945015,-1.1495159,-2.4787211,
153841817064000,3,0.36562347,-1.2385896,-2.0761805,
153841837633000,3,0.15948105,-1.1407582,-1.4707587,
153841859728000,3,1.1456366,-1.4737781,-1.4176373,
153841877123000,3,1.5027437,-1.5670679,-0.89690936,
153841896349000,3,1.8426762,-1.6532086,-0.64737666,
153841916368000,3,0.83538723,-1.8518107,-0.113574386,
153841936693000,3,0.695693,-2.2248814,0.62535894,
153841956438000,3,0.24675941,-2.1020668,1.2129823,
153841976457000,3,-0.09182072,-1.8290898,1.255822,
153841996965000,3,0.05460453,-1.8831171,1.1857605,
153842017839000,3,0.06730175,-1.4915208,1.7088895,
153842038744000,3,0.26704693,-0.6560443,2.3867273,
153842057603000,3,0.24545765,-0.42155397,2.6126757,
153842076555000,3,0.5698242,-0.5806942,2.0487359,
153842096513000,3,0.62449265,-0.59015405,1.3394687,
153842116899000,3,0.54195404,-0.46752018,0.43515587,
153842136522000,3,0.3226223,-0.073963344,-0.14070117,
153842156633000,3,1.0838614,-0.5022768,0.07233024,
153842177385000,3,0.80566406,-0.33319908,-0.7903721,
153842198015000,3,0.42774582,-0.10112518,-0.67594814,
153842218980000,3,0.43014622,0.019501686,-0.5005469,
153842237535000,3,0.5680437,0.0354895,-0.17858313,
153842297899000,3,0.122382164,-0.13724285,-0.4478788,
153842316759000,3,-0.25875282,-0.27460015,-0.55738926,
153842336809000,3,0.02895832,-0.48444414,-0.88406014,
153842357469000,3,-0.023753166,-0.50431466,-0.7470757,
153842378191000,3,0.5689392,-0.42544687,-0.6969304,
153842399126000,3,0.6491833,-0.3737489,-0.5979957,
153842417589000,3,0.10544777,-0.0282771,-0.42706016,
153842436876000,3,0.06087494,0.1698232,-0.771706,
153842456926000,3,-0.10403061,-0.009201288,-0.92658556,
153842477464000,3,-0.20745182,-0.06220305,-0.86552763,
153842496965000,3,0.5979061,-0.12340516,-0.79535455,
153842516954000,3,0.68371105,-0.2557479,-0.5821602,
153842537737000,3,0.5064964,-0.19804418,-0.31260493,
153842558336000,3,0.11711407,-0.14994419,-0.5234467,
153842579301000,3,-0.3006487,-0.39239454,-0.8509853,
153842597826000,3,-0.047088623,-0.4211024,-0.96933925,
153842617082000,3,0.11357117,-0.4287415,-0.41537648,
153842637041000,3,1.0709133,-0.17471743,-0.19940057,
153842657396000,3,1.3028164,-0.017621279,0.1525,
153842677110000,3,0.8639116,-1.244545E-4,0.24538344,
153842697160000,3,0.48106766,0.0671134,0.19914693,
153842717607000,3,0.075208664,0.22920334,-0.08615562,
153842738512000,3,1.2477064,0.069689035,-0.68245065,
153842759538000,3,1.1239443,-0.13514578,-0.35584173,
153842778337000,3,0.29687405,0.09862721,-0.068653256,
153842797228000,3,0.84591484,0.19422758,-0.18218817,
153842817247000,3,1.2879963,-0.07957065,0.0052153766,
153842837633000,3,1.8966455,-0.018019676,-0.15529577,
153842857286000,3,0.24430943,0.31174803,-0.02568245,
153842877336000,3,-0.509861,0.10115266,-0.6553657,
153842897691000,3,-0.13063145,-0.49479425,-1.2025244,
153842918657000,3,0.19237995,-0.7212237,-0.690949,
153842939684000,3,0.5636368,-0.71506584,-0.97704506,
153842958208000,3,0.04155922,-0.7903255,-0.9321397,
153842977373000,3,-0.4594221,-0.5183877,-0.038137436,
153842997362000,3,-0.5739994,-0.15412056,-0.074141055,
153843018053000,3,-0.63624954,0.012516379,0.2389631,
153843037492000,3,1.0590897,0.021407247,0.56945467,
153843057512000,3,2.2297869,0.6372698,0.8875167,
153843077928000,3,1.4347887,0.6158712,-0.46021193,
153843098863000,3,0.8216839,0.3668548,-0.296288,
153843119829000,3,0.23748684,0.32908762,-2.0302615,
153843138292000,3,0.5925789,0.14950585,-2.7453492,
153843157579000,3,0.91704273,0.1378367,-2.077421,
153843177477000,3,0.9395256,0.16698039,-0.8476584,
153843198015000,3,1.1333551,0.2005744,0.41706926,
153843217607000,3,0.83000374,0.32292557,1.5921345,
153843237627000,3,0.6520014,0.03993213,1.1235162,
153843258836000,3,0.34278965,-0.059179306,0.8778034,
153843279314000,3,0.20927048,-0.24537146,-0.059895664,
153843306291000,3,0.0041265488,-0.41229248,-0.9956001,
153843318498000,3,0.13968086,-0.3445239,-1.0117404,
153843337755000,3,0.5042944,0.019248009,-1.3438486,
153843357713000,3,0.87547684,0.19672668,-1.448904,
153843378160000,3,0.6543007,0.005709648,-0.9214839,
153843397783000,3,0.10565472,-0.40479434,-0.6663509,
153843417833000,3,-0.48311806,0.29516172,-0.5292069,
153843438371000,3,0.3644333,0.32404256,-0.4241808,
153843459245000,3,1.3931694,0.26874804,-0.3760025,
153843480241000,3,1.1190128,0.29731035,-0.3199202,
153843498979000,3,0.12971115,0.38371348,0.011812568,
153843517961000,3,0.1819315,0.28831512,-0.36115915,
153843537889000,3,0.339674,0.21385497,-0.6573726,
153843558305000,3,0.23798752,0.13363189,-0.7209657,
153843577959000,3,0.40060902,0.20684677,-0.79047555,
153843597978000,3,0.77495575,0.13157648,-0.65655136,
153843618364000,3,0.43877983,0.15698999,-0.35163552,
153843639360000,3,0.40995026,0.13594049,-0.34129852,
153843660326000,3,0.59050465,0.14194357,-0.4797703,
153843678880000,3,0.74746895,0.19232148,-0.48091686,
153843698412000,3,0.49809647,0.28204295,-0.38965312,
153843718095000,3,0.7890959,0.05097705,-0.24018735,
153843738847000,3,0.5920057,0.006046295,0.06283874,
153843778246000,3,0.5790863,-0.28636426,0.30272505,
153843798692000,3,0.0021686554,-0.08528316,-0.54171413,
153843820146000,3,0.2619028,0.27141482,-0.9853519,
153843840624000,3,0.6894703,-0.1819269,-0.6049708,
153843858995000,3,0.5044193,0.10486001,-1.0047715,
153843878282000,3,0.6517391,-0.22180271,-0.26164663,
153843898271000,3,0.35548306,-0.10764289,-0.52972794,
153843918779000,3,0.10844231,0.1897893,-0.57457685,
153843938371000,3,0.31312466,0.1595847,-0.39287555,
153843958330000,3,0.33361816,0.21446228,-0.3824448,
153843979021000,3,0.7281704,0.20872927,-0.43474138,
153843999681000,3,0.98064995,0.029553413,-0.48305798,
153844020738000,3,0.6839771,0.12638533,-0.7042048,
153844039079000,3,0.35152054,0.25238106,-0.9621268,
153844058366000,3,0.2692623,0.24644786,-1.0868107,
153844078416000,3,0.26710224,0.26124886,-0.8728359,
153844098833000,3,0.4998331,0.19713849,-0.666868,
153844118456000,3,0.6264286,0.3258251,-0.17278937,
153844138536000,3,0.60286236,0.40410194,0.3126029,
153844159013000,3,0.7113333,0.57892597,0.544471,
153844179918000,3,0.94587517,0.5563821,0.6441259,
153844200884000,3,0.8164835,0.6196698,0.4266367,
153844220110000,3,0.68536186,0.6293743,-0.01960224,
153844238573000,3,0.6217556,0.5379557,-0.39794195,
153844258592000,3,0.62541676,0.347939,-0.6422633,
153844279039000,3,0.38416386,0.3124211,-0.90000474,
153844298723000,3,0.40641117,0.1899927,-0.9736393,
153844318651000,3,0.3128519,0.08215833,-0.8725173,
153844339067000,3,0.14979935,0.12856236,-0.7162521,
153844360063000,3,0.17481422,0.13892215,-0.57517564,
153844380998000,3,0.24617386,0.10575551,-0.41511342,
153844399614000,3,0.45053768,0.18956631,-0.36145198,
153844418779000,3,0.538764,0.33118105,-0.35545477,
153844438768000,3,0.5425129,0.4011042,-0.42743254,
153844459489000,3,0.4785118,0.4666887,-0.5982684,
153844478807000,3,0.44883537,0.4920783,-0.73059744,
153844498827000,3,0.549057,0.47555706,-0.8681798,
153844519273000,3,0.5905533,0.60954356,-0.8664137,
153844540208000,3,0.6448965,0.44844782,-0.8512626,
153844561174000,3,0.4883194,0.4058698,-0.79697716,
153844579607000,3,0.4705248,0.3582646,-0.7060799,
153844598924000,3,0.46267414,0.29345515,-0.582526,
153844618944000,3,0.6423807,0.1716913,-0.40784287,
153844639452000,3,0.4371481,0.2489441,-0.18205374,
153844658983000,3,0.8657818,0.5378908,0.16082126,
153844679033000,3,0.84437084,0.64600366,0.3291905,
153844699785000,3,0.7146559,0.34714055,0.2395336,
153844720476000,3,0.3791132,0.27528965,0.55249184,
153844741411000,3,0.30484772,0.28394932,0.7988468,
153844759905000,3,0.4835987,0.32580465,0.18994159,
153844779070000,3,0.5849705,0.47111386,-0.49194068,
153844799120000,3,0.59149647,0.5433285,-0.5185632,
153844819505000,3,0.5965853,0.57926875,-0.5275462,
153844839250000,3,0.6216116,0.5380317,-0.6286293,
153844859178000,3,0.64366627,0.6309642,-0.7893781,
153844879655000,3,0.81373405,0.6561299,-1.124585,
153844900591000,3,0.8376703,0.22813773,-0.95765376,
153844921526000,3,0.6544447,0.16197741,-0.6603718,
153844940355000,3,0.6911583,0.41078824,-0.25821957,
153844959276000,3,1.1260271,0.4296227,0.9985192,
153845039415000,3,0.26968098,0.31645048,-0.18619043,
153845059862000,3,0.4295082,0.40229166,-0.8265373,
153845080858000,3,0.6400728,0.10529232,-0.6036913,
153845101823000,3,0.6413202,-0.2979051,-0.20354658,
153845120531000,3,0.1430397,-0.3061583,0.58379877,
153845139665000,3,0.48679256,0.21468294,0.30050504,
153845159532000,3,0.83426857,0.38323125,-0.54446954,
153845180803000,3,0.42173195,-0.04064089,-0.7167732,
153845199632000,3,0.10007477,-0.7263269,-0.10705197,
153845219621000,3,0.24030113,-0.012057245,-0.6343597,
153845240068000,3,0.9886427,0.86388654,-0.03577274,
153845260973000,3,0.8355856,0.29627165,-0.14259267,
153845281877000,3,0.3330059,-0.14574236,-0.13746785,
153845300371000,3,0.15917587,-0.2347253,0.56972265,
153845319688000,3,0.4398775,-0.19894642,0.76305825,
153845339677000,3,0.56107235,-0.12759322,0.48795652,
153845360124000,3,0.3633232,0.022186995,0.24427491,
153845379717000,3,0.3139124,1.0818243E-5,0.27933976,
153845399706000,3,0.23529816,-0.052549362,0.33923018,
153845420457000,3,0.13313484,0.02214548,0.3459487,
153845441118000,3,0.3835497,0.24331337,0.27276102,
153845462083000,3,0.5456991,0.27013388,0.46824503,
153845480547000,3,0.31670952,0.14951368,1.0342449,
153845499803000,3,0.2531023,0.0748156,0.46055418,
153845519823000,3,0.08623409,0.15866059,0.5314663,
153845540239000,3,0.19511127,0.13704087,0.5610516,
153845559892000,3,0.27889633,0.16853811,0.4259639,
153845579912000,3,0.11825943,0.2091235,0.10934651,
153845600450000,3,-0.16199589,0.17159663,0.06545243,
153845621294000,3,-0.048814774,0.19264556,0.2744979,
153845643205000,3,0.2265625,0.1973983,0.3744921,
153845661058000,3,0.32386684,0.21280515,0.43837124,
153845679979000,3,0.36011028,0.24058482,0.3563336,
153845699999000,3,0.3548603,0.21115005,0.2426058,
153845720384000,3,0.35924053,0.23521075,0.33325052,
153845739977000,3,0.5486393,0.16086364,0.43489045,
153845760057000,3,0.5591059,0.22732463,0.46493745,
153845780473000,3,0.5934429,0.30883977,0.3840838,
153845801439000,3,0.6966381,0.33051497,0.39340025,
153845823503000,3,0.684453,0.31283674,0.2476561,
153845840990000,3,0.47676373,0.3329703,0.15261394,
153845860185000,3,0.49515533,0.35432753,0.2910396,
153845880205000,3,0.5257063,0.30347908,0.38614917,
153845900896000,3,0.47980785,0.27797642,0.34984303,
153845920213000,3,0.4397335,0.2942761,0.33477092,
153845940263000,3,0.47512817,0.28920916,0.21319497,
153845960771000,3,0.4933405,0.2857587,0.26051903,
153845981615000,3,0.46311188,0.27635786,0.22808778,
153846003648000,3,0.45907402,0.2617112,0.23872161,
153846021074000,3,0.3881035,0.25141105,0.36762714,
153846040331000,3,0.37719822,0.14793342,0.49019587,
153846066209000,3,0.45812035,0.25362292,0.22281122,
153846080827000,3,0.43698215,0.32549277,0.26950586,
153846100450000,3,0.3621874,0.2881322,0.1077373,
153846120378000,3,0.4336853,0.2973282,0.15898967,
153846141618000,3,0.3950796,0.27749655,0.065974474,
153846161729000,3,0.33425045,0.26268035,0.22223699,
153846182665000,3,0.26356602,0.18646455,0.22789896,
153846201189000,3,0.3773718,0.24838382,0.13656211,
153846220506000,3,0.42362976,0.44403937,0.14846134,
153846240495000,3,0.67575455,0.15763009,0.24053514,
153846260881000,3,0.39824772,0.26752546,0.3452494,
153846280565000,3,0.61793995,-0.049901545,0.24361384,
153846300554000,3,0.44461155,0.26240852,0.013135672,
153846322038000,3,0.52196884,0.30686173,0.22116232,
153846341905000,3,0.37352657,0.39469665,0.3182721,
153846362993000,3,0.5567961,0.21997812,0.18689096,
153846381761000,3,0.4863901,0.2576859,0.24928832,
153846400713000,3,0.32830048,0.32944152,0.020557046,
153846420732000,3,0.38780212,0.42139584,0.06390023,
153846441118000,3,0.27957058,0.32787123,0.030854821,
153846460741000,3,0.24469471,0.20269904,0.052770376,
153846480730000,3,0.26339054,0.20215484,0.23682547,
153846501146000,3,0.4095993,0.274047,0.4085536,
153846522173000,3,0.38679314,0.33571783,0.17634344,
153846543047000,3,0.33937263,0.39488164,0.047507524,
153846561754000,3,0.46376514,0.34893823,0.3271829,
153846580888000,3,0.5618248,0.4652984,0.316692,
153846600877000,3,0.34047794,0.30963293,0.09011817,
153846621568000,3,0.23653889,0.06438947,0.33158875,
153846640947000,3,0.2717991,0.02418369,0.30769527,
153846660936000,3,0.19884682,0.07403439,0.10407877,
153846681322000,3,0.30567265,0.19281596,0.14907885,
153846702287000,3,0.2993183,0.24386635,0.29914188,
153846723222000,3,0.28012657,0.33499008,0.29899812,
153846741716000,3,0.18340015,0.35393095,-0.037679195,
153846761247000,3,0.26593304,0.3467492,0.00448215,
153846781084000,3,0.35472488,0.28788495,-0.06519139,
153846801561000,3,0.30332088,0.2214315,0.07278204,
153846821092000,3,0.5000534,0.28105038,0.38090277,
153846841112000,3,0.5638094,0.25342762,0.4436791,
153846861864000,3,0.49769115,0.2971496,0.17921507,
153846882402000,3,0.39513302,0.34613955,-0.0603379,
153846904558000,3,0.5124502,0.38151976,0.04594636,
153846921983000,3,0.44575882,0.32450992,0.0012602806,
153846941240000,3,0.44676018,0.30742407,-8.1276894E-4,
153846961198000,3,0.42247868,0.25927168,0.14089894,
153846981554000,3,0.23326206,0.31303895,-0.09302282,
153847001299000,3,0.25759602,0.35112607,-0.074765325,
153847021227000,3,0.39102364,0.3453715,0.24341178,
153847041765000,3,0.4903965,0.38670304,0.32170963,
153847062700000,3,0.46731663,0.23846856,0.24682379,
153847084764000,3,0.5094137,0.20034662,0.21967411,
153847103044000,3,0.50955486,0.21322685,0.14321518,
153847121355000,3,0.59567547,0.2965014,0.2095244,
153847141344000,3,0.6159687,0.3461255,0.17628098,
153847161790000,3,0.4339218,0.27435908,0.046924353,
153847181535000,3,0.50765324,0.33901656,0.1742723,
153847201463000,3,0.34775352,0.38109282,-0.03497529,
153847221849000,3,0.37415028,0.4175421,0.034294605,
153847242815000,3,0.3945198,0.37755904,0.08420539,
153847263841000,3,0.32989597,0.30034605,0.03371024,
153847282457000,3,0.3810873,0.43499973,0.04706335,
153847301592000,3,0.36330128,0.43615738,0.10869932,
153847321611000,3,0.37518597,0.47872522,0.15231514,
153847342332000,3,0.4089117,0.44337273,0.16497803,
153847361620000,3,0.38255215,0.39986676,0.19792724,
153847381639000,3,0.44261837,0.4517159,0.18732405,
153847402055000,3,0.48318958,0.45412558,0.21832395,
153847423021000,3,0.44430923,0.56996787,0.057166815,
153847445024000,3,0.373744,0.54070675,-0.04104626,
153847462450000,3,0.41899872,0.4722019,0.009301543,
153847481676000,3,0.33938313,0.31926763,0.040418863,
153847501726000,3,0.3904295,0.3334031,0.066274285,
153847522264000,3,0.29971313,0.27267742,-0.0061103106,
153847541795000,3,0.371521,0.2687874,0.09734988,
153847561815000,3,0.3688755,0.24709404,0.14538515,
153847582506000,3,0.3869114,0.20872137,0.15566611,
153847603471000,3,0.39888954,0.2147151,0.20691133,
153847624193000,3,0.37747574,0.19808161,0.30343008,
153847642778000,3,0.31424046,0.29788262,0.13127196,
153847662004000,3,0.29608917,0.27987728,0.095656395,
153847682054000,3,0.2270174,0.2908166,0.011004567,
153847702348000,3,0.26984692,0.33454612,0.0825932,
153847721941000,3,0.31173038,0.38513532,0.023501873,
153847741960000,3,0.2877493,0.32250676,0.077463984,
153847762560000,3,0.39906788,0.3651406,0.13573945,
153847842058000,3,0.39049053,0.22294074,0.18237638,
153847862108000,3,0.31543827,0.17373747,0.12457013,
153847882494000,3,0.3245325,0.15698561,0.20850015,
153847902177000,3,0.3502159,0.23046851,0.2259326,
153847922136000,3,0.29118347,0.15431407,0.206303,
153847942552000,3,0.30723,0.14900663,0.16532028,
153847963518000,3,0.29795456,0.16384557,0.21922171,
153847985521000,3,0.21369839,0.16074848,0.095098495,
153848003099000,3,0.19113159,0.1549173,-0.01574421,
153848027025000,3,0.2504835,0.11581656,0.04700458,
153848042192000,3,0.36997128,0.086750925,0.15101087,
153848063371000,3,0.54498005,0.11647156,0.2149564,
153848082231000,3,0.57310295,0.14993337,0.17131066,
153848102281000,3,0.53697586,0.4137509,0.14304268,
153848122697000,3,0.81234455,0.9905764,0.4913906,
153848143724000,3,0.70630646,0.78053164,0.25504768,
153848164598000,3,0.6338453,0.5962229,0.26727962,
153848183061000,3,0.33681297,0.28254414,0.110197544,
153848202379000,3,0.2699442,0.046042204,0.25006223,
153848222429000,3,0.24561787,0.06048602,0.24698102,
153848242937000,3,0.49743748,0.48767683,0.3441651,
153848262468000,3,0.5160656,0.5862217,0.1675657,
153848282457000,3,0.36205006,0.515249,0.16827714,
153848303178000,3,0.17819309,0.408307,0.06515932,
153848323900000,3,0.09429932,0.41960898,0.001995325,
153848344865000,3,0.123036385,0.51960164,0.04120469,
153848363298000,3,0.120495796,0.56513447,0.03507805,
153848382585000,3,0.16044426,0.4902426,0.20721865,
153848402605000,3,0.18466187,0.35693365,0.35099554,
153848422960000,3,0.04804039,0.25418168,0.182652,
153848442644000,3,0.09578991,0.3427113,0.23879385,
153848462663000,3,0.1576376,0.38983288,0.17348671,
153848483202000,3,0.17991447,0.39351594,0.18191898,
153848504015000,3,0.21963692,0.33641195,0.2061094,
153848525011000,3,0.26111412,0.27733433,0.08902526,
153848543840000,3,0.40608883,0.2420198,0.12634587,
153848562730000,3,0.46710682,0.27549422,0.20041263,
153848582689000,3,0.52819633,0.37788814,0.2212714,
153848603319000,3,0.56352043,0.33927083,0.29625738,
153848622789000,3,0.54444885,0.3167612,0.15428054,
153848642839000,3,0.5128555,0.25163728,0.14423668,
153848663194000,3,0.34657001,0.08352643,0.13101447,
153848684099000,3,0.32467842,0.044172615,0.07866061,
153848705217000,3,0.31939983,0.07802901,0.06306553,
153848723802000,3,0.45046806,0.27998334,0.24577451,
153848742937000,3,0.40687752,0.3878449,0.23217559,
153848762926000,3,0.43170834,0.37967417,0.20137024,
153848783647000,3,0.454916,0.31678194,0.22336018,
153848923296000,3,0.32264805,0.22433922,0.09238958,
153848943285000,3,0.23155785,0.2513,0.04120314,
153848963701000,3,0.22913933,0.27815673,0.14053655,
153848983232000,3,0.14352417,0.34519058,0.02007413,
153849003252000,3,0.20430756,0.24125616,0.15145755,
153849024431000,3,0.3155527,0.3613932,0.32944036,
153849044634000,3,0.25078297,0.35631227,0.20765877,
153849065599000,3,0.279768,0.3349021,0.2446481,
153849084062000,3,0.30426216,0.4093366,0.1962452,
153849103349000,3,0.33800602,0.45274496,0.09967351,
153849123399000,3,0.35288334,0.41658467,0.1277368,
153849143785000,3,0.34001255,0.36139587,0.12777305,
153849163408000,3,0.46433735,0.33822075,0.21510935,
153849183458000,3,0.46057034,0.36729223,0.18131065,
153849203966000,3,0.46522617,0.3447674,0.2396028,
153849224840000,3,0.41189384,0.26947892,0.112900496,
153849245805000,3,0.36247444,0.28125674,0.0841434,
153849264543000,3,0.37491798,0.4024214,0.075576305,
153849283464000,3,0.40984154,0.46200287,0.15584111,
153849303514000,3,0.40982914,0.4419956,0.08758497,
153849323869000,3,0.39654255,0.38861266,0.15461206,
153849348039000,3,0.29222584,0.31048957,0.12124777,
153849363573000,3,0.22504807,0.3238374,0.019722462,
153849383928000,3,0.22721767,0.35929304,-0.0026657581,
153849404985000,3,0.22088623,0.3450237,0.019972086,
153849426958000,3,0.2882328,0.3252575,0.103214025,
153849444536000,3,0.368268,0.2919576,0.102234006,
153849463609000,3,0.40165138,0.29937896,0.119966865,
153849483629000,3,0.39966393,0.26070935,0.13992798,
153849504381000,3,0.38109875,0.21628976,0.1504823,
153849523668000,3,0.3547325,0.27578413,0.10836387,
153849543687000,3,0.33266735,0.2957488,0.20563126,
153849564043000,3,0.32670307,0.26835635,0.20756328,
153849585039000,3,0.34341335,0.19093408,0.23820591,
153849606035000,3,0.3430338,0.20471156,0.27911448,
153849624498000,3,0.41572857,0.28025106,0.20072281,
153849643785000,3,0.41698647,0.31319356,0.08095133,
153849663805000,3,0.38502884,0.22587535,0.109720826,
153849684251000,3,0.3883896,0.16213936,0.1394347,
153849703874000,3,0.4251871,0.23444268,0.18741286,
153849723894000,3,0.4754038,0.30376637,0.1601733,
153849744646000,3,0.4698429,0.27279872,0.13244331,
153849765154000,3,0.41679192,0.19683161,0.12862349,
153849786211000,3,0.41862297,0.23052461,0.09906626,
153849804735000,3,0.41226673,0.23293841,0.14183211,
153849823961000,3,0.40526962,0.17545798,0.22370243,
153849844011000,3,0.3985281,0.1853551,0.2462126,
153849864305000,3,0.3511896,0.19979134,0.208449,
153849883989000,3,0.29896355,0.18739392,0.17262626,
153849904070000,3,0.33285618,0.20801732,0.1844976,
153849924577000,3,0.31150723,0.22850889,0.12039888,
153849945787000,3,0.31735134,0.27889585,0.056598663,
153849967363000,3,0.3722105,0.3055822,0.15548217,
153849985704000,3,0.26577377,0.2532596,0.07807577,
153850004167000,3,0.2248745,0.2869491,0.098587275,
153850104662000,3,0.3845997,0.2599442,0.2986331,
153850125719000,3,0.41311264,0.27066725,0.20742404,
153850147661000,3,0.44527626,0.2798735,0.14846241,
153850165270000,3,0.48303413,0.2559116,0.19178247,
153850184312000,3,0.4548006,0.22343671,0.23543346,
153850204424000,3,0.44731712,0.25380117,0.16695929,
153850225084000,3,0.44257164,0.3245295,0.08454585,
153850244463000,3,0.41353893,0.28034693,0.011500239,
153850264482000,3,0.43166637,0.27951926,0.11898732,
153850284898000,3,0.39755535,0.3204276,0.04713905,
153850305742000,3,0.37982178,0.2853665,0.12839735,
153850326707000,3,0.38676262,0.256881,0.25087953,
153850345232000,3,0.2846794,0.22750002,0.13597333,
153850364458000,3,0.1633892,0.24642538,0.07115245,
153850384477000,3,0.15103054,0.25111645,0.11306667,
153850404985000,3,0.1677494,0.29235974,0.0888809,
153850424516000,3,0.23629475,0.32337624,-0.013131022,
153850444566000,3,0.3019228,0.30264235,0.09829092,
153850465318000,3,0.3888855,0.2634747,0.13493454,
153850485918000,3,0.45606136,0.19960955,0.28832126,
153850506883000,3,0.4948597,0.13790683,0.32472992,
153850525407000,3,0.4215212,0.08960721,0.28291035,
153850544664000,3,0.39893436,0.11479865,0.24742723,
153850564684000,3,0.33567333,0.1266618,0.20907676,
153850585100000,3,0.33257675,0.15016806,0.22955894,
153850604784000,3,0.3408203,0.20159838,0.16416907,
153850624712000,3,0.3878336,0.24031506,0.10577536,
153850645311000,3,0.369977,0.23802988,0.13527095,
153850666185000,3,0.44417095,0.2701143,0.16589785,
153850688219000,3,0.44031906,0.27155396,0.15889466,
153850705919000,3,0.43643475,0.22312164,0.12401223,
153850724870000,3,0.47393608,0.20269115,0.1970551,
153850744920000,3,0.44252396,0.14230974,0.1844207,
153850765184000,3,0.33901978,-0.07848872,0.09561789,
153850784837000,3,0.3226843,0.060300447,0.052429557,
153850804857000,3,0.26352024,0.21574497,0.049875498,
153850825243000,3,0.1559534,0.21937779,0.086312294,
153850846239000,3,0.12584114,0.267455,0.05643201,
153850867235000,3,0.16576195,0.37590104,0.1139791,
153850885820000,3,0.15993309,0.37387305,0.062495947,
153850904985000,3,0.19499397,0.34687456,0.24608135,
153850924974000,3,0.14209557,0.24678925,0.11710274,
