153829607805000,109,0.53256327,-0.41616502,0.5407098,
153829626238000,-2,0.5347968,-0.41808242,0.5387215,
153829644579000,-110,0.5362517,-0.41889802,0.5373207,
153831488664000,-57,0.5392467,-0.44789052,0.53806233,
153831525926000,-39,0.53940177,-0.44854617,0.5379373,
153831548326000,33,0.53934026,-0.4489589,0.53803706,
153831565996000,120,0.539245,-0.44940385,0.5381758,
153831589281000,2,0.53922343,-0.4498579,0.5382375,
153831608690000,-21,0.53921396,-0.45024464,0.5381884,
153831626054000,-107,0.53919363,-0.450573,0.53817374,
153831646227000,-89,0.5390025,-0.45100573,0.53837156,
153831668504000,27,0.5387484,-0.45163593,0.5386674,
153831686113000,-52,0.5386604,-0.45260128,0.5388209,
153831706102000,11,0.53850496,-0.45361516,0.53905255,
153831729326000,74,0.53829026,-0.45529652,0.5393888,
153831746294000,74,0.53829026,-0.45529652,0.5393888,
153831768449000,113,0.5384206,-0.4561021,0.53929925,
153831788835000,89,0.538573,-0.45668164,0.53917056,
153831806169000,-32,0.5386864,-0.45711005,0.5390739,
153831826219000,-66,0.53899115,-0.45745745,0.5387672,
153831848528000,-4,0.53970385,-0.45736352,0.5386766,
153831866106000,-83,0.5396613,-0.4578678,0.5380721,
153831886125000,-106,0.53994745,-0.45800474,0.5377728,
153831908586000,123,0.54022956,-0.4582192,0.53748274,
153831926134000,19,0.54024875,-0.45831648,0.53746754,
153831949419000,37,0.5401649,-0.45831013,0.53755677,
153831969225000,35,0.54015076,-0.45831648,0.5375721,
153831986253000,123,0.54035324,-0.45844296,0.5373623,
153832006212000,-86,0.5406238,-0.45868906,0.5370866,
153832028490000,-25,0.54073614,-0.45893744,0.53698045,
153832046312000,43,0.5407044,-0.4591754,0.5370278,
153832066393000,-23,0.5406329,-0.45934293,0.5371138,
153832088670000,59,0.5406072,-0.45949534,0.5371498,
153832106401000,93,0.5406884,-0.45968527,0.5370732,
153832129655000,-70,0.5408943,-0.45998916,0.5368687,
153832149217000,98,0.54109704,-0.4602621,0.5366657,
153832166338000,109,0.54143065,-0.46051276,0.5363209,
153832186357000,36,0.5418863,-0.46075925,0.5358448,
153832209032000,-128,0.54238886,-0.46097493,0.53531665,
153832226396000,33,0.5427751,-0.46116355,0.53492695,
153832246416000,-73,0.54296595,-0.46129492,0.5347393,
153832268816000,-51,0.54304403,-0.46140486,0.5346684,
153832286516000,-81,0.5431621,-0.46152115,0.5345525,
153832309831000,-117,0.54326683,-0.46170953,0.5344528,
153832329363000,-94,0.54324496,-0.46182567,0.5344842,
153832346880000,13,0.5432215,-0.46190464,0.53451484,
153832366777000,74,0.5436422,-0.46212637,0.53407496,
153832389207000,-40,0.54392225,-0.4623728,0.5337866,
153832406725000,-119,0.54385763,-0.46240616,0.533858,
153832426775000,48,0.543874,-0.46240196,0.53384066,
153832449358000,-54,0.5437374,-0.46228257,0.5339821,
153832466753000,24,0.54374325,-0.4622663,0.53397536,
153832490099000,90,0.5439023,-0.46235195,0.53380877,
153832509416000,116,0.5440431,-0.46236643,0.5336585,
153832526750000,-104,0.5441296,-0.4623846,0.53356665,
153832546739000,107,0.54420805,-0.46241167,0.53348374,
153832569017000,-23,0.5443371,-0.46245107,0.53334713,
153832586778000,101,0.54445213,-0.46246126,0.5332242,
153832606767000,-85,0.54461,-0.46259618,0.53306085,
153832629320000,80,0.5447475,-0.46276993,0.53292096,
153832646867000,11,0.54478014,-0.4629942,0.53289545,
153832669176000,-24,0.54451233,-0.46310836,0.5331874,
153832690447000,54,0.54377335,-0.46315622,0.5339816,
153832706895000,-65,0.54365706,-0.46315262,0.53410614,
153832726946000,-81,0.54329103,-0.46325913,0.5345028,
153832749254000,-41,0.5430765,-0.46352962,0.5347433,
153832766924000,19,0.54322904,-0.46406427,0.5346,
153832786943000,123,0.54356813,-0.46474415,0.53426063,
153832809282000,-101,0.54373944,-0.46526623,0.53409415,
153832826982000,-46,0.5436781,-0.46550336,0.5341672,
153832850298000,-118,0.5436332,-0.46555972,0.534217,
153832869859000,123,0.54381037,-0.46571302,0.53403187,
153832887041000,11,0.5441838,-0.4660297,0.53364116,
153832907060000,118,0.5445272,-0.46635938,0.5332826,
153832929704000,-58,0.5447282,-0.46665317,0.5330751,
153832947099000,-104,0.54477674,-0.46692073,0.5330299,
153832967149000,-2,0.544789,-0.46728206,0.5330254,
153832989458000,73,0.5446186,-0.4675274,0.53321326,
153833007158000,72,0.5443872,-0.46772867,0.53346515,
153833030443000,-107,0.5443474,-0.46801668,0.5335136,
153833049883000,-53,0.54450715,-0.4682878,0.53334785,
153833067247000,-127,0.5447754,-0.46856108,0.53306574,
153833087267000,-14,0.5450094,-0.46885556,0.53282034,
153833109636000,-43,0.5450514,-0.46903688,0.5327783,
153833127275000,106,0.5451697,-0.46923858,0.5326548,
153833147264000,-7,0.5453232,-0.46947697,0.5324947,
153833170000000,17,0.5455627,-0.46995142,0.53224516,
153833187303000,41,0.54549634,-0.46996835,0.53231674,
153833210619000,-4,0.5454204,-0.47009382,0.53239965,
153833230089000,95,0.54531014,-0.47016367,0.5325186,
153833247392000,-80,0.5452812,-0.47033802,0.53255165,
153833267442000,-128,0.5453621,-0.47071427,0.5324688,
153833289720000,94,0.5450395,-0.47089824,0.5328154,
153833307420000,97,0.54409444,-0.47049728,0.53382266,
153833327440000,76,0.5428497,-0.46964675,0.53514457,
153833349931000,74,0.5417217,-0.46857557,0.53633535,
153833367509000,13,0.5411962,-0.46798334,0.5368885,
153833390825000,116,0.5413536,-0.4677228,0.5368082,
153833410570000,-86,0.5418176,-0.4677155,0.5363766,
153833427568000,-40,0.5420935,-0.46783122,0.5361293,
153833447588000,-72,0.5421998,-0.46790317,0.5360489,
153833469926000,-30,0.54248166,-0.46809503,0.53577316,
153833487627000,-125,0.5432873,-0.46867126,0.5349379,
153833507677000,-109,0.5443141,-0.46948826,0.53386277,
153833530046000,-106,0.54497176,-0.47012854,0.5331747,
153833547716000,74,0.54506356,-0.4702919,0.5330849,
153833569994000,43,0.544482,-0.46947873,0.53370243,
153833590501000,-110,0.5438231,-0.46812358,0.5343884,
153833710252000,87,0.542552,-0.46320882,0.53553057,
153833727892000,-57,0.5426405,-0.4629899,0.5354148,
153833750291000,15,0.54254884,-0.4625653,0.53546673,
153833770616000,-42,0.54247224,-0.4621647,0.53551096,
153833787889000,21,0.54231954,-0.46173206,0.53562385,
153833807909000,-80,0.5421418,-0.46114334,0.5357638,
153833830370000,75,0.54213,-0.4606092,0.5357328,
153833847948000,74,0.54204094,-0.46015304,0.5356769,
153833867998000,-22,0.54201895,-0.46001002,0.53560376,
153833890733000,22,0.5423342,-0.46042436,0.5352259,
153833908006000,73,0.54302484,-0.46163207,0.5343783,
153833931352000,-30,0.5439197,-0.4631816,0.5333726,
153833950792000,-99,0.5445344,-0.46458295,0.5325888,
153833968065000,-120,0.5448791,-0.46558684,0.53212905,
153833988084000,1,0.5449704,-0.46640164,0.5318161,
153834010423000,-37,0.5448711,-0.4668532,0.53176796,
153834028185000,-45,0.54452497,-0.46696475,0.5318569,
153834048143000,104,0.5442614,-0.4668669,0.5318406,
153834070634000,73,0.5441576,-0.46677056,0.53174126,
153834088182000,-44,0.54398394,-0.46667615,0.5316488,
153834111528000,-36,0.5439656,-0.46665567,0.5313614,
153834131303000,125,0.54422843,-0.46668816,0.5307608,
153834148241000,76,0.5445866,-0.466712,0.53015244,
153834168260000,43,0.5448493,-0.46671912,0.5295577,
153834190569000,53,0.5453814,-0.4671219,0.5286146,
153834213060000,0,0.5463631,-0.46814075,0.52719516,
153834228349000,-20,0.54756194,-0.46937245,0.52552086,
153834250719000,49,0.5486303,-0.47067085,0.5239417,
153834268327000,0,0.54940957,-0.47177872,0.5227053,
153834291673000,108,0.54985696,-0.47245038,0.5218414,
153834311235000,-97,0.5502203,-0.4728079,0.52106035,
153834328447000,7,0.5505066,-0.4727562,0.520334,
153834348436000,-34,0.5507516,-0.4722208,0.5196428,
153834371050000,61,0.5509388,-0.47114018,0.51911515,
153834388475000,-62,0.5509777,-0.46969372,0.51868033,
153834408464000,112,0.55109936,-0.46808767,0.5182352,
153834430833000,-103,0.55111444,-0.4664426,0.5178478,
153834448503000,57,0.55055416,-0.464584,0.5180365,
153834471849000,-117,0.5494564,-0.46224844,0.5188428,
153834491319000,-41,0.5482863,-0.4597027,0.5197324,
153834508592000,-65,0.5457031,-0.45636132,0.5219237,
153834528612000,39,0.5430732,-0.4531979,0.5242248,
153834551286000,-4,0.5411791,-0.4510643,0.5257531,
153834568712000,-113,0.5400651,-0.44974732,0.52660865,
153834588731000,96,0.5394458,-0.44929704,0.5268661,
153834611864000,-14,0.5396471,-0.44959822,0.52631557,
153834628740000,-92,0.5403615,-0.45046416,0.52525276,
153834650896000,29,0.5400102,-0.45067152,0.525266,
153834671495000,-53,0.5384292,-0.44954047,0.526563,
153834688799000,87,0.536501,-0.44825122,0.52809733,
153834708849000,50,0.53480834,-0.44737506,0.52953833,
153834731126000,-49,0.5338418,-0.44746897,0.5302138,
153834748888000,50,0.5333465,-0.44787067,0.5304329,
153834768877000,87,0.5332398,-0.4485905,0.5302366,
153834791338000,69,0.5337603,-0.4497086,0.5295226,
153834808946000,-56,0.5349321,-0.45135114,0.52806103,
153834831072000,-113,0.53640777,-0.4531964,0.5264116,
153834852159000,-41,0.53761333,-0.45479813,0.5249134,
153834868944000,8,0.5383985,-0.45537186,0.5238589,
153834888963000,-23,0.5387407,-0.45524973,0.5231471,
153834911333000,-98,0.539061,-0.45493394,0.52240217,
153834928972000,-5,0.53922504,-0.45416567,0.52187574,
153834948991000,95,0.5389404,-0.45290434,0.5216314,
153834971361000,61,0.5384856,-0.45155972,0.5215515,
153834989030000,-86,0.5381016,-0.45019808,0.5214981,
153835011369000,-90,0.53728235,-0.4492277,0.5217637,
153835031908000,-75,0.53624505,-0.44878423,0.5222492,
153835049120000,-16,0.5357839,-0.4490697,0.5224183,
153835069109000,37,0.535339,-0.44958705,0.5224993,
153835091783000,47,0.53559303,-0.4504906,0.5219018,
153835109178000,91,0.5370138,-0.4524925,0.5201293,
153835129167000,70,0.53975767,-0.45555857,0.51709336,
153835151567000,-17,0.5429769,-0.45891201,0.51360697,
153835169267000,6,0.5460002,-0.46230945,0.51028115,
153835192583000,36,0.54837376,-0.46542415,0.5074358,
153835211961000,71,0.5508235,-0.46840662,0.5045903,
153835229295000,38,0.55348194,-0.4714204,0.5016473,
153835249315000,73,0.55609125,-0.4740479,0.49866474,
153835271745000,-72,0.55583435,-0.4744122,0.4986587,
153835289354000,-48,0.554994,-0.47368732,0.49931872,
153835309343000,-39,0.55302715,-0.4716997,0.50116754,
153835332048000,-16,0.5504891,-0.46915445,0.503376,
153835349382000,22,0.54850763,-0.46692398,0.505087,
153835372728000,-12,0.5475508,-0.46575335,0.5057104,
153835392137000,-29,0.5476082,-0.46541104,0.5054959,
153835409441000,-117,0.5484517,-0.4659991,0.5045526,
153835429491000,-99,0.54997295,-0.46750757,0.50287324,
153835451799000,34,0.5523553,-0.4698365,0.50036985,
153835469560000,34,0.5553855,-0.47262505,0.49722686,
153835489519000,-87,0.55847204,-0.47539705,0.4940244,
153835512102000,-48,0.5619042,-0.47851402,0.49035612,
153835529649000,-72,0.5652632,-0.48154572,0.4867626,
153835552904000,102,0.5683494,-0.4841814,0.48341277,
153835573106000,119,0.57138884,-0.4853224,0.48008502,
153835589616000,-110,0.5710689,-0.48539644,0.48025247,
153835609697000,28,0.5696839,-0.48349378,0.48156115,
153835632036000,-33,0.5672658,-0.48088202,0.48388082,
153835649767000,-124,0.5642293,-0.4778423,0.48686457,
153835669756000,-58,0.56074405,-0.47467786,0.49035034,
153835692186000,62,0.5575369,-0.47197247,0.49357468,
153835709795000,54,0.55502456,-0.47038332,0.4960384,
153835732042000,102,0.55362225,-0.47020596,0.4974639,
153835752611000,84,0.5533333,-0.4711221,0.4977983,
153835769823000,-81,0.5536088,-0.47282413,0.49760622,
153835850176000,-47,0.56234753,-0.48808426,0.48880458,
153835872453000,-105,0.56307477,-0.48946172,0.48802882,
153835890184000,92,0.5659602,-0.49356562,0.48488203,
153835912431000,115,0.56837857,-0.49727854,0.48216876,
153835932878000,-86,0.5700012,-0.500591,0.4802836,
153835950212000,-77,0.57037306,-0.5031865,0.4797712,
153835970110000,125,0.56983864,-0.5043957,0.48030442,
153835992540000,17,0.5687004,-0.5044722,0.48155376,
153836010149000,36,0.56637347,-0.5036969,0.48415935,
153836030138000,-48,0.56329566,-0.50219554,0.48762202,
153836052843000,126,0.55939406,-0.5002364,0.49199557,
153836070116000,37,0.5549131,-0.49762,0.49700138,
153836093401000,-113,0.5453974,-0.49008936,0.5074901,
153836112871000,58,0.5444927,-0.48964095,0.5084804,
153836130144000,53,0.535912,-0.48159996,0.51765406,
153836150163000,-67,0.5345262,-0.4806384,0.5191307,
153836172624000,84,0.5321864,-0.4786737,0.5216648,
153836190233000,-112,0.53278327,-0.47902808,0.5210609,
153836210374000,-123,0.53567356,-0.48078972,0.5179984,
153836232896000,99,0.53958035,-0.48310727,0.5138219,
153836250414000,-100,0.5430561,-0.4854063,0.5101921,
153836272569000,-53,0.54483354,-0.4871901,0.50836664,
153836293382000,-33,0.5455444,-0.4887689,0.5076771,
153836310320000,-75,0.54532003,-0.49012962,0.5079887,
153836330339000,121,0.54453516,-0.49104154,0.5090217,
153836352922000,-18,0.54390776,-0.4917155,0.50982803,
153836370439000,-126,0.54370326,-0.49226394,0.5101319,
153836390459000,-116,0.5438552,-0.49259079,0.5101041,
153836412889000,67,0.5442772,-0.49308306,0.50973684,
153836430528000,-89,0.5450308,-0.49362442,0.5089742,
153836453844000,-52,0.54579717,-0.49363834,0.5081647,
153836473344000,71,0.54625577,-0.49200815,0.50768113,
153836490587000,108,0.545765,-0.49099112,0.5083271,
153836510545000,-32,0.54547465,-0.49069038,0.50872314,
153836533617000,-65,0.54487205,-0.4897427,0.50943047,
153836550584000,-93,0.544414,-0.48949417,0.50997025,
153836570573000,-23,0.5442332,-0.48960346,0.51019824,
153836592912000,-98,0.5441186,-0.4894779,0.51034164,
153836610643000,116,0.54411846,-0.4893407,0.51035297,
153836633897000,-43,0.5446845,-0.48987475,0.50974673,
153836653368000,66,0.54545593,-0.49070722,0.50891346,
153836670671000,-94,0.5462524,-0.49176872,0.5080492,
153836690691000,-116,0.54691494,-0.49271107,0.507326,
153836713121000,71,0.54680437,-0.493082,0.50745034,
153836730730000,59,0.5460027,-0.49288648,0.50833476,
153836750841000,72,0.5461636,-0.49372086,0.5081575,
153836773485000,57,0.54754245,-0.49572852,0.5066247,
153836790788000,-17,0.5480833,-0.49645388,0.5060204,
153836813097000,-88,0.54956114,-0.49774095,0.50428164,
153836833513000,84,0.5509418,-0.49872693,0.50267684,
153836850847000,49,0.5526573,-0.4994133,0.50072557,
153836870897000,-30,0.55418926,-0.5003181,0.49898046,
153836893175000,34,0.55511993,-0.5014916,0.4979071,
153836910905000,-118,0.55538774,-0.50264925,0.49745858,
153836930925000,-24,0.555713,-0.5039032,0.4969697,
153836953508000,76,0.5562867,-0.5054133,0.4962216,
153836970964000,-84,0.5565712,-0.5067828,0.4958039,
153836993303000,64,0.55641484,-0.5080477,0.49577242,
153837014024000,-69,0.5551357,-0.5087283,0.4970614,
153837030992000,-81,0.55332494,-0.5091715,0.49897397,
153837051225000,62,0.55145377,-0.5095107,0.5009746,
153837073412000,-42,0.54917175,-0.5095717,0.50334424,
153837091051000,-49,0.5466699,-0.50899917,0.506052,
153837111101000,-126,0.54385823,-0.5077606,0.50916564,
153837133440000,-62,0.5408897,-0.50637394,0.5123722,
153837151262000,-99,0.5382653,-0.5051107,0.5152169,
153837173448000,35,0.5354352,-0.5033776,0.51831764,
153837194048000,-11,0.5326703,-0.5019232,0.5212348,
153837211168000,8,0.53035164,-0.5008725,0.5236774,
153837231554000,112,0.52836394,-0.4998372,0.5257769,
153837259691000,-73,0.5265915,-0.4989282,0.52751034,
153837271257000,51,0.5259348,-0.49856558,0.52806336,
153837291246000,-107,0.5258562,-0.49884728,0.5278987,
153837313585000,-122,0.526084,-0.49938992,0.5274467,
153837331316000,117,0.52627486,-0.49957624,0.5269969,
153837354601000,-5,0.52669936,-0.5001954,0.526321,
153837374101000,-44,0.52695423,-0.50092125,0.5257605,
153837391374000,113,0.5277103,-0.5018317,0.5247244,
153837411394000,-54,0.52934146,-0.5031588,0.52263016,
153837433794000,77,0.5314561,-0.5047598,0.51994324,
153837451463000,-117,0.53351456,-0.5065375,0.517203,
153837471544000,46,0.5354531,-0.5084146,0.51451916,
153837494768000,39,0.53756976,-0.51067317,0.511622,
153837511491000,-98,0.53942657,-0.5130036,0.50910306,
153837534837000,-63,0.540763,-0.5151248,0.5070697,
153837554216000,-42,0.5417237,-0.51700956,0.5053699,
153837571550000,-125,0.54214597,-0.51825464,0.5044513,
153837592210000,-1,0.5424202,-0.51930743,0.50365835,
153837613908000,-3,0.54253113,-0.5201188,0.50317997,
153837631639000,48,0.54248005,-0.5209176,0.50277567,
153837674272000,38,0.54220754,-0.521812,0.5021096,
153837691881000,53,0.5426657,-0.52262247,0.50119764,
153837715166000,-122,0.5437025,-0.5236123,0.49962553,
153837734911000,-123,0.54507804,-0.5247921,0.49776697,
153837751909000,65,0.5464247,-0.5260624,0.4959862,
153837771776000,41,0.54732245,-0.52698696,0.4949365,
153837794115000,-64,0.5480183,-0.52766454,0.49412188,
153837811815000,-73,0.54842836,-0.52803487,0.4936414,
153837831834000,22,0.54856026,-0.5281839,0.4934889,
153837854173000,-35,0.54821396,-0.5278451,0.4938151,
153837871935000,41,0.5476296,-0.5274281,0.49443844,
153837895189000,-14,0.54706174,-0.52725327,0.49490345,
153837914720000,-97,0.546696,-0.5272652,0.495167,
153837931902000,55,0.5459798,-0.52740365,0.49568206,
153837951952000,-23,0.5451012,-0.52766305,0.4963096,
153837974626000,44,0.5440483,-0.52810633,0.49691346,
153837991991000,36,0.5429841,-0.528506,0.49747747,
153838011949000,77,0.5423988,-0.5292955,0.4974698,
153838034288000,-94,0.54195446,-0.53026193,0.4973238,
153838052049000,-124,0.5415129,-0.53104216,0.49734157,
153838074358000,-100,0.5410629,-0.5319068,0.4971651,
153838094804000,-107,0.54074043,-0.53285086,0.49687302,
153838112047000,78,0.5407023,-0.53366524,0.49629375,
153838132097000,40,0.5408291,-0.5340272,0.4957345,
153838154558000,-22,0.5412056,-0.53423184,0.49503952,
153838172105000,-102,0.54172367,-0.53484166,0.49398363,
153838192155000,49,0.54239035,-0.53536,0.49289966,
153838214891000,-22,0.5431749,-0.53572094,0.49165025,
153838232225000,91,0.5441839,-0.53605753,0.49026042,
153838255449000,-73,0.5451282,-0.5362053,0.48905253,
153838274889000,20,0.54613566,-0.53624785,0.4878518,
153838292223000,48,0.5475737,-0.5361416,0.48636678,
153838312273000,123,0.5483056,-0.5358902,0.48564562,
153838334551000,-98,0.5488967,-0.5352547,0.48514277,
153838352342000,-111,0.5495155,-0.5345851,0.48459816,
153838372453000,-50,0.54957324,-0.5339789,0.484549,
153838394884000,98,0.55030614,-0.53359467,0.48377705,
153838412309000,94,0.5508675,-0.53337,0.4831657,
153838435655000,83,0.55185276,-0.5334119,0.4819673,
153838455888000,63,0.55401444,-0.5342131,0.4794627,
153838472398000,-37,0.5570003,-0.53616667,0.47589946,
153838492418000,-59,0.55939054,-0.5387274,0.4727126,
153838517748000,-97,0.5609846,-0.54143804,0.47035342,
153838533189000,-102,0.56208503,-0.54429924,0.46839914,
153838553362000,-28,0.56280965,-0.54651064,0.46700966,
153838573564000,-28,0.56309205,-0.5483073,0.46608546,
153838594530000,-107,0.56288266,-0.54965127,0.46583968,
153838616472000,-13,0.5617522,-0.5508573,0.46649247,
153838634111000,77,0.5601712,-0.5518452,0.4676912,
153838653490000,5,0.5588083,-0.5523437,0.4688323,
153838733354000,44,0.5547766,-0.5506323,0.47320047,
153838753893000,76,0.5555701,-0.5488392,0.47479433,
153838774919000,-55,0.5537744,-0.5502122,0.47411704,
153838796892000,19,0.5529225,-0.5500808,0.47497272,
153838814348000,-124,0.5517213,-0.54959214,0.476308,
153838833665000,-39,0.5504701,-0.54853225,0.47774804,
153838853655000,59,0.55023724,-0.54777825,0.4780862,
153838874223000,20,0.55105615,-0.5476849,0.47718453,
153838893694000,37,0.5521866,-0.548042,0.47585925,
153838913683000,-108,0.5533728,-0.5486784,0.4744197,
153838934496000,-58,0.55469006,-0.5495075,0.47271988,
153838955003000,-25,0.55641395,-0.5502425,0.47063708,
153838976976000,-5,0.5583098,-0.5507376,0.46845412,
153838994402000,-98,0.56031096,-0.55136454,0.46613806,
153839013658000,100,0.56214005,-0.55219674,0.46396887,
153839033647000,-46,0.563493,-0.5528618,0.46234763,
153839054094000,-67,0.5644095,-0.55353975,0.4611031,
153839073625000,102,0.56505966,-0.55425465,0.46016216,
153839093614000,-78,0.5655442,-0.5549734,0.45941746,
153839114214000,18,0.5658566,-0.55567604,0.45886657,
153839135088000,101,0.56566864,-0.55632806,0.45877862,
153839156053000,-102,0.5652,-0.55673397,0.45908853,
153839174852000,-120,0.564435,-0.5568267,0.4598174,
153839193742000,-87,0.5631881,-0.5569842,0.46094754,
153839213762000,-104,0.5616828,-0.5570757,0.46241334,
153839234117000,29,0.5600608,-0.5566179,0.46418437,
153839254106000,7,0.5589646,-0.5564707,0.46523288,
153839273821000,-22,0.55944884,-0.5572469,0.4643932,
153839294237000,-39,0.5613889,-0.5596697,0.46145406,
153839315233000,-11,0.5632295,-0.563127,0.4581523,
153839336015000,23,0.56479126,-0.5676703,0.4543053,
153839354845000,21,0.5662037,-0.570753,0.4510246,
153839373918000,-94,0.56795883,-0.5714511,0.44818994,
153839393999000,-56,0.5688345,-0.5708023,0.4470126,
153839415178000,-91,0.56887543,-0.57010365,0.44676417,
153839434007000,-126,0.5690381,-0.56946754,0.44650984,
153839454179000,-17,0.5703484,-0.56874233,0.4450558,
153839474657000,-25,0.5727128,-0.56628174,0.44316846,
153839495592000,-65,0.5757105,-0.56317997,0.44085228,
153839516466000,-11,0.5797726,-0.5597481,0.43752554,
153839534959000,-40,0.58488715,-0.5559411,0.43306556,
153839554155000,20,0.591696,-0.54759717,0.42797908,
153839574144000,118,0.59228545,-0.54638964,0.42784405,
153839594652000,-76,0.5945003,-0.5432065,0.4265815,
153839614153000,78,0.5953486,-0.5367412,0.42766413,
153839634081000,-25,0.59310895,-0.52551544,0.43275896,
153839654863000,22,0.5891755,-0.514052,0.43907243,
153839675554000,-37,0.5863855,-0.5070309,0.44291875,
153839696489000,-96,0.5864394,-0.50525165,0.44317228,
153839715074000,31,0.58777755,-0.5052516,0.44191507,
153839734331000,124,0.58927387,-0.5054319,0.44043532,
153839754320000,-7,0.5910244,-0.50635505,0.43862805,
153839774706000,-47,0.59300804,-0.5072245,0.43678433,
153839794328000,-88,0.5943349,-0.5056427,0.4362448,
153839814409000,106,0.59437984,-0.5019127,0.43732262,
153839834917000,-42,0.594095,-0.49857205,0.43884128,
153839855730000,27,0.59546417,-0.49778146,0.43846408,
153839877672000,-117,0.59805995,-0.4974586,0.43711013,
153839895525000,-91,0.60041004,-0.49668115,0.43588758,
153839914476000,-49,0.602494,-0.49575374,0.43480557,
153839934526000,125,0.60471576,-0.49536917,0.43338105,
153839954790000,-102,0.60692906,-0.49563968,0.431944,
153839974443000,-75,0.60881186,-0.49598673,0.43080625,
153839994493000,-23,0.60887253,-0.49513596,0.43157873,
153840014909000,100,0.6072589,-0.4943137,0.43375435,
153840035967000,-52,0.605459,-0.49442536,0.4359384,
153840057878000,-80,0.60356027,-0.49488097,0.43816662,
153840075487000,96,0.60067254,-0.49471828,0.44117564,
153840094652000,45,0.59740007,-0.49405915,0.44458804,
153840114641000,126,0.59460884,-0.49319535,0.44750234,
153840135393000,-46,0.5925438,-0.49171826,0.4495652,
153840154710000,90,0.59146166,-0.48955217,0.45081332,
153840174669000,-87,0.5912229,-0.48790586,0.450909,
153840195116000,-71,0.59187937,-0.4870573,0.45010433,
153840216081000,19,0.59268385,-0.48672786,0.4492899,
153840238023000,16,0.5926771,-0.48658705,0.44931132,
153840255479000,-99,0.5919859,-0.48633638,0.45020074,
153840274858000,35,0.5913776,-0.4864019,0.4509481,
153840294725000,127,0.5909728,-0.4870416,0.4514366,
153840315355000,54,0.59083605,-0.488307,0.4516033,
153840334886000,-86,0.59077245,-0.4898348,0.45166105,
153840354906000,118,0.5904487,-0.49120727,0.45196137,
153840376054000,-47,0.59025484,-0.49232674,0.45223266,
153840396227000,98,0.59067446,-0.4930892,0.4518408,
153840418291000,20,0.59116215,-0.49323466,0.45138162,
153840435716000,-99,0.59165156,-0.4932137,0.45091143,
153840455003000,10,0.592271,-0.49362323,0.45027173,
153840475053000,70,0.5932579,-0.49441826,0.4492174,
153840495378000,10,0.5942855,-0.49526495,0.44810793,
153840515062000,-103,0.59529006,-0.49628547,0.4470032,
153840535082000,-107,0.59586686,-0.4970758,0.44635376,
153840555559000,-61,0.5953749,-0.49734297,0.44685563,
153840576402000,-22,0.5941939,-0.4973518,0.44809535,
153840597368000,-120,0.5925904,-0.49716994,0.4497973,
153840616228000,41,0.5908749,-0.4966436,0.45163393,
153840635118000,31,0.5894653,-0.4958117,0.45327467,
153840655168000,-9,0.58827734,-0.49504587,0.45464125,
153840675523000,-35,0.5875059,-0.49458948,0.4555389,
153840735826000,92,0.58371055,-0.49137038,0.45974988,
153840756700000,51,0.58338296,-0.49126506,0.4602189,
153840777666000,-108,0.58253324,-0.4909896,0.46120086,
153840796312000,23,0.58173627,-0.49072385,0.46210107,
153840815385000,-75,0.5802513,-0.48984507,0.463719,
153840835374000,-51,0.5784596,-0.48878744,0.4656322,
153840856004000,59,0.5770463,-0.4880715,0.46713233,
153840875383000,70,0.576057,-0.48777327,0.46817586,
153840895403000,42,0.5755099,-0.4880435,0.46885183,
153840915788000,-3,0.5754375,-0.48865172,0.46898037,
153840936815000,119,0.5756045,-0.4893631,0.4688348,
153840957689000,-29,0.57600087,-0.4900698,0.46842483,
153840976274000,101,0.57646173,-0.49065238,0.4679428,
153840995470000,-58,0.57701266,-0.49107578,0.46736637,
153841015520000,-14,0.57767284,-0.49132746,0.4666784,
153841036028000,-56,0.57838714,-0.4914469,0.46593636,
153841055528000,58,0.5793088,-0.49175426,0.46496883,
153841075609000,70,0.5804488,-0.49237603,0.46375847,
153841096330000,22,0.58160424,-0.4931082,0.46252355,
153841116930000,-31,0.5827606,-0.49388826,0.46138364,
153841137926000,72,0.5832734,-0.49439073,0.46089503,
153841156419000,-122,0.58263534,-0.49414837,0.46162385,
153841175615000,-88,0.5811763,-0.4935147,0.4632123,
153841195757000,-48,0.57935584,-0.4930424,0.4651563,
153841216051000,-14,0.5775361,-0.49279743,0.46707955,
153841235704000,-105,0.5755571,-0.49266452,0.46915677,
153841255724000,30,0.5736276,-0.49271625,0.47116956,
153841276292000,106,0.5714066,-0.49304092,0.47346935,
153841297075000,-76,0.56889945,-0.49366462,0.47604895,
153841319170000,-83,0.5671326,-0.49484676,0.4778278,
153841337389000,41,0.565998,-0.49600285,0.47894484,
153841355852000,-1,0.565487,-0.4971067,0.4793183,
153841375810000,-119,0.56458384,-0.49736482,0.48017523,
153841396227000,-104,0.56336534,-0.49762493,0.48137793,
153841415880000,-36,0.56263554,-0.49834317,0.48205736,
153841435930000,63,0.56286347,-0.49937695,0.4817292,
153841456316000,-19,0.5632192,-0.5004058,0.481271,
153841477312000,127,0.5632932,-0.50119674,0.48112363,
153841499254000,-86,0.5626143,-0.5012594,0.48181555,
153841516893000,116,0.56160384,-0.50082016,0.48305428,
153841536058000,-94,0.55973154,-0.50026184,0.4853183,
153841556017000,-115,0.5571562,-0.5000099,0.48851022,
153841576738000,111,0.55373186,-0.49885824,0.49296618,
153841596056000,-78,0.5480916,-0.49450397,0.50015587,
153841616106000,52,0.5422188,-0.4878454,0.50771207,
153841636491000,50,0.5372912,-0.48197135,0.5140534,
153841657457000,-84,0.5339455,-0.478313,0.51853323,
153841679460000,10,0.53337294,-0.47901154,0.5197269,
153841776384000,96,0.5560626,-0.4914105,0.49969745,
153841796434000,42,0.55070823,-0.48328474,0.50791544,
153841817064000,80,0.54493546,-0.47429964,0.51662153,
153841837633000,58,0.5442467,-0.46992338,0.5194757,
153841859728000,27,0.54886234,-0.4719915,0.51642156,
153841877123000,-30,0.5547126,-0.47707808,0.5117066,
153841896349000,-58,0.5597136,-0.48352265,0.5074334,
153841916368000,22,0.5639507,-0.48957735,0.50380486,
153841936693000,89,0.5664248,-0.49244645,0.5024197,
153841956438000,-91,0.56761557,-0.49177548,0.5028763,
153841976457000,-52,0.56726265,-0.4881423,0.50509065,
153841996965000,-70,0.56639403,-0.48410523,0.5075609,
153842017839000,-16,0.56559825,-0.4815171,0.5095497,
153842038744000,-66,0.56585723,-0.48129177,0.509931,
153842057603000,35,0.56712306,-0.48291814,0.5089319,
153842076555000,-90,0.5677665,-0.48611683,0.5081477,
153842096513000,-49,0.56673706,-0.48942146,0.5089835,
153842116899000,-79,0.5632943,-0.49139696,0.5123708,
153842136522000,-7,0.5578863,-0.4916752,0.51805055,
153842156633000,-59,0.5513181,-0.4909344,0.524807,
153842177385000,111,0.5443924,-0.4902321,0.5317366,
153842198015000,-110,0.5378409,-0.48911896,0.5383427,
153842218980000,-128,0.5330567,-0.48764938,0.54294413,
153842237535000,-33,0.5291373,-0.48568597,0.54667103,
153842297899000,-93,0.51949155,-0.47779295,0.5561734,
153842316759000,-104,0.51663566,-0.47345194,0.5594412,
153842336809000,-10,0.5139082,-0.46848664,0.5626154,
153842357469000,53,0.5113255,-0.46387887,0.56550103,
153842378191000,1,0.5096164,-0.46067235,0.56738544,
153842399126000,56,0.50816876,-0.45852774,0.5689677,
153842417589000,8,0.5064792,-0.457511,0.5707649,
153842436876000,100,0.50472164,-0.45709532,0.57261306,
153842456926000,5,0.50358415,-0.45718515,0.57381743,
153842477464000,11,0.50267184,-0.45716575,0.5747774,
153842496965000,-11,0.50191,-0.45703256,0.5755733,
153842516954000,-3,0.50181097,-0.45756495,0.5756955,
153842537737000,107,0.5030088,-0.45948744,0.5745006,
153842558336000,-29,0.5050334,-0.46215653,0.5724457,
153842579301000,-68,0.5067388,-0.46483296,0.57068926,
153842597826000,38,0.5067349,-0.46708542,0.5706526,
153842617082000,-50,0.5048095,-0.46897417,0.57255375,
153842637041000,-115,0.50298554,-0.47149852,0.57430357,
153842657396000,113,0.50253403,-0.47529048,0.5746036,
153842677110000,-30,0.5032926,-0.47972915,0.57356507,
153842697160000,78,0.50347507,-0.48262495,0.5731664,
153842717607000,32,0.50276625,-0.48399922,0.57376796,
153842738512000,-85,0.5012087,-0.48428258,0.57534194,
153842759538000,113,0.49903035,-0.48484883,0.57749295,
153842778337000,-96,0.4967531,-0.48539248,0.57971567,
153842797228000,-76,0.4954864,-0.4854634,0.580974,
153842817247000,84,0.49462828,-0.48581478,0.581793,
153842837633000,36,0.49474213,-0.48616645,0.58164316,
153842857286000,124,0.49579126,-0.48599833,0.5805192,
153842877336000,60,0.497601,-0.48481014,0.57878673,
153842897691000,-100,0.49829397,-0.48238918,0.57829136,
153842918657000,65,0.49687508,-0.48028198,0.5798686,
153842939684000,96,0.49589115,-0.47963893,0.58077586,
153842958208000,49,0.49667206,-0.4808322,0.5798196,
153842977373000,114,0.49819425,-0.48286024,0.5780644,
153842997362000,-75,0.4965961,-0.4827748,0.579632,
153843018053000,1,0.4936127,-0.48247203,0.58251953,
153843037492000,-35,0.4913081,-0.48367658,0.5846163,
153843057512000,-68,0.4904666,-0.48716378,0.5850235,
153843077928000,59,0.49071687,-0.4925008,0.5839481,
153843098863000,-18,0.49278745,-0.4990197,0.5808392,
153843119829000,100,0.49255598,-0.5021581,0.58047515,
153843138292000,65,0.4878537,-0.49929345,0.58551806,
153843157579000,122,0.48199818,-0.49332777,0.5921347,
153843177477000,90,0.47926265,-0.4896256,0.5952969,
153843198015000,70,0.4815526,-0.49070764,0.5927843,
153843217607000,78,0.48586473,-0.49355325,0.5880695,
153843237627000,-123,0.4906372,-0.49605456,0.5829476,
153843258836000,34,0.49562263,-0.49779418,0.57772154,
153843279314000,-94,0.49722388,-0.49613687,0.5762642,
153843306291000,97,0.4953831,-0.49124408,0.5786618,
153843318498000,-30,0.49157462,-0.48428413,0.58316666,
153843337755000,-89,0.48913333,-0.4806251,0.58591115,
153843357713000,123,0.48681504,-0.47797644,0.58842033,
153843378160000,124,0.48537257,-0.47724992,0.5899014,
153843397783000,13,0.48453236,-0.47714078,0.5907384,
153843417833000,86,0.4855059,-0.4769887,0.5897734,
153843438371000,-42,0.48846576,-0.47709227,0.5868077,
153843459245000,113,0.4906508,-0.47790837,0.5845619,
153843480241000,5,0.49204373,-0.4789764,0.58315843,
153843498979000,48,0.4930556,-0.47973004,0.5821364,
153843517961000,-47,0.4943991,-0.47933382,0.5808579,
153843537889000,-35,0.4958539,-0.47800413,0.5795237,
153843558305000,-26,0.49806312,-0.4766008,0.5774189,
153843577959000,85,0.50151825,-0.47566321,0.5740134,
153843597978000,69,0.5056681,-0.47556233,0.56997526,
153843618364000,57,0.5101427,-0.4755598,0.56554335,
153843639360000,97,0.5146627,-0.47620237,0.5611385,
153843660326000,-9,0.51842743,-0.47704476,0.5574198,
153843678880000,14,0.5209837,-0.47748485,0.5551049,
153843698412000,68,0.52260196,-0.47744805,0.55387187,
153843718095000,47,0.52355915,-0.477375,0.553339,
153843738847000,27,0.5239825,-0.47761962,0.5531983,
153843778246000,63,0.5245493,-0.4785128,0.5529363,
153843798692000,-15,0.5241871,-0.47900993,0.55338013,
153843820146000,-4,0.52337927,-0.47882235,0.554288,
153843840624000,-1,0.521227,-0.4779415,0.5565797,
153843858995000,-43,0.5190944,-0.47767568,0.55879164,
153843878282000,-44,0.51777554,-0.47749707,0.5601543,
153843898271000,100,0.5168247,-0.47747728,0.56112826,
153843918779000,-62,0.51668537,-0.47732666,0.56128764,
153843938371000,15,0.5170812,-0.47691494,0.5609213,
153843958330000,-98,0.5187851,-0.47761044,0.5591596,
153843979021000,-57,0.5216402,-0.4795162,0.5559848,
153843999681000,-46,0.524966,-0.4816334,0.55235136,
153844020738000,17,0.5283718,-0.48335296,0.54868644,
153844039079000,-69,0.531154,-0.4834856,0.5458179,
153844058366000,-118,0.5327342,-0.48243845,0.5443885,
153844078416000,60,0.53362805,-0.48173457,0.54359776,
153844098833000,107,0.5343772,-0.48195046,0.54299104,
153844118456000,-106,0.5354558,-0.4838301,0.5418867,
153844138536000,-72,0.5371228,-0.48684123,0.54001963,
153844159013000,97,0.5391034,-0.4903475,0.5376321,
153844179918000,-44,0.5409218,-0.49365693,0.5353896,
153844200884000,55,0.54204077,-0.495978,0.5339501,
153844220110000,-89,0.54216814,-0.49673477,0.5336882,
153844238573000,4,0.5414565,-0.4958571,0.53450656,
153844258592000,15,0.5397638,-0.49309886,0.53655976,
153844279039000,-118,0.53780687,-0.48928943,0.5389698,
153844298723000,-8,0.535862,-0.48505184,0.54135334,
153844318651000,54,0.53388476,-0.4808759,0.54369843,
153844339067000,-33,0.5323746,-0.47760132,0.5454502,
153844360063000,51,0.53112906,-0.4753497,0.5468076,
153844380998000,79,0.5298743,-0.4739535,0.54822165,
153844399614000,16,0.52859575,-0.4733099,0.54959464,
153844418779000,0,0.5273226,-0.47319296,0.55085605,
153844438768000,-107,0.526277,-0.4736248,0.5518712,
153844459489000,79,0.5252516,-0.4743524,0.55285686,
153844478807000,-7,0.5245807,-0.47546878,0.553464,
153844498827000,13,0.5245524,-0.4767759,0.55343455,
153844519273000,-101,0.5254624,-0.47817895,0.5524581,
153844540208000,-18,0.5270977,-0.47966745,0.5507231,
153844561174000,-124,0.5294381,-0.4819441,0.54810816,
153844579607000,-106,0.5323529,-0.48458147,0.54490036,
153844598924000,-9,0.5353986,-0.48744026,0.541526,
153844618944000,-95,0.53830546,-0.4906579,0.5382249,
153844639452000,59,0.5406057,-0.49396855,0.5354909,
153844658983000,-116,0.5420805,-0.49708655,0.5335815,
153844679033000,-113,0.5425254,-0.4999503,0.5327376,
153844699785000,-124,0.5426432,-0.50219744,0.5322864,
153844720476000,100,0.5422906,-0.5033327,0.53247124,
153844741411000,-112,0.5416702,-0.50401056,0.53299594,
153844759905000,-42,0.5405839,-0.50450915,0.53400034,
153844779070000,-13,0.5390415,-0.5045741,0.5355421,
153844799120000,-83,0.5367475,-0.5037867,0.53798723,
153844819505000,-98,0.5344333,-0.50242734,0.5405416,
153844839250000,-79,0.532535,-0.50094974,0.5426866,
153844859178000,-14,0.53126913,-0.49916995,0.54422975,
153844879655000,-27,0.53024334,-0.49697304,0.54554117,
153844900591000,96,0.5285571,-0.4943807,0.54751784,
153844921526000,43,0.5263841,-0.49153036,0.55001193,
153844940355000,77,0.52328235,-0.4888097,0.5533203,
153844959276000,-40,0.5195749,-0.48647624,0.5576513,
153845039415000,7,0.50033563,-0.46904635,0.57948446,
153845059862000,-44,0.49573195,-0.465654,0.5838756,
153845080858000,109,0.49294806,-0.46328828,0.586085,
153845101823000,-43,0.49538982,-0.4629295,0.5826798,
153845120531000,22,0.49858454,-0.46471804,0.5784439,
153845139665000,-10,0.5015028,-0.4667188,0.574558,
153845159532000,123,0.5020193,-0.46748853,0.57337576,
153845180803000,18,0.50454414,-0.46881688,0.5705888,
153845199632000,90,0.50703573,-0.46881858,0.56831884,
153845219621000,84,0.5096061,-0.46916568,0.5658663,
153845240068000,107,0.51515126,-0.4738085,0.5601947,
153845260973000,-31,0.5213183,-0.4788087,0.55346817,
153845281877000,76,0.52241665,-0.47984704,0.5520186,
153845300371000,71,0.52884,-0.4837241,0.54488724,
153845319688000,112,0.53469217,-0.48704365,0.538231,
153845339677000,-13,0.5393832,-0.4897653,0.5328738,
153845360124000,-73,0.54228467,-0.49118382,0.5295374,
153845379717000,51,0.54371893,-0.49161404,0.52761763,
153845399706000,-123,0.5439389,-0.4906503,0.5273224,
153845420457000,38,0.54357266,-0.48919526,0.5276937,
153845441118000,-57,0.54315376,-0.48785728,0.52813905,
153845462083000,89,0.5422224,-0.48618656,0.529157,
153845480547000,-62,0.54056334,-0.48384607,0.53094155,
153845499803000,-45,0.5383861,-0.48112762,0.53304297,
153845519823000,14,0.5353336,-0.47767496,0.53595394,
153845540239000,-68,0.53167003,-0.4743435,0.5395097,
153845559892000,-20,0.52744293,-0.47089753,0.5434255,
153845579912000,-79,0.52304715,-0.46729806,0.54762167,
153845600450000,-119,0.5192849,-0.46453083,0.5510406,
153845621294000,31,0.51647514,-0.46244016,0.5535944,
153845643205000,-1,0.5145479,-0.46142668,0.5553161,
153845661058000,-17,0.5131731,-0.46131617,0.55656457,
153845679979000,-96,0.51169866,-0.4612339,0.5579714,
153845699999000,-49,0.50974506,-0.46081775,0.5598839,
153845720384000,112,0.5079295,-0.46073505,0.56169593,
153845739977000,-84,0.50494677,-0.46105915,0.56475025,
153845760057000,-112,0.50442785,-0.46117023,0.56511766,
153845780473000,4,0.5027964,-0.4612906,0.56669277,
153845801439000,87,0.5006494,-0.46078244,0.56869054,
153845823503000,125,0.49824077,-0.45998454,0.57101184,
153845840990000,-101,0.4960483,-0.45934647,0.5730095,
153845860185000,-21,0.49398983,-0.45825908,0.57492477,
153845880205000,-68,0.49198887,-0.45689955,0.57670337,
153845900896000,-87,0.4905073,-0.4557113,0.5780168,
153845920213000,-3,0.489203,-0.4545815,0.57919496,
153845940263000,-4,0.4875859,-0.4532822,0.58060706,
153845960771000,-3,0.485593,-0.45143038,0.58242774,
153845981615000,110,0.48354086,-0.44919646,0.58431315,
153846003648000,-23,0.48148847,-0.44684616,0.5861853,
153846021074000,-103,0.47986594,-0.44489437,0.58765256,
153846040331000,87,0.4789204,-0.4434807,0.5884541,
153846066209000,-30,0.4781881,-0.4419029,0.5890186,
153846080827000,107,0.47762302,-0.44084072,0.58945024,
153846100450000,111,0.47694054,-0.43981817,0.5900206,
153846120378000,94,0.47631,-0.43876657,0.59052306,
153846141618000,-74,0.47579306,-0.4379029,0.59093726,
153846161729000,-39,0.47562143,-0.4374395,0.5910253,
153846182665000,-69,0.47550407,-0.43704808,0.5910671,
153846201189000,85,0.4754135,-0.43664983,0.5910748,
153846220506000,-68,0.47541526,-0.43630153,0.5910033,
153846240495000,122,0.47563502,-0.4361506,0.59072065,
153846260881000,-116,0.47619665,-0.43673632,0.59017867,
153846280565000,33,0.4774387,-0.43802366,0.5890976,
153846300554000,45,0.47802332,-0.43869585,0.5886103,
153846322038000,-31,0.4778226,-0.43986833,0.58896744,
153846341905000,-47,0.47756046,-0.44015363,0.58928484,
153846362993000,53,0.47719395,-0.44058657,0.5897219,
153846381761000,-2,0.47729442,-0.44148684,0.58979994,
153846400713000,-43,0.4776242,-0.4425272,0.5896207,
153846420732000,-115,0.47713402,-0.44260433,0.5901837,
153846441118000,34,0.47673506,-0.44286436,0.59064054,
153846460741000,-83,0.476715,-0.44320694,0.5907045,
153846480730000,-80,0.47696438,-0.44340563,0.59047097,
153846501146000,60,0.47716287,-0.44357064,0.5902941,
153846522173000,121,0.4774018,-0.44371775,0.59006894,
153846543047000,76,0.4776507,-0.4437424,0.5898192,
153846561754000,47,0.47754908,-0.44341624,0.58990085,
153846580888000,-125,0.4776101,-0.44315538,0.589811,
153846600877000,91,0.47794822,-0.4432079,0.58946145,
153846621568000,-59,0.47829208,-0.44305202,0.58908707,
153846640947000,-114,0.4783898,-0.44257417,0.58894753,
153846660936000,-7,0.47790337,-0.44172603,0.5893631,
153846681322000,-43,0.47700602,-0.44071963,0.59019256,
153846702287000,-116,0.4759392,-0.4400328,0.5912323,
153846723222000,63,0.47511402,-0.44003206,0.59210205,
153846741716000,-79,0.4731776,-0.43967065,0.594082,
153846761247000,95,0.47287828,-0.4395329,0.5943749,
153846781084000,-6,0.47120675,-0.4392162,0.5960964,
153846801561000,18,0.47095242,-0.44031453,0.59647894,
153846821092000,84,0.47186846,-0.442219,0.59568685,
153846841112000,3,0.47214454,-0.4436576,0.59552735,
153846861864000,41,0.47122547,-0.443985,0.59651434,
153846882402000,-8,0.4698373,-0.4432524,0.59788054,
153846904558000,-33,0.4687654,-0.44242337,0.59892356,
153846921983000,-17,0.46841112,-0.44209054,0.59924626,
153846941240000,101,0.46848828,-0.44185624,0.59913194,
153846961198000,-17,0.46807295,-0.4410822,0.5994657,
153846981554000,-12,0.46697173,-0.43959257,0.60045254,
153847001299000,-25,0.46525186,-0.43728942,0.60199606,
153847021227000,87,0.46362165,-0.4348749,0.60342133,
153847041765000,86,0.46274048,-0.4330088,0.60408556,
153847062700000,126,0.46230498,-0.4314051,0.60431236,
153847084764000,-30,0.46191537,-0.42946908,0.60453373,
153847103044000,-65,0.46153355,-0.4275974,0.6047197,
153847121355000,27,0.46205616,-0.4269766,0.6041093,
153847141344000,39,0.46311364,-0.42717725,0.60316896,
153847161790000,-97,0.46375975,-0.4274601,0.6026113,
153847181535000,-11,0.46385282,-0.42715412,0.6025254,
153847201463000,-95,0.46370268,-0.426735,0.60277885,
153847221849000,6,0.46365124,-0.42651197,0.6028933,
153847242815000,-10,0.46376532,-0.42640984,0.6028224,
153847263841000,62,0.46411026,-0.42644486,0.60265434,
153847282457000,-39,0.46408135,-0.4261491,0.6027581,
153847301592000,-47,0.4634767,-0.42550123,0.6034763,
153847321611000,36,0.46361503,-0.42532957,0.60342705,
153847342332000,74,0.46377978,-0.42505535,0.6034122,
153847361620000,86,0.46377403,-0.42473167,0.60349554,
153847381639000,75,0.46394798,-0.42461488,0.6033823,
153847402055000,53,0.46425268,-0.42482144,0.6032757,
153847423021000,80,0.46457335,-0.42508876,0.60310626,
153847445024000,53,0.46512446,-0.4254145,0.6026628,
153847462450000,-91,0.46642664,-0.42627418,0.60147846,
153847481676000,-49,0.4682982,-0.42786765,0.5998743,
153847501726000,-30,0.46946287,-0.4291595,0.5989258,
153847522264000,-95,0.4694549,-0.42971647,0.5990793,
153847541795000,17,0.4685,-0.42933905,0.6000815,
153847561815000,-86,0.46714973,-0.4290468,0.6014984,
153847582506000,90,0.46714768,-0.429048,0.60153806,
153847603471000,19,0.46715665,-0.4291814,0.6015731,
153847624193000,65,0.46722728,-0.42918578,0.60162485,
153847642778000,-60,0.46685708,-0.42874768,0.60204273,
153847662004000,-38,0.46634725,-0.42819566,0.60256535,
153847682054000,-25,0.46648866,-0.42802507,0.60243523,
153847702348000,24,0.46763346,-0.42876118,0.6013605,
153847721941000,-11,0.46919766,-0.430023,0.599905,
153847741960000,106,0.47035286,-0.43091875,0.59882224,
153847762560000,-105,0.4710433,-0.4311506,0.5981358,
153847842058000,-54,0.47518468,-0.43509895,0.5945869,
153847862108000,-111,0.47489595,-0.43507847,0.5949203,
153847882494000,57,0.47428358,-0.43458825,0.59552824,
153847902177000,93,0.4738348,-0.43429562,0.5959808,
153847922136000,59,0.47353554,-0.43444696,0.59632474,
153847942552000,20,0.47310233,-0.43423453,0.5967625,
153847963518000,-13,0.47256792,-0.4335056,0.59733486,
153847985521000,110,0.4720347,-0.43260342,0.59785336,
153848003099000,72,0.47169566,-0.4316334,0.5980961,
153848027025000,121,0.47137505,-0.43072897,0.59838885,
153848042192000,6,0.47103286,-0.43003267,0.59868026,
153848063371000,75,0.47076288,-0.42964414,0.5989289,
153848082231000,99,0.47022852,-0.4290415,0.5994215,
153848102281000,-2,0.46942884,-0.42766005,0.60007906,
153848122697000,-119,0.46875602,-0.4258027,0.600522,
153848143724000,16,0.46824518,-0.42424586,0.6008264,
153848164598000,-65,0.46833682,-0.42467052,0.6007988,
153848183061000,28,0.4693875,-0.4273113,0.60008687,
153848202379000,80,0.4714082,-0.4308391,0.5984448,
153848222429000,-64,0.47379786,-0.43361342,0.5962826,
153848242937000,81,0.4759374,-0.4350524,0.59420687,
153848262468000,13,0.47759157,-0.43569243,0.59255815,
153848282457000,2,0.47880992,-0.436253,0.5913533,
153848303178000,39,0.4795937,-0.43708122,0.59063166,
153848323900000,61,0.47982517,-0.43792796,0.5903917,
153848344865000,-2,0.47953478,-0.4379165,0.5906314,
153848363298000,43,0.47904256,-0.4373283,0.5910382,
153848382585000,-93,0.4786874,-0.43676755,0.5913166,
153848402605000,-97,0.47868556,-0.43688017,0.5911978,
153848422960000,109,0.47929317,-0.43772125,0.590561,
153848442644000,41,0.48000416,-0.43826926,0.589826,
153848462663000,-34,0.47942743,-0.43729413,0.59028834,
153848483202000,113,0.47834903,-0.43578875,0.59111035,
153848504015000,5,0.47811663,-0.43540227,0.59121263,
153848525011000,61,0.4771715,-0.43412167,0.59198207,
153848543840000,-60,0.47666046,-0.43358338,0.59240484,
153848562730000,41,0.47658992,-0.4334506,0.5924442,
153848582689000,-98,0.4765145,-0.43303463,0.5924572,
153848603319000,28,0.47591162,-0.43199757,0.59294677,
153848622789000,100,0.4751052,-0.43078253,0.59362555,
153848642839000,115,0.4746089,-0.430014,0.594029,
153848663194000,32,0.4744482,-0.42959604,0.59413034,
153848684099000,-17,0.4748307,-0.4293282,0.59368145,
153848705217000,-24,0.4757297,-0.4292295,0.59271276,
153848723802000,70,0.47680935,-0.42899722,0.5915259,
153848742937000,-21,0.47735676,-0.4281046,0.59080553,
153848762926000,-86,0.4771346,-0.4263839,0.5907675,
153848783647000,32,0.4768406,-0.42491114,0.5908363,
153848923296000,116,0.47621423,-0.423162,0.59147894,
153848943285000,2,0.47646865,-0.4232314,0.5912208,
153848963701000,94,0.47663265,-0.4230598,0.5910177,
153848983232000,113,0.47650906,-0.42239034,0.5910336,
153849003252000,-119,0.47640026,-0.4212984,0.59105545,
153849024431000,-47,0.47617972,-0.41976777,0.591076,
153849044634000,-12,0.47587758,-0.41806418,0.59140664,
153849065599000,-121,0.4752785,-0.41669407,0.5915263,
153849084062000,-37,0.47505942,-0.415472,0.5915494,
153849103349000,81,0.4746546,-0.4143627,0.5917783,
153849123399000,78,0.47430643,-0.4134848,0.5919839,
153849143785000,29,0.4742187,-0.41304034,0.59199035,
153849163408000,-6,0.47401035,-0.4127621,0.59215814,
153849183458000,-46,0.47367328,-0.41224727,0.59251547,
153849203966000,-6,0.4732283,-0.41177988,0.5929599,
153849224840000,64,0.47288686,-0.4115898,0.59334755,
153849245805000,7,0.47301856,-0.4117686,0.5932902,
153849264543000,-49,0.47320727,-0.4119554,0.59315556,
153849283464000,34,0.47327137,-0.41206357,0.5931289,
153849303514000,-48,0.4733605,-0.41218022,0.5930717,
153849323869000,27,0.47359797,-0.41240767,0.59287584,
153849348039000,-43,0.47379816,-0.4125119,0.5926859,
153849363573000,-118,0.47404456,-0.41255823,0.59243435,
153849383928000,15,0.47429883,-0.4125807,0.59216946,
153849404985000,76,0.47498065,-0.41293105,0.59151816,
153849426958000,51,0.47585624,-0.41355497,0.5907172,
153849444536000,-7,0.4767594,-0.414387,0.5899282,
153849463609000,15,0.4776293,-0.41524398,0.58919245,
153849483629000,66,0.47846916,-0.4159784,0.58845794,
153849504381000,-72,0.47863206,-0.41599366,0.58829564,
153849523668000,87,0.4792943,-0.41618717,0.5876372,
153849543687000,13,0.47998086,-0.41616973,0.58691007,
153849564043000,-53,0.48027056,-0.41580132,0.5865327,
153849585039000,55,0.48035073,-0.41546547,0.5863987,
153849606035000,55,0.48036298,-0.4153541,0.586376,
153849624498000,-8,0.48052284,-0.4155342,0.58625156,
153849643785000,52,0.4805956,-0.41577357,0.58622843,
153849663805000,78,0.48066443,-0.41613114,0.5862307,
153849684251000,-55,0.4808796,-0.4168403,0.5861449,
153849703874000,53,0.48110282,-0.41755366,0.58604854,
153849723894000,62,0.48121947,-0.41805497,0.586038,
153849744646000,-28,0.48131898,-0.41835323,0.58600116,
153849765154000,39,0.48159862,-0.4187758,0.58579314,
153849786211000,44,0.48221248,-0.41946983,0.5852789,
153849804735000,-20,0.48295477,-0.4202933,0.5846494,
153849823961000,-115,0.4835556,-0.42096588,0.58413893,
153849844011000,-46,0.48406786,-0.4215246,0.5836997,
153849864305000,34,0.4845762,-0.4220003,0.5832634,
153849883989000,-9,0.48508102,-0.42249033,0.5828278,
153849904070000,54,0.48567536,-0.4231905,0.5823297,
153849924577000,85,0.48618788,-0.42393854,0.5819219,
153849945787000,-31,0.4867018,-0.42453274,0.58148366,
153849967363000,-41,0.48733547,-0.42511672,0.5809156,
153849985704000,42,0.48811018,-0.4257017,0.5801975,
153850004167000,18,0.48885483,-0.42594734,0.57945544,
153850104662000,-2,0.48845756,-0.4228842,0.5794129,
153850125719000,-80,0.48801985,-0.42220724,0.57976013,
153850147661000,-80,0.48761064,-0.42175987,0.58011556,
153850165270000,126,0.48714125,-0.42140839,0.5805504,
153850184312000,-10,0.48668662,-0.4212578,0.581005,
153850204424000,52,0.4861663,-0.42129484,0.58156234,
153850225084000,-123,0.4861504,-0.42120114,0.581563,
153850244463000,93,0.48596174,-0.42112672,0.58174944,
153850264482000,-41,0.48603842,-0.42125714,0.58169234,
153850284898000,16,0.4863492,-0.42154765,0.5814165,
153850305742000,-102,0.48669225,-0.4219229,0.5811214,
153850326707000,72,0.48668787,-0.42216972,0.5811698,
153850345232000,81,0.4867375,-0.42248234,0.5811879,
153850364458000,78,0.48707843,-0.42292854,0.58091676,
153850384477000,-104,0.48722926,-0.42325175,0.58072245,
153850404985000,-76,0.48732662,-0.42354035,0.58060557,
153850424516000,-53,0.48761466,-0.42401242,0.5803378,
153850444566000,-8,0.48803794,-0.42483377,0.5799986,
153850465318000,95,0.48840144,-0.42586067,0.5797628,
153850485918000,-2,0.48875365,-0.4273043,0.57960707,
153850506883000,100,0.48879087,-0.42738,0.57956916,
153850525407000,-31,0.4888647,-0.42773083,0.5795559,
153850544664000,-35,0.48882237,-0.42789474,0.5796327,
153850564684000,-5,0.4887662,-0.42790434,0.5796981,
153850585100000,-13,0.4886837,-0.4278562,0.5796804,
153850604784000,60,0.48848304,-0.42764392,0.5797905,
153850624712000,117,0.48831663,-0.42748976,0.5798939,
153850645311000,-101,0.4882872,-0.42748287,0.57989043,
153850666185000,9,0.48819366,-0.4274912,0.5799668,
153850688219000,123,0.4880693,-0.4274117,0.58006877,
153850705919000,43,0.48790112,-0.4272856,0.58021444,
153850724870000,80,0.48768634,-0.4271557,0.580412,
153850744920000,87,0.48763332,-0.42715645,0.5804622,
153850765184000,76,0.48765212,-0.42723092,0.58045024,
153850784837000,29,0.48764932,-0.42718387,0.5804431,
153850804857000,127,0.487747,-0.4268727,0.58028936,
153850825243000,-5,0.48805508,-0.42639065,0.57990146,
153850846239000,-64,0.48816717,-0.42581412,0.5796993,
153850867235000,29,0.4880384,-0.42515102,0.5797322,
153850885820000,-87,0.4882273,-0.42462167,0.5794491,
153850904985000,118,0.48846912,-0.42409,0.57910705,
153850924974000,119,0.48801386,-0.42330086,0.57945323,
