153829607835000,29,-83.336,181.498,-129.025,-53.213,260.334,346.003,
153829626268000,29,-83.69,181.498,-129.025,-53.213,260.334,346.003,
153829644609000,29,-83.69,181.498,-129.025,-53.213,260.334,346.003,
153831488756000,29,-84.934,182.181,-129.378,-53.213,260.334,346.003,
153831526048000,29,-84.934,182.181,-129.378,-53.213,260.334,346.003,
153831548418000,29,-84.934,182.181,-129.378,-53.213,260.334,346.003,
153831566087000,29,-85.259,182.181,-129.378,-53.213,260.334,346.003,
153831589372000,29,-85.259,182.181,-129.378,-53.213,260.334,346.003,
153831608781000,29,-85.259,182.481,-129.378,-53.213,260.334,346.003,
153831626146000,29,-85.259,182.481,-129.378,-53.213,260.334,346.003,
153831646379000,29,-85.259,182.481,-129.378,-53.213,260.334,346.003,
153831668596000,29,-85.259,182.481,-129.378,-53.213,260.334,346.003,
153831686205000,29,-85.259,182.481,-129.378,-53.213,260.334,346.003,
153831706194000,29,-85.561,182.481,-129.378,-53.213,260.334,346.003,
153831729387000,29,-85.561,182.481,-129.378,-53.213,260.334,346.003,
153831746385000,29,-85.561,182.481,-129.378,-53.213,260.334,346.003,
153831768541000,29,-85.561,182.481,-129.378,-53.213,260.334,346.003,
153831788896000,29,-85.561,182.481,-129.378,-53.213,260.334,346.003,
153831806291000,29,-85.888,182.481,-129.378,-53.213,260.334,346.003,
153831826311000,29,-85.888,182.481,-129.378,-53.213,260.334,346.003,
153831848619000,29,-85.888,182.481,-129.378,-53.213,260.334,346.003,
153831866136000,29,-85.888,182.481,-129.378,-53.213,260.334,346.003,
153831886156000,29,-86.19,182.481,-129.378,-53.213,260.334,346.003,
153831908617000,29,-86.19,182.481,-129.378,-53.213,260.334,346.003,
153831926195000,29,-86.19,182.481,-129.378,-53.213,260.334,346.003,
153831949449000,29,-86.19,182.481,-129.378,-53.213,260.334,346.003,
153831969286000,29,-86.19,182.481,-129.378,-53.213,260.334,346.003,
153831986314000,29,-86.19,182.481,-129.378,-53.213,260.334,346.003,
153832006242000,29,-86.19,182.481,-129.378,-53.213,260.334,346.003,
153832028551000,29,-86.19,182.481,-129.378,-53.213,260.334,346.003,
153832046343000,29,-86.492,182.481,-129.378,-53.213,260.334,346.003,
153832066423000,29,-86.492,182.481,-129.378,-53.213,260.334,346.003,
153832088731000,29,-86.492,182.481,-129.378,-53.213,260.334,346.003,
153832106462000,29,-86.492,182.481,-129.378,-53.213,260.334,346.003,
153832129717000,29,-86.492,182.481,-129.378,-53.213,260.334,346.003,
153832149248000,29,-86.492,182.481,-129.378,-53.213,260.334,346.003,
153832166368000,29,-86.492,182.481,-129.378,-53.213,260.334,346.003,
153832186418000,29,-86.492,182.481,-129.378,-53.213,260.334,346.003,
153832209062000,29,-86.492,182.481,-129.378,-53.213,260.334,346.003,
153832226457000,29,-86.492,182.481,-129.068,-53.213,260.334,346.003,
153832246477000,29,-86.492,182.481,-129.068,-53.213,260.334,346.003,
153832268877000,29,-86.492,182.481,-129.068,-53.213,260.334,346.003,
153832286577000,29,-86.492,182.481,-129.068,-53.213,260.334,346.003,
153832309892000,29,-86.492,182.481,-129.068,-53.213,260.334,346.003,
153832329485000,29,-86.492,182.481,-129.068,-53.213,260.334,346.003,
153832346941000,29,-86.492,182.481,-129.068,-53.213,260.334,346.003,
153832366869000,29,-86.492,182.481,-129.068,-53.213,260.334,346.003,
153832389299000,29,-86.492,182.481,-129.068,-53.213,260.334,346.003,
153832406786000,29,-86.492,182.481,-129.068,-53.213,260.334,346.003,
153832426836000,29,-86.492,182.481,-129.068,-53.213,260.334,346.003,
153832449449000,29,-86.492,182.481,-129.068,-53.213,260.334,346.003,
153832466783000,29,-86.492,182.481,-129.068,-53.213,260.334,346.003,
153832490129000,29,-86.492,182.481,-129.068,-53.213,260.334,346.003,
153832509477000,29,-86.492,182.481,-129.068,-53.213,260.334,346.003,
153832526811000,29,-86.492,182.481,-129.068,-53.213,260.334,346.003,
153832546770000,29,-86.492,182.481,-129.068,-53.213,260.334,346.003,
153832569078000,29,-86.492,182.481,-129.068,-53.213,260.334,346.003,
153832586839000,29,-86.492,182.481,-129.068,-53.213,260.334,346.003,
153832606798000,29,-86.492,182.481,-129.068,-53.213,260.334,346.003,
153832629381000,29,-86.492,182.481,-129.068,-53.213,260.334,346.003,
153832646928000,29,-86.492,182.481,-129.068,-53.213,260.334,346.003,
153832669237000,29,-86.492,182.481,-129.068,-53.213,260.334,346.003,
153832690508000,29,-86.492,182.481,-129.068,-53.213,260.334,346.003,
153832706957000,29,-86.492,182.481,-129.068,-53.213,260.334,346.003,
153832726976000,29,-86.492,182.481,-129.068,-53.213,260.334,346.003,
153832749315000,29,-86.492,182.481,-129.068,-53.213,260.334,346.003,
153832766985000,29,-86.492,182.481,-129.068,-53.213,260.334,346.003,
153832787004000,29,-86.492,182.481,-129.068,-53.213,260.334,346.003,
153832809343000,29,-86.492,182.481,-129.068,-53.213,260.334,346.003,
153832827013000,29,-86.492,182.481,-129.068,-53.213,260.334,346.003,
153832850359000,29,-86.492,182.481,-129.068,-53.213,260.334,346.003,
153832869920000,29,-86.492,182.481,-129.068,-53.213,260.334,346.003,
153832887102000,29,-86.492,182.481,-129.068,-53.213,260.334,346.003,
153832907091000,29,-86.492,182.481,-129.068,-53.213,260.334,346.003,
153832929735000,29,-86.492,182.481,-129.068,-53.213,260.334,346.003,
153832947130000,29,-86.492,182.481,-129.068,-53.213,260.334,346.003,
153832967210000,29,-86.492,182.481,-129.068,-53.213,260.334,346.003,
153832989519000,29,-86.492,182.481,-129.068,-53.213,260.334,346.003,
153833007188000,29,-86.492,182.481,-129.068,-53.213,260.334,346.003,
153833030504000,29,-86.492,182.481,-129.068,-53.213,260.334,346.003,
153833049913000,29,-86.492,182.481,-129.068,-53.213,260.334,346.003,
153833067308000,29,-86.492,182.481,-129.068,-53.213,260.334,346.003,
153833087328000,29,-86.492,182.481,-129.068,-53.213,260.334,346.003,
153833109697000,29,-86.492,182.481,-129.068,-53.213,260.334,346.003,
153833127306000,29,-86.492,182.481,-129.068,-53.213,260.334,346.003,
153833147295000,29,-86.808,182.481,-129.068,-53.213,260.334,346.003,
153833170061000,29,-86.808,182.481,-129.068,-53.213,260.334,346.003,
153833187364000,29,-86.808,182.481,-129.068,-53.213,260.334,346.003,
153833210680000,29,-86.808,182.481,-129.068,-53.213,260.334,346.003,
153833230119000,29,-86.808,182.481,-129.068,-53.213,260.334,346.003,
153833247423000,29,-86.808,182.481,-129.068,-53.213,260.334,346.003,
153833267503000,29,-86.808,182.481,-129.068,-53.213,260.334,346.003,
153833289751000,29,-86.808,182.481,-129.068,-53.213,260.334,346.003,
153833307481000,29,-86.808,182.481,-129.068,-53.213,260.334,346.003,
153833327501000,29,-86.808,182.481,-129.068,-53.213,260.334,346.003,
153833349992000,29,-86.808,182.481,-129.068,-53.213,260.334,346.003,
153833367540000,29,-87.171,182.481,-129.068,-53.213,260.334,346.003,
153833390855000,29,-87.171,182.168,-129.068,-53.213,260.334,346.003,
153833410600000,29,-87.171,182.168,-129.068,-53.213,260.334,346.003,
153833427599000,29,-87.171,182.168,-129.068,-53.213,260.334,346.003,
153833447649000,29,-87.171,182.168,-129.068,-53.213,260.334,346.003,
153833469988000,29,-87.171,182.168,-129.068,-53.213,260.334,346.003,
153833487688000,29,-87.555,182.168,-129.068,-53.213,260.334,346.003,
153833507738000,29,-87.555,182.168,-129.068,-53.213,260.334,346.003,
153833530107000,29,-87.555,182.168,-129.068,-53.213,260.334,346.003,
153833547777000,29,-87.877,182.168,-129.068,-53.213,260.334,346.003,
153833570085000,29,-87.877,182.168,-129.068,-53.213,260.334,346.003,
153833590562000,29,-87.877,182.168,-129.068,-53.213,260.334,346.003,
153833710283000,29,-88.27,182.168,-129.775,-53.213,260.334,346.003,
153833727953000,29,-88.633,182.168,-129.775,-53.213,260.334,346.003,
153833750353000,29,-88.633,182.168,-130.179,-53.213,260.334,346.003,
153833770677000,29,-88.633,182.168,-130.179,-53.213,260.334,346.003,
153833787950000,29,-88.633,182.168,-130.519,-53.213,260.334,346.003,
153833807970000,29,-88.633,182.168,-130.519,-53.213,260.334,346.003,
153833830400000,29,-88.633,182.168,-130.519,-53.213,260.334,346.003,
153833848009000,29,-88.955,182.499,-130.844,-53.213,260.334,346.003,
153833868028000,29,-88.955,182.499,-130.844,-53.213,260.334,346.003,
153833890794000,29,-88.955,182.499,-130.844,-53.213,260.334,346.003,
153833908067000,29,-88.955,182.864,-131.18,-53.213,260.334,346.003,
153833931383000,29,-88.955,182.864,-131.18,-53.213,260.334,346.003,
153833950853000,29,-88.955,183.201,-131.18,-53.213,260.334,346.003,
153833968126000,29,-89.278,183.201,-131.18,-53.213,260.334,346.003,
153833988145000,29,-89.278,183.667,-131.514,-53.213,260.334,346.003,
153834010454000,29,-89.278,183.667,-131.514,-53.213,260.334,346.003,
153834028215000,29,-89.278,184.234,-131.514,-53.213,260.334,346.003,
153834048204000,29,-89.278,184.555,-131.514,-53.213,260.334,346.003,
153834070665000,29,-89.654,184.555,-131.514,-53.213,260.334,346.003,
153834088243000,29,-89.654,184.993,-131.514,-53.213,260.334,346.003,
153834111589000,29,-89.654,185.322,-131.827,-53.213,260.334,346.003,
153834131334000,29,-89.654,185.669,-131.827,-53.213,260.334,346.003,
153834148302000,29,-89.654,185.669,-131.827,-53.213,260.334,346.003,
153834168321000,29,-90.011,186.187,-131.827,-53.213,260.334,346.003,
153834190630000,29,-90.011,186.744,-131.827,-53.213,260.334,346.003,
153834213091000,29,-90.011,187.178,-131.827,-53.213,260.334,346.003,
153834228380000,29,-90.336,187.66,-131.827,-53.213,260.334,346.003,
153834250780000,29,-90.336,188.231,-131.827,-53.213,260.334,346.003,
153834268358000,29,-90.336,188.565,-131.827,-53.213,260.334,346.003,
153834291704000,29,-90.682,188.897,-131.827,-53.213,260.334,346.003,
153834311296000,29,-90.682,189.294,-131.827,-53.213,260.334,346.003,
153834328508000,29,-90.682,189.752,-131.827,-53.213,260.334,346.003,
153834348497000,29,-90.682,190.149,-131.827,-53.213,260.334,346.003,
153834371111000,29,-90.682,190.149,-131.827,-53.213,260.334,346.003,
153834388506000,29,-91.013,190.576,-131.827,-53.213,260.334,346.003,
153834408525000,29,-91.013,190.576,-131.827,-53.213,260.334,346.003,
153834430864000,29,-91.013,190.942,-131.827,-53.213,260.334,346.003,
153834448534000,29,-91.013,191.275,-131.827,-53.213,260.334,346.003,
153834471910000,29,-91.013,191.275,-131.827,-53.213,260.334,346.003,
153834491380000,29,-91.013,191.275,-132.138,-53.213,260.334,346.003,
153834508623000,29,-91.013,191.821,-132.138,-53.213,260.334,346.003,
153834528642000,29,-91.013,191.821,-132.138,-53.213,260.334,346.003,
153834551317000,29,-91.013,192.163,-132.501,-53.213,260.334,346.003,
153834568773000,29,-90.648,192.163,-132.501,-53.213,260.334,346.003,
153834588792000,29,-90.648,192.871,-132.501,-53.213,260.334,346.003,
153834611894000,29,-90.648,193.255,-132.501,-53.213,260.334,346.003,
153834628770000,29,-90.264,193.713,-132.501,-53.213,260.334,346.003,
153834650926000,29,-90.264,194.023,-132.883,-53.213,260.334,346.003,
153834671556000,29,-89.6,194.023,-132.883,-53.213,260.334,346.003,
153834688860000,29,-89.6,194.621,-132.883,-53.213,260.334,346.003,
153834708910000,29,-88.946,194.621,-133.206,-53.213,260.334,346.003,
153834731187000,29,-88.946,195.236,-133.206,-53.213,260.334,346.003,
153834748949000,29,-88.946,195.562,-133.206,-53.213,260.334,346.003,
153834768907000,29,-88.946,196.032,-133.206,-53.213,260.334,346.003,
153834791399000,29,-88.946,196.032,-133.573,-53.213,260.334,346.003,
153834809007000,29,-88.946,196.652,-133.573,-53.213,260.334,346.003,
153834831133000,29,-88.946,196.652,-133.573,-53.213,260.334,346.003,
153834852220000,29,-88.637,197.252,-133.573,-53.213,260.334,346.003,
153834868974000,29,-88.637,197.252,-133.573,-53.213,260.334,346.003,
153834889024000,29,-88.637,197.677,-133.573,-53.213,260.334,346.003,
153834911363000,29,-88.637,198.085,-133.573,-53.213,260.334,346.003,
153834929033000,29,-88.637,198.085,-133.573,-53.213,260.334,346.003,
153834949052000,29,-88.637,198.794,-133.155,-53.213,260.334,346.003,
153834971391000,29,-88.637,199.151,-133.155,-53.213,260.334,346.003,
153834989061000,29,-88.637,199.151,-133.155,-53.213,260.334,346.003,
153835011430000,29,-88.637,200.03,-133.155,-53.213,260.334,346.003,
153835031969000,29,-88.637,200.811,-132.718,-53.213,260.334,346.003,
153835049150000,29,-88.637,200.811,-132.094,-53.213,260.334,346.003,
153835069170000,29,-88.637,201.574,-131.32,-53.213,260.334,346.003,
153835091844000,29,-88.637,201.945,-131.32,-53.213,260.334,346.003,
153835109209000,29,-88.637,202.639,-130.75,-53.213,260.334,346.003,
153835129228000,29,-88.637,203.135,-129.595,-53.213,260.334,346.003,
153835151598000,29,-88.99,203.476,-128.722,-53.213,260.334,346.003,
153835169328000,29,-88.99,203.976,-128.237,-53.213,260.334,346.003,
153835192644000,29,-89.705,205.021,-126.587,-53.213,260.334,346.003,
153835211992000,29,-90.79,205.021,-127.411,-53.213,260.334,346.003,
153835229326000,29,-91.199,205.021,-126.637,-53.213,260.334,346.003,
153835249345000,29,-92.354,205.346,-126.637,-53.213,260.334,346.003,
153835271776000,29,-92.354,205.647,-126.11,-53.213,260.334,346.003,
153835289384000,29,-92.354,205.647,-125.777,-53.213,260.334,346.003,
153835309404000,29,-92.354,205.647,-125.777,-53.213,260.334,346.003,
153835332109000,29,-92.354,206.384,-125.777,-53.213,260.334,346.003,
153835349443000,29,-91.997,206.384,-125.777,-53.213,260.334,346.003,
153835372759000,29,-91.997,206.881,-124.967,-53.213,260.334,346.003,
153835392198000,29,-91.997,206.55,-125.351,-53.213,260.334,346.003,
153835409502000,29,-92.354,206.55,-125.351,-53.213,260.334,346.003,
153835429552000,29,-92.354,206.976,-124.73,-53.213,260.334,346.003,
153835451860000,29,-92.701,206.976,-124.73,-53.213,260.334,346.003,
153835469621000,29,-92.701,206.976,-124.372,-53.213,260.334,346.003,
153835489580000,29,-92.701,206.976,-124.018,-53.213,260.334,346.003,
153835512163000,29,-93.126,207.287,-123.436,-53.213,260.334,346.003,
153835529710000,29,-93.776,207.287,-122.878,-53.213,260.334,346.003,
153835552965000,29,-95.409,207.287,-122.574,-53.213,260.334,346.003,
153835573137000,29,-95.871,207.287,-121.637,-53.213,260.334,346.003,
153835589647000,29,-96.27,207.71,-122.232,-53.213,260.334,346.003,
153835609758000,29,-96.847,207.71,-122.232,-53.213,260.334,346.003,
153835632097000,29,-96.847,208.012,-122.673,-53.213,260.334,346.003,
153835649828000,29,-96.847,208.012,-123.174,-53.213,260.334,346.003,
153835669786000,29,-96.847,208.012,-122.833,-53.213,260.334,346.003,
153835692247000,29,-96.261,208.012,-122.833,-53.213,260.334,346.003,
153835709825000,29,-96.261,208.317,-122.833,-53.213,260.334,346.003,
153835732072000,29,-96.261,208.317,-122.833,-53.213,260.334,346.003,
153835752672000,29,-96.65,208.317,-122.833,-53.213,260.334,346.003,
153835769884000,29,-96.65,208.317,-122.833,-53.213,260.334,346.003,
153835850267000,29,-97.216,208.317,-122.51,-53.213,260.334,346.003,
153835872545000,29,-97.898,208.317,-122.164,-53.213,260.334,346.003,
153835890276000,29,-98.38,208.317,-122.164,-53.213,260.334,346.003,
153835912523000,29,-99.508,208.317,-122.164,-53.213,260.334,346.003,
153835933000000,29,-100.162,208.317,-122.164,-53.213,260.334,346.003,
153835950273000,29,-100.162,208.317,-122.164,-53.213,260.334,346.003,
153835970140000,29,-100.162,208.317,-122.164,-53.213,260.334,346.003,
153835992601000,29,-100.544,208.317,-122.164,-53.213,260.334,346.003,
153836010179000,29,-100.544,208.317,-122.164,-53.213,260.334,346.003,
153836030168000,29,-100.214,208.317,-122.164,-53.213,260.334,346.003,
153836052873000,29,-100.214,208.317,-122.164,-53.213,260.334,346.003,
153836070177000,29,-99.528,208.317,-122.164,-53.213,260.334,346.003,
153836093462000,29,-99.528,208.317,-122.164,-53.213,260.334,346.003,
153836112901000,29,-99.528,208.317,-122.164,-53.213,260.334,346.003,
153836130205000,29,-98.932,208.317,-122.164,-53.213,260.334,346.003,
153836150194000,29,-98.932,208.317,-122.164,-53.213,260.334,346.003,
153836172655000,29,-98.932,208.017,-122.888,-53.213,260.334,346.003,
153836190294000,29,-99.265,208.017,-123.369,-53.213,260.334,346.003,
153836210436000,29,-99.265,208.017,-123.369,-53.213,260.334,346.003,
153836232988000,29,-99.726,208.017,-123.369,-53.213,260.334,346.003,
153836250444000,29,-99.726,207.71,-123.369,-53.213,260.334,346.003,
153836272630000,29,-99.726,207.71,-123.369,-53.213,260.334,346.003,
153836293413000,29,-99.726,207.71,-123.369,-53.213,260.334,346.003,
153836310350000,29,-99.726,207.71,-123.369,-53.213,260.334,346.003,
153836330370000,29,-99.726,207.301,-123.369,-53.213,260.334,346.003,
153836353014000,29,-99.726,207.301,-123.369,-53.213,260.334,346.003,
153836370531000,29,-99.352,207.301,-123.369,-53.213,260.334,346.003,
153836390550000,29,-99.352,206.987,-123.708,-53.213,260.334,346.003,
153836412981000,29,-99.352,206.987,-123.708,-53.213,260.334,346.003,
153836430620000,29,-99.352,206.987,-123.708,-53.213,260.334,346.003,
153836453935000,29,-99.05,206.987,-124.057,-53.213,260.334,346.003,
153836473436000,29,-99.05,206.987,-124.057,-53.213,260.334,346.003,
153836490678000,29,-99.05,206.68,-124.057,-53.213,260.334,346.003,
153836510606000,29,-99.05,206.68,-124.057,-53.213,260.334,346.003,
153836533678000,29,-99.05,206.68,-124.057,-53.213,260.334,346.003,
153836550645000,29,-99.05,206.68,-124.057,-53.213,260.334,346.003,
153836570634000,29,-99.355,206.68,-124.057,-53.213,260.334,346.003,
153836592973000,29,-99.355,206.68,-124.057,-53.213,260.334,346.003,
153836610704000,29,-99.355,206.68,-124.057,-53.213,260.334,346.003,
153836633958000,29,-99.355,206.68,-124.057,-53.213,260.334,346.003,
153836653429000,29,-99.355,206.68,-124.057,-53.213,260.334,346.003,
153836670732000,29,-99.355,206.68,-124.057,-53.213,260.334,346.003,
153836690721000,29,-99.355,206.68,-124.057,-53.213,260.334,346.003,
153836713182000,29,-99.355,206.68,-124.057,-53.213,260.334,346.003,
153836730791000,29,-99.355,206.68,-124.057,-53.213,260.334,346.003,
153836750871000,29,-99.355,206.68,-124.057,-53.213,260.334,346.003,
153836773546000,29,-99.355,206.68,-124.057,-53.213,260.334,346.003,
153836790819000,29,-99.68,206.68,-124.057,-53.213,260.334,346.003,
153836813158000,29,-99.68,207.008,-123.729,-53.213,260.334,346.003,
153836833574000,29,-99.68,207.008,-123.729,-53.213,260.334,346.003,
153836850877000,29,-99.68,207.008,-123.729,-53.213,260.334,346.003,
153836870958000,29,-99.68,207.008,-123.729,-53.213,260.334,346.003,
153836893236000,29,-100.092,207.008,-123.352,-53.213,260.334,346.003,
153836910936000,29,-100.092,207.348,-123.352,-53.213,260.334,346.003,
153836930956000,29,-100.092,207.348,-123.352,-53.213,260.334,346.003,
153836953539000,29,-100.092,207.348,-123.006,-53.213,260.334,346.003,
153836971025000,29,-100.461,207.348,-123.006,-53.213,260.334,346.003,
153836993364000,29,-100.461,207.705,-123.006,-53.213,260.334,346.003,
153837014085000,29,-100.461,207.705,-122.701,-53.213,260.334,346.003,
153837031053000,29,-100.461,207.705,-122.701,-53.213,260.334,346.003,
153837051286000,29,-100.461,207.705,-122.701,-53.213,260.334,346.003,
153837073442000,29,-100.461,208.081,-122.701,-53.213,260.334,346.003,
153837091112000,29,-100.461,208.081,-122.345,-53.213,260.334,346.003,
153837111131000,29,-100.461,208.081,-122.345,-53.213,260.334,346.003,
153837133470000,29,-100.461,208.404,-122.345,-53.213,260.334,346.003,
153837151323000,29,-99.732,208.404,-122.345,-53.213,260.334,346.003,
153837173479000,29,-98.676,208.404,-122.345,-53.213,260.334,346.003,
153837194109000,29,-97.533,208.717,-122.345,-53.213,260.334,346.003,
153837211229000,29,-96.837,208.717,-122.345,-53.213,260.334,346.003,
153837231584000,29,-96.023,208.717,-122.345,-53.213,260.334,346.003,
153837259721000,29,-95.096,209.167,-122.345,-53.213,260.334,346.003,
153837271288000,29,-94.364,209.167,-122.345,-53.213,260.334,346.003,
153837291277000,29,-93.856,209.488,-122.716,-53.213,260.334,346.003,
153837313615000,29,-92.837,209.488,-122.716,-53.213,260.334,346.003,
153837331346000,29,-92.406,209.817,-122.716,-53.213,260.334,346.003,
153837354662000,29,-91.669,209.817,-123.136,-53.213,260.334,346.003,
153837374132000,29,-92.121,210.203,-123.439,-53.213,260.334,346.003,
153837391405000,29,-92.121,210.203,-123.439,-53.213,260.334,346.003,
153837411455000,29,-92.121,210.678,-123.439,-53.213,260.334,346.003,
153837433855000,29,-91.698,211.087,-123.439,-53.213,260.334,346.003,
153837451524000,29,-91.698,211.679,-123.784,-53.213,260.334,346.003,
153837471605000,29,-91.698,212.274,-123.784,-53.213,260.334,346.003,
153837494829000,29,-91.698,212.665,-123.784,-53.213,260.334,346.003,
153837511552000,29,-91.121,212.665,-123.784,-53.213,260.334,346.003,
153837534868000,29,-91.642,213.266,-123.784,-53.213,260.334,346.003,
153837554247000,29,-91.642,213.939,-123.784,-53.213,260.334,346.003,
153837571581000,29,-91.642,213.939,-123.784,-53.213,260.334,346.003,
153837592241000,29,-91.642,214.45,-123.784,-53.213,260.334,346.003,
153837613939000,29,-91.642,214.45,-123.784,-53.213,260.334,346.003,
153837631670000,29,-91.642,215.066,-123.784,-53.213,260.334,346.003,
153837674364000,29,-91.268,216.139,-123.784,-53.213,260.334,346.003,
153837691972000,29,-91.268,216.139,-123.784,-53.213,260.334,346.003,
153837715227000,29,-90.928,216.485,-123.784,-53.213,260.334,346.003,
153837735002000,29,-90.928,216.485,-123.413,-53.213,260.334,346.003,
153837752000000,29,-90.928,216.485,-123.413,-53.213,260.334,346.003,
153837771806000,29,-90.473,215.918,-123.413,-53.213,260.334,346.003,
153837794206000,29,-90.473,215.918,-123.413,-53.213,260.334,346.003,
153837811845000,29,-89.89,215.918,-123.413,-53.213,260.334,346.003,
153837831865000,29,-89.89,215.918,-123.413,-53.213,260.334,346.003,
153837854234000,29,-89.49,216.311,-123.024,-53.213,260.334,346.003,
153837871996000,29,-89.49,216.311,-123.024,-53.213,260.334,346.003,
153837895250000,29,-89.022,216.722,-123.024,-53.213,260.334,346.003,
153837914751000,29,-88.459,216.722,-123.024,-53.213,260.334,346.003,
153837931963000,29,-88.061,217.207,-123.024,-53.213,260.334,346.003,
153837951982000,29,-88.061,217.602,-123.024,-53.213,260.334,346.003,
153837974657000,29,-87.055,218.474,-123.024,-53.213,260.334,346.003,
153837992052000,29,-86.724,219.133,-123.024,-53.213,260.334,346.003,
153838012010000,29,-86.313,219.638,-123.024,-53.213,260.334,346.003,
153838034349000,29,-85.265,219.964,-123.024,-53.213,260.334,346.003,
153838052080000,29,-85.265,219.964,-123.024,-53.213,260.334,346.003,
153838074419000,29,-84.665,220.926,-123.024,-53.213,260.334,346.003,
153838094835000,29,-83.452,221.263,-123.024,-53.213,260.334,346.003,
153838112077000,29,-82.808,221.736,-123.024,-53.213,260.334,346.003,
153838132127000,29,-81.901,221.736,-123.398,-53.213,260.334,346.003,
153838154588000,29,-81.53,221.736,-123.398,-53.213,260.334,346.003,
153838172136000,29,-80.665,222.447,-123.398,-53.213,260.334,346.003,
153838192186000,29,-80.338,222.447,-123.398,-53.213,260.334,346.003,
153838214952000,29,-79.853,222.963,-123.398,-53.213,260.334,346.003,
153838232286000,29,-79.053,222.963,-123.398,-53.213,260.334,346.003,
153838255510000,29,-79.053,222.963,-123.398,-53.213,260.334,346.003,
153838274950000,29,-79.053,222.963,-123.398,-53.213,260.334,346.003,
153838292253000,29,-79.053,222.586,-123.398,-53.213,260.334,346.003,
153838312303000,29,-78.583,222.586,-123.398,-53.213,260.334,346.003,
153838334581000,29,-78.583,222.586,-123.398,-53.213,260.334,346.003,
153838352373000,29,-77.247,222.586,-123.398,-53.213,260.334,346.003,
153838372514000,29,-77.247,222.905,-123.398,-53.213,260.334,346.003,
153838394945000,29,-76.685,222.905,-123.012,-53.213,260.334,346.003,
153838412370000,29,-75.475,222.905,-123.012,-53.213,260.334,346.003,
153838435686000,29,-74.959,223.341,-122.197,-53.213,260.334,346.003,
153838455919000,29,-75.637,223.341,-121.16,-53.213,260.334,346.003,
153838472429000,29,-75.266,223.341,-120.293,-53.213,260.334,346.003,
153838492448000,29,-74.375,223.811,-119.39,-53.213,260.334,346.003,
153838517809000,29,-73.845,223.811,-118.93,-53.213,260.334,346.003,
153838533220000,29,-73.845,224.167,-117.905,-53.213,260.334,346.003,
153838553423000,29,-74.201,224.167,-117.905,-53.213,260.334,346.003,
153838573595000,29,-74.201,224.643,-117.151,-53.213,260.334,346.003,
153838594560000,29,-73.168,224.643,-116.733,-53.213,260.334,346.003,
153838616502000,29,-73.168,225.174,-116.733,-53.213,260.334,346.003,
153838634142000,29,-72.107,225.48,-114.725,-53.213,260.334,346.003,
153838653551000,29,-72.107,225.48,-115.451,-53.213,260.334,346.003,
153838733415000,29,-71.551,225.48,-115.83,-53.213,260.334,346.003,
153838753984000,29,-71.551,225.815,-116.414,-53.213,260.334,346.003,
153838775011000,29,-71.551,225.815,-116.809,-53.213,260.334,346.003,
153838796983000,29,-71.551,225.815,-116.809,-53.213,260.334,346.003,
153838814409000,29,-71.551,225.815,-116.809,-53.213,260.334,346.003,
153838833757000,29,-71.551,226.187,-116.809,-53.213,260.334,346.003,
153838853746000,29,-71.551,226.187,-116.506,-53.213,260.334,346.003,
153838874284000,29,-71.551,226.187,-116.506,-53.213,260.334,346.003,
153838893785000,29,-71.221,226.187,-116.506,-53.213,260.334,346.003,
153838913774000,29,-71.221,226.187,-116.506,-53.213,260.334,346.003,
153838934587000,29,-71.221,226.503,-116.2,-53.213,260.334,346.003,
153838955064000,29,-70.817,226.503,-116.2,-53.213,260.334,346.003,
153838977037000,29,-70.817,226.503,-116.2,-53.213,260.334,346.003,
153838994463000,29,-70.817,226.503,-116.2,-53.213,260.334,346.003,
153839013719000,29,-70.446,226.503,-115.381,-53.213,260.334,346.003,
153839033708000,29,-70.446,226.503,-115.381,-53.213,260.334,346.003,
153839054124000,29,-70.446,226.838,-114.862,-53.213,260.334,346.003,
153839073686000,29,-70.446,226.838,-114.499,-53.213,260.334,346.003,
153839093645000,29,-70.446,226.838,-114.107,-53.213,260.334,346.003,
153839114244000,29,-70.446,226.838,-114.107,-53.213,260.334,346.003,
153839135118000,29,-70.092,227.168,-113.732,-53.213,260.334,346.003,
153839156084000,29,-70.092,227.168,-113.732,-53.213,260.334,346.003,
153839174883000,29,-70.092,227.168,-114.054,-53.213,260.334,346.003,
153839193803000,29,-70.092,227.559,-114.054,-53.213,260.334,346.003,
153839213792000,29,-70.092,227.559,-114.054,-53.213,260.334,346.003,
153839234148000,29,-69.774,227.559,-114.054,-53.213,260.334,346.003,
153839254137000,29,-69.774,227.916,-114.054,-53.213,260.334,346.003,
153839273851000,29,-69.774,227.916,-114.054,-53.213,260.334,346.003,
153839294298000,29,-69.774,228.29,-114.054,-53.213,260.334,346.003,
153839315294000,29,-69.774,228.938,-113.588,-53.213,260.334,346.003,
153839336076000,29,-69.774,230.858,-113.137,-53.213,260.334,346.003,
153839354906000,29,-69.774,231.865,-110.706,-53.213,260.334,346.003,
153839373949000,29,-69.317,232.803,-107.604,-53.213,260.334,346.003,
153839394060000,29,-69.317,232.803,-105.431,-53.213,260.334,346.003,
153839415239000,29,-68.502,233.308,-103.56,-53.213,260.334,346.003,
153839434068000,29,-67.148,233.308,-101.56,-53.213,260.334,346.003,
153839454271000,29,-66.179,233.651,-100.487,-53.213,260.334,346.003,
153839474748000,29,-66.179,233.651,-98.638,-53.213,260.334,346.003,
153839495683000,29,-65.877,233.651,-97.618,-53.213,260.334,346.003,
153839516496000,29,-65.877,233.651,-95.725,-53.213,260.334,346.003,
153839535020000,29,-65.877,233.996,-94.528,-53.213,260.334,346.003,
153839554216000,29,-65.877,233.996,-93.578,-53.213,260.334,346.003,
153839574175000,29,-65.877,233.287,-92.559,-53.213,260.334,346.003,
153839594682000,29,-65.349,232.698,-91.854,-53.213,260.334,346.003,
153839614214000,29,-65.349,231.848,-89.817,-53.213,260.334,346.003,
153839634111000,29,-65.349,231.099,-89.817,-53.213,260.334,346.003,
153839654894000,29,-65.349,230.575,-90.395,-53.213,260.334,346.003,
153839675584000,29,-65.839,231.167,-89.145,-53.213,260.334,346.003,
153839696550000,29,-65.839,231.167,-89.145,-53.213,260.334,346.003,
153839715105000,29,-65.839,231.167,-88.111,-53.213,260.334,346.003,
153839734392000,29,-65.839,231.167,-88.111,-53.213,260.334,346.003,
153839754350000,29,-65.839,231.167,-86.714,-53.213,260.334,346.003,
153839774736000,29,-65.839,230.485,-85.791,-53.213,260.334,346.003,
153839794359000,29,-65.839,228.961,-85.323,-53.213,260.334,346.003,
153839814439000,29,-65.839,228.004,-83.945,-53.213,260.334,346.003,
153839834947000,29,-65.839,226.826,-82.488,-53.213,260.334,346.003,
153839855760000,29,-65.839,225.97,-81.867,-53.213,260.334,346.003,
153839877733000,29,-65.839,224.159,-80.196,-53.213,260.334,346.003,
153839895555000,29,-65.839,223.448,-79.436,-53.213,260.334,346.003,
153839914537000,29,-65.514,222.871,-79.106,-53.213,260.334,346.003,
153839934587000,29,-65.514,222.421,-79.106,-53.213,260.334,346.003,
153839954820000,29,-64.798,221.655,-79.106,-53.213,260.334,346.003,
153839974474000,29,-64.798,221.098,-77.32,-53.213,260.334,346.003,
153839994524000,29,-64.274,220.595,-77.785,-53.213,260.334,346.003,
153840014940000,29,-64.65,220.933,-77.475,-53.213,260.334,346.003,
153840036028000,29,-64.65,220.933,-77.475,-53.213,260.334,346.003,
153840057909000,29,-64.65,220.598,-79.442,-53.213,260.334,346.003,
153840075517000,29,-64.65,221.321,-78.601,-53.213,260.334,346.003,
153840094682000,29,-64.65,221.321,-79.695,-53.213,260.334,346.003,
153840114702000,29,-64.997,221.321,-79.695,-53.213,260.334,346.003,
153840135454000,29,-64.997,221.635,-80.512,-53.213,260.334,346.003,
153840154741000,29,-64.997,221.208,-80.162,-53.213,260.334,346.003,
153840174730000,29,-64.602,221.974,-79.764,-53.213,260.334,346.003,
153840195146000,29,-64.602,221.974,-79.764,-53.213,260.334,346.003,
153840216142000,29,-64.602,221.664,-79.367,-53.213,260.334,346.003,
153840238084000,29,-64.602,221.664,-79.367,-53.213,260.334,346.003,
153840255540000,29,-64.602,221.228,-78.992,-53.213,260.334,346.003,
153840274919000,29,-64.602,221.228,-78.992,-53.213,260.334,346.003,
153840294786000,29,-64.602,221.228,-78.992,-53.213,260.334,346.003,
153840315416000,29,-64.602,221.228,-78.992,-53.213,260.334,346.003,
153840334947000,29,-64.602,221.228,-78.992,-53.213,260.334,346.003,
153840354936000,29,-64.963,221.228,-78.992,-53.213,260.334,346.003,
153840376085000,29,-64.963,220.906,-78.992,-53.213,260.334,346.003,
153840396257000,29,-64.963,220.906,-78.992,-53.213,260.334,346.003,
153840418352000,29,-64.963,220.906,-78.992,-53.213,260.334,346.003,
153840435747000,29,-64.963,220.906,-78.992,-53.213,260.334,346.003,
153840455064000,29,-64.963,220.906,-78.992,-53.213,260.334,346.003,
153840475084000,29,-64.963,220.906,-78.992,-53.213,260.334,346.003,
153840495439000,29,-64.963,220.906,-78.992,-53.213,260.334,346.003,
153840515093000,29,-64.963,220.906,-78.992,-53.213,260.334,346.003,
153840535112000,29,-64.963,220.906,-78.992,-53.213,260.334,346.003,
153840555620000,29,-64.963,220.906,-78.992,-53.213,260.334,346.003,
153840576463000,29,-64.963,220.906,-78.992,-53.213,260.334,346.003,
153840597429000,29,-64.963,220.906,-78.691,-53.213,260.334,346.003,
153840616258000,29,-64.963,220.906,-78.691,-53.213,260.334,346.003,
153840635149000,29,-64.963,220.569,-78.691,-53.213,260.334,346.003,
153840655229000,29,-64.963,220.569,-78.691,-53.213,260.334,346.003,
153840675584000,29,-64.963,220.569,-78.353,-53.213,260.334,346.003,
153840735948000,29,-64.963,220.569,-78.353,-53.213,260.334,346.003,
153840756792000,29,-64.963,220.245,-78.353,-53.213,260.334,346.003,
153840777757000,29,-64.963,220.245,-78.353,-53.213,260.334,346.003,
153840796404000,29,-64.963,220.245,-78.353,-53.213,260.334,346.003,
153840815447000,29,-64.963,220.245,-78.353,-53.213,260.334,346.003,
153840835436000,29,-64.963,220.245,-78.723,-53.213,260.334,346.003,
153840856065000,29,-64.963,220.245,-78.723,-53.213,260.334,346.003,
153840875414000,29,-64.963,220.245,-78.723,-53.213,260.334,346.003,
153840895464000,29,-64.963,219.922,-78.723,-53.213,260.334,346.003,
153840915819000,29,-64.963,219.922,-79.08,-53.213,260.334,346.003,
153840936876000,29,-64.963,219.922,-79.08,-53.213,260.334,346.003,
153840957750000,29,-65.314,219.922,-79.08,-53.213,260.334,346.003,
153840976305000,29,-65.314,219.922,-79.08,-53.213,260.334,346.003,
153840995531000,29,-65.314,219.922,-79.08,-53.213,260.334,346.003,
153841015581000,29,-65.314,219.922,-79.08,-53.213,260.334,346.003,
153841036058000,29,-65.314,219.922,-79.08,-53.213,260.334,346.003,
153841055589000,29,-65.314,219.922,-79.08,-53.213,260.334,346.003,
153841075670000,29,-65.314,219.922,-79.08,-53.213,260.334,346.003,
153841096361000,29,-65.314,219.922,-79.08,-53.213,260.334,346.003,
153841116960000,29,-65.314,219.612,-79.08,-53.213,260.334,346.003,
153841137987000,29,-65.314,219.612,-79.08,-53.213,260.334,346.003,
153841156480000,29,-65.314,219.612,-79.08,-53.213,260.334,346.003,
153841175676000,29,-65.314,219.612,-79.08,-53.213,260.334,346.003,
153841195787000,29,-65.314,219.612,-79.08,-53.213,260.334,346.003,
153841216112000,29,-65.314,219.612,-79.08,-53.213,260.334,346.003,
153841235735000,29,-65.314,219.612,-79.08,-53.213,260.334,346.003,
153841255754000,29,-65.314,219.612,-79.08,-53.213,260.334,346.003,
153841276353000,29,-65.314,219.612,-79.08,-53.213,260.334,346.003,
153841297105000,29,-65.314,219.612,-79.08,-53.213,260.334,346.003,
153841319200000,29,-65.314,219.612,-79.08,-53.213,260.334,346.003,
153841337450000,29,-65.314,219.612,-79.08,-53.213,260.334,346.003,
153841355913000,29,-65.314,219.926,-78.778,-53.213,260.334,346.003,
153841375841000,29,-65.314,219.926,-78.778,-53.213,260.334,346.003,
153841396257000,29,-65.314,219.926,-78.778,-53.213,260.334,346.003,
153841415941000,29,-65.314,219.926,-78.778,-53.213,260.334,346.003,
153841435960000,29,-65.314,219.926,-78.778,-53.213,260.334,346.003,
153841456377000,29,-65.314,219.926,-78.778,-53.213,260.334,346.003,
153841477342000,29,-65.314,219.926,-78.778,-53.213,260.334,346.003,
153841499284000,29,-65.314,219.926,-78.778,-53.213,260.334,346.003,
153841516954000,29,-65.314,219.426,-78.778,-53.213,260.334,346.003,
153841536119000,29,-65.314,218.898,-78.778,-53.213,260.334,346.003,
153841556078000,29,-65.314,217.946,-78.778,-53.213,260.334,346.003,
153841576799000,29,-65.314,216.478,-78.778,-53.213,260.334,346.003,
153841596117000,29,-65.314,214.915,-78.778,-53.213,260.334,346.003,
153841616167000,29,-65.314,213.553,-78.778,-53.213,260.334,346.003,
153841636552000,29,-65.314,212.683,-78.778,-53.213,260.334,346.003,
153841657488000,29,-65.314,212.045,-78.778,-53.213,260.334,346.003,
153841679521000,29,-65.314,212.382,-78.778,-53.213,260.334,346.003,
153841776506000,29,-66.569,205.873,-78.778,-53.213,260.334,346.003,
153841796526000,29,-66.079,203.094,-78.366,-53.213,260.334,346.003,
153841817094000,29,-66.079,200.151,-78.366,-53.213,260.334,346.003,
153841837663000,29,-66.079,199.154,-78.366,-53.213,260.334,346.003,
153841859758000,29,-66.079,198.602,-78.366,-53.213,260.334,346.003,
153841877184000,29,-66.079,197.955,-78.366,-53.213,260.334,346.003,
153841896410000,29,-66.39,197.375,-78.366,-53.213,260.334,346.003,
153841916429000,29,-66.39,196.194,-78.366,-53.213,260.334,346.003,
153841936754000,29,-66.39,194.035,-79.16,-53.213,260.334,346.003,
153841956499000,29,-66.39,191.63,-81.331,-53.213,260.334,346.003,
153841976488000,29,-66.39,190.075,-83.196,-53.213,260.334,346.003,
153841997026000,29,-66.39,189.094,-85.419,-53.213,260.334,346.003,
153842017870000,29,-66.39,188.479,-86.943,-53.213,260.334,346.003,
153842038805000,29,-66.042,188.479,-88.106,-53.213,260.334,346.003,
153842057634000,29,-66.042,188.479,-88.513,-53.213,260.334,346.003,
153842076585000,29,-66.042,188.838,-89.575,-53.213,260.334,346.003,
153842096574000,29,-66.042,188.838,-89.92,-53.213,260.334,346.003,
153842116960000,29,-66.042,188.838,-90.28,-53.213,260.334,346.003,
153842136552000,29,-65.72,188.444,-90.28,-53.213,260.334,346.003,
153842156694000,29,-65.72,188.939,-90.673,-53.213,260.334,346.003,
153842177415000,29,-65.72,189.5,-91.062,-53.213,260.334,346.003,
153842198045000,29,-65.72,189.5,-91.626,-53.213,260.334,346.003,
153842219041000,29,-65.72,190.339,-92.33,-53.213,260.334,346.003,
153842237596000,29,-65.72,190.846,-92.33,-53.213,260.334,346.003,
153842297929000,29,-66.823,190.938,-93.83,-53.213,260.334,346.003,
153842316820000,29,-66.823,190.082,-93.485,-53.213,260.334,346.003,
153842336870000,29,-66.823,189.564,-94.011,-53.213,260.334,346.003,
153842357530000,29,-66.823,189.564,-93.677,-53.213,260.334,346.003,
153842378252000,29,-67.193,189.564,-93.677,-53.213,260.334,346.003,
153842399187000,29,-67.193,189.564,-93.155,-53.213,260.334,346.003,
153842417650000,29,-67.193,189.564,-93.155,-53.213,260.334,346.003,
153842436937000,29,-67.193,189.564,-93.155,-53.213,260.334,346.003,
153842456987000,29,-67.193,189.564,-93.155,-53.213,260.334,346.003,
153842477525000,29,-67.193,189.564,-93.155,-53.213,260.334,346.003,
153842497026000,29,-67.193,189.564,-93.155,-53.213,260.334,346.003,
153842517015000,29,-67.193,189.564,-93.155,-53.213,260.334,346.003,
153842537798000,29,-67.193,189.564,-93.155,-53.213,260.334,346.003,
153842558366000,29,-67.193,189.564,-93.155,-53.213,260.334,346.003,
153842579363000,29,-67.193,189.564,-93.155,-53.213,260.334,346.003,
153842597887000,29,-67.193,189.564,-93.155,-53.213,260.334,346.003,
153842617143000,29,-67.193,189.564,-93.155,-53.213,260.334,346.003,
153842637102000,29,-67.193,189.564,-93.155,-53.213,260.334,346.003,
153842657426000,29,-67.193,189.564,-92.322,-53.213,260.334,346.003,
153842677141000,29,-67.193,189.564,-92.322,-53.213,260.334,346.003,
153842697221000,29,-66.776,189.564,-91.916,-53.213,260.334,346.003,
153842717668000,29,-66.776,189.564,-91.916,-53.213,260.334,346.003,
153842738573000,29,-66.776,189.564,-91.289,-53.213,260.334,346.003,
153842759569000,29,-66.776,189.564,-91.289,-53.213,260.334,346.003,
153842778398000,29,-66.43,189.564,-91.289,-53.213,260.334,346.003,
153842797289000,29,-66.43,189.564,-91.289,-53.213,260.334,346.003,
153842817308000,29,-66.43,189.564,-91.289,-53.213,260.334,346.003,
153842837663000,29,-66.43,189.564,-91.289,-53.213,260.334,346.003,
153842857317000,29,-66.43,189.915,-91.289,-53.213,260.334,346.003,
153842877397000,29,-66.43,189.915,-90.959,-53.213,260.334,346.003,
153842897752000,29,-66.43,189.915,-90.959,-53.213,260.334,346.003,
153842918718000,29,-66.43,189.915,-90.959,-53.213,260.334,346.003,
153842939745000,29,-66.43,190.301,-90.959,-53.213,260.334,346.003,
153842958269000,29,-66.43,190.301,-90.633,-53.213,260.334,346.003,
153842977434000,29,-66.43,190.301,-90.633,-53.213,260.334,346.003,
153842997392000,29,-66.43,190.301,-90.633,-53.213,260.334,346.003,
153843018114000,29,-66.43,190.62,-90.633,-53.213,260.334,346.003,
153843037553000,29,-66.43,190.62,-90.633,-53.213,260.334,346.003,
153843057573000,29,-66.43,190.62,-90.633,-53.213,260.334,346.003,
153843077989000,29,-66.43,191.079,-90.633,-53.213,260.334,346.003,
153843098924000,29,-66.43,191.079,-90.633,-53.213,260.334,346.003,
153843119859000,29,-66.43,191.079,-90.633,-53.213,260.334,346.003,
153843138353000,29,-66.43,191.079,-90.633,-53.213,260.334,346.003,
153843157610000,29,-66.43,191.079,-90.633,-53.213,260.334,346.003,
153843177538000,29,-66.43,191.079,-90.633,-53.213,260.334,346.003,
153843198076000,29,-66.43,191.44,-90.633,-53.213,260.334,346.003,
153843217638000,29,-66.43,191.44,-90.633,-53.213,260.334,346.003,
153843237688000,29,-66.43,191.44,-90.633,-53.213,260.334,346.003,
153843258897000,29,-66.43,191.44,-90.633,-53.213,260.334,346.003,
153843279375000,29,-66.43,191.74,-90.633,-53.213,260.334,346.003,
153843306352000,29,-66.43,191.74,-90.633,-53.213,260.334,346.003,
153843318559000,29,-66.43,191.74,-90.633,-53.213,260.334,346.003,
153843337816000,29,-66.43,191.74,-90.309,-53.213,260.334,346.003,
153843357774000,29,-66.43,191.74,-90.309,-53.213,260.334,346.003,
153843378191000,29,-66.43,191.74,-90.309,-53.213,260.334,346.003,
153843397813000,29,-66.43,191.74,-90.309,-53.213,260.334,346.003,
153843417894000,29,-66.43,191.74,-90.309,-53.213,260.334,346.003,
153843438432000,29,-66.43,191.74,-90.309,-53.213,260.334,346.003,
153843459306000,29,-66.43,191.74,-90.309,-53.213,260.334,346.003,
153843480302000,29,-66.43,191.401,-90.882,-53.213,260.334,346.003,
153843499040000,29,-66.43,191.401,-90.882,-53.213,260.334,346.003,
153843517992000,29,-66.43,191.401,-90.882,-53.213,260.334,346.003,
153843537950000,29,-66.43,191.401,-90.882,-53.213,260.334,346.003,
153843558336000,29,-66.43,191.401,-90.882,-53.213,260.334,346.003,
153843578020000,29,-66.43,191.401,-90.882,-53.213,260.334,346.003,
153843598039000,29,-66.43,190.959,-90.882,-53.213,260.334,346.003,
153843618425000,29,-66.088,190.959,-90.882,-53.213,260.334,346.003,
153843639421000,29,-66.088,190.483,-90.882,-53.213,260.334,346.003,
153843660356000,29,-66.088,190.483,-90.882,-53.213,260.334,346.003,
153843678911000,29,-66.088,189.802,-90.882,-53.213,260.334,346.003,
153843698442000,29,-65.746,189.123,-90.882,-53.213,260.334,346.003,
153843718126000,29,-65.746,188.672,-90.572,-53.213,260.334,346.003,
153843738908000,29,-65.746,188.672,-90.572,-53.213,260.334,346.003,
153843778337000,29,-65.406,188.672,-90.241,-53.213,260.334,346.003,
153843798784000,29,-65.406,188.672,-90.241,-53.213,260.334,346.003,
153843820299000,29,-65.406,188.672,-90.241,-53.213,260.334,346.003,
153843840715000,29,-65.406,188.672,-90.241,-53.213,260.334,346.003,
153843859056000,29,-65.406,188.672,-90.241,-53.213,260.334,346.003,
153843878343000,29,-65.091,188.672,-90.241,-53.213,260.334,346.003,
153843898332000,29,-65.091,188.672,-90.241,-53.213,260.334,346.003,
153843918810000,29,-65.091,188.672,-90.241,-53.213,260.334,346.003,
153843938432000,29,-65.091,188.672,-90.241,-53.213,260.334,346.003,
153843958391000,29,-65.091,188.672,-90.241,-53.213,260.334,346.003,
153843979051000,29,-65.091,189.218,-90.241,-53.213,260.334,346.003,
153843999712000,29,-65.091,189.218,-90.241,-53.213,260.334,346.003,
153844020769000,29,-65.091,189.218,-90.241,-53.213,260.334,346.003,
153844039140000,29,-65.091,189.218,-89.908,-53.213,260.334,346.003,
153844058397000,29,-65.091,188.826,-89.908,-53.213,260.334,346.003,
153844078447000,29,-65.091,188.826,-89.908,-53.213,260.334,346.003,
153844098863000,29,-65.091,188.499,-89.269,-53.213,260.334,346.003,
153844118517000,29,-65.091,188.499,-88.758,-53.213,260.334,346.003,
153844138597000,29,-65.091,188.499,-88.758,-53.213,260.334,346.003,
153844159074000,29,-65.091,188.862,-88.263,-53.213,260.334,346.003,
153844179979000,29,-65.091,188.862,-88.263,-53.213,260.334,346.003,
153844200914000,29,-65.091,188.862,-88.263,-53.213,260.334,346.003,
153844220140000,29,-65.091,188.862,-88.841,-53.213,260.334,346.003,
153844238634000,29,-65.091,188.862,-88.841,-53.213,260.334,346.003,
153844258623000,29,-65.091,188.862,-88.841,-53.213,260.334,346.003,
153844279070000,29,-65.091,188.862,-88.841,-53.213,260.334,346.003,
153844298784000,29,-65.091,188.862,-88.841,-53.213,260.334,346.003,
153844318712000,29,-65.091,188.862,-88.841,-53.213,260.334,346.003,
153844339098000,29,-65.091,188.862,-88.841,-53.213,260.334,346.003,
153844360094000,29,-65.091,188.862,-89.528,-53.213,260.334,346.003,
153844381029000,29,-65.091,188.44,-90.18,-53.213,260.334,346.003,
153844399645000,29,-64.785,188.44,-90.18,-53.213,260.334,346.003,
153844418810000,29,-64.785,188.44,-91.535,-53.213,260.334,346.003,
153844438829000,29,-64.785,188.44,-91.535,-53.213,260.334,346.003,
153844459520000,29,-64.785,188.44,-91.535,-53.213,260.334,346.003,
153844478838000,29,-64.785,188.44,-91.535,-53.213,260.334,346.003,
153844498888000,29,-65.087,188.44,-91.095,-53.213,260.334,346.003,
153844519334000,29,-65.087,188.44,-90.654,-53.213,260.334,346.003,
153844540270000,29,-65.087,188.44,-90.654,-53.213,260.334,346.003,
153844561205000,29,-65.087,188.74,-90.654,-53.213,260.334,346.003,
153844579668000,29,-65.087,188.74,-90.253,-53.213,260.334,346.003,
153844598955000,29,-65.42,188.74,-90.253,-53.213,260.334,346.003,
153844618974000,29,-65.42,188.74,-90.253,-53.213,260.334,346.003,
153844639513000,29,-65.42,188.74,-90.253,-53.213,260.334,346.003,
153844659013000,29,-65.42,188.74,-90.253,-53.213,260.334,346.003,
153844679094000,29,-65.42,188.74,-89.882,-53.213,260.334,346.003,
153844699815000,29,-65.42,188.74,-89.882,-53.213,260.334,346.003,
153844720537000,29,-65.42,188.74,-89.882,-53.213,260.334,346.003,
153844741472000,29,-65.42,188.74,-89.882,-53.213,260.334,346.003,
153844759966000,29,-65.42,188.74,-90.291,-53.213,260.334,346.003,
153844779100000,29,-65.42,188.74,-90.291,-53.213,260.334,346.003,
153844799150000,29,-65.42,188.74,-90.291,-53.213,260.334,346.003,
153844819566000,29,-65.42,188.74,-90.291,-53.213,260.334,346.003,
153844839281000,29,-65.42,188.74,-90.291,-53.213,260.334,346.003,
153844859209000,29,-65.42,188.74,-90.291,-53.213,260.334,346.003,
153844879686000,29,-65.821,188.74,-91.28,-53.213,260.334,346.003,
153844900621000,29,-66.317,188.74,-92.502,-53.213,260.334,346.003,
153844921587000,29,-67.331,188.412,-95.018,-53.213,260.334,346.003,
153844940385000,29,-67.838,188.412,-97.298,-53.213,260.334,346.003,
153844959337000,29,-68.543,186.682,-98.932,-53.213,260.334,346.003,
153845039476000,29,-70.154,185.002,-108.443,-53.213,260.334,346.003,
153845059923000,29,-70.495,185.899,-110.526,-53.213,260.334,346.003,
153845080949000,29,-70.853,186.883,-113.063,-53.213,260.334,346.003,
153845101915000,29,-71.641,188.432,-113.736,-53.213,260.334,346.003,
153845120622000,29,-71.641,189.325,-114.688,-53.213,260.334,346.003,
153845139757000,29,-71.641,189.905,-115.52,-53.213,260.334,346.003,
153845159593000,29,-71.212,189.905,-115.898,-53.213,260.334,346.003,
153845180864000,29,-71.212,188.923,-116.319,-53.213,260.334,346.003,
153845199693000,29,-72.275,187.55,-116.762,-53.213,260.334,346.003,
153845219682000,29,-72.725,187.55,-117.128,-53.213,260.334,346.003,
153845240129000,29,-73.139,187.55,-117.128,-53.213,260.334,346.003,
153845261003000,29,-73.139,188.522,-117.128,-53.213,260.334,346.003,
153845281908000,29,-73.139,188.957,-117.462,-53.213,260.334,346.003,
153845300401000,29,-74.381,189.3,-118.152,-53.213,260.334,346.003,
153845319719000,29,-74.381,189.938,-118.152,-53.213,260.334,346.003,
153845339738000,29,-74.936,189.938,-118.781,-53.213,260.334,346.003,
153845360185000,29,-74.596,189.938,-118.781,-53.213,260.334,346.003,
153845379747000,29,-74.596,190.817,-118.781,-53.213,260.334,346.003,
153845399767000,29,-75.051,190.333,-119.084,-53.213,260.334,346.003,
153845420519000,29,-75.051,190.333,-119.538,-53.213,260.334,346.003,
153845441148000,29,-75.051,190.333,-119.538,-53.213,260.334,346.003,
153845462145000,29,-75.051,190.333,-119.538,-53.213,260.334,346.003,
153845480608000,29,-74.642,190.333,-120.226,-53.213,260.334,346.003,
153845499864000,29,-74.642,191.028,-121.109,-53.213,260.334,346.003,
153845519884000,29,-74.642,191.642,-121.109,-53.213,260.334,346.003,
153845540300000,29,-74.642,191.642,-122.345,-53.213,260.334,346.003,
153845559953000,29,-74.642,192.456,-123.216,-53.213,260.334,346.003,
153845579973000,29,-74.952,192.456,-123.216,-53.213,260.334,346.003,
153845600481000,29,-74.952,192.929,-124.449,-53.213,260.334,346.003,
153845621355000,29,-74.952,192.929,-124.449,-53.213,260.334,346.003,
153845643266000,29,-74.952,192.929,-125.177,-53.213,260.334,346.003,
153845661089000,29,-74.63,192.929,-125.177,-53.213,260.334,346.003,
153845680071000,29,-74.63,192.929,-125.177,-53.213,260.334,346.003,
153845700121000,29,-74.63,192.929,-125.586,-53.213,260.334,346.003,
153845720415000,29,-74.63,192.929,-125.586,-53.213,260.334,346.003,
153845740068000,29,-74.271,192.929,-125.586,-53.213,260.334,346.003,
153845760118000,29,-74.271,193.316,-126.006,-53.213,260.334,346.003,
153845780534000,29,-74.271,193.316,-126.006,-53.213,260.334,346.003,
153845801500000,29,-73.968,193.644,-126.543,-53.213,260.334,346.003,
153845823564000,29,-73.968,193.644,-126.543,-53.213,260.334,346.003,
153845841051000,29,-73.968,194.088,-126.889,-53.213,260.334,346.003,
153845860216000,29,-73.968,194.088,-126.889,-53.213,260.334,346.003,
153845880266000,29,-73.592,194.438,-126.889,-53.213,260.334,346.003,
153845900957000,29,-73.592,194.438,-126.889,-53.213,260.334,346.003,
153845920244000,29,-73.592,194.438,-126.889,-53.213,260.334,346.003,
153845940294000,29,-73.592,194.809,-126.889,-53.213,260.334,346.003,
153845960832000,29,-73.592,194.809,-126.889,-53.213,260.334,346.003,
153845981676000,29,-73.592,194.809,-126.889,-53.213,260.334,346.003,
153846003709000,29,-73.592,194.809,-127.291,-53.213,260.334,346.003,
153846021104000,29,-73.592,194.809,-127.291,-53.213,260.334,346.003,
153846040361000,29,-73.592,194.809,-127.64,-53.213,260.334,346.003,
153846066240000,29,-73.266,194.809,-127.64,-53.213,260.334,346.003,
153846080888000,29,-73.266,194.809,-128.032,-53.213,260.334,346.003,
153846100481000,29,-73.266,194.809,-128.032,-53.213,260.334,346.003,
153846120409000,29,-73.266,194.809,-128.429,-53.213,260.334,346.003,
153846141649000,29,-73.266,194.809,-128.429,-53.213,260.334,346.003,
153846161760000,29,-73.266,194.809,-128.821,-53.213,260.334,346.003,
153846182695000,29,-72.934,194.809,-128.821,-53.213,260.334,346.003,
153846201219000,29,-72.934,194.809,-129.164,-53.213,260.334,346.003,
153846220537000,29,-72.934,194.809,-129.164,-53.213,260.334,346.003,
153846240526000,29,-72.934,194.809,-129.489,-53.213,260.334,346.003,
153846260912000,29,-72.934,194.809,-129.489,-53.213,260.334,346.003,
153846280626000,29,-72.934,194.491,-129.798,-53.213,260.334,346.003,
153846300615000,29,-72.934,194.491,-129.798,-53.213,260.334,346.003,
153846322069000,29,-72.934,194.491,-130.133,-53.213,260.334,346.003,
153846341966000,29,-72.934,194.491,-130.133,-53.213,260.334,346.003,
153846363054000,29,-72.934,194.491,-130.133,-53.213,260.334,346.003,
153846381792000,29,-72.934,194.162,-130.501,-53.213,260.334,346.003,
153846400743000,29,-72.934,194.162,-130.501,-53.213,260.334,346.003,
153846420763000,29,-72.934,194.162,-130.501,-53.213,260.334,346.003,
153846441148000,29,-72.934,194.162,-130.829,-53.213,260.334,346.003,
153846460802000,29,-72.934,194.162,-130.829,-53.213,260.334,346.003,
153846480791000,29,-72.934,194.162,-130.829,-53.213,260.334,346.003,
153846501207000,29,-73.264,194.162,-130.829,-53.213,260.334,346.003,
153846522203000,29,-73.264,194.162,-130.829,-53.213,260.334,346.003,
153846543077000,29,-73.264,194.162,-130.829,-53.213,260.334,346.003,
153846561784000,29,-73.264,194.162,-130.829,-53.213,260.334,346.003,
153846580919000,29,-73.569,194.162,-131.159,-53.213,260.334,346.003,
153846600908000,29,-73.569,194.162,-131.159,-53.213,260.334,346.003,
153846621599000,29,-73.569,194.162,-131.159,-53.213,260.334,346.003,
153846641039000,29,-73.89,194.162,-131.159,-53.213,260.334,346.003,
153846660997000,29,-73.89,194.162,-131.504,-53.213,260.334,346.003,
153846681383000,29,-73.89,194.162,-131.504,-53.213,260.334,346.003,
153846702318000,29,-73.89,194.162,-131.504,-53.213,260.334,346.003,
153846723253000,29,-74.245,194.162,-131.504,-53.213,260.334,346.003,
153846741747000,29,-74.245,194.162,-131.81,-53.213,260.334,346.003,
153846761308000,29,-74.245,194.162,-131.81,-53.213,260.334,346.003,
153846781114000,29,-74.55,194.162,-131.81,-53.213,260.334,346.003,
153846801622000,29,-74.55,194.162,-131.81,-53.213,260.334,346.003,
153846821123000,29,-74.55,194.162,-132.294,-53.213,260.334,346.003,
153846841173000,29,-74.923,194.162,-132.294,-53.213,260.334,346.003,
153846861894000,29,-74.923,194.162,-132.294,-53.213,260.334,346.003,
153846882463000,29,-74.923,194.162,-132.73,-53.213,260.334,346.003,
153846904588000,29,-75.239,194.162,-132.73,-53.213,260.334,346.003,
153846922044000,29,-75.239,194.162,-133.083,-53.213,260.334,346.003,
153846941270000,29,-75.239,194.162,-133.083,-53.213,260.334,346.003,
153846961259000,29,-75.239,194.162,-133.519,-53.213,260.334,346.003,
153846981615000,29,-75.239,194.162,-133.519,-53.213,260.334,346.003,
153847001360000,29,-75.554,194.162,-133.837,-53.213,260.334,346.003,
153847021257000,29,-75.554,194.162,-133.837,-53.213,260.334,346.003,
153847041795000,29,-75.554,194.162,-134.435,-53.213,260.334,346.003,
153847062761000,29,-75.554,194.162,-134.435,-53.213,260.334,346.003,
153847084795000,29,-75.554,193.818,-134.793,-53.213,260.334,346.003,
153847103075000,29,-75.554,193.818,-134.793,-53.213,260.334,346.003,
153847121416000,29,-75.554,193.818,-134.793,-53.213,260.334,346.003,
153847141405000,29,-75.554,193.425,-134.793,-53.213,260.334,346.003,
153847161852000,29,-75.554,193.425,-135.251,-53.213,260.334,346.003,
153847181596000,29,-75.554,193.425,-135.251,-53.213,260.334,346.003,
153847201524000,29,-75.24,193.028,-135.251,-53.213,260.334,346.003,
153847221910000,29,-75.24,193.028,-135.617,-53.213,260.334,346.003,
153847242845000,29,-75.24,193.028,-135.617,-53.213,260.334,346.003,
153847263902000,29,-75.24,192.567,-135.617,-53.213,260.334,346.003,
153847282518000,29,-75.24,192.567,-135.965,-53.213,260.334,346.003,
153847301653000,29,-74.846,192.233,-135.965,-53.213,260.334,346.003,
153847321642000,29,-74.846,192.233,-135.965,-53.213,260.334,346.003,
153847342363000,29,-74.846,191.868,-135.965,-53.213,260.334,346.003,
153847361681000,29,-74.846,191.868,-136.266,-53.213,260.334,346.003,
153847381670000,29,-74.846,191.868,-136.266,-53.213,260.334,346.003,
153847402116000,29,-74.846,191.485,-136.266,-53.213,260.334,346.003,
153847423051000,29,-74.846,191.485,-136.266,-53.213,260.334,346.003,
153847445055000,29,-74.846,191.485,-136.266,-53.213,260.334,346.003,
153847462480000,29,-74.846,191.485,-136.266,-53.213,260.334,346.003,
153847481737000,29,-74.846,191.185,-136.266,-53.213,260.334,346.003,
153847501787000,29,-74.846,191.185,-136.266,-53.213,260.334,346.003,
153847522295000,29,-74.846,191.185,-136.266,-53.213,260.334,346.003,
153847541826000,29,-74.846,191.185,-136.266,-53.213,260.334,346.003,
153847561845000,29,-74.846,191.185,-136.266,-53.213,260.334,346.003,
153847582567000,29,-74.846,191.185,-135.956,-53.213,260.334,346.003,
153847603532000,29,-74.846,191.185,-135.956,-53.213,260.334,346.003,
153847624223000,29,-74.846,190.841,-135.956,-53.213,260.334,346.003,
153847642839000,29,-74.846,190.841,-135.956,-53.213,260.334,346.003,
153847662065000,29,-74.846,190.841,-135.956,-53.213,260.334,346.003,
153847682115000,29,-74.846,190.841,-135.956,-53.213,260.334,346.003,
153847702409000,29,-74.846,190.841,-135.956,-53.213,260.334,346.003,
153847722002000,29,-74.846,190.841,-135.956,-53.213,260.334,346.003,
153847741991000,29,-74.846,190.841,-135.956,-53.213,260.334,346.003,
153847762590000,29,-74.846,190.841,-135.956,-53.213,260.334,346.003,
153847842088000,29,-75.156,190.53,-135.631,-53.213,260.334,346.003,
153847862169000,29,-75.156,190.53,-135.631,-53.213,260.334,346.003,
153847882555000,29,-75.156,190.53,-135.631,-53.213,260.334,346.003,
153847902238000,29,-75.156,190.53,-135.631,-53.213,260.334,346.003,
153847922197000,29,-75.156,190.53,-135.631,-53.213,260.334,346.003,
153847942613000,29,-75.156,190.53,-135.631,-53.213,260.334,346.003,
153847963579000,29,-75.156,190.228,-135.631,-53.213,260.334,346.003,
153847985582000,29,-75.156,190.228,-135.631,-53.213,260.334,346.003,
153848003160000,29,-75.156,190.228,-135.631,-53.213,260.334,346.003,
153848027055000,29,-75.156,190.228,-135.631,-53.213,260.334,346.003,
153848042223000,29,-75.156,190.228,-135.631,-53.213,260.334,346.003,
153848063432000,29,-75.156,190.228,-135.631,-53.213,260.334,346.003,
153848082292000,29,-75.156,190.228,-135.631,-53.213,260.334,346.003,
153848102312000,29,-75.156,190.228,-135.631,-53.213,260.334,346.003,
153848122759000,29,-75.156,190.228,-135.631,-53.213,260.334,346.003,
153848143785000,29,-75.156,190.228,-135.631,-53.213,260.334,346.003,
153848164629000,29,-75.156,190.228,-135.631,-53.213,260.334,346.003,
153848183122000,29,-75.156,190.228,-135.631,-53.213,260.334,346.003,
153848202440000,29,-75.156,190.228,-135.631,-53.213,260.334,346.003,
153848222490000,29,-75.156,190.228,-135.631,-53.213,260.334,346.003,
153848242967000,29,-75.156,190.228,-135.631,-53.213,260.334,346.003,
153848262499000,29,-75.156,190.228,-135.329,-53.213,260.334,346.003,
153848282518000,29,-75.156,190.228,-135.329,-53.213,260.334,346.003,
153848303209000,29,-75.156,190.228,-135.329,-53.213,260.334,346.003,
153848323961000,29,-75.156,190.541,-135.329,-53.213,260.334,346.003,
153848344926000,29,-75.156,190.541,-135.329,-53.213,260.334,346.003,
153848363329000,29,-75.156,190.541,-135.329,-53.213,260.334,346.003,
153848382616000,29,-75.156,190.541,-135.329,-53.213,260.334,346.003,
153848402635000,29,-75.156,190.904,-135.329,-53.213,260.334,346.003,
153848422990000,29,-75.156,190.904,-135.329,-53.213,260.334,346.003,
153848442674000,29,-75.156,190.904,-134.973,-53.213,260.334,346.003,
153848462724000,29,-75.156,190.904,-134.973,-53.213,260.334,346.003,
153848483232000,29,-75.156,191.267,-134.973,-53.213,260.334,346.003,
153848504076000,29,-75.156,191.267,-134.973,-53.213,260.334,346.003,
153848525072000,29,-75.156,191.267,-134.973,-53.213,260.334,346.003,
153848543901000,29,-75.156,191.267,-134.973,-53.213,260.334,346.003,
153848562761000,29,-75.156,191.267,-134.645,-53.213,260.334,346.003,
153848582719000,29,-75.156,191.267,-134.645,-53.213,260.334,346.003,
153848603349000,29,-75.156,191.267,-134.645,-53.213,260.334,346.003,
153848622850000,29,-75.156,191.267,-134.645,-53.213,260.334,346.003,
153848642900000,29,-74.807,191.267,-134.645,-53.213,260.334,346.003,
153848663225000,29,-74.807,191.267,-134.645,-53.213,260.334,346.003,
153848684160000,29,-74.807,191.267,-134.645,-53.213,260.334,346.003,
153848705248000,29,-74.807,191.267,-134.645,-53.213,260.334,346.003,
153848723863000,29,-74.416,191.267,-134.645,-53.213,260.334,346.003,
153848742967000,29,-74.416,191.267,-134.645,-53.213,260.334,346.003,
153848762987000,29,-74.416,191.267,-134.645,-53.213,260.334,346.003,
153848783678000,29,-74.416,191.267,-134.645,-53.213,260.334,346.003,
153848923418000,29,-73.641,190.939,-134.645,-53.213,260.334,346.003,
153848943376000,29,-73.292,190.939,-134.645,-53.213,260.334,346.003,
153848963762000,29,-73.292,190.939,-134.645,-53.213,260.334,346.003,
153848983324000,29,-73.292,190.939,-134.645,-53.213,260.334,346.003,
153849003343000,29,-73.292,190.634,-134.645,-53.213,260.334,346.003,
153849024492000,29,-72.945,190.634,-134.645,-53.213,260.334,346.003,
153849044725000,29,-72.945,190.634,-134.645,-53.213,260.334,346.003,
153849065691000,29,-72.945,190.634,-134.645,-53.213,260.334,346.003,
153849084123000,29,-72.579,190.634,-134.317,-53.213,260.334,346.003,
153849103441000,29,-72.579,190.634,-134.317,-53.213,260.334,346.003,
153849123491000,29,-72.579,190.634,-134.317,-53.213,260.334,346.003,
153849143846000,29,-72.191,190.634,-134.317,-53.213,260.334,346.003,
153849163499000,29,-72.191,190.634,-134.317,-53.213,260.334,346.003,
153849183519000,29,-72.191,190.318,-134.317,-53.213,260.334,346.003,
153849204057000,29,-71.808,190.318,-134.317,-53.213,260.334,346.003,
153849224931000,29,-71.808,190.318,-133.994,-53.213,260.334,346.003,
153849245866000,29,-71.808,190.318,-133.994,-53.213,260.334,346.003,
153849264635000,29,-71.489,190.318,-133.994,-53.213,260.334,346.003,
153849283556000,29,-71.489,190.318,-133.994,-53.213,260.334,346.003,
153849303606000,29,-71.489,190.318,-133.994,-53.213,260.334,346.003,
153849323961000,29,-71.489,190.318,-133.994,-53.213,260.334,346.003,
153849348131000,29,-71.119,190.318,-133.994,-53.213,260.334,346.003,
153849363664000,29,-71.119,190.318,-133.994,-53.213,260.334,346.003,
153849384020000,29,-71.119,190.318,-133.994,-53.213,260.334,346.003,
153849405077000,29,-71.119,190.318,-133.994,-53.213,260.334,346.003,
153849427049000,29,-71.119,190.318,-133.994,-53.213,260.334,346.003,
153849444597000,29,-71.119,190.318,-133.994,-53.213,260.334,346.003,
153849463640000,29,-71.119,190.318,-133.689,-53.213,260.334,346.003,
153849483659000,29,-71.119,190.318,-133.689,-53.213,260.334,346.003,
153849504411000,29,-71.119,190.318,-133.689,-53.213,260.334,346.003,
153849523729000,29,-71.119,190.318,-133.689,-53.213,260.334,346.003,
153849543718000,29,-71.119,190.318,-133.689,-53.213,260.334,346.003,
153849564073000,29,-71.119,190.318,-133.689,-53.213,260.334,346.003,
153849585069000,29,-71.119,190.318,-133.35,-53.213,260.334,346.003,
153849606096000,29,-71.119,190.318,-133.35,-53.213,260.334,346.003,
153849624559000,29,-71.119,190.318,-133.35,-53.213,260.334,346.003,
153849643816000,29,-71.119,190.318,-133.35,-53.213,260.334,346.003,
153849663866000,29,-71.119,190.318,-133.35,-53.213,260.334,346.003,
153849684312000,29,-71.119,190.318,-133.35,-53.213,260.334,346.003,
153849703935000,29,-71.119,190.318,-133.35,-53.213,260.334,346.003,
153849723955000,29,-71.119,190.318,-133.019,-53.213,260.334,346.003,
153849744676000,29,-71.119,190.318,-133.019,-53.213,260.334,346.003,
153849765184000,29,-71.119,190.318,-133.019,-53.213,260.334,346.003,
153849786241000,29,-71.119,190.318,-133.019,-53.213,260.334,346.003,
153849804765000,29,-71.119,190.318,-133.019,-53.213,260.334,346.003,
153849824022000,29,-71.119,190.318,-133.019,-53.213,260.334,346.003,
153849844072000,29,-71.119,190.318,-133.019,-53.213,260.334,346.003,
153849864366000,29,-71.119,190.318,-132.706,-53.213,260.334,346.003,
153849884050000,29,-71.119,190.318,-132.706,-53.213,260.334,346.003,
153849904100000,29,-71.119,190.318,-132.706,-53.213,260.334,346.003,
153849924638000,29,-71.119,190.318,-132.706,-53.213,260.334,346.003,
153849945848000,29,-71.119,190.318,-132.706,-53.213,260.334,346.003,
153849967394000,29,-71.119,190.318,-132.706,-53.213,260.334,346.003,
153849985735000,29,-71.119,190.318,-132.706,-53.213,260.334,346.003,
153850004228000,29,-71.119,190.318,-132.706,-53.213,260.334,346.003,
153850104753000,29,-71.468,190.318,-132.366,-53.213,260.334,346.003,
153850125810000,29,-71.468,190.318,-132.366,-53.213,260.334,346.003,
153850147752000,29,-71.468,190.318,-132.366,-53.213,260.334,346.003,
153850165361000,29,-71.468,190.318,-132.366,-53.213,260.334,346.003,
153850184404000,29,-71.468,190.318,-132.366,-53.213,260.334,346.003,
153850204515000,29,-71.468,190.318,-132.366,-53.213,260.334,346.003,
153850225176000,29,-71.468,190.318,-132.366,-53.213,260.334,346.003,
153850244554000,29,-71.468,190.318,-132.366,-53.213,260.334,346.003,
153850264574000,29,-71.468,190.318,-132.366,-53.213,260.334,346.003,
153850284990000,29,-71.468,190.318,-132.366,-53.213,260.334,346.003,
153850305772000,29,-71.468,190.318,-132.366,-53.213,260.334,346.003,
153850326738000,29,-71.468,190.318,-132.366,-53.213,260.334,346.003,
153850345293000,29,-71.468,190.318,-132.042,-53.213,260.334,346.003,
153850364488000,29,-71.468,190.318,-132.042,-53.213,260.334,346.003,
153850384538000,29,-71.468,190.625,-132.042,-53.213,260.334,346.003,
153850405046000,29,-71.468,190.625,-132.042,-53.213,260.334,346.003,
153850424547000,29,-71.468,190.625,-132.042,-53.213,260.334,346.003,
153850444597000,29,-71.468,190.625,-132.042,-53.213,260.334,346.003,
153850465349000,29,-71.468,190.625,-132.042,-53.213,260.334,346.003,
153850485979000,29,-71.468,190.625,-132.042,-53.213,260.334,346.003,
153850506914000,29,-71.468,190.625,-132.042,-53.213,260.334,346.003,
153850525438000,29,-71.468,190.625,-131.671,-53.213,260.334,346.003,
153850544695000,29,-71.468,190.625,-131.671,-53.213,260.334,346.003,
153850564745000,29,-71.468,190.625,-131.671,-53.213,260.334,346.003,
153850585130000,29,-71.468,190.941,-131.671,-53.213,260.334,346.003,
153850604814000,29,-71.468,190.941,-131.671,-53.213,260.334,346.003,
153850624773000,29,-71.468,190.941,-131.671,-53.213,260.334,346.003,
153850645372000,29,-71.468,190.941,-131.671,-53.213,260.334,346.003,
153850666277000,29,-71.468,190.941,-131.671,-53.213,260.334,346.003,
153850688280000,29,-71.468,190.941,-131.671,-53.213,260.334,346.003,
153850705949000,29,-71.468,190.941,-131.671,-53.213,260.334,346.003,
153850724931000,29,-71.468,190.941,-131.671,-53.213,260.334,346.003,
153850744981000,29,-71.468,190.941,-131.671,-53.213,260.334,346.003,
153850765215000,29,-71.468,190.941,-131.671,-53.213,260.334,346.003,
153850784868000,29,-71.468,190.941,-131.671,-53.213,260.334,346.003,
153850804887000,29,-71.468,190.941,-131.671,-53.213,260.334,346.003,
153850825273000,29,-71.468,190.941,-131.362,-53.213,260.334,346.003,
153850846269000,29,-71.468,190.941,-131.362,-53.213,260.334,346.003,
153850867265000,29,-71.468,190.941,-131.362,-53.213,260.334,346.003,
153850885851000,29,-71.468,190.941,-131.362,-53.213,260.334,346.003,
153850905046000,29,-71.468,190.941,-131.362,-53.213,260.334,346.003,
153850925035000,29,-71.468,190.941,-131.362,-53.213,260.334,346.003,
