772158892119508,3,31.0,2400.0,0.0,
772158908415895,3,29.0,2400.0,0.0,
772158926482301,3,29.0,2400.0,0.0,
772158949278934,3,28.0,2400.0,0.0,
772158968443973,3,28.0,2400.0,0.0,
772158986632449,3,30.0,2400.0,0.0,
772159009673219,3,30.0,2400.0,0.0,
772159028472048,3,30.0,2400.0,0.0,
772159049803836,3,30.0,2400.0,0.0,
772159071959598,3,30.0,2400.0,0.0,
772159088866335,3,28.0,2400.0,0.0,
772159107054811,3,28.0,2400.0,0.0,
772159129363161,3,31.0,2400.0,0.0,
772159151488406,3,31.0,2400.0,0.0,
772159166747195,3,28.0,2400.0,0.0,
772159189849002,3,28.0,2400.0,0.0,
772159208708864,3,28.0,2400.0,0.0,
772159226897339,3,30.0,2400.0,0.0,
772159251860720,3,30.0,2400.0,0.0,
772159268859012,3,28.0,2400.0,0.0,
772159286955935,3,28.0,2400.0,0.0,
772159310057742,3,30.0,2400.0,0.0,
772159328826051,3,30.0,2400.0,0.0,
772159346984010,3,28.0,2400.0,0.0,
772159370024783,3,28.0,2400.0,0.0,
772159388793094,3,30.0,2400.0,0.0,
772159406981570,3,30.0,2400.0,0.0,
772159431792359,3,30.0,2400.0,0.0,
772159449339967,3,28.0,2400.0,0.0,
772159467101198,3,28.0,2400.0,0.0,
772159489867313,3,30.0,2400.0,0.0,
772159509001834,3,30.0,2400.0,0.0,
772159527709108,3,29.0,2400.0,0.0,
772159551116090,3,29.0,2400.0,0.0,
772159578520877,3,29.0,2400.0,0.0,
772159588469607,3,30.0,2400.0,0.0,
772159611785038,3,30.0,2400.0,0.0,
772159629088503,3,29.0,2400.0,0.0,
772159647338014,3,29.0,2400.0,0.0,
772159669951540,3,30.0,2400.0,0.0,
772159689330203,3,30.0,2400.0,0.0,
772159707244021,3,28.0,2400.0,0.0,
772159730345827,3,31.0,2400.0,0.0,
772159749175172,3,31.0,2400.0,0.0,
772159767333131,3,30.0,2400.0,0.0,
772159792571169,3,30.0,2400.0,0.0,
772159809294803,3,30.0,2400.0,0.0,
772159827391727,3,30.0,2400.0,0.0,
772159854003053,3,28.0,2400.0,0.0,
772159869444948,3,28.0,2400.0,0.0,
772159887450319,3,27.0,2400.0,0.0,
772159910674197,3,29.0,2400.0,0.0,
772159929595096,3,29.0,2400.0,0.0,
772159947814089,3,28.0,2400.0,0.0,
772159972716432,3,28.0,2400.0,0.0,
772159989836794,3,28.0,2400.0,0.0,
772160007475954,3,28.0,2400.0,0.0,
772160030425174,3,28.0,2400.0,0.0,
772160049651247,3,28.0,2400.0,0.0,
772160067565064,3,29.0,2400.0,0.0,
772160090697389,3,29.0,2400.0,0.0,
772160109526736,3,29.0,2400.0,0.0,
772160127654177,3,29.0,2400.0,0.0,
772160152709109,3,29.0,2400.0,0.0,
772160169737917,3,28.0,2400.0,0.0,
772160187834839,3,28.0,2400.0,0.0,
772160210814577,3,31.0,2400.0,0.0,
772160229949100,3,31.0,2400.0,0.0,
772160247862918,3,30.0,2400.0,0.0,
772160271361452,3,28.0,2400.0,0.0,
772160290099244,3,28.0,2400.0,0.0,
772160308440310,3,29.0,2400.0,0.0,
772160337126833,3,29.0,2400.0,0.0,
772160350066288,3,31.0,2400.0,0.0,
772160368407351,3,31.0,2400.0,0.0,
772160390715699,3,31.0,2400.0,0.0,
772160409880739,3,31.0,2400.0,0.0,
772160428069215,3,30.0,2400.0,0.0,
772160451201541,3,31.0,2400.0,0.0,
772160469847781,3,31.0,2400.0,0.0,
772160493926149,3,29.0,2400.0,0.0,
772160513396364,3,29.0,2400.0,0.0,
772160540679080,3,29.0,2400.0,0.0,
772160547942263,3,29.0,2400.0,0.0,
772160570769413,3,30.0,2400.0,0.0,
772160589934451,3,30.0,2400.0,0.0,
772160608092408,3,28.0,2400.0,0.0,
772160631102663,3,32.0,2400.0,0.0,
772160650328738,3,32.0,2400.0,0.0,
772160668547733,3,28.0,2400.0,0.0,
772160693358522,3,28.0,2400.0,0.0,
772160710478883,3,28.0,2400.0,0.0,
772160730376344,3,28.0,2400.0,0.0,
772160752257449,3,31.0,2400.0,0.0,
772160770445926,3,31.0,2400.0,0.0,
772160797087771,3,31.0,2400.0,0.0,
772160811553102,3,30.0,2400.0,0.0,
772160830138307,3,30.0,2400.0,0.0,
772160848387820,3,32.0,2400.0,0.0,
772160873290164,3,32.0,2400.0,0.0,
772160890349491,3,29.0,2400.0,0.0,
772160908415896,3,29.0,2400.0,0.0,
772160931090455,3,30.0,2400.0,0.0,
772160950347048,3,30.0,2400.0,0.0,
772160968474490,3,32.0,2400.0,0.0,
772160991759403,3,29.0,2400.0,0.0,
772161010344607,3,29.0,2400.0,0.0,
772161028563600,3,28.0,2400.0,0.0,
772161053404909,3,28.0,2400.0,0.0,
772161074004275,3,29.0,2400.0,0.0,
772161088622196,3,29.0,2400.0,0.0,
772161111205203,3,29.0,2400.0,0.0,
772161130583864,3,30.0,2400.0,0.0,
772161148589235,3,30.0,2400.0,0.0,
772161171721560,3,31.0,2400.0,0.0,
772161190489871,3,31.0,2400.0,0.0,
772161208678348,3,28.0,2400.0,0.0,
772161233672243,3,28.0,2400.0,0.0,
772161250640016,3,28.0,2400.0,0.0,
772161268706423,3,28.0,2400.0,0.0,
772161291258914,3,29.0,2400.0,0.0,
772161310637577,3,29.0,2400.0,0.0,
772161328856570,3,29.0,2400.0,0.0,
772161352904420,3,29.0,2400.0,0.0,
772161370818239,3,29.0,2400.0,0.0,
772161389189822,3,29.0,2400.0,0.0,
772161413725955,3,29.0,2400.0,0.0,
772161430876834,3,29.0,2400.0,0.0,
772161448851686,3,29.0,2400.0,0.0,
772161472258668,3,29.0,2400.0,0.0,
772161490843874,3,29.0,2400.0,0.0,
772161508971316,3,29.0,2400.0,0.0,
772161531890018,3,30.0,2400.0,0.0,
772161551024539,3,30.0,2400.0,0.0,
772161569060426,3,31.0,2400.0,0.0,
772161593993288,3,31.0,2400.0,0.0,
772161611052615,3,31.0,2400.0,0.0,
772161629149540,3,31.0,2400.0,0.0,
772161651793581,3,32.0,2400.0,0.0,
772161671080689,3,30.0,2400.0,0.0,
772161689330202,3,30.0,2400.0,0.0,
772161712462527,3,29.0,2400.0,0.0,
772161731017215,3,29.0,2400.0,0.0,
772161749266727,3,29.0,2400.0,0.0,
772161773924928,3,29.0,2400.0,0.0,
772161791167360,3,29.0,2400.0,0.0,
772161809325320,3,29.0,2400.0,0.0,
772161831969363,3,28.0,2400.0,0.0,
772161851134403,3,28.0,2400.0,0.0,
772161869353396,3,28.0,2400.0,0.0,
772161892394166,3,29.0,2400.0,0.0,
772161911162477,3,29.0,2400.0,0.0,
772161929320437,3,29.0,2400.0,0.0,
772161954405887,3,29.0,2400.0,0.0,
772161971282107,3,29.0,2400.0,0.0,
772161989562136,3,29.0,2400.0,0.0,
772162011931521,3,29.0,2400.0,0.0,
772162031310184,3,28.0,2400.0,0.0,
772162049376589,3,28.0,2400.0,0.0,
772162072508913,3,29.0,2400.0,0.0,
772162099211795,3,29.0,2400.0,0.0,
772162111785038,3,29.0,2400.0,0.0,
772162134429079,3,29.0,2400.0,0.0,
772162151793581,3,29.0,2400.0,0.0,
772162169524295,3,29.0,2400.0,0.0,
772162192473514,3,29.0,2400.0,0.0,
772162211455446,3,29.0,2400.0,0.0,
772162229582888,3,29.0,2400.0,0.0,
772162252593142,3,28.0,2400.0,0.0,
772162271514041,3,28.0,2400.0,0.0,
772162289671999,3,30.0,2400.0,0.0,
772162314299684,3,30.0,2400.0,0.0,
772162331603152,3,29.0,2400.0,0.0,
772162349761112,3,27.0,2400.0,0.0,
772162372496706,3,29.0,2400.0,0.0,
772162391692263,3,29.0,2400.0,0.0,
772162409758670,3,29.0,2400.0,0.0,
772162445738894,3,29.0,2400.0,0.0,
772162451750857,3,29.0,2400.0,0.0,
772162469908815,3,29.0,2400.0,0.0,
772162494780642,3,29.0,2400.0,0.0,
772162511839969,3,29.0,2400.0,0.0,
772162529997927,3,31.0,2400.0,0.0,
772162552611452,3,31.0,2400.0,0.0,
772162571959597,3,31.0,2400.0,0.0,
772162590087040,3,31.0,2400.0,0.0,
772162613188845,3,33.0,2400.0,0.0,
772162631987673,3,33.0,2400.0,0.0,
772162650145633,3,30.0,2400.0,0.0,
772162675139530,3,30.0,2400.0,0.0,
772162692015749,3,29.0,2400.0,0.0,
772162710112673,3,26.0,2400.0,0.0,
772162732817752,3,26.0,2400.0,0.0,
772162752013309,3,29.0,2400.0,0.0,
772162770110232,3,29.0,2400.0,0.0,
772162793242556,3,28.0,2400.0,0.0,
772162812041384,3,28.0,2400.0,0.0,
772162830260379,3,29.0,2400.0,0.0,
772162855223757,3,29.0,2400.0,0.0,
772162872161013,3,31.0,2400.0,0.0,
772162890410525,3,31.0,2400.0,0.0,
772162913268192,3,31.0,2400.0,0.0,
772162932219607,3,29.0,2400.0,0.0,
772162950255495,3,29.0,2400.0,0.0,
772162974730593,3,29.0,2400.0,0.0,
772162992644413,3,29.0,2400.0,0.0,
772163010344607,3,29.0,2400.0,0.0,
772163035216432,3,29.0,2400.0,0.0,
772163052275759,3,29.0,2400.0,0.0,
772163070403202,3,29.0,2400.0,0.0,
772163093169314,3,29.0,2400.0,0.0,
772163112456423,3,26.0,2400.0,0.0,
772163130583865,3,26.0,2400.0,0.0,
772163153807743,3,28.0,2400.0,0.0,
772163173216921,3,28.0,2400.0,0.0,
772163190550905,3,28.0,2400.0,0.0,
772163215148074,3,28.0,2400.0,0.0,
772163232421024,3,31.0,2400.0,0.0,
772163250578982,3,29.0,2400.0,0.0,
772163273131472,3,29.0,2400.0,0.0,
772163292479617,3,30.0,2400.0,0.0,
772163310607059,3,30.0,2400.0,0.0,
772163333708864,3,26.0,2400.0,0.0,
772163352538210,3,26.0,2400.0,0.0,
772163370665652,3,29.0,2400.0,0.0,
772163396178348,3,29.0,2400.0,0.0,
772163412566286,3,32.0,2400.0,0.0,
772163430815798,3,28.0,2400.0,0.0,
772163453307254,3,28.0,2400.0,0.0,
772163472655399,3,29.0,2400.0,0.0,
772163490874392,3,29.0,2400.0,0.0,
772163513945681,3,29.0,2400.0,0.0,
772163532836062,3,29.0,2400.0,0.0,
772163550871952,3,29.0,2400.0,0.0,
772163575865847,3,29.0,2400.0,0.0,
772163592803102,3,30.0,2400.0,0.0,
772163616973025,3,29.0,2400.0,0.0,
772163632811649,3,29.0,2400.0,0.0,
772163656340700,3,29.0,2400.0,0.0,
772163672331911,3,29.0,2400.0,0.0,
772163693297488,3,29.0,2400.0,0.0,
772163716765506,3,29.0,2400.0,0.0,
772163734801394,3,29.0,2400.0,0.0,
772163752776247,3,31.0,2400.0,0.0,
772163776427371,3,31.0,2400.0,0.0,
772163792449100,3,28.0,2400.0,0.0,
772163812987429,3,28.0,2400.0,0.0,
772163836485964,3,31.0,2400.0,0.0,
772163852599246,3,31.0,2400.0,0.0,
772163873686893,3,30.0,2400.0,0.0,
772163896697145,3,30.0,2400.0,0.0,
772163914855104,3,31.0,2400.0,0.0,
772163933501345,3,28.0,2400.0,0.0,
772163957884891,3,28.0,2400.0,0.0,
772163972594363,3,31.0,2400.0,0.0,
772163993193727,3,31.0,2400.0,0.0,
772164016722781,3,29.0,2400.0,0.0,
772164032683475,3,29.0,2400.0,0.0,
772164053679568,3,32.0,2400.0,0.0,
772164076689821,3,32.0,2400.0,0.0,
772164094847781,3,30.0,2400.0,0.0,
772164113463504,3,29.0,2400.0,0.0,
772164137175661,3,29.0,2400.0,0.0,
772164153014284,3,31.0,2400.0,0.0,
772164174224002,3,31.0,2400.0,0.0,
772164196959598,3,31.0,2400.0,0.0,
772164212828738,3,31.0,2400.0,0.0,
772164233855349,3,32.0,2400.0,0.0,
772164256896121,3,32.0,2400.0,0.0,
772164275176151,3,35.0,2400.0,0.0,
772164293456179,3,28.0,2400.0,0.0,
772164316985231,3,28.0,2400.0,0.0,
772164333006961,3,32.0,2400.0,0.0,
772164354247196,3,32.0,2400.0,0.0,
772164377043825,3,32.0,2400.0,0.0,
772164393004519,3,32.0,2400.0,0.0,
772164413878543,3,31.0,2400.0,0.0,
772164437132938,3,31.0,2400.0,0.0,
772164455443483,3,32.0,2400.0,0.0,
772164473540407,3,32.0,2400.0,0.0,
772164496550662,3,32.0,2400.0,0.0,
772164513243778,3,31.0,2400.0,0.0,
772164533751589,3,31.0,2400.0,0.0,
772164557280641,3,32.0,2400.0,0.0,
772164573393924,3,32.0,2400.0,0.0,
772164594542606,3,32.0,2400.0,0.0,
772164617369753,3,32.0,2400.0,0.0,
772164635680300,3,33.0,2400.0,0.0,
772164653746707,3,30.0,2400.0,0.0,
772164677397830,3,30.0,2400.0,0.0,
772164693480593,3,32.0,2400.0,0.0,
772164713988405,3,32.0,2400.0,0.0,
772164737547976,3,32.0,2400.0,0.0,
772164753386600,3,32.0,2400.0,0.0,
772164774413210,3,30.0,2400.0,0.0,
772164797362428,3,30.0,2400.0,0.0,
772164815795046,3,34.0,2400.0,0.0,
772164834197147,3,32.0,2400.0,0.0,
772164857665163,3,32.0,2400.0,0.0,
772164874144655,3,31.0,2400.0,0.0,
772164894042117,3,31.0,2400.0,0.0,
772164918089969,3,32.0,2400.0,0.0,
772164933653933,3,32.0,2400.0,0.0,
772164954436403,3,34.0,2400.0,0.0,
772164977629763,3,32.0,2400.0,0.0,
772164995787723,3,33.0,2400.0,0.0,
772165014220339,3,30.0,2400.0,0.0,
772165037901979,3,30.0,2400.0,0.0,
772165053710086,3,32.0,2400.0,0.0,
772165074553592,3,32.0,2400.0,0.0,
772165097838503,3,32.0,2400.0,0.0,
772165113860231,3,32.0,2400.0,0.0,
772165134764773,3,31.0,2400.0,0.0,
772165157866580,3,32.0,2400.0,0.0,
772165176207644,3,32.0,2400.0,0.0,
772165194304567,3,32.0,2400.0,0.0,
772165217864138,3,32.0,2400.0,0.0,
772165233855349,3,32.0,2400.0,0.0,
772165254546266,3,32.0,2400.0,0.0,
772165278014284,3,30.0,2400.0,0.0,
772165294036013,3,30.0,2400.0,0.0,
772165316008670,3,32.0,2400.0,0.0,
772165338164431,3,32.0,2400.0,0.0,
772165356322389,3,32.0,2400.0,0.0,
772165374449832,3,31.0,2400.0,0.0,
772165398070437,3,31.0,2400.0,0.0,
772165414092164,3,32.0,2400.0,0.0,
772165434599977,3,32.0,2400.0,0.0,
772165458159548,3,32.0,2400.0,0.0,
772165474150759,3,32.0,2400.0,0.0,
772165495360475,3,32.0,2400.0,0.0,
772165518309694,3,29.0,2400.0,0.0,
772165536559207,3,29.0,2400.0,0.0,
772165555052859,3,34.0,2400.0,0.0,
772165578398805,3,34.0,2400.0,0.0,
772165594298464,3,32.0,2400.0,0.0,
772165614714724,3,32.0,2400.0,0.0,
772165638426882,3,30.0,2400.0,0.0,
772165654265504,3,30.0,2400.0,0.0,
772165675109011,3,32.0,2400.0,0.0,
772165698393924,3,32.0,2400.0,0.0,
772165716643435,3,32.0,2400.0,0.0,
772165734862428,3,30.0,2400.0,0.0,
772165758483035,3,30.0,2400.0,0.0,
772165774413211,3,32.0,2400.0,0.0,
772165795287234,3,32.0,2400.0,0.0,
772165818541628,3,32.0,2400.0,0.0,
772165834441286,3,32.0,2400.0,0.0,
772165856139285,3,30.0,2400.0,0.0,
772165878722292,3,32.0,2400.0,0.0,
772165896941285,3,32.0,2400.0,0.0,
772165914916140,3,32.0,2400.0,0.0,
772165938597782,3,32.0,2400.0,0.0,
772165954497439,3,32.0,2400.0,0.0,
772165975035768,3,32.0,2400.0,0.0,
772165999053103,3,31.0,2400.0,0.0,
772166014830691,3,31.0,2400.0,0.0,
772166035887820,3,31.0,2400.0,0.0,
772166058714968,3,32.0,2400.0,0.0,
772166076994997,3,32.0,2400.0,0.0,
772166095091922,3,31.0,2400.0,0.0,
772166118773562,3,31.0,2400.0,0.0,
772166134734254,3,32.0,2400.0,0.0,
772166155272585,3,32.0,2400.0,0.0,
772166178893192,3,32.0,2400.0,0.0,
772166194884402,3,32.0,2400.0,0.0,
772166215849977,3,31.0,2400.0,0.0,
772166238921267,3,30.0,2400.0,0.0,
772166257201296,3,30.0,2400.0,0.0,
772166290038209,3,32.0,2400.0,0.0,
772166298918825,3,32.0,2400.0,0.0,
772166314879519,3,32.0,2400.0,0.0,
772166335356814,3,32.0,2400.0,0.0,
772166359099489,3,30.0,2400.0,0.0,
772166375029664,3,32.0,2400.0,0.0,
772166395812136,3,32.0,2400.0,0.0,
772166419005497,3,32.0,2400.0,0.0,
772166437285525,3,32.0,2400.0,0.0,
772166455565554,3,31.0,2400.0,0.0,
772166479094605,3,31.0,2400.0,0.0,
772166495024781,3,32.0,2400.0,0.0,
772166515959840,3,32.0,2400.0,0.0,
772166539275271,3,32.0,2400.0,0.0,
772166555266482,3,32.0,2400.0,0.0,
772166576140505,3,32.0,2400.0,0.0,
772166600493531,3,30.0,2400.0,0.0,
772166617491822,3,30.0,2400.0,0.0,
772166635832888,3,32.0,2400.0,0.0,
772166659392459,3,32.0,2400.0,0.0,
772166675322634,3,32.0,2400.0,0.0,
772166695860963,3,32.0,2400.0,0.0,
772166720061402,3,28.0,2400.0,0.0,
772166735533814,3,33.0,2400.0,0.0,
772166756468873,3,33.0,2400.0,0.0,
772166779357059,3,32.0,2400.0,0.0,
772166797728640,3,32.0,2400.0,0.0,
772166815886598,3,29.0,2400.0,0.0,
772166839507203,3,29.0,2400.0,0.0,
772166855437379,3,32.0,2400.0,0.0,
772166875853640,3,32.0,2400.0,0.0,
772166899504764,3,32.0,2400.0,0.0,
772166915526492,3,32.0,2400.0,0.0,
772166937621217,3,32.0,2400.0,0.0,
772166959593874,3,31.0,2400.0,0.0,
772166977782350,3,31.0,2400.0,0.0,
772166996428591,3,32.0,2400.0,0.0,
772167019591433,3,32.0,2400.0,0.0,
772167035552125,3,32.0,2400.0,0.0,
772167055998902,3,32.0,2400.0,0.0,
772167079558474,3,31.0,2400.0,0.0,
772167096160036,3,32.0,2400.0,0.0,
772167116484744,3,32.0,2400.0,0.0,
772167142821412,3,32.0,2400.0,0.0,
772167157988648,3,32.0,2400.0,0.0,
772167176268678,3,32.0,2400.0,0.0,
772167199889285,3,32.0,2400.0,0.0,
772167215819461,3,30.0,2400.0,0.0,
772167237395388,3,30.0,2400.0,0.0,
772167260008912,3,32.0,2400.0,0.0,
772167276061158,3,32.0,2400.0,0.0,
772167297057253,3,32.0,2400.0,0.0,
772167320281131,3,31.0,2400.0,0.0,
772167338683230,3,31.0,2400.0,0.0,
772167356444459,3,32.0,2400.0,0.0,
772167379485231,3,32.0,2400.0,0.0,
772167396086793,3,32.0,2400.0,0.0,
772167416625124,3,32.0,2400.0,0.0,
772167440276248,3,34.0,2400.0,0.0,
772167456267458,3,32.0,2400.0,0.0,
772167477446656,3,32.0,2400.0,0.0,
772167500334841,3,32.0,2400.0,0.0,
772167518645389,3,32.0,2400.0,0.0,
772167536559207,3,32.0,2400.0,0.0,
772167560301882,3,32.0,2400.0,0.0,
772167576293092,3,30.0,2400.0,0.0,
772167597045045,3,30.0,2400.0,0.0,
772167620513064,3,33.0,2400.0,0.0,
772167636473757,3,32.0,2400.0,0.0,
772167657439333,3,32.0,2400.0,0.0,
772167680541138,3,28.0,2400.0,0.0,
772167698973756,3,28.0,2400.0,0.0,
772167718443972,3,32.0,2400.0,0.0,
772167740935428,3,32.0,2400.0,0.0,
772167756255252,3,32.0,2400.0,0.0,
772167776702028,3,32.0,2400.0,0.0,
772167799803834,3,29.0,2400.0,0.0,
772167816313844,3,32.0,2400.0,0.0,
772167837187868,3,32.0,2400.0,0.0,
772167860503299,3,32.0,2400.0,0.0,
772167878783327,3,32.0,2400.0,0.0,
772167897246461,3,32.0,2400.0,0.0,
772167920958620,3,32.0,2400.0,0.0,
772167936797243,3,27.0,2400.0,0.0,
772167957518679,3,32.0,2400.0,0.0,
772167980834108,3,32.0,2400.0,0.0,
772167996581178,3,32.0,2400.0,0.0,
772168017394166,3,32.0,2400.0,0.0,
772168040618044,3,32.0,2400.0,0.0,
772168058959109,3,32.0,2400.0,0.0,
772168076994998,3,32.0,2400.0,0.0,
772168100920778,3,32.0,2400.0,0.0,
772168116667847,3,32.0,2400.0,0.0,
772168137267213,3,32.0,2400.0,0.0,
772168160735232,3,32.0,2400.0,0.0,
772168176970584,3,30.0,2400.0,0.0,
772168198668581,3,30.0,2400.0,0.0,
772168220824342,3,32.0,2400.0,0.0,
772168239134889,3,32.0,2400.0,0.0,
772168257109743,3,32.0,2400.0,0.0,
772168280882938,3,32.0,2400.0,0.0,
772168296813113,3,32.0,2400.0,0.0,
772168317290406,3,32.0,2400.0,0.0,
772168340972047,3,32.0,2400.0,0.0,
772168356871706,3,32.0,2400.0,0.0,
772168377837282,3,32.0,2400.0,0.0,
772168401000125,3,31.0,2400.0,0.0,
772168419280153,3,31.0,2400.0,0.0,
772168437743287,3,32.0,2400.0,0.0,
772168460967165,3,32.0,2400.0,0.0,
772168476988894,3,32.0,2400.0,0.0,
772168497527224,3,32.0,2400.0,0.0,
772168521117312,3,32.0,2400.0,0.0,
772168537200074,3,30.0,2400.0,0.0,
772168557829957,3,30.0,2400.0,0.0,
772168581053835,3,32.0,2400.0,0.0,
772168599486453,3,32.0,2400.0,0.0,
772168617674929,3,32.0,2400.0,0.0,
772168641234498,3,32.0,2400.0,0.0,
772168657164674,3,31.0,2400.0,0.0,
772168677977663,3,32.0,2400.0,0.0,
772168701354129,3,32.0,2400.0,0.0,
772168717253787,3,32.0,2400.0,0.0,
772168738127809,3,32.0,2400.0,0.0,
772168761443239,3,32.0,2400.0,0.0,
772168779784304,3,32.0,2400.0,0.0,
772168797728640,3,32.0,2400.0,0.0,
772168821379764,3,32.0,2400.0,0.0,
772168837370974,3,32.0,2400.0,0.0,
772168857878785,3,33.0,2400.0,0.0,
772168881377321,3,33.0,2400.0,0.0,
772168897460085,3,30.0,2400.0,0.0,
772168918669803,3,30.0,2400.0,0.0,
772168941496950,3,32.0,2400.0,0.0,
772168959776978,3,32.0,2400.0,0.0,
772168977843384,3,31.0,2400.0,0.0,
772169001616579,3,31.0,2400.0,0.0,
772169017546755,3,28.0,2400.0,0.0,
772169038024051,3,32.0,2400.0,0.0,
772169061553102,3,32.0,2400.0,0.0,
772169077544312,3,32.0,2400.0,0.0,
772169098540407,3,32.0,2400.0,0.0,
772169121581179,3,32.0,2400.0,0.0,
772169139922245,3,32.0,2400.0,0.0,
772169158812624,3,30.0,2400.0,0.0,
772169181578736,3,30.0,2400.0,0.0,
772169197692018,3,32.0,2400.0,0.0,
772169218169313,3,32.0,2400.0,0.0,
772169241820438,3,32.0,2400.0,0.0,
772169257781130,3,31.0,2400.0,0.0,
772169278624635,3,31.0,2400.0,0.0,
772169301787477,3,32.0,2400.0,0.0,
772169320098025,3,32.0,2400.0,0.0,
772169338408572,3,32.0,2400.0,0.0,
772169361876590,3,32.0,2400.0,0.0,
772169377867800,3,31.0,2400.0,0.0,
772169398711305,3,32.0,2400.0,0.0,
772169421904665,3,32.0,2400.0,0.0,
772169437834841,3,32.0,2400.0,0.0,
772169458800419,3,32.0,2400.0,0.0,
772169481963259,3,32.0,2400.0,0.0,
772169500243287,3,32.0,2400.0,0.0,
772169518614870,3,30.0,2400.0,0.0,
772169542052371,3,32.0,2400.0,0.0,
772169558074099,3,32.0,2400.0,0.0,
772169578703982,3,32.0,2400.0,0.0,
772169602171998,3,32.0,2400.0,0.0,
772169618193726,3,32.0,2400.0,0.0,
772169639983279,3,32.0,2400.0,0.0,
772169662169559,3,32.0,2400.0,0.0,
772169680510623,3,32.0,2400.0,0.0,
772169698607546,3,31.0,2400.0,0.0,
772169722411256,3,30.0,2400.0,0.0,
772169738585573,3,30.0,2400.0,0.0,
772169758788211,3,32.0,2400.0,0.0,
772169783049686,3,32.0,2400.0,0.0,
772169798644167,3,32.0,2400.0,0.0,
772169819975953,3,32.0,2400.0,0.0,
772169842375856,3,31.0,2400.0,0.0,
772169860655886,3,31.0,2400.0,0.0,
772169879119022,3,30.0,2400.0,0.0,
772169902464968,3,31.0,2400.0,0.0,
772169919158082,3,31.0,2400.0,0.0,
772169938933473,3,31.0,2400.0,0.0,
772169962615114,3,31.0,2400.0,0.0,
772169978575809,3,32.0,2400.0,0.0,
772169999541385,3,32.0,2400.0,0.0,
772170022521120,3,32.0,2400.0,0.0,
772170040770631,3,32.0,2400.0,0.0,
772170059020144,3,32.0,2400.0,0.0,
772170082549197,3,32.0,2400.0,0.0,
772170098570927,3,32.0,2400.0,0.0,
772170119872195,3,30.0,2400.0,0.0,
772170142821412,3,30.0,2400.0,0.0,
772170158995729,3,32.0,2400.0,0.0,
772170179564578,3,32.0,2400.0,0.0,
772170202727420,3,31.0,2400.0,0.0,
772170221037966,3,31.0,2400.0,0.0,
772170239134889,3,30.0,2400.0,0.0,
772170262724977,3,32.0,2400.0,0.0,
772170278685671,3,32.0,2400.0,0.0,
772170299254520,3,32.0,2400.0,0.0,
772170322783572,3,32.0,2400.0,0.0,
772170338744264,3,30.0,2400.0,0.0,
772170359984498,3,30.0,2400.0,0.0,
772170382964235,3,32.0,2400.0,0.0,
772170401366336,3,32.0,2400.0,0.0,
772170419493778,3,32.0,2400.0,0.0,
772170442839724,3,32.0,2400.0,0.0,
772170458891969,3,32.0,2400.0,0.0,
772170479247194,3,30.0,2400.0,0.0,
772170503630740,3,30.0,2400.0,0.0,
772170518950565,3,32.0,2400.0,0.0,
772170539885622,3,32.0,2400.0,0.0,
772170562987427,3,31.0,2400.0,0.0,
772170581694704,3,31.0,2400.0,0.0,
772170599730593,3,30.0,2400.0,0.0,
772170623107059,3,31.0,2400.0,0.0,
772170639037234,3,31.0,2400.0,0.0,
772170659697633,3,29.0,2400.0,0.0,
772170683379274,3,29.0,2400.0,0.0,
772170699095827,3,32.0,2400.0,0.0,
772170719939334,3,32.0,2400.0,0.0,
772170743193729,3,32.0,2400.0,0.0,
772170761534792,3,32.0,2400.0,0.0,
772170779723268,3,31.0,2400.0,0.0,
772170803313356,3,31.0,2400.0,0.0,
772170819304568,3,31.0,2400.0,0.0,
772170841124637,3,32.0,2400.0,0.0,
772170863310915,3,32.0,2400.0,0.0,
772170879485230,3,31.0,2400.0,0.0,
772170900084596,3,31.0,2400.0,0.0,
772170923338991,3,32.0,2400.0,0.0,
772170941710574,3,32.0,2400.0,0.0,
772170959746463,3,32.0,2400.0,0.0,
772170983428102,3,32.0,2400.0,0.0,
772170999419313,3,32.0,2400.0,0.0,
772171019988161,3,32.0,2400.0,0.0,
772171043456179,3,32.0,2400.0,0.0,
772171059477909,3,31.0,2400.0,0.0,
772171081206423,3,31.0,2400.0,0.0,
772171103575807,3,32.0,2400.0,0.0,
772171121886354,3,32.0,2400.0,0.0,
772171140166384,3,31.0,2400.0,0.0,
772171163817508,3,31.0,2400.0,0.0,
772171179717165,3,31.0,2400.0,0.0,
772171201293092,3,30.0,2400.0,0.0,
772171224181276,3,30.0,2400.0,0.0,
772171239897830,3,31.0,2400.0,0.0,
772171260619266,3,31.0,2400.0,0.0,
772171283934695,3,34.0,2400.0,0.0,
772171302397829,3,31.0,2400.0,0.0,
772171320433717,3,31.0,2400.0,0.0,
772171343840700,3,31.0,2400.0,0.0,
772171359862430,3,31.0,2400.0,0.0,
772171380339725,3,31.0,2400.0,0.0,
772171405303103,3,31.0,2400.0,0.0,
772171420165162,3,30.0,2400.0,0.0,
772171441161257,3,30.0,2400.0,0.0,
772171464049441,3,31.0,2400.0,0.0,
772171482390506,3,31.0,2400.0,0.0,
772171500670534,3,31.0,2400.0,0.0,
772171524199586,3,32.0,2400.0,0.0,
772171540160280,3,32.0,2400.0,0.0,
772171561064822,3,33.0,2400.0,0.0,
772171584288699,3,33.0,2400.0,0.0,
772171599944217,3,31.0,2400.0,0.0,
772171620787721,3,31.0,2400.0,0.0,
772171643981080,3,31.0,2400.0,0.0,
772171662322146,3,32.0,2400.0,0.0,
772171680449588,3,32.0,2400.0,0.0,
772171704100711,3,31.0,2400.0,0.0,
772171720061404,3,31.0,2400.0,0.0,
772171740660768,3,31.0,2400.0,0.0,
772171764220339,3,31.0,2400.0,0.0,
772171780211551,3,33.0,2400.0,0.0,
772171801451786,3,33.0,2400.0,0.0,
772171824187380,3,31.0,2400.0,0.0,
772171842406373,3,30.0,2400.0,0.0,
772171860686403,3,30.0,2400.0,0.0,
772171884368044,3,32.0,2400.0,0.0,
772171900359256,3,32.0,2400.0,0.0,
772171920744998,3,31.0,2400.0,0.0,
772171944518190,3,31.0,2400.0,0.0,
772171960387331,3,31.0,2400.0,0.0,
772171981322390,3,31.0,2400.0,0.0,
772172004393679,3,31.0,2400.0,0.0,
772172022673710,3,34.0,2400.0,0.0,
772172041716677,3,34.0,2400.0,0.0,
772172064482789,3,31.0,2400.0,0.0,
772172080504519,3,31.0,2400.0,0.0,
772172100890261,3,33.0,2400.0,0.0,
772172124449832,3,33.0,2400.0,0.0,
772172140471560,3,34.0,2400.0,0.0,
772172161437136,3,34.0,2400.0,0.0,
772172184599978,3,31.0,2400.0,0.0,
772172202757938,3,32.0,2400.0,0.0,
772172221160036,3,32.0,2400.0,0.0,
772172244597536,3,31.0,2400.0,0.0,
772172260558230,3,31.0,2400.0,0.0,
772172281371219,3,32.0,2400.0,0.0,
772172304717165,3,32.0,2400.0,0.0,
772172320738894,3,33.0,2400.0,0.0,
772172341582400,3,33.0,2400.0,0.0,
772172364836795,3,33.0,2400.0,0.0,
772172382964235,3,31.0,2400.0,0.0,
772172401122194,3,31.0,2400.0,0.0,
772172424773318,3,32.0,2400.0,0.0,
772172440795047,3,32.0,2400.0,0.0,
772172461333376,3,33.0,2400.0,0.0,
772172484831911,3,33.0,2400.0,0.0,
772172501006228,3,31.0,2400.0,0.0,
772172522093875,3,31.0,2400.0,0.0,
772172544249636,3,31.0,2400.0,0.0,
772172563262087,3,33.0,2400.0,0.0,
772172581267459,3,33.0,2400.0,0.0,
772172604979617,3,31.0,2400.0,0.0,
772172621031863,3,31.0,2400.0,0.0,
772172641417604,3,32.0,2400.0,0.0,
772172664977175,3,32.0,2400.0,0.0,
772172680968387,3,31.0,2400.0,0.0,
772172702056032,3,33.0,2400.0,0.0,
772172725096803,3,33.0,2400.0,0.0,
772172743163211,3,33.0,2400.0,0.0,
772172762358768,3,33.0,2400.0,0.0,
772172785094362,3,31.0,2400.0,0.0,
772172801085573,3,31.0,2400.0,0.0,
772172821532351,3,33.0,2400.0,0.0,
772172845275028,3,33.0,2400.0,0.0,
772172861205202,3,32.0,2400.0,0.0,
772172882079226,3,32.0,2400.0,0.0,
772172905181033,3,32.0,2400.0,0.0,
772172923491580,3,31.0,2400.0,0.0,
772172941985232,3,31.0,2400.0,0.0,
772172965483766,3,31.0,2400.0,0.0,
772172981413943,3,31.0,2400.0,0.0,
772173002532108,3,34.0,2400.0,0.0,
772173025298220,3,34.0,2400.0,0.0,
772173041319948,3,32.0,2400.0,0.0,
772173062102420,3,33.0,2400.0,0.0,
772173085326297,3,33.0,2400.0,0.0,
772173103453737,3,32.0,2400.0,0.0,
772173121947390,3,32.0,2400.0,0.0,
772173146361453,3,31.0,2400.0,0.0,
772173162230594,3,31.0,2400.0,0.0,
772173181975466,3,31.0,2400.0,0.0,
772173209532839,3,31.0,2400.0,0.0,
772173222167117,3,32.0,2400.0,0.0,
772173242583377,3,32.0,2400.0,0.0,
772173265563112,3,32.0,2400.0,0.0,
772173283843141,3,31.0,2400.0,0.0,
772173302031619,3,31.0,2400.0,0.0,
772173325652225,3,32.0,2400.0,0.0,
772173341673952,3,32.0,2400.0,0.0,
772173362120729,3,31.0,2400.0,0.0,
772173385710818,3,31.0,2400.0,0.0,
772173405089481,3,30.0,2400.0,0.0,
772173423064333,3,31.0,2400.0,0.0,
772173446044069,3,31.0,2400.0,0.0,
772173464324099,3,32.0,2400.0,0.0,
772173482848270,3,32.0,2400.0,0.0,
772173505950075,3,32.0,2400.0,0.0,
772173521849733,3,32.0,2400.0,0.0,
772173542296511,3,32.0,2400.0,0.0,
772173565947635,3,32.0,2400.0,0.0,
772173581908327,3,31.0,2400.0,0.0,
772173603423220,3,31.0,2400.0,0.0,
772173626006228,3,31.0,2400.0,0.0,
772173644469364,3,31.0,2400.0,0.0,
772173662993532,3,31.0,2400.0,0.0,
772173686461550,3,31.0,2400.0,0.0,
772173702208621,3,31.0,2400.0,0.0,
772173723052127,3,32.0,2400.0,0.0,
772173746550661,3,32.0,2400.0,0.0,
772173762572390,3,32.0,2400.0,0.0,
772173784178836,3,32.0,2400.0,0.0,
772173806365115,3,32.0,2400.0,0.0,
772173824553591,3,32.0,2400.0,0.0,
772173842619997,3,32.0,2400.0,0.0,
772173866271121,3,32.0,2400.0,0.0,
772173882506473,3,32.0,2400.0,0.0,
772173902983767,3,32.0,2400.0,0.0,
772173926512819,3,32.0,2400.0,0.0,
772173942442996,3,31.0,2400.0,0.0,
772173964171512,3,32.0,2400.0,0.0,
772173986357790,3,32.0,2400.0,0.0,
772174004668337,3,30.0,2400.0,0.0,
772174022673709,3,30.0,2400.0,0.0,
772174046324832,3,31.0,2400.0,0.0,
772174062285525,3,31.0,2400.0,0.0,
772174082732302,3,31.0,2400.0,0.0,
772174106383425,3,31.0,2400.0,0.0,
772174122405155,3,32.0,2400.0,0.0,
772174143462282,3,30.0,2400.0,0.0,
772174166503053,3,30.0,2400.0,0.0,
772174184783084,3,30.0,2400.0,0.0,
772174203307254,3,30.0,2400.0,0.0,
772174226592165,3,29.0,2400.0,0.0,
772174242644411,3,29.0,2400.0,0.0,
772174263060672,3,31.0,2400.0,0.0,
772174286681278,3,34.0,2400.0,0.0,
772174304015261,3,32.0,2400.0,0.0,
772174323668581,3,29.0,2400.0,0.0,
772174346587283,3,29.0,2400.0,0.0,
772174364928348,3,28.0,2400.0,0.0,
772174383147341,3,28.0,2400.0,0.0,
772174406645876,3,28.0,2400.0,0.0,
772174422637088,3,28.0,2400.0,0.0,
772174443602665,3,31.0,2400.0,0.0,
772174466918093,3,29.0,2400.0,0.0,
772174482970339,3,29.0,2400.0,0.0,
772174503600222,3,29.0,2400.0,0.0,
772174526793582,3,29.0,2400.0,0.0,
772174545012575,3,29.0,2400.0,0.0,
772174563140017,3,29.0,2400.0,0.0,
772174586821658,3,31.0,2400.0,0.0,
772174602751835,3,31.0,2400.0,0.0,
772174623412234,3,28.0,2400.0,0.0,
772174646910768,3,31.0,2400.0,0.0,
772174662901980,3,31.0,2400.0,0.0,
772174684081180,3,29.0,2400.0,0.0,
772174706969362,3,29.0,2400.0,0.0,
772174725279909,3,28.0,2400.0,0.0,
772174743285281,3,28.0,2400.0,0.0,
772174766905887,3,31.0,2400.0,0.0,
772174782958132,3,31.0,2400.0,0.0,
772174803435427,3,29.0,2400.0,0.0,
772174826994998,3,29.0,2400.0,0.0,
772174843169315,3,29.0,2400.0,0.0,
772174864104372,3,29.0,2400.0,0.0,
772174887175661,3,29.0,2400.0,0.0,
772174905242068,3,29.0,2400.0,0.0,
772174924376590,3,29.0,2400.0,0.0,
772174947264772,3,29.0,2400.0,0.0,
772174963530642,3,29.0,2400.0,0.0,
772174983702761,3,29.0,2400.0,0.0,
772175007323367,3,29.0,2400.0,0.0,
772175023375613,3,29.0,2400.0,0.0,
772175044219118,3,30.0,2400.0,0.0,
772175067381960,3,30.0,2400.0,0.0,
772175085723026,3,31.0,2400.0,0.0,
772175104460818,3,31.0,2400.0,0.0,
772175127287966,3,31.0,2400.0,0.0,
772175143767459,3,31.0,2400.0,0.0,
772175164031131,3,30.0,2400.0,0.0,
772175187346560,3,32.0,2400.0,0.0,
772175203429323,3,32.0,2400.0,0.0,
772175224425418,3,32.0,2400.0,0.0,
772175247527225,3,32.0,2400.0,0.0,
772175265654665,3,31.0,2400.0,0.0,
772175283934694,3,31.0,2400.0,0.0,
772175307616335,3,29.0,2400.0,0.0,
772175323577030,3,29.0,2400.0,0.0,
772175344176394,3,28.0,2400.0,0.0,
772175367674928,3,30.0,2400.0,0.0,
772175383635623,3,30.0,2400.0,0.0,
772175405089480,3,29.0,2400.0,0.0,
772175427733521,3,29.0,2400.0,0.0,
772175445891481,3,29.0,2400.0,0.0,
772175464079959,3,29.0,2400.0,0.0,
772175487670046,3,29.0,2400.0,0.0,
772175503661256,3,29.0,2400.0,0.0,
772175524138552,3,31.0,2400.0,0.0,
772175547881228,3,26.0,2400.0,0.0,
772175563780886,3,26.0,2400.0,0.0,
772175589507204,3,31.0,2400.0,0.0,
772175607665163,3,31.0,2400.0,0.0,
772175626036746,3,31.0,2400.0,0.0,
772175644469363,3,31.0,2400.0,0.0,
772175667784791,3,26.0,2400.0,0.0,
772175683776003,3,26.0,2400.0,0.0,
772175704222781,3,29.0,2400.0,0.0,
772175727843386,3,31.0,2400.0,0.0,
772175743926149,3,31.0,2400.0,0.0,
772175764739138,3,28.0,2400.0,0.0,
772175787963015,3,28.0,2400.0,0.0,
772175806182009,3,31.0,2400.0,0.0,
772175824523072,3,31.0,2400.0,0.0,
772175847991091,3,30.0,2400.0,0.0,
772175863982303,3,32.0,2400.0,0.0,
772175899504762,3,30.0,2400.0,0.0,
772175908110719,3,31.0,2400.0,0.0,
772175924101931,3,31.0,2400.0,0.0,
772175944945437,3,29.0,2400.0,0.0,
772175968169314,3,29.0,2400.0,0.0,
772175986510377,3,29.0,2400.0,0.0,
772176004546267,3,29.0,2400.0,0.0,
772176028227908,3,32.0,2400.0,0.0,
772176044219119,3,32.0,2400.0,0.0,
772176064787965,3,32.0,2400.0,0.0,
772176088439090,3,28.0,2400.0,0.0,
772176104308230,3,28.0,2400.0,0.0,
772176125426394,3,28.0,2400.0,0.0,
772176148650270,3,28.0,2400.0,0.0,
772176166411501,3,26.0,2400.0,0.0,
772176184844119,3,26.0,2400.0,0.0,
772176208342655,3,32.0,2400.0,0.0,
772176224333865,3,28.0,2400.0,0.0,
772176244780642,3,28.0,2400.0,0.0,
772176268492801,3,28.0,2400.0,0.0,
772176284361941,3,28.0,2400.0,0.0,
772176305327516,3,28.0,2400.0,0.0,
772176328459842,3,28.0,2400.0,0.0,
772176346831423,3,31.0,2400.0,0.0,
772176365294558,3,31.0,2400.0,0.0,
772176388671022,3,31.0,2400.0,0.0,
772176404601198,3,28.0,2400.0,0.0,
772176425109011,3,28.0,2400.0,0.0,
772176448607546,3,30.0,2400.0,0.0,
772176464659791,3,30.0,2400.0,0.0,
772176485533815,3,29.0,2400.0,0.0,
772176508727176,3,29.0,2400.0,0.0,
772176527068240,3,29.0,2400.0,0.0,
772176545531373,3,29.0,2400.0,0.0,
772176569060427,3,26.0,2400.0,0.0,
772176585021121,3,30.0,2400.0,0.0,
772176605834109,3,30.0,2400.0,0.0,
772176630095582,3,29.0,2400.0,0.0,
772176645018677,3,29.0,2400.0,0.0,
772176665984254,3,29.0,2400.0,0.0,
772176689055544,3,29.0,2400.0,0.0,
772176707366091,3,29.0,2400.0,0.0,
772176725493533,3,29.0,2400.0,0.0,
772176749144655,3,29.0,2400.0,0.0,
772176765227417,3,29.0,2400.0,0.0,
772176785735231,3,29.0,2400.0,0.0,
772176809142215,3,30.0,2400.0,0.0,
772176825041873,3,30.0,2400.0,0.0,
772176846800906,3,28.0,2400.0,0.0,
772176868987184,3,28.0,2400.0,0.0,
772176887084106,3,28.0,2400.0,0.0,
772176905547242,3,28.0,2400.0,0.0,
772176929228884,3,28.0,2400.0,0.0,
772176945128542,3,29.0,2400.0,0.0,
772176965911014,3,29.0,2400.0,0.0,
772176989226442,3,31.0,2400.0,0.0,
772177005278687,3,31.0,2400.0,0.0,
772177026152711,3,31.0,2400.0,0.0,
772177049162967,3,31.0,2400.0,0.0,
772177067320925,3,30.0,2400.0,0.0,
772177085906130,3,30.0,2400.0,0.0,
772177109343629,3,28.0,2400.0,0.0,
772177125243286,3,26.0,2400.0,0.0,
772177145903687,3,26.0,2400.0,0.0,
772177169554812,3,32.0,2400.0,0.0,
772177185515505,3,32.0,2400.0,0.0,
772177206481082,3,31.0,2400.0,0.0,
772177229582887,3,31.0,2400.0,0.0,
772177247862915,3,29.0,2400.0,0.0,
772177266539674,3,26.0,2400.0,0.0,
772177289763552,3,32.0,2400.0,0.0,
772177305785281,3,28.0,2400.0,0.0,
772177326628787,3,28.0,2400.0,0.0,
772177349791627,3,28.0,2400.0,0.0,
772177365691285,3,28.0,2400.0,0.0,
772177386595827,3,29.0,2400.0,0.0,
772177409819705,3,29.0,2400.0,0.0,
772177427977663,3,29.0,2400.0,0.0,
772177446196656,3,29.0,2400.0,0.0,
772177469756227,3,29.0,2400.0,0.0,
772177485716920,3,26.0,2400.0,0.0,
772177506255251,3,26.0,2400.0,0.0,
772177529875857,3,29.0,2400.0,0.0,
772177545561891,3,29.0,2400.0,0.0,
772177567626099,3,30.0,2400.0,0.0,
772177589690310,3,30.0,2400.0,0.0,
772177608214479,3,28.0,2400.0,0.0,
772177626158816,3,32.0,2400.0,0.0,
772177649870974,3,32.0,2400.0,0.0,
772177665831666,3,29.0,2400.0,0.0,
772177686247926,3,29.0,2400.0,0.0,
772177719786746,3,29.0,2400.0,0.0,
772177725798709,3,29.0,2400.0,0.0,
772177746764284,3,31.0,2400.0,0.0,
772177770110230,3,31.0,2400.0,0.0,
772177788146119,3,32.0,2400.0,0.0,
772177820891482,3,30.0,2400.0,0.0,
772177829924686,3,30.0,2400.0,0.0,
772177845915896,3,29.0,2400.0,0.0,
772177866820436,3,29.0,2400.0,0.0,
772177890135865,3,26.0,2400.0,0.0,
772177906462770,3,26.0,2400.0,0.0,
772177926970583,3,30.0,2400.0,0.0,
772177950041874,3,30.0,2400.0,0.0,
772177968382937,3,30.0,2400.0,0.0,
772177986601930,3,30.0,2400.0,0.0,
772178010253053,3,30.0,2400.0,0.0,
772178026183229,3,29.0,2400.0,0.0,
772178046965701,3,29.0,2400.0,0.0,
772178070220095,3,29.0,2400.0,0.0,
772178086211305,3,29.0,2400.0,0.0,
772178107054810,3,26.0,2400.0,0.0,
772178130278689,3,26.0,2400.0,0.0,
772178148436649,3,30.0,2400.0,0.0,
772178166838748,3,30.0,2400.0,0.0,
772178190398317,3,30.0,2400.0,0.0,
772178206420044,3,28.0,2400.0,0.0,
772178227049928,3,28.0,2400.0,0.0,
772178250365359,3,29.0,2400.0,0.0,
772178266356570,3,29.0,2400.0,0.0,
772178287566287,3,28.0,2400.0,0.0,
772178313262086,3,28.0,2400.0,0.0,
772178328703981,3,28.0,2400.0,0.0,
772178346770387,3,26.0,2400.0,0.0,
772178370421512,3,26.0,2400.0,0.0,
772178386443239,3,30.0,2400.0,0.0,
772178407042603,3,30.0,2400.0,0.0,
772178430907350,3,30.0,2400.0,0.0,
772178446532350,3,30.0,2400.0,0.0,
772178467528445,3,28.0,2400.0,0.0,
772178490630252,3,28.0,2400.0,0.0,
772178508818727,3,26.0,2400.0,0.0,
772178527434449,3,29.0,2400.0,0.0,
772178550627810,3,29.0,2400.0,0.0,
772178566619021,3,30.0,2400.0,0.0,
772178587218386,3,30.0,2400.0,0.0,
772178610777956,3,29.0,2400.0,0.0,
772178626677614,3,29.0,2400.0,0.0,
772178647643189,3,32.0,2400.0,0.0,
772178670775515,3,32.0,2400.0,0.0,
772178688994510,3,29.0,2400.0,0.0,
772178707244021,3,26.0,2400.0,0.0,
772178730803590,3,26.0,2400.0,0.0,
772178746886353,3,30.0,2400.0,0.0,
772178768065553,3,30.0,2400.0,0.0,
772178790953738,3,30.0,2400.0,0.0,
772178806944949,3,30.0,2400.0,0.0,
772178827788454,3,29.0,2400.0,0.0,
772178850951295,3,29.0,2400.0,0.0,
772178869322878,3,30.0,2400.0,0.0,
772178887358767,3,28.0,2400.0,0.0,
772178911070926,3,28.0,2400.0,0.0,
772178927031619,3,29.0,2400.0,0.0,
772178947539430,3,29.0,2400.0,0.0,
772178971037966,3,26.0,2400.0,0.0,
772178986998659,3,26.0,2400.0,0.0,
772179008208376,3,29.0,2400.0,0.0,
772179031066042,3,29.0,2400.0,0.0,
772179049162965,3,30.0,2400.0,0.0,
772179067442994,3,26.0,2400.0,0.0,
772179091155154,3,26.0,2400.0,0.0,
772179107176882,3,29.0,2400.0,0.0,
772179127654178,3,29.0,2400.0,0.0,
772179151152711,3,29.0,2400.0,0.0,
772179167143921,3,29.0,2400.0,0.0,
772179188140016,3,29.0,2400.0,0.0,
772179211241824,3,29.0,2400.0,0.0,
772179229643924,3,29.0,2400.0,0.0,
772179251433474,3,28.0,2400.0,0.0,
772179271819215,3,28.0,2400.0,0.0,
772179287261109,3,30.0,2400.0,0.0,
772179307738405,3,30.0,2400.0,0.0,
772179331297977,3,28.0,2400.0,0.0,
772179347350222,3,28.0,2400.0,0.0,
772179368193726,3,31.0,2400.0,0.0,
772179391814333,3,31.0,2400.0,0.0,
772179409972292,3,30.0,2400.0,0.0,
772179428679569,3,29.0,2400.0,0.0,
772179451842410,3,29.0,2400.0,0.0,
772179467803102,3,28.0,2400.0,0.0,
772179488677125,3,28.0,2400.0,0.0,
772179511870485,3,31.0,2400.0,0.0,
772179527831179,3,31.0,2400.0,0.0,
772179548735721,3,26.0,2400.0,0.0,
772179571807009,3,31.0,2400.0,0.0,
772179590026002,3,31.0,2400.0,0.0,
772179608367067,3,30.0,2400.0,0.0,
772179631957156,3,30.0,2400.0,0.0,
772179647917849,3,31.0,2400.0,0.0,
772179668578249,3,31.0,2400.0,0.0,
772179692015748,3,29.0,2400.0,0.0,
772179708006959,3,29.0,2400.0,0.0,
772179729704958,3,28.0,2400.0,0.0,
772179752043826,3,31.0,2400.0,0.0,
772179770323855,3,31.0,2400.0,0.0,
772179788634401,3,29.0,2400.0,0.0,
772179812041383,3,29.0,2400.0,0.0,
772179828215699,3,26.0,2400.0,0.0,
772179848540408,3,26.0,2400.0,0.0,
772179872222049,3,26.0,2400.0,0.0,
772179887999636,3,26.0,2400.0,0.0,
772179908995729,3,30.0,2400.0,0.0,
772179932097536,3,28.0,2400.0,0.0,
772179950408084,3,28.0,2400.0,0.0,
772179968840702,3,29.0,2400.0,0.0,
772179992186647,3,29.0,2400.0,0.0,
772180008391480,3,30.0,2400.0,0.0,
772180028777223,3,30.0,2400.0,0.0,
772180052428347,3,28.0,2400.0,0.0,
772180068419559,3,28.0,2400.0,0.0,
772180089232547,3,28.0,2400.0,0.0,
772180112334352,3,29.0,2400.0,0.0,
772180130492311,3,29.0,2400.0,0.0,
772180148711306,3,30.0,2400.0,0.0,
772180172240359,3,30.0,2400.0,0.0,
772180188567264,3,26.0,2400.0,0.0,
772180208922488,3,26.0,2400.0,0.0,
772180232176881,3,32.0,2400.0,0.0,
772180248320681,3,32.0,2400.0,0.0,
772180269164187,3,30.0,2400.0,0.0,
772180292296512,3,28.0,2400.0,0.0,
772180310576540,3,28.0,2400.0,0.0,
772180328703980,3,31.0,2400.0,0.0,
772180353514772,3,31.0,2400.0,0.0,
772180368498904,3,30.0,2400.0,0.0,
772180389006717,3,30.0,2400.0,0.0,
772180412688357,3,29.0,2400.0,0.0,
772180428526979,3,29.0,2400.0,0.0,
772180449614625,3,29.0,2400.0,0.0,
772180472472292,3,31.0,2400.0,0.0,
772180490874392,3,31.0,2400.0,0.0,
772180508910282,3,31.0,2400.0,0.0,
772180532530886,3,31.0,2400.0,0.0,
772180548705201,3,29.0,2400.0,0.0,
772180568907839,3,29.0,2400.0,0.0,
772180592803103,3,29.0,2400.0,0.0,
772180608519657,3,29.0,2400.0,0.0,
772180629485232,3,30.0,2400.0,0.0,
772180652648072,3,29.0,2400.0,0.0,
772180670867067,3,29.0,2400.0,0.0,
772180690001589,3,30.0,2400.0,0.0,
772180712767703,3,30.0,2400.0,0.0,
772180728789432,3,28.0,2400.0,0.0,
772180749388796,3,28.0,2400.0,0.0,
772180773009401,3,30.0,2400.0,0.0,
772180788970095,3,30.0,2400.0,0.0,
772180809599978,3,32.0,2400.0,0.0,
772180832823856,3,28.0,2400.0,0.0,
772180850890261,3,28.0,2400.0,0.0,
772180869292360,3,29.0,2400.0,0.0,
772180892790895,3,29.0,2400.0,0.0,
772180908782107,3,28.0,2400.0,0.0,
772180929564579,3,28.0,2400.0,0.0,
772180952880007,3,31.0,2400.0,0.0,
772180968840699,3,33.0,2400.0,0.0,
772180989745241,3,30.0,2400.0,0.0,
772181012908083,3,26.0,2400.0,0.0,
772181031249149,3,26.0,2400.0,0.0,
772181049315555,3,31.0,2400.0,0.0,
772181072997194,3,31.0,2400.0,0.0,
772181092742067,3,29.0,2400.0,0.0,
772181109862429,3,29.0,2400.0,0.0,
772181133086306,3,29.0,2400.0,0.0,
772181149016483,3,26.0,2400.0,0.0,
772181170165164,3,26.0,2400.0,0.0,
772181193053346,3,29.0,2400.0,0.0,
772181211180788,3,29.0,2400.0,0.0,
772181229460818,3,31.0,2400.0,0.0,
772181253203494,3,31.0,2400.0,0.0,
772181269225222,3,26.0,2400.0,0.0,
772181289733033,3,26.0,2400.0,0.0,
772181313292604,3,29.0,2400.0,0.0,
772181329283816,3,29.0,2400.0,0.0,
772181350127322,3,29.0,2400.0,0.0,
772181373229129,3,26.0,2400.0,0.0,
772181391997438,3,26.0,2400.0,0.0,
772181410094362,3,28.0,2400.0,0.0,
772181433409792,3,28.0,2400.0,0.0,
772181449401004,3,32.0,2400.0,0.0,
772181469756229,3,32.0,2400.0,0.0,
772181493437868,3,31.0,2400.0,0.0,
772181509368043,3,26.0,2400.0,0.0,
772181530181032,3,26.0,2400.0,0.0,
772181561553104,3,30.0,2400.0,0.0,
772181571562870,3,30.0,2400.0,0.0,
772181590117556,3,30.0,2400.0,0.0,
772181613524537,3,30.0,2400.0,0.0,
772181629515749,3,32.0,2400.0,0.0,
772181650817019,3,32.0,2400.0,0.0,
772181673583133,3,29.0,2400.0,0.0,
772181689604861,3,32.0,2400.0,0.0,
772181710448366,3,32.0,2400.0,0.0,
772181733672242,3,32.0,2400.0,0.0,
772181751830202,3,32.0,2400.0,0.0,
772181770110232,3,26.0,2400.0,0.0,
772181793730838,3,26.0,2400.0,0.0,
772181809752566,3,30.0,2400.0,0.0,
772181830321412,3,30.0,2400.0,0.0,
772181853789430,3,29.0,2400.0,0.0,
772181869719607,3,30.0,2400.0,0.0,
772181891020877,3,30.0,2400.0,0.0,
772181913725954,3,29.0,2400.0,0.0,
772181932280640,3,29.0,2400.0,0.0,
772181950286012,3,29.0,2400.0,0.0,
772181973876101,3,29.0,2400.0,0.0,
772181989958866,3,29.0,2400.0,0.0,
772182010649783,3,29.0,2400.0,0.0,
772182034270387,3,26.0,2400.0,0.0,
772182050200563,3,26.0,2400.0,0.0,
772182071227175,3,26.0,2400.0,0.0,
772182093962771,3,26.0,2400.0,0.0,
772182112120731,3,26.0,2400.0,0.0,
772182130766970,3,28.0,2400.0,0.0,
772182154112916,3,28.0,2400.0,0.0,
772182170104128,3,29.0,2400.0,0.0,
772182190611941,3,29.0,2400.0,0.0,
772182214263065,3,30.0,2400.0,0.0,
772182230223757,3,28.0,2400.0,0.0,
772182251036744,3,28.0,2400.0,0.0,
772182278899294,3,28.0,2400.0,0.0,
772182292296511,3,28.0,2400.0,0.0,
772182310637576,3,29.0,2400.0,0.0,
772182334197146,3,29.0,2400.0,0.0,
772182350279909,3,29.0,2400.0,0.0,
772182372130496,3,26.0,2400.0,0.0,
772182394286258,3,28.0,2400.0,0.0,
772182410307986,3,30.0,2400.0,0.0,
772182431151491,3,30.0,2400.0,0.0,
772182454680544,3,30.0,2400.0,0.0,
772182472563846,3,30.0,2400.0,0.0,
772182490721805,3,29.0,2400.0,0.0,
772182514342409,3,29.0,2400.0,0.0,
772182530333621,3,29.0,2400.0,0.0,
772182550963504,3,29.0,2400.0,0.0,
772182574431521,3,29.0,2400.0,0.0,
772182590544802,3,26.0,2400.0,0.0,
772182612242800,3,26.0,2400.0,0.0,
772182634551150,3,30.0,2400.0,0.0,
772182652587039,3,30.0,2400.0,0.0,
772182670897585,3,28.0,2400.0,0.0,
772182694670779,3,28.0,2400.0,0.0,
772182710600955,3,30.0,2400.0,0.0,
772182731841189,3,28.0,2400.0,0.0,
772182754942995,3,26.0,2400.0,0.0,
772182770598513,3,28.0,2400.0,0.0,
772182791777713,3,28.0,2400.0,0.0,
772182814726931,3,30.0,2400.0,0.0,
772182833098512,3,30.0,2400.0,0.0,
772182851378542,3,28.0,2400.0,0.0,
772182874724490,3,28.0,2400.0,0.0,
772182890685184,3,29.0,2400.0,0.0,
772182911925417,3,26.0,2400.0,0.0,
772182934813601,3,26.0,2400.0,0.0,
772182950987918,3,33.0,2400.0,0.0,
772182971770389,3,33.0,2400.0,0.0,
772182994902711,3,26.0,2400.0,0.0,
772183013121706,3,26.0,2400.0,0.0,
772183031493289,3,30.0,2400.0,0.0,
772183054930789,3,30.0,2400.0,0.0,
772183071044069,3,32.0,2400.0,0.0,
772183091796023,3,26.0,2400.0,0.0,
772183115264041,3,26.0,2400.0,0.0,
772183131041629,3,30.0,2400.0,0.0,
772183152403932,3,30.0,2400.0,0.0,
772183175566775,3,30.0,2400.0,0.0,
772183193419559,3,30.0,2400.0,0.0,
772183212401492,3,28.0,2400.0,0.0,
772183235045534,3,28.0,2400.0,0.0,
772183251067263,3,29.0,2400.0,0.0,
772183271636112,3,29.0,2400.0,0.0,
772183295226199,3,29.0,2400.0,0.0,
772183311278444,3,29.0,2400.0,0.0,
772183332427126,3,29.0,2400.0,0.0,
772183354582889,3,26.0,2400.0,0.0,
772183373503787,3,26.0,2400.0,0.0,
772183391692262,3,30.0,2400.0,0.0,
772183415312868,3,30.0,2400.0,0.0,
772183431365116,3,29.0,2400.0,0.0,
772183451689822,3,28.0,2400.0,0.0,
772183475249391,3,28.0,2400.0,0.0,
772183491271121,3,26.0,2400.0,0.0,
772183512236697,3,26.0,2400.0,0.0,
772183535369021,3,33.0,2400.0,0.0,
772183553496462,3,33.0,2400.0,0.0,
772183572600466,3,29.0,2400.0,0.0,
772183595488650,3,29.0,2400.0,0.0,
772183611540896,3,29.0,2400.0,0.0,
772183631987673,3,30.0,2400.0,0.0,
772183655455691,3,30.0,2400.0,0.0,
772183671507938,3,29.0,2400.0,0.0,
772183692351443,3,29.0,2400.0,0.0,
772183715544801,3,29.0,2400.0,0.0,
772183733794314,3,29.0,2400.0,0.0,
772183752196414,3,31.0,2400.0,0.0,
772183775694949,3,31.0,2400.0,0.0,
772183791716677,3,32.0,2400.0,0.0,
772183812438113,3,32.0,2400.0,0.0,
772183835692508,3,32.0,2400.0,0.0,
772183851714236,3,31.0,2400.0,0.0,
772183872466188,3,31.0,2400.0,0.0,
772183895720583,3,30.0,2400.0,0.0,
772183913848026,3,30.0,2400.0,0.0,
772183932158572,3,32.0,2400.0,0.0,
772183955809694,3,32.0,2400.0,0.0,
772183971831423,3,29.0,2400.0,0.0,
772183992461307,3,26.0,2400.0,0.0,
772184015929324,3,26.0,2400.0,0.0,
772184031920534,3,31.0,2400.0,0.0,
772184053008181,3,31.0,2400.0,0.0,
772184075896365,3,29.0,2400.0,0.0,
772184094512088,3,29.0,2400.0,0.0,
772184112273317,3,32.0,2400.0,0.0,
772184135863406,3,32.0,2400.0,0.0,
772184151976688,3,29.0,2400.0,0.0,
772184172545535,3,29.0,2400.0,0.0,
772184196074586,3,29.0,2400.0,0.0,
772184212706667,3,28.0,2400.0,0.0,
772184233000858,3,28.0,2400.0,0.0,
772184256072146,3,28.0,2400.0,0.0,
772184274199587,3,28.0,2400.0,0.0,
772184292754275,3,30.0,2400.0,0.0,
772184316435916,3,30.0,2400.0,0.0,
772184332091434,3,29.0,2400.0,0.0,
772184352690798,3,29.0,2400.0,0.0,
772184376311404,3,29.0,2400.0,0.0,
772184392211063,3,28.0,2400.0,0.0,
772184413054568,3,28.0,2400.0,0.0,
772184436217409,3,29.0,2400.0,0.0,
772184454558474,3,29.0,2400.0,0.0,
772184472777469,3,29.0,2400.0,0.0,
772184496306521,3,29.0,2400.0,0.0,
772184512267214,3,29.0,2400.0,0.0,
772184533507449,3,26.0,2400.0,0.0,
772184556365115,3,26.0,2400.0,0.0,
772184572386844,3,30.0,2400.0,0.0,
772184593138796,3,30.0,2400.0,0.0,
772184616332156,3,30.0,2400.0,0.0,
772184634673221,3,30.0,2400.0,0.0,
772184652861697,3,29.0,2400.0,0.0,
772184676512819,3,24.0,2400.0,0.0,
772184692412478,3,32.0,2400.0,0.0,
772184713011844,3,26.0,2400.0,0.0,
772184736449344,3,26.0,2400.0,0.0,
772184752562624,3,26.0,2400.0,0.0,
772184773741824,3,26.0,2400.0,0.0,
772184796599490,3,29.0,2400.0,0.0,
772184814910037,3,29.0,2400.0,0.0,
772184833067995,3,30.0,2400.0,0.0,
772184856688601,3,29.0,2400.0,0.0,
772184872649295,3,29.0,2400.0,0.0,
772184893035037,3,29.0,2400.0,0.0,
772184916686159,3,29.0,2400.0,0.0,
772184933104617,3,28.0,2400.0,0.0,
772184953581912,3,28.0,2400.0,0.0,
772184976714236,3,33.0,2400.0,0.0,
772184994811159,3,33.0,2400.0,0.0,
772185013426882,3,30.0,2400.0,0.0,
772185036772830,3,28.0,2400.0,0.0,
772185052855594,3,28.0,2400.0,0.0,
772185073363405,3,30.0,2400.0,0.0,
772185096922976,3,30.0,2400.0,0.0,
772185113097293,3,30.0,2400.0,0.0,
772185133788211,3,30.0,2400.0,0.0,
772185156951051,3,28.0,2400.0,0.0,
772185175261599,3,28.0,2400.0,0.0,
772185193480594,3,29.0,2400.0,0.0,
772185216979129,3,26.0,2400.0,0.0,
772185232970339,3,26.0,2400.0,0.0,
772185253874880,3,29.0,2400.0,0.0,
772185278502567,3,29.0,2400.0,0.0,
772185292967898,3,28.0,2400.0,0.0,
772185313780885,3,28.0,2400.0,0.0,
772185336974245,3,29.0,2400.0,0.0,
772185355223758,3,29.0,2400.0,0.0,
772185373564822,3,32.0,2400.0,0.0,
772185397124391,3,31.0,2400.0,0.0,
772185413695437,3,31.0,2400.0,0.0,
772185433684451,3,28.0,2400.0,0.0,
772185457213504,3,28.0,2400.0,0.0,
772185473509889,3,26.0,2400.0,0.0,
772185494811160,3,26.0,2400.0,0.0,
772185517180545,3,28.0,2400.0,0.0,
772185535369021,3,28.0,2400.0,0.0,
772185553832155,3,26.0,2400.0,0.0,
772185577330691,3,32.0,2400.0,0.0,
772185593443973,3,32.0,2400.0,0.0,
772185613860231,3,31.0,2400.0,0.0,
772185637541872,3,31.0,2400.0,0.0,
772185653441531,3,32.0,2400.0,0.0,
772185674376590,3,32.0,2400.0,0.0,
772185697508913,3,30.0,2400.0,0.0,
772185715819460,3,30.0,2400.0,0.0,
772185734282595,3,29.0,2400.0,0.0,
772185757628543,3,28.0,2400.0,0.0,
772185773619753,3,28.0,2400.0,0.0,
772185793944460,3,28.0,2400.0,0.0,
772185817595583,3,28.0,2400.0,0.0,
772185833556278,3,30.0,2400.0,0.0,
772185854338747,3,30.0,2400.0,0.0,
772185877532106,3,29.0,2400.0,0.0,
772185895842654,3,29.0,2400.0,0.0,
772185914092166,3,28.0,2400.0,0.0,
772185937712770,3,29.0,2400.0,0.0,
772185953856569,3,29.0,2400.0,0.0,
772185974700076,3,27.0,2400.0,0.0,
772185997862918,3,27.0,2400.0,0.0,
772186014006716,3,29.0,2400.0,0.0,
772186034697634,3,29.0,2400.0,0.0,
772186057982546,3,29.0,2400.0,0.0,
772186076262576,3,29.0,2400.0,0.0,
772186094908815,3,29.0,2400.0,0.0,
772186118193727,3,28.0,2400.0,0.0,
772186134215457,3,28.0,2400.0,0.0,
772186159575564,3,30.0,2400.0,0.0,
772186178038698,3,30.0,2400.0,0.0,
772186194060427,3,30.0,2400.0,0.0,
772186215209109,3,30.0,2400.0,0.0,
772186238036258,3,29.0,2400.0,0.0,
772186256346804,3,29.0,2400.0,0.0,
772186274443727,3,28.0,2400.0,0.0,
772186298430545,3,29.0,2400.0,0.0,
772186314452274,3,29.0,2400.0,0.0,
772186334685427,3,31.0,2400.0,0.0,
772186358519656,3,31.0,2400.0,0.0,
772186374419314,3,29.0,2400.0,0.0,
772186395384891,3,29.0,2400.0,0.0,
772186418486696,3,29.0,2400.0,0.0,
772186436492067,3,29.0,2400.0,0.0,
772186478118045,3,29.0,2400.0,0.0,
772186478789432,3,30.0,2400.0,0.0,
772186494292360,3,30.0,2400.0,0.0,
772186514861208,3,29.0,2400.0,0.0,
772186538542850,3,29.0,2400.0,0.0,
772186554228885,3,29.0,2400.0,0.0,
772186576354128,3,29.0,2400.0,0.0,
772186598387820,3,32.0,2400.0,0.0,
772186616637331,3,29.0,2400.0,0.0,
772186634886844,3,26.0,2400.0,0.0,
772186658415895,3,29.0,2400.0,0.0,
772186674346071,3,29.0,2400.0,0.0,
772186695098025,3,31.0,2400.0,0.0,
772186718443973,3,31.0,2400.0,0.0,
772186734374147,3,28.0,2400.0,0.0,
772186755187135,3,28.0,2400.0,0.0,
772186778472049,3,29.0,2400.0,0.0,
772186796691043,3,28.0,2400.0,0.0,
772186814971071,3,28.0,2400.0,0.0,
772186838683229,3,26.0,2400.0,0.0,
772186854552370,3,26.0,2400.0,0.0,
772186875151736,3,30.0,2400.0,0.0,
772186898955447,3,30.0,2400.0,0.0,
772186914733034,3,30.0,2400.0,0.0,
772186935942749,3,30.0,2400.0,0.0,
772186958678347,3,29.0,2400.0,0.0,
772186976988893,3,28.0,2400.0,0.0,
772186995207888,3,28.0,2400.0,0.0,
772187018859011,3,30.0,2400.0,0.0,
772187034850221,3,30.0,2400.0,0.0,
772187055296997,3,29.0,2400.0,0.0,
772187079711061,3,29.0,2400.0,0.0,
772187094786745,3,32.0,2400.0,0.0,
772187116149050,3,32.0,2400.0,0.0,
772187138915164,3,26.0,2400.0,0.0,
772187157256227,3,29.0,2400.0,0.0,
772187175658326,3,29.0,2400.0,0.0,
772187199278933,3,30.0,2400.0,0.0,
772187214995485,3,30.0,2400.0,0.0,
772187235472781,3,29.0,2400.0,0.0,
772187259062868,3,29.0,2400.0,0.0,
772187275023561,3,29.0,2400.0,0.0,
772187296080688,3,29.0,2400.0,0.0,
772187319243532,3,29.0,2400.0,0.0,
772187337432008,3,31.0,2400.0,0.0,
772187355589968,3,31.0,2400.0,0.0,
772187380309207,3,31.0,2400.0,0.0,
772187395171266,3,31.0,2400.0,0.0,
772187416564087,3,30.0,2400.0,0.0,
772187439147097,3,30.0,2400.0,0.0,
772187455168825,3,32.0,2400.0,0.0,
772187476012332,3,32.0,2400.0,0.0,
772187499571902,3,25.0,2400.0,0.0,
772187517424684,3,29.0,2400.0,0.0,
772187535735230,3,29.0,2400.0,0.0,
772187559325320,3,29.0,2400.0,0.0,
772187575377566,3,29.0,2400.0,0.0,
772187596160036,3,28.0,2400.0,0.0,
772187619414429,3,28.0,2400.0,0.0,
772187635466676,3,29.0,2400.0,0.0,
772187656523805,3,29.0,2400.0,0.0,
772187679411990,3,29.0,2400.0,0.0,
772187698058230,3,28.0,2400.0,0.0,
772187716124635,3,28.0,2400.0,0.0,
772187739531617,3,29.0,2400.0,0.0,
772187755400758,3,29.0,2400.0,0.0,
772187775817019,3,26.0,2400.0,0.0,
772187799498661,3,26.0,2400.0,0.0,
772187815581423,3,28.0,2400.0,0.0,
772187836577516,3,28.0,2400.0,0.0,
772187859587770,3,28.0,2400.0,0.0,
772187877898317,3,29.0,2400.0,0.0,
772187896269900,3,29.0,2400.0,0.0,
772187919585329,3,30.0,2400.0,0.0,
772187935576539,3,30.0,2400.0,0.0,
772187956664185,3,28.0,2400.0,0.0,
772187979674441,3,28.0,2400.0,0.0,
772187995604616,3,29.0,2400.0,0.0,
772188016448123,3,29.0,2400.0,0.0,
772188039641481,3,29.0,2400.0,0.0,
772188057982544,3,29.0,2400.0,0.0,
772188076262574,3,29.0,2400.0,0.0,
772188099883181,3,25.0,2400.0,0.0,
772188115904910,3,25.0,2400.0,0.0,
772188136687380,3,30.0,2400.0,0.0,
772188159819703,3,30.0,2400.0,0.0,
772188175810914,3,30.0,2400.0,0.0,
772188196776491,3,30.0,2400.0,0.0,
772188219847782,3,31.0,2400.0,0.0,
772188238188845,3,28.0,2400.0,0.0,
772188256377320,3,28.0,2400.0,0.0,
772188279967409,3,29.0,2400.0,0.0,
772188295897584,3,29.0,2400.0,0.0,
772188316496950,3,29.0,2400.0,0.0,
772188340300662,3,29.0,2400.0,0.0,
772188355925662,3,28.0,2400.0,0.0,
772188389433962,3,28.0,2400.0,0.0,
772188399993044,3,29.0,2400.0,0.0,
772188418425662,3,29.0,2400.0,0.0,
772188436492068,3,29.0,2400.0,0.0,
772188460143190,3,30.0,2400.0,0.0,
772188476225953,3,30.0,2400.0,0.0,
772188496642214,3,28.0,2400.0,0.0,
772188520293337,3,28.0,2400.0,0.0,
772188536254030,3,28.0,2400.0,0.0,
772188557250123,3,32.0,2400.0,0.0,
772188580321414,3,32.0,2400.0,0.0,
772188599028689,3,30.0,2400.0,0.0,
772188617003541,3,30.0,2400.0,0.0,
772188640288454,3,29.0,2400.0,0.0,
772188656249147,3,29.0,2400.0,0.0,
772188676726443,3,26.0,2400.0,0.0,
772188700377565,3,26.0,2400.0,0.0,
772188716338258,3,30.0,2400.0,0.0,
772188737212282,3,30.0,2400.0,0.0,
772188760466677,3,30.0,2400.0,0.0,
772188778807741,3,30.0,2400.0,0.0,
772188797057252,3,30.0,2400.0,0.0,
772188820586306,3,30.0,2400.0,0.0,
772188836669070,3,30.0,2400.0,0.0,
772188857482057,3,32.0,2400.0,0.0,
772188880675417,3,32.0,2400.0,0.0,
772188896514040,3,28.0,2400.0,0.0,
772188917357547,3,26.0,2400.0,0.0,
772188940642457,3,26.0,2400.0,0.0,
772188958769900,3,29.0,2400.0,0.0,
772188977019411,3,29.0,2400.0,0.0,
772189000670535,3,29.0,2400.0,0.0,
772189016692262,3,29.0,2400.0,0.0,
772189037322145,3,29.0,2400.0,0.0,
772189060881717,3,29.0,2400.0,0.0,
772189076872927,3,26.0,2400.0,0.0,
772189097869020,3,29.0,2400.0,0.0,
772189120696169,3,29.0,2400.0,0.0,
772189139250857,3,29.0,2400.0,0.0,
772189157225711,3,29.0,2400.0,0.0,
772189180846315,3,34.0,2400.0,0.0,
772189196959596,3,34.0,2400.0,0.0,
772189217375856,3,28.0,2400.0,0.0,
772189242064578,3,28.0,2400.0,0.0,
772189257109743,3,30.0,2400.0,0.0,
772189278166871,3,28.0,2400.0,0.0,
772189301421267,3,28.0,2400.0,0.0,
772189319548709,3,29.0,2400.0,0.0,
772189338774782,3,29.0,2400.0,0.0,
772189360961062,3,29.0,2400.0,0.0,
772189376982790,3,29.0,2400.0,0.0,
772189397521121,3,28.0,2400.0,0.0,
772189421050172,3,28.0,2400.0,0.0,
772189437102418,3,29.0,2400.0,0.0,
772189458129030,3,29.0,2400.0,0.0,
772189483428103,3,29.0,2400.0,0.0,
772189499785524,3,32.0,2400.0,0.0,
772189517974000,3,32.0,2400.0,0.0,
772189542876345,3,32.0,2400.0,0.0,
772189557463748,3,32.0,2400.0,0.0,
772189584044557,3,29.0,2400.0,0.0,
772189601256472,3,29.0,2400.0,0.0,
772189617278200,3,29.0,2400.0,0.0,
772189638091189,3,29.0,2400.0,0.0,
772189661254030,3,29.0,2400.0,0.0,
772189679656130,3,30.0,2400.0,0.0,
772189697722536,3,30.0,2400.0,0.0,
772189721373660,3,26.0,2400.0,0.0,
772189737364870,3,26.0,2400.0,0.0,
772189757903199,3,29.0,2400.0,0.0,
772189781432254,3,29.0,2400.0,0.0,
772189797392947,3,31.0,2400.0,0.0,
772189818602663,3,29.0,2400.0,0.0,
772189842040163,3,29.0,2400.0,0.0,
772189859831912,3,26.0,2400.0,0.0,
772189877898318,3,26.0,2400.0,0.0,
772189901610475,3,28.0,2400.0,0.0,
772189917571168,3,28.0,2400.0,0.0,
772189938078981,3,28.0,2400.0,0.0,
772189961669070,3,28.0,2400.0,0.0,
772189977660280,3,30.0,2400.0,0.0,
772189998992068,3,28.0,2400.0,0.0,
772190021636111,3,28.0,2400.0,0.0,
772190040007693,3,31.0,2400.0,0.0,
772190058440309,3,31.0,2400.0,0.0,
772190087462526,3,29.0,2400.0,0.0,
772190098418338,3,29.0,2400.0,0.0,
772190118102176,3,29.0,2400.0,0.0,
772190141692262,3,29.0,2400.0,0.0,
772190157775026,3,29.0,2400.0,0.0,
772190178588016,3,29.0,2400.0,0.0,
772190201842410,3,29.0,2400.0,0.0,
772190220213991,3,30.0,2400.0,0.0,
772190238738161,3,30.0,2400.0,0.0,
772190261962039,3,29.0,2400.0,0.0,
772190277953250,3,29.0,2400.0,0.0,
772190299956422,3,26.0,2400.0,0.0,
772190321959597,3,29.0,2400.0,0.0,
772190337920290,3,30.0,2400.0,0.0,
772190358763797,3,29.0,2400.0,0.0,
772190381987672,3,29.0,2400.0,0.0,
772190401732546,3,29.0,2400.0,0.0,
772190418608768,3,29.0,2400.0,0.0,
772190441985232,3,26.0,2400.0,0.0,
772190457976442,3,26.0,2400.0,0.0,
772190478606325,3,30.0,2400.0,0.0,
772190502135379,3,28.0,2400.0,0.0,
772190518157107,3,28.0,2400.0,0.0,
772190539336305,3,29.0,2400.0,0.0,
772190562132937,3,29.0,2400.0,0.0,
772190580443484,3,29.0,2400.0,0.0,
772190598509890,3,29.0,2400.0,0.0,
772190622222047,3,30.0,2400.0,0.0,
772190638152223,3,30.0,2400.0,0.0,
772190658690555,3,28.0,2400.0,0.0,
772190682311160,3,29.0,2400.0,0.0,
772190698210817,3,29.0,2400.0,0.0,
772190719176394,3,29.0,2400.0,0.0,
772190742369754,3,29.0,2400.0,0.0,
772190760680300,3,32.0,2400.0,0.0,
772190779082399,3,32.0,2400.0,0.0,
772190802397829,3,29.0,2400.0,0.0,
772190818358523,3,29.0,2400.0,0.0,
772190838774783,3,28.0,2400.0,0.0,
772190862395387,3,28.0,2400.0,0.0,
772190878569704,3,28.0,2400.0,0.0,
772190899199588,3,32.0,2400.0,0.0,
772190922331912,3,32.0,2400.0,0.0,
772190940581422,3,29.0,2400.0,0.0,
772190959014040,3,29.0,2400.0,0.0,
772190982512576,3,26.0,2400.0,0.0,
772190998717410,3,26.0,2400.0,0.0,
772191019438844,3,29.0,2400.0,0.0,
772191042632204,3,28.0,2400.0,0.0,
772191058653934,3,28.0,2400.0,0.0,
772191079436404,3,29.0,2400.0,0.0,
772191102721315,3,29.0,2400.0,0.0,
772191121001345,3,28.0,2400.0,0.0,
772191139067752,3,28.0,2400.0,0.0,
772191162657839,3,30.0,2400.0,0.0,
772191178679567,3,30.0,2400.0,0.0,
772191199339968,3,31.0,2400.0,0.0,
772191222746951,3,29.0,2400.0,0.0,
772191238890750,3,29.0,2400.0,0.0,
772191260466676,3,30.0,2400.0,0.0,
772191282866579,3,30.0,2400.0,0.0,
772191302123172,3,30.0,2400.0,0.0,
772191319182498,3,30.0,2400.0,0.0,
772191342894655,3,26.0,2400.0,0.0,
772191365569216,3,26.0,2400.0,0.0,
772191379302127,3,29.0,2400.0,0.0,
772191402922732,3,29.0,2400.0,0.0,
772191418913942,3,29.0,2400.0,0.0,
772191439940554,3,30.0,2400.0,0.0,
772191463011844,3,30.0,2400.0,0.0,
772191481322390,3,29.0,2400.0,0.0,
772191499724489,3,29.0,2400.0,0.0,
772191523161989,3,29.0,2400.0,0.0,
772191540648562,3,29.0,2400.0,0.0,
772191559477908,3,26.0,2400.0,0.0,
772191583098512,3,26.0,2400.0,0.0,
772191599150759,3,26.0,2400.0,0.0,
772191619994266,3,29.0,2400.0,0.0,
772191643096072,3,29.0,2400.0,0.0,
772191661254030,3,30.0,2400.0,0.0,
772191679747683,3,30.0,2400.0,0.0,
772191703154666,3,29.0,2400.0,0.0,
772191719237429,3,29.0,2400.0,0.0,
772191740019899,3,32.0,2400.0,0.0,
772191763335329,3,28.0,2400.0,0.0,
772191779234988,3,28.0,2400.0,0.0,
772191800047976,3,26.0,2400.0,0.0,
772191823424440,3,26.0,2400.0,0.0,
772191841399294,3,30.0,2400.0,0.0,
772191859679324,3,30.0,2400.0,0.0,
772191883360964,3,28.0,2400.0,0.0,
772191899443727,3,28.0,2400.0,0.0,
772191919982058,3,30.0,2400.0,0.0,
772191943450076,3,29.0,2400.0,0.0,
772191959410769,3,29.0,2400.0,0.0,
772191980589967,3,29.0,2400.0,0.0,
772192004363161,3,29.0,2400.0,0.0,
772192021636111,3,30.0,2400.0,0.0,
772192039946658,3,30.0,2400.0,0.0,
772192063658815,3,27.0,2400.0,0.0,
772192079588991,3,27.0,2400.0,0.0,
772192100066287,3,29.0,2400.0,0.0,
772192123686892,3,32.0,2400.0,0.0,
772192139586549,3,32.0,2400.0,0.0,
772192160582644,3,29.0,2400.0,0.0,
772192183653933,3,29.0,2400.0,0.0,
772192202056033,3,29.0,2400.0,0.0,
772192220976930,3,29.0,2400.0,0.0,
772192244048220,3,29.0,2400.0,0.0,
772192259764773,3,31.0,2400.0,0.0,
772192280333621,3,29.0,2400.0,0.0,
772192303954225,3,27.0,2400.0,0.0,
772192319884402,3,27.0,2400.0,0.0,
772192340758426,3,29.0,2400.0,0.0,
772192363982302,3,29.0,2400.0,0.0,
772192382109743,3,26.0,2400.0,0.0,
772192400633913,3,26.0,2400.0,0.0,
772192424040896,3,28.0,2400.0,0.0,
772192440001590,3,28.0,2400.0,0.0,
772192460875612,3,28.0,2400.0,0.0,
772192484068972,3,28.0,2400.0,0.0,
772192500090701,3,28.0,2400.0,0.0,
772192520903689,3,30.0,2400.0,0.0,
772192544127565,3,30.0,2400.0,0.0,
772192562499148,3,31.0,2400.0,0.0,
772192580565555,3,31.0,2400.0,0.0,
772192604247195,3,28.0,2400.0,0.0,
772192620726686,3,29.0,2400.0,0.0,
772192640959841,3,29.0,2400.0,0.0,
772192664458377,3,31.0,2400.0,0.0,
772192680358035,3,31.0,2400.0,0.0,
772192701476198,3,29.0,2400.0,0.0,
772192724486452,3,29.0,2400.0,0.0,
772192742369754,3,29.0,2400.0,0.0,
772192766966921,3,29.0,2400.0,0.0,
772192784331422,3,29.0,2400.0,0.0,
772192800353152,3,29.0,2400.0,0.0,
772192820769412,3,29.0,2400.0,0.0,
772192844328982,3,29.0,2400.0,0.0,
772192860228639,3,29.0,2400.0,0.0,
772192881255251,3,32.0,2400.0,0.0,
772192904296023,3,32.0,2400.0,0.0,
772192922576052,3,29.0,2400.0,0.0,
772192941435914,3,29.0,2400.0,0.0,
772192964690310,3,28.0,2400.0,0.0,
772192980712039,3,29.0,2400.0,0.0,
772193000975711,3,29.0,2400.0,0.0,
772193024626832,3,29.0,2400.0,0.0,
772193040984255,3,29.0,2400.0,0.0,
772193061400516,3,27.0,2400.0,0.0,
772193084654910,3,27.0,2400.0,0.0,
772193103301149,3,29.0,2400.0,0.0,
772193121337038,3,29.0,2400.0,0.0,
772193144896609,3,29.0,2400.0,0.0,
772193160918338,3,32.0,2400.0,0.0,
772193182097536,3,32.0,2400.0,0.0,
772193204985720,3,30.0,2400.0,0.0,
772193220976932,3,30.0,2400.0,0.0,
772193241820437,3,32.0,2400.0,0.0,
772193265013795,3,32.0,2400.0,0.0,
772193283293825,3,32.0,2400.0,0.0,
772193301451785,3,32.0,2400.0,0.0,
772193325072390,3,31.0,2400.0,0.0,
772193341094118,3,29.0,2400.0,0.0,
772193361571413,3,29.0,2400.0,0.0,
772193385253054,3,29.0,2400.0,0.0,
772193401000125,3,29.0,2400.0,0.0,
772193422270875,3,32.0,2400.0,0.0,
772193444945437,3,32.0,2400.0,0.0,
772193463286502,3,29.0,2400.0,0.0,
772193481383426,3,29.0,2400.0,0.0,
772193505034547,3,29.0,2400.0,0.0,
772193521208865,3,29.0,2400.0,0.0,
772193541289432,3,29.0,2400.0,0.0,
772193564910037,3,31.0,2400.0,0.0,
772193580901247,3,31.0,2400.0,0.0,
772193601866823,3,28.0,2400.0,0.0,
772193624999148,3,28.0,2400.0,0.0,
772193643279177,3,30.0,2400.0,0.0,
772193661742311,3,30.0,2400.0,0.0,
772193685149294,3,31.0,2400.0,0.0,
772193701079471,3,28.0,2400.0,0.0,
772193721526248,3,28.0,2400.0,0.0,
