772158888701540,3,9.779256,-0.013387305,0.7323837,
772158905821900,3,9.779263,-0.0147580085,0.7322642,
772158923918825,3,9.77879,-0.0148962485,0.7385326,
772158946532351,3,9.778777,-0.013397242,0.7387571,
772158965849978,3,9.779079,-0.011407529,0.73475456,
772158984007937,3,9.779388,-0.012400924,0.73063016,
772159006651979,3,9.77948,-0.014933658,0.7293202,
772159025847535,3,9.779467,-0.016126083,0.72950494,
772159044097048,3,9.779586,-0.0156233935,0.72791946,
772159069274051,3,9.779815,-0.0150076,0.7248641,
772159086058718,3,9.779901,-0.015512627,0.723677,
772159104125123,3,9.779899,-0.0165069,0.72367555,
772159126708131,3,9.779966,-0.015495676,0.7227873,
772159146056276,3,9.780239,-0.014114451,0.7191031,
772159164183718,3,9.780585,-0.014216742,0.7143717,
772159186705691,3,9.780646,-0.015486908,0.7135364,
772159206084352,3,9.780343,-0.016155016,0.71765,
772159224242310,3,9.780088,-0.016171383,0.7211124,
772159249205691,3,9.780275,-0.01565525,0.7185893,
772159266173464,3,9.780514,-0.015115152,0.7153449,
772159284300906,3,9.780646,-0.014776129,0.71353054,
772159307219607,3,9.780525,-0.01627572,0.71516603,
772159326201539,3,9.780451,-0.01744681,0.71615624,
772159344359498,3,9.7805195,-0.017250119,0.715197,
772159366881472,3,9.780406,-0.016383857,0.7167703,
772159386199099,3,9.780085,-0.017563129,0.7211229,
772159404448611,3,9.779741,-0.015272681,0.7258327,
772159429228883,3,9.779162,-0.013941431,0.73360276,
772159446318726,3,9.778804,-0.015774785,0.7383236,
772159464446169,3,9.778723,-0.015974106,0.7394106,
772159487181765,3,9.778695,-0.016394671,0.73976505,
772159506377322,3,9.77868,-0.016688976,0.7399574,
772159524504763,3,9.778722,-0.016141865,0.73940295,
772159547453980,3,9.779244,-0.021230713,0.7323431,
772159566405397,3,9.779244,-0.021230713,0.7323431,
772159584563357,3,9.779216,-0.023125732,0.73267627,
772159609252079,3,9.779116,-0.024543783,0.73394233,
772159626463992,3,9.779089,-0.02413228,0.73432845,
772159644652467,3,9.779131,-0.0260688,0.73370355,
772159667235475,3,9.779099,-0.03377689,0.733805,
772159686583620,3,9.7788105,-0.039545536,0.73735625,
772159704680545,3,9.7783785,-0.03969196,0.74304247,
772159727324587,3,9.77793,-0.042885788,0.74874973,
772159746550660,3,9.777688,-0.046578504,0.751689,
772159764739137,3,9.777584,-0.04717355,0.75302,
772159789946658,3,9.777624,-0.04720102,0.7524951,
772159806670290,3,9.7777815,-0.04505933,0.7505688,
772159824797733,3,9.778158,-0.042691726,0.7457634,
772159847411257,3,9.778564,-0.04218027,0.74048287,
772159866728882,3,9.778553,-0.04244535,0.740598,
772159884856325,3,9.778257,-0.0427569,0.7444883,
772159907408816,3,9.777768,-0.044655137,0.7507775,
772159926787478,3,9.777651,-0.04450871,0.7523127,
772159945067508,3,9.777816,-0.043532267,0.7502011,
772159969908815,3,9.778032,-0.044039343,0.74734807,
772159986876588,3,9.778094,-0.043703534,0.7465835,
772160004912478,3,9.777984,-0.045322366,0.7479145,
772160027831179,3,9.7778015,-0.048667002,0.7500673,
772160046843630,3,9.777746,-0.04677169,0.75093734,
772160065001588,3,9.777997,-0.044882223,0.7477587,
772160087554078,3,9.778137,-0.045309216,0.74592036,
772160106902223,3,9.777996,-0.04596914,0.74772596,
772160125060183,3,9.77791,-0.044616263,0.74892336,
772160149901492,3,9.778028,-0.04305413,0.7474781,
772160167021852,3,9.778219,-0.042884327,0.74497056,
772160185149293,3,9.777992,-0.040260993,0.7480948,
772160207915407,3,9.777471,-0.033212826,0.75520754,
772160227110964,3,9.777523,-0.029793957,0.75468004,
772160245207889,3,9.777924,-0.034845103,0.74925476,
772160268065554,3,9.777976,-0.03937398,0.74835783,
772160287078004,3,9.7775955,-0.038653266,0.7533558,
772160305327516,3,9.777164,-0.035645314,0.7590672,
772160329985720,3,9.777457,-0.029919922,0.75552815,
772160347258670,3,9.777885,-0.027073594,0.75007075,
772160365355593,3,9.778212,-0.02819266,0.745776,
772160387969117,3,9.778338,-0.03073913,0.74401194,
772160407225709,3,9.778165,-0.030034196,0.74632514,
772160425353151,3,9.7781105,-0.02837357,0.74708736,
772160447997195,3,9.778205,-0.024643444,0.7460057,
772160467223270,3,9.77845,-0.02367489,0.7428084,
772160485411745,3,9.778641,-0.023403965,0.7402888,
772160510436159,3,9.778705,-0.022430444,0.73947865,
772160527312379,3,9.778705,-0.022430444,0.73947865,
772160545439822,3,9.778686,-0.021325989,0.7397639,
772160568022830,3,9.778769,-0.019907355,0.73869216,
772160587370974,3,9.778896,-0.019758008,0.73700994,
772160605498415,3,9.77897,-0.019750118,0.73604256,
772160628050904,3,9.779007,-0.020127134,0.7355352,
772160647429567,3,9.7790985,-0.019423079,0.7343205,
772160665618045,3,9.779148,-0.019264964,0.73368955,
772160690428835,3,9.779163,-0.020367665,0.7334417,
772160707549195,3,9.779202,-0.020516135,0.7329262,
772160725676637,3,9.779205,-0.020073943,0.7329089,
772160748595339,3,9.77928,-0.020289924,0.73188686,
772160767607790,3,9.7794,-0.019951778,0.730292,
772160785735233,3,9.779384,-0.019203005,0.73055154,
772160808379274,3,9.779338,-0.018469723,0.73117816,
772160827605347,3,9.779276,-0.01689999,0.732045,
772160845732790,3,9.779391,-0.016184535,0.7305144,
772160870635135,3,9.779664,-0.014525369,0.7268919,
772160887663943,3,9.779769,-0.014212065,0.72548723,
772160905791384,3,9.779593,-0.014084932,0.7278502,
772160928526979,3,9.779169,-0.013292028,0.73353755,
772160947722535,3,9.779014,-0.01207973,0.735622,
772160965880495,3,9.779199,-0.010969138,0.7331559,
772160988738163,3,9.779492,-0.010975568,0.7292422,
772161007750613,3,9.779414,-0.012836685,0.7302616,
772161025908571,3,9.77917,-0.013980303,0.7334905,
772161050597292,3,9.778933,-0.012776188,0.73668814,
772161067870241,3,9.779075,-0.011744507,0.73482877,
772161085997683,3,9.77924,-0.011388533,0.73262864,
772161108580691,3,9.779373,-0.011620003,0.7308453,
772161127898317,3,9.779263,-0.011902327,0.7323215,
772161146025758,3,9.779064,-0.01177607,0.73496145,
772161168669802,3,9.779058,-0.010786182,0.7350363,
772161187926394,3,9.779244,-0.01119564,0.73257196,
772161206084354,3,9.779243,-0.011474165,0.732588,
772161231078249,3,9.7790165,-0.012957973,0.7355752,
772161248015504,3,9.778897,-0.0129828155,0.73712885,
772161266142946,3,9.778995,-0.012858897,0.7358622,
772161288725955,3,9.779213,-0.012278175,0.7329703,
772161308074099,3,9.779313,-0.01146452,0.7316396,
772161326201540,3,9.779375,-0.010946049,0.73082715,
772161348754029,3,9.779434,-0.011276596,0.73004127,
772161368102174,3,9.779411,-0.011452829,0.73032767,
772161386260134,3,9.779457,-0.011951719,0.729725,
772161411101444,3,9.779515,-0.011853812,0.72891754,
772161428252322,3,9.779502,-0.013035423,0.72910047,
772161446349245,3,9.779376,-0.012404432,0.73077774,
772161469298463,3,9.779395,-0.013476152,0.73050594,
772161488341433,3,9.779509,-0.01401742,0.72898734,
772161506407839,3,9.779534,-0.013512977,0.7286349,
772161528929813,3,9.779603,-0.014799803,0.7276807,
772161548400027,3,9.77964,-0.014476853,0.72720927,
772161566466432,3,9.779601,-0.014850656,0.7277064,
772161591307741,3,9.779538,-0.014684651,0.7285715,
772161608428103,3,9.779598,-0.014959085,0.7277388,
772161626525027,3,9.779648,-0.014770868,0.7270739,
772161649230105,3,9.779731,-0.014495559,0.72597885,
772161668456178,3,9.77975,-0.014522446,0.7257082,
772161686583619,3,9.779676,-0.015152269,0.7267048,
772161709441287,3,9.779593,-0.01540186,0.72779876,
772161728453739,3,9.779563,-0.016121114,0.72819185,
772161746611698,3,9.779599,-0.015702888,0.7277251,
772161771269899,3,9.779609,-0.014743396,0.7276105,
772161788542848,3,9.7797,-0.013959552,0.7264087,
772161806670290,3,9.779828,-0.013660861,0.72470313,
772161829253299,3,9.779964,-0.013851708,0.72282827,
772161848570927,3,9.780033,-0.01372925,0.7219354,
772161866789920,3,9.779995,-0.013543957,0.7224352,
772161889372926,3,9.779878,-0.013627836,0.72400814,
772161908599001,3,9.779871,-0.014195699,0.72410136,
772161926756960,3,9.780018,-0.012695815,0.72214144,
772161951811893,3,9.780356,-0.010299568,0.71756876,
772161968688113,3,9.780462,-0.010363281,0.7161337,
772161986815553,3,9.780222,-0.011733985,0.71939975,
772162009429080,3,9.779766,-0.011982114,0.7255536,
772162028777225,3,9.779777,-0.011135727,0.72543114,
772162046874148,3,9.779962,-0.009341537,0.72294897,
772162069457155,3,9.780152,-0.0102013685,0.72035164,
772162088744266,3,9.7799425,-0.011391455,0.72319007,
772162106963260,3,9.779584,-0.011368074,0.7279989,
772162131774050,3,9.779556,-0.009259119,0.7284093,
772162148863894,3,9.779823,-0.008325053,0.724846,
772162166991335,3,9.779985,-0.008266308,0.7226471,
772162189940555,3,9.779943,-0.008949615,0.72318363,
772162208922488,3,9.779707,-0.008342004,0.72638214,
772162227049928,3,9.779792,-0.0064066523,0.7252885,
772162249602420,3,9.780038,-0.0071732528,0.72193104,
772162268981083,3,9.779967,-0.008224515,0.7228876,
772162287108523,3,9.779597,-0.008230653,0.72787064,
772162311766726,3,9.779302,-0.006793898,0.73185617,
772162329070193,3,9.779467,-0.005332886,0.7296674,
772162347167117,3,9.77977,-0.0043769,0.7255743,
772162369902712,3,9.780018,-0.004755378,0.7222253,
772162389128786,3,9.780005,-0.0047357962,0.72238374,
772162407225710,3,9.780023,-0.0041556587,0.7221774,
772162430174930,3,9.78012,-0.0038590136,0.7208733,
772162449126345,3,9.780194,-0.004374562,0.7198513,
772162467314821,3,9.780196,-0.0050192894,0.719818,
772162492125613,3,9.780176,-0.005039748,0.72009677,
772162509215458,3,9.780204,-0.0043897596,0.719699,
772162527342898,3,9.780313,-0.0047097853,0.7182374,
772162549956423,3,9.780397,-0.005533961,0.71709174,
772162569304568,3,9.780323,-0.0062412326,0.71808195,
772162587432010,3,9.780215,-0.0067965286,0.719528,
772162610106570,3,9.780252,-0.005793781,0.7190409,
772162629302126,3,9.780426,-0.0062546767,0.7166671,
772162647490603,3,9.780559,-0.0062774727,0.71487206,
772162672484500,3,9.780557,-0.0057236385,0.71487933,
772162689421755,3,9.780503,-0.006163491,0.71562344,
772162707518678,3,9.780513,-0.007242811,0.7154642,
772162730132205,3,9.780518,-0.007361469,0.7154229,
772162749480350,3,9.780536,-0.007620412,0.715152,
772162767577273,3,9.780585,-0.0068359836,0.7144997,
772162790129763,3,9.780669,-0.006058277,0.71333504,
772162809477908,3,9.7807045,-0.0060901335,0.7128534,
772162827635867,3,9.780694,-0.0060384036,0.71300685,
772162852629763,3,9.780763,-0.0042030048,0.7120728,
772162869567019,3,9.780911,-0.0035606152,0.71004504,
772162887724978,3,9.781001,-0.00477116,0.70880204,
772162910643680,3,9.780906,-0.003978256,0.71013623,
772162929625613,3,9.781005,-0.0030047349,0.70875007,
772162947753053,3,9.781166,-0.0028244099,0.7065408,
772162970275027,3,9.781156,-0.0032192543,0.70664954,
772162989653690,3,9.780705,-0.0036176061,0.71287006,
772163007811648,3,9.780313,-0.0037675358,0.7182237,
772163032652956,3,9.780239,-0.0017784078,0.71925277,
772163049742801,3,9.780493,-0.0015387539,0.715802,
772163067870242,3,9.780639,-0.0016921909,0.71380645,
772163090575320,3,9.780633,-0.002345102,0.71388066,
772163109801394,3,9.780595,-0.0019885434,0.7144067,
772163127928835,3,9.780535,-0.0010255437,0.7152222,
772163150817020,3,9.780784,-5.874445E-4,0.711822,
772163169829470,3,9.7808485,-5.9182843E-4,0.7109014,
772163187987428,3,9.7808275,-0.001707973,0.71118224,
772163212645633,3,9.780599,-0.0010611995,0.7143457,
772163229888065,3,9.780652,1.4613047E-6,0.7136194,
772163248046023,3,9.780774,-5.3776015E-4,0.71194214,
772163270598513,3,9.780729,-0.001992343,0.71254975,
772163289946658,3,9.780393,-0.002484218,0.7171768,
772163308104617,3,9.780259,-0.0016179567,0.71897304,
772163330748659,3,9.780482,-7.502339E-4,0.7159157,
772163350005251,3,9.780717,-7.400047E-4,0.712747,
772163368163210,3,9.780791,-4.915829E-4,0.7116867,
772163393218143,3,9.780738,-9.255904E-4,0.71243924,
772163410094363,3,9.780606,-0.0011342647,0.71424603,
772163428221803,3,9.780646,-0.0018052959,0.7136679,
772163450804812,3,9.78069,-0.0025146133,0.7130869,
772163470152958,3,9.780652,-0.0028691257,0.71360743,
772163488280398,3,9.780589,-0.00320318,0.71447337,
772163510832888,3,9.780557,-0.0039130817,0.7149156,
772163530181033,3,9.780579,-0.0041702716,0.7146008,
772163548338993,3,9.780648,-0.0037903322,0.7136428,
772163573302370,3,9.780799,-0.0037982233,0.7115838,
772163590270144,3,9.780847,-0.0039294483,0.7109452,
772163609099490,3,9.780859,-0.0043336456,0.71074533,
772163630248173,3,9.780901,-0.0049950317,0.7101909,
772163653746706,3,9.780871,-0.005329086,0.71057403,
772163669768435,3,9.780907,-0.004637889,0.7100977,
772163690184695,3,9.780941,-0.0048290277,0.70962507,
772163713835819,3,9.780959,-0.004685235,0.70936674,
772163732146365,3,9.781093,-0.0047159228,0.70751846,
772163750243288,3,9.781118,-0.0043213703,0.70716923,
772163773894412,3,9.78105,-0.0024061843,0.7081614,
772163789916141,3,9.781028,-0.001728139,0.7084356,
772163810454470,3,9.780968,-0.0019797757,0.70928663,
772163833983522,3,9.780821,-0.00209668,0.7112892,
772163849974734,3,9.780784,-0.0018315994,0.711822,
772163870696171,3,9.780752,-0.0011631986,0.7122227,
772163894011599,3,9.780699,-2.1598084E-4,0.7129621,
772163912322146,3,9.780844,4.6527945E-4,0.7109665,
772163930419070,3,9.78102,0.0012172669,0.7085519,
772163954100711,3,9.780786,0.0012190205,0.71176326,
772163970061404,3,9.780483,0.0011497546,0.71592826,
772163990508181,3,9.780212,0.0010246669,0.719609,
772164014159304,3,9.780368,8.5427874E-4,0.71750265,
772164030119999,3,9.780603,0.0015261867,0.7142662,
772164050658328,3,9.780746,0.002002572,0.7123019,
772164074126345,3,9.780618,0.0011111761,0.7140712,
772164092314822,3,9.780468,0.001745967,0.7161118,
772164110961063,3,9.780507,0.0017059272,0.71559685,
772164134245974,3,9.780691,0.0020142624,0.7130597,
772164150267702,3,9.780753,0.0024526538,0.7122268,
772164170683963,3,9.780638,0.0021679918,0.71379185,
772164194335086,3,9.780379,0.0017342764,0.7173302,
772164210295779,3,9.780255,0.0030298692,0.7190297,
772164230681521,3,9.780424,0.0032139937,0.7167346,
772164254302127,3,9.780491,0.0029386838,0.71579415,
772164272673710,3,9.780249,0.003338497,0.7191069,
772164290892703,3,9.780034,0.0039306176,0.7220254,
772164314421755,3,9.780173,0.005250468,0.72009826,
772164330443484,3,9.7804,0.0059162383,0.71703595,
772164351225956,3,9.780585,0.0068102647,0.71450174,
772164374480349,3,9.780683,0.006539631,0.7131641,
772164390471560,3,9.780598,0.0063318335,0.71430504,
772164410857303,3,9.780531,0.006651275,0.71521515,
772164434508426,3,9.780588,0.007727964,0.7144643,
772164452849490,3,9.780639,0.008539281,0.71374214,
772164470946413,3,9.780629,0.008562369,0.7138579,
772164493956668,3,9.780605,0.008114333,0.7142194,
772164510588749,3,9.780603,0.008502748,0.7142215,
772164531157595,3,9.7806835,0.008783611,0.7131345,
772164554625612,3,9.780655,0.0089022685,0.7135101,
772164570647342,3,9.7806,0.009243921,0.71426153,
772164591399296,3,9.780432,0.01012918,0.716554,
772164614684206,3,9.7803755,0.010580138,0.7173177,
772164633025271,3,9.780319,0.010929391,0.71808195,
772164651122195,3,9.780177,0.012065994,0.71997607,
772164674803836,3,9.780176,0.012339258,0.7199857,
772164690795046,3,9.78023,0.013023148,0.719253,
772164711241823,3,9.780255,0.013049452,0.71891606,
772164734862429,3,9.780094,0.012805998,0.7211083,
772164750823124,3,9.780056,0.012467268,0.7216323,
772164771361453,3,9.779903,0.01256839,0.72368956,
772164794859987,3,9.779893,0.012892799,0.7238354,
772164813201053,3,9.779949,0.013465631,0.7230606,
772164831633671,3,9.779913,0.0143973585,0.723511,
772164854979616,3,9.779867,0.014388591,0.7241633,
772164870940310,3,9.779809,0.014255028,0.72493315,
772164891387088,3,9.779751,0.014287761,0.7257152,
772164915038211,3,9.779804,0.014549919,0.7249816,
772164930998904,3,9.779941,0.01443886,0.72315854,
772164951384646,3,9.7798195,0.014654256,0.72479403,
772164975035769,3,9.779255,0.015326165,0.732334,
772164993163211,3,9.778862,0.01574439,0.73758334,
772165011595828,3,9.778922,0.015731823,0.7367802,
772165035155397,3,9.779384,0.01677578,0.7305945,
772165051116092,3,9.7795515,0.016740708,0.7283476,
772165071898563,3,9.779529,0.015965339,0.72865915,
772165095213991,3,9.77937,0.016284196,0.7307742,
772165111174685,3,9.7793865,0.017824411,0.730527,
772165131590945,3,9.779586,0.018693302,0.72783,
772165155211551,3,9.779796,0.018196167,0.72501147,
772165173552615,3,9.77981,0.017500877,0.7248598,
772165191649538,3,9.779577,0.016552491,0.7280024,
772165215300662,3,9.779397,0.01782032,0.73038614,
772165231291873,3,9.779577,0.017807752,0.72797674,
772165251860719,3,9.779699,0.016116146,0.7263906,
772165275359255,3,9.779468,0.015355683,0.7294851,
772165291350467,3,9.779217,0.014224633,0.73288465,
772165312132938,3,9.77932,0.015821546,0.7314678,
772165335387331,3,9.779577,0.016285073,0.7280185,
772165353697878,3,9.779632,0.016527649,0.72728145,
772165371825320,3,9.7795725,0.015353344,0.728103,
772165395476443,3,9.779588,0.014042262,0.72791445,
772165411467653,3,9.779639,0.013415654,0.72723585,
772165431914431,3,9.779648,0.012464637,0.72713035,
772165455535037,3,9.779571,0.012539456,0.7281833,
772165471526248,3,9.779576,0.01190788,0.7281074,
772165492034059,3,9.779567,0.011537001,0.72823274,
772165515563112,3,9.779555,0.011479134,0.7283932,
772165533873660,3,9.779642,0.011295301,0.72725075,
772165552367312,3,9.779682,0.011093349,0.7266861,
772165575682740,3,9.77977,0.01118395,0.7255016,
772165591643435,3,9.779839,0.011386194,0.7245979,
772165612059695,3,9.779973,0.010834406,0.7228014,
772165635710818,3,9.779918,0.010481062,0.7235285,
772165651671510,3,9.779875,0.010060791,0.7241186,
772165672057253,3,9.779857,0.010443068,0.7243492,
772165695738894,3,9.779892,0.009890988,0.7238781,
772165714018923,3,9.7800455,0.009645196,0.721829,
772165732268434,3,9.78016,0.009789573,0.72026074,
772165755828005,3,9.780074,0.009376024,0.72143245,
772165771819217,3,9.780149,0.009093699,0.7204177,
772165792601687,3,9.780243,0.0093614105,0.71914166,
772165815917115,3,9.780302,0.0085924715,0.7183301,
772165831877810,3,9.780357,0.008938509,0.7175874,
772165852263553,3,9.780386,0.008414777,0.7171768,
772165875914675,3,9.780412,0.008262217,0.7168448,
772165894194703,3,9.780472,0.00817074,0.7160282,
772165912322146,3,9.780564,0.008786241,0.7147692,
772165935973269,3,9.780903,0.009386545,0.71009535,
772165951964480,3,9.781045,0.008995792,0.7081515,
772165972533327,3,9.780905,0.008250819,0.7100877,
772165996092897,3,9.780436,0.008375906,0.7165315,
772166012023074,3,9.780492,0.010079203,0.7157354,
772166032775027,3,9.780778,0.011427987,0.71178865,
772166056090455,3,9.781006,0.011968963,0.7086431,
772166074401003,3,9.781035,0.010805179,0.7082506,
772166092497928,3,9.7809105,0.009604571,0.70997465,
772166116149050,3,9.780866,0.010111352,0.71059453,
772166132140260,3,9.780996,0.010408581,0.7088,
772166152587038,3,9.78111,0.009909985,0.7072186,
772166176238162,3,9.780953,0.008197627,0.70943683,
772166192229373,3,9.780773,0.007001111,0.71191084,
772166212737184,3,9.780699,0.006481471,0.71295714,
772166236266237,3,9.780793,0.006608897,0.7116309,
772166254576785,3,9.780841,0.00486293,0.71100044,
772166273070437,3,9.78057,0.0030991351,0.71471804,
772166296324830,3,9.780163,0.0029255322,0.7202704,
772166312316042,3,9.780266,0.004770283,0.7188743,
772166332762820,3,9.780614,0.005903671,0.7141069,
772166356413943,3,9.780882,0.005998948,0.71042264,
772166372374635,3,9.780936,0.0059229606,0.7096879,
772166392760378,3,9.780874,0.0055953357,0.7105457,
772166416411502,3,9.780796,0.005374679,0.71162266,
772166434722048,3,9.780793,0.00547697,0.7116618,
772166452971560,3,9.7808485,0.0045244917,0.7109078,
772166476500611,3,9.780809,0.00224661,0.71145904,
772166492491822,3,9.780753,9.527707E-4,0.7122201,
772166513274294,3,9.780779,2.3468555E-4,0.7118737,
772166536589724,3,9.78084,-1.1953473E-4,0.7110212,
772166552550418,3,9.780863,-6.558336E-4,0.7107038,
772166572936159,3,9.780799,-5.664017E-4,0.71159226,
772166596587281,3,9.780846,-0.0013870705,0.71094173,
772166614897828,3,9.780812,-6.526187E-4,0.7114146,
772166632994753,3,9.780934,-1.7331075E-4,0.70972884,
772166656737429,3,9.78098,-0.001248831,0.70909256,
772166672667605,3,9.781016,-0.0014046062,0.70862144,
772166693236452,3,9.7809105,-0.0014466917,0.7100521,
772166716734985,3,9.780912,-0.0017339842,0.71003515,
772166732726197,3,9.780918,-0.0020095862,0.7099527,
772166753447633,3,9.780965,-0.0028521747,0.70931995,
772166776763064,3,9.780919,-0.0036465398,0.7099112,
772166795073611,3,9.780867,-0.0049263504,0.7106354,
772166813201052,3,9.780832,-0.0049465164,0.71112084,
772166836852173,3,9.780861,-0.0039420156,0.71074325,
772166852843385,3,9.780892,-0.0036336803,0.710311,
772166873290163,3,9.780828,-0.004037877,0.7111776,
772166896910769,3,9.780787,-0.004552257,0.7117419,
772166912901980,3,9.780871,-0.003856091,0.7105983,
772166933409791,3,9.780927,-0.0039765025,0.7098259,
772166956938844,3,9.780818,-0.0042611645,0.71130586,
772166975249391,3,9.78048,-0.005101415,0.71592855,
772166993712527,3,9.780186,-0.0048065237,0.71997494,
772167017027956,3,9.78043,-0.0017442134,0.71667206,
772167033019166,3,9.78068,-8.420038E-4,0.7132386,
772167053465943,3,9.780819,-0.0013505379,0.7113085,
772167077056032,3,9.780879,-0.002402385,0.7104799,
772167093077761,3,9.780795,-0.0027691724,0.71165484,
772167113463504,3,9.780807,-0.0018362756,0.7114941,
772167140196901,3,9.781081,-8.4901805E-4,0.70769733,
772167155425171,3,9.781235,-9.0600894E-4,0.70558107,
772167173644166,3,9.781147,-0.002409984,0.70680064,
772167197203737,3,9.780927,-0.0018225393,0.7098279,
772167213194949,3,9.780944,-0.0014870237,0.7096058,
772167234007937,3,9.781075,-0.00247282,0.7077935,
772167257262330,3,9.780963,-0.0045037414,0.70933574,
772167273253541,3,9.780654,-0.0046864045,0.71357,
772167293669802,3,9.780541,-0.0030237318,0.7151038,
772167317320925,3,9.780815,-0.0010971476,0.7113748,
772167335631472,3,9.781016,-0.0022670683,0.7085841,
772167353697877,3,9.781076,-0.0027896308,0.70774645,
772167376769166,3,9.780944,-0.0032604632,0.70957863,
772167393401247,3,9.780924,-0.0031894438,0.7098741,
772167413939578,3,9.780963,-0.0030985505,0.70931935,
772167437377078,3,9.780979,-0.0027811553,0.7091031,
772167453429323,3,9.780999,-0.0024041387,0.7088193,
772167474150757,3,9.781068,-0.0032318216,0.7078718,
772167497466188,3,9.781042,-0.0038631053,0.7082114,
772167515776735,3,9.781037,-0.0042120647,0.7082962,
772167533873660,3,9.781025,-0.0038508303,0.70845777,
772167557585818,3,9.781057,-0.003695932,0.7080194,
772167573546510,3,9.781116,-0.0029699558,0.7072075,
772167594023805,3,9.781198,-0.0027750176,0.7061112,
772167617674928,3,9.781167,-0.0027086744,0.70651424,
772167633605105,3,9.781151,-0.0029641106,0.7067279,
772167654143435,3,9.781114,-0.0033402503,0.70726126,
772167677672486,3,9.781173,-0.0033361588,0.70642394,
772167695983033,3,9.781209,-0.0032800445,0.70592827,
772167715392213,3,9.781195,-0.0036211133,0.7061264,
772167737883669,3,9.7813,-0.0033507717,0.70465195,
772167753691776,3,9.781274,-0.003247896,0.70501727,
772167774138552,3,9.781243,-0.0035623687,0.70545775,
772167797148804,3,9.781216,-0.003627835,0.705845,
772167813750368,3,9.781255,-0.0034492637,0.7053002,
772167834136110,3,9.781495,-0.003952829,0.70194125,
772167857787234,3,9.781647,-0.0045902506,0.6998264,
772167876128298,3,9.781549,-0.0058212536,0.70118344,
772167894377809,3,9.781175,-0.0063040685,0.7063886,
772167917937379,3,9.780952,-0.007039982,0.70944095,
772167933928591,3,9.78111,-0.0055959206,0.70729315,
772167954650027,3,9.781379,-0.006537585,0.70357645,
772167977965456,3,9.781436,-0.007557868,0.7027362,
772167993926149,3,9.781384,-0.0076157358,0.7034327,
772168014311891,3,9.781356,-0.0072904495,0.70386344,
772168037993532,3,9.781413,-0.0076031685,0.7030501,
772168056273562,3,9.781498,-0.00821224,0.7018819,
772168074401004,3,9.781586,-0.009627952,0.70061207,
772168098082643,3,9.781481,-0.010908932,0.7020602,
772168114043336,3,9.781299,-0.010613456,0.7046295,
772168134612184,3,9.781311,-0.009406419,0.7044661,
772168158110720,3,9.781587,-0.009486791,0.7006132,
772168174101932,3,9.78168,-0.01023001,0.6992951,
772168194884402,3,9.781291,-0.01027005,0.70470047,
772168218138795,3,9.781243,-0.008689502,0.705413,
772168236449342,3,9.781461,-0.0075315647,0.7024065,
772168254546266,3,9.781633,-0.007447101,0.6999723,
772168278288943,3,9.7816515,-0.008194412,0.69974226,
772168294219119,3,9.781568,-0.009165304,0.7008748,
772168314665895,3,9.781513,-0.008826281,0.7016753,
772168338286500,3,9.781581,-0.007733225,0.7007199,
772168354277712,3,9.781699,-0.00880933,0.6990528,
772168374785525,3,9.781613,-0.010399229,0.7002233,
772168398375613,3,9.781501,-0.01119564,0.7017814,
772168416655641,3,9.781542,-0.011030513,0.7012319,
772168435118775,3,9.781578,-0.011129881,0.70072806,
772168458342653,3,9.781543,-0.011819325,0.70118284,
772168474394900,3,9.781468,-0.013317162,0.70218647,
772168494841678,3,9.781342,-0.013399288,0.7039657,
772168518462283,3,9.781415,-0.013561785,0.7029346,
772168534453493,3,9.781391,-0.013944355,0.70327455,
772168554839235,3,9.781354,-0.014554888,0.7037854,
772168578459841,3,9.781399,-0.014834873,0.703155,
772168596800906,3,9.781322,-0.015194062,0.7042194,
772168615050417,3,9.781297,-0.015709903,0.7045526,
772168638579469,3,9.781143,-0.015873278,0.7066753,
772168654570680,3,9.781143,-0.016158523,0.7066627,
772168675353151,3,9.781182,-0.016042495,0.7061083,
772168698638065,3,9.78117,-0.016297055,0.70627195,
772168714629276,3,9.781081,-0.01607143,0.70753485,
772168735015016,3,9.781075,-0.016403731,0.7076009,
772168758666139,3,9.781307,-0.016045418,0.7044012,
772168777007203,3,9.781502,-0.015662557,0.7016943,
772168795104128,3,9.781427,-0.016599545,0.70271456,
772168818755253,3,9.780954,-0.01740034,0.70925653,
772168834746463,3,9.780676,-0.017184068,0.71308225,
772168855315309,3,9.78071,-0.015014614,0.7126611,
772168878783327,3,9.781103,-0.014486498,0.7072604,
772168894805056,3,9.781219,-0.015647944,0.70564157,
772168915526492,3,9.781081,-0.017663082,0.7074653,
772168938841921,3,9.780859,-0.017239304,0.710553,
772168957152467,3,9.780866,-0.016852058,0.71047556,
772168975249391,3,9.781002,-0.016736908,0.7085978,
772168998931033,3,9.780994,-0.01789689,0.70869625,
772169014922244,3,9.780835,-0.018165478,0.7108666,
772169035369022,3,9.780487,-0.020477263,0.7155676,
772169058959108,3,9.780262,-0.020663433,0.71862787,
772169074950318,3,9.780367,-0.020397184,0.71721804,
772169095488649,3,9.78046,-0.021844167,0.7159049,
772169118987185,3,9.780053,-0.022584172,0.72142017,
772169137328250,3,9.77966,-0.024605157,0.7266531,
772169155821902,3,9.779437,-0.023902854,0.7296768,
772169179045777,3,9.779661,-0.022303602,0.7267083,
772169195098024,3,9.779711,-0.02285276,0.726044,
772169215514284,3,9.779629,-0.024169397,0.72711223,
772169239165409,3,9.779518,-0.024883974,0.7285785,
772169255187136,3,9.779511,-0.02439999,0.7286761,
772169275572877,3,9.7796,-0.02349515,0.72750676,
772169299224001,3,9.779638,-0.023731297,0.7269883,
772169317534547,3,9.779622,-0.024521863,0.7271537,
772169335784060,3,9.779531,-0.02394377,0.72843647,
772169359282596,3,9.779414,-0.024349429,0.7299726,
772169375273806,3,9.779436,-0.023897009,0.7297087,
772169396056275,3,9.779576,-0.023421207,0.7278367,
772169419341189,3,9.7796755,-0.024453182,0.7264789,
772169435332400,3,9.779617,-0.02447627,0.7272402,
772169455748660,3,9.7795315,-0.023807285,0.7284253,
772169479369265,3,9.77963,-0.02360504,0.7271096,
772169497679811,3,9.779643,-0.02430676,0.7268933,
772169515807252,3,9.77967,-0.025663434,0.7264996,
772169539488894,3,9.779598,-0.025925007,0.72743315,
772169555449588,3,9.779554,-0.026669981,0.7280282,
772169576018435,3,9.779541,-0.026586687,0.7281985,
772169599516969,3,9.77934,-0.026845923,0.7308789,
772169615538697,3,9.779291,-0.026669396,0.7315432,
772169636260133,3,9.779453,-0.027478375,0.7293524,
772169659545047,3,9.779471,-0.026975978,0.72911155,
772169677855594,3,9.779432,-0.026774902,0.7296379,
772169696013552,3,9.779337,-0.026528234,0.7309552,
772169719664674,3,9.779367,-0.02687164,0.7305001,
772169735655885,3,9.7794895,-0.026727555,0.72887427,
772169756102663,3,9.779723,-0.02613865,0.7257751,
772169779723270,3,9.779867,-0.02590835,0.7238269,
772169795714480,3,9.779761,-0.026266076,0.72524995,
772169816680055,3,9.779298,-0.026345572,0.73144263,
772169839720827,3,9.778886,-0.025507366,0.73697454,
772169858031374,3,9.778896,-0.023660863,0.73690265,
772169876494509,3,9.779132,-0.023209026,0.73378015,
772169899840456,3,9.779267,-0.024029694,0.7319538,
772169915801149,3,9.779267,-0.024060091,0.73194855,
772169936247926,3,9.779044,-0.024943303,0.73490536,
772169959899050,3,9.7790985,-0.024302667,0.73419017,
772169975890261,3,9.779228,-0.024455227,0.73246646,
772169996306522,3,9.779291,-0.02498685,0.73159665,
772170019927126,3,9.778935,-0.025268298,0.73631144,
772170038207154,3,9.778668,-0.025183542,0.73987323,
772170056456666,3,9.778734,-0.023479076,0.7390502,
772170080016238,3,9.778902,-0.021266367,0.7368927,
772170095976932,3,9.778868,-0.021777533,0.73734576,
772170116820437,3,9.778425,-0.022606969,0.7431477,
772170140074830,3,9.778229,-0.022412907,0.7457579,
772170156066041,3,9.778336,-0.022028292,0.74436116,
772170176421266,3,9.778576,-0.022246027,0.7411969,
772170200072391,3,9.778516,-0.022857437,0.74195266,
772170218413454,3,9.778291,-0.023258418,0.7449144,
772170236510377,3,9.778108,-0.023062019,0.7473133,
772170260192018,3,9.778155,-0.022659283,0.7466858,
772170276152712,3,9.778262,-0.023484629,0.74528617,
772170296721560,3,9.778223,-0.023936171,0.7457611,
772170320220096,3,9.778249,-0.024356443,0.7454405,
772170336211306,3,9.778248,-0.024011867,0.7454308,
772170356963257,3,9.778275,-0.02345891,0.7451222,
772170380278689,3,9.778301,-0.023639819,0.7447417,
772170398589236,3,9.778304,-0.0237199,0.7447119,
772170416716678,3,9.77834,-0.023543373,0.74424016,
772170440337283,3,9.778375,-0.023498366,0.74381727,
772170456297975,3,9.778349,-0.023614101,0.74413145,
772170476714235,3,9.778305,-0.02442834,0.74466246,
772170500365359,3,9.778344,-0.025228258,0.744144,
772170516356570,3,9.778346,-0.025535423,0.7440943,
772170536864382,3,9.778437,-0.025206631,0.7429142,
772170560393433,3,9.778473,-0.025209554,0.74243957,
772170578703981,3,9.778444,-0.025989013,0.74281216,
772170597167116,3,9.778376,-0.025820378,0.7437188,
772170620482547,3,9.778429,-0.026595162,0.7429776,
772170636473758,3,9.778482,-0.026221944,0.7422861,
772170656920534,3,9.7786,-0.026208794,0.7407386,
772170680510621,3,9.778633,-0.026519759,0.7402879,
772170696501832,3,9.778654,-0.025426118,0.74005526,
772170716887575,3,9.778728,-0.02557897,0.7390803,
772170740538700,3,9.778618,-0.02659867,0.74049747,
772170758879763,3,9.778587,-0.026174307,0.7409087,
772170777098756,3,9.778766,-0.025099078,0.73858434,
772170800688845,3,9.779038,-0.024929274,0.73498863,
772170816649538,3,9.779052,-0.02586071,0.73475397,
772170837432009,3,9.778671,-0.026645724,0.7397724,
772170860686403,3,9.778023,-0.026223114,0.7483239,
772170876708131,3,9.778053,-0.024376608,0.7479884,
772170897063355,3,9.778447,-0.022283437,0.74288994,
772170920683962,3,9.778719,-0.022580957,0.73929363,
772170939025028,3,9.778698,-0.023174832,0.73952454,
772170957152469,3,9.778545,-0.022876726,0.7415692,
772170980834108,3,9.778639,-0.022239013,0.74033266,
772170996794800,3,9.778809,-0.021692485,0.73812956,
772171017363649,3,9.778971,-0.022612521,0.7359531,
772171040862185,3,9.778791,-0.025114568,0.73823655,
772171056853396,3,9.778566,-0.025787061,0.74119186,
772171077635867,3,9.778508,-0.025082419,0.7419725,
772171100951295,3,9.778697,-0.02517302,0.73948276,
772171119231325,3,9.778665,-0.025647944,0.7399074,
772171137358766,3,9.778252,-0.026371581,0.7453362,
772171161009891,3,9.77767,-0.027248366,0.75289345,
772171177001101,3,9.777657,-0.026337095,0.753098,
772171197478395,3,9.777722,-0.025649114,0.7522633,
772171221099001,3,9.7777405,-0.025893735,0.75200117,
772171237090212,3,9.777722,-0.025649406,0.7522519,
772171257598025,3,9.777707,-0.02517565,0.7524626,
772171281157596,3,9.7778845,-0.023439327,0.75019646,
772171299437624,3,9.778019,-0.022646716,0.7484896,
772171317870240,3,9.778076,-0.02355448,0.7477166,
772171341216189,3,9.778029,-0.023999007,0.74830055,
772171357207400,3,9.777994,-0.023774551,0.74875796,
772171377654178,3,9.777988,-0.022526305,0.7488795,
772171401335818,3,9.778122,-0.022054596,0.74714816,
772171417327028,3,9.778228,-0.021831017,0.74576694,
772171437712770,3,9.778391,-0.020813948,0.74366236,
772171461241824,3,9.778449,-0.019310266,0.74295044,
772171479552372,3,9.778517,-0.019179625,0.7420646,
772171497801882,3,9.778673,-0.01849135,0.7400161,
772171521361451,3,9.778923,-0.017902445,0.7367118,
772171537352662,3,9.779006,-0.017264146,0.73561406,
772171558135133,3,9.779048,-0.017013095,0.7350614,
772171581450565,3,9.779048,-0.017392157,0.7350629,
772171597380740,3,9.779002,-0.018057927,0.73565644,
772171617766481,3,9.778827,-0.019149814,0.7379709,
772171641417604,3,9.778531,-0.018870413,0.74185914,
772171659728152,3,9.778563,-0.016888883,0.7415043,
772171677855593,3,9.778746,-0.016303778,0.73908585,
772171701506717,3,9.778752,-0.016021453,0.73901105,
772171717467410,3,9.778815,-0.015698506,0.7381997,
772171738066774,3,9.778939,-0.014451135,0.7365724,
772171761565309,3,9.779039,-0.013145898,0.73526806,
772171777556520,3,9.779112,-0.013559154,0.7342995,
772171798308475,3,9.77932,-0.01288374,0.73152333,
772171821593386,3,9.779529,-0.01307634,0.72872055,
772171839751344,3,9.7795515,-0.014694881,0.7284043,
772171858000855,3,9.779097,-0.015774492,0.73446023,
772171881713015,3,9.778443,-0.015728315,0.74309975,
772171897673708,3,9.778479,-0.01420885,0.74267656,
772171918120486,3,9.778775,-0.012158348,0.73879445,
772171941741090,3,9.779126,-0.011973054,0.73412704,
772171957732300,3,9.779305,-0.012437457,0.73173547,
772171978240114,3,9.779208,-0.0130786775,0.7330305,
772172001738650,3,9.779264,-0.012128829,0.732306,
772172020079716,3,9.779414,-0.01254384,0.7302812,
772172038603884,3,9.779586,-0.012497663,0.72798026,
772172061858277,3,9.779674,-0.013379414,0.7267659,
772172077849488,3,9.779585,-0.014725568,0.72794634,
772172098357303,3,9.779483,-0.013153496,0.72935003,
772172121916873,3,9.779695,-0.012436872,0.7265195,
772172137877566,3,9.779794,-0.013195289,0.7251567,
772172158354860,3,9.779467,-0.014933073,0.7295371,
772172181944949,3,9.779035,-0.0140028065,0.7353028,
772172200072391,3,9.779212,-0.01201514,0.732996,
772172218474490,3,9.779453,-0.011529987,0.7297703,
772172242003542,3,9.779702,-0.011662381,0.72641546,
772172257994753,3,9.779604,-0.011847382,0.72774523,
772172278807743,3,9.779608,-0.01177607,0.7276757,
772172302062136,3,9.779808,-0.01111556,0.72502196,
772172318083863,3,9.779987,-0.010804887,0.7225754,
772172338469607,3,9.780031,-0.011185411,0.7219877,
772172362120731,3,9.7799225,-0.011040158,0.7234578,
772172380278689,3,9.779767,-0.01078969,0.72556764,
772172398528200,3,9.77989,-0.011006547,0.72388273,
772172422179324,3,9.780071,-0.011380933,0.72145,
772172438170535,3,9.780121,-0.011964871,0.7207576,
772172458739382,3,9.78009,-0.011449031,0.7211913,
772172482237917,3,9.780132,-0.011332126,0.72058547,
772172498351199,3,9.780237,-0.011298516,0.7191782,
772172518981083,3,9.78038,-0.01088409,0.7172569,
772172541655642,3,9.780322,-0.0119002815,0.71803254,
772172560607058,3,9.780149,-0.012196049,0.72036624,
772172578703982,3,9.78013,-0.011700667,0.72064036,
772172602324588,3,9.78022,-0.011500176,0.7193968,
772172618346316,3,9.780311,-0.011151217,0.7181749,
772172638823610,3,9.780434,-0.01129384,0.7165128,
772172662413699,3,9.780481,-0.010732991,0.71587247,
772172678404911,3,9.7805805,-0.010102,0.7145155,
772172698943240,3,9.780626,-0.011129297,0.71388155,
772172722441774,3,9.780556,-0.01083879,0.7148446,
772172740569217,3,9.780553,-0.0107817985,0.71492,
772172759795292,3,9.780716,-0.010598843,0.71266603,
772172782530886,3,9.781016,-0.011296762,0.7085066,
772172798522097,3,9.780992,-0.012317922,0.7088441,
772172818968875,3,9.7806635,-0.013532851,0.71333385,
772172842589481,3,9.780225,-0.01295359,0.71932757,
772172858580691,3,9.780388,-0.011960779,0.71712476,
772172878966433,3,9.780714,-0.010808102,0.7126868,
772172902617556,3,9.7808275,-0.011419512,0.7110984,
772172920928104,3,9.780847,-0.011307576,0.71083736,
772172939177615,3,9.780855,-0.011212007,0.7107392,
772172962737184,3,9.781052,-0.010687106,0.7080276,
772172978697879,3,9.781231,-0.010826807,0.7055708,
772172999541385,3,9.781308,-0.012223815,0.70445526,
772173022765261,3,9.781181,-0.013636604,0.70617145,
772173038756472,3,9.781046,-0.012962066,0.708084,
772173059142215,3,9.781118,-0.011826339,0.7070871,
772173082762821,3,9.781398,-0.012122984,0.7032053,
772173100951296,3,9.781467,-0.013010581,0.70224404,
772173119200808,3,9.781202,-0.01342413,0.70589584,
772173142851931,3,9.781092,-0.011376842,0.7074919,
772173158873661,3,9.781235,-0.01018997,0.70549774,
772173179442507,3,9.781448,-0.010370879,0.70255613,
772173202971559,3,9.781371,-0.011177228,0.7035849,
772173218932254,3,9.781262,-0.011600422,0.70510733,
772173239653690,3,9.78127,-0.010768062,0.7050132,
772173262969118,3,9.781442,-0.010167174,0.7026126,
772173281279665,3,9.781561,-0.01026625,0.70097417,
772173299407107,3,9.781487,-0.011258769,0.7019795,
772173323058231,3,9.781208,-0.011953473,0.7058514,
772173339049441,3,9.78119,-0.012542963,0.706099,
772173359496218,3,9.781321,-0.012388357,0.70427084,
772173383116824,3,9.781442,-0.012052549,0.7025953,
772173400267704,3,9.781483,-0.011620003,0.70204735,
772173419646365,3,9.781545,-0.011815526,0.7011589,
772173443144899,3,9.78171,-0.0112552615,0.69887954,
772173461485965,3,9.781778,-0.011010931,0.6979177,
772173479918583,3,9.781778,-0.011386779,0.6979031,
772173503234011,3,9.781788,-0.011727555,0.697754,
772173519225222,3,9.781687,-0.011696283,0.6991882,
772173539672000,3,9.781762,-0.011494915,0.69812024,
772173563292606,3,9.78191,-0.010939912,0.6960659,
772173579283816,3,9.781987,-0.010281156,0.6950056,
772173600005251,3,9.782109,-0.0104576815,0.69325966,
772173623351199,3,9.782209,-0.010805179,0.6918562,
772173641692264,3,9.782176,-0.012098727,0.6923077,
772173659911257,3,9.78212,-0.011618249,0.6930872,
772173683470827,3,9.782249,-0.011007716,0.691262,
772173699431521,3,9.7823925,-0.010234978,0.68927115,
772173720213993,3,9.782635,-0.009715923,0.6858184,
772173743498903,3,9.7826,-0.010400106,0.6863266,
772173759490114,3,9.782243,-0.011996727,0.6913573,
772173779875857,3,9.78199,-0.011468612,0.69495034,
772173803496463,3,9.782148,-0.00970774,0.69273704,
772173821837527,3,9.782477,-0.009023265,0.6880603,
772173839934450,3,9.782603,-0.01035276,0.6862804,
772173863585574,3,9.782434,-0.0109676765,0.6886574,
772173879576786,3,9.782295,-0.011399346,0.6906322,
772173900145632,3,9.78232,-0.011098025,0.6902888,
772173923644167,3,9.782412,-0.011117899,0.688959,
772173939635379,3,9.782502,-0.012685587,0.6876567,
772173960417850,3,9.782268,-0.0129319625,0.69098264,
772173983641726,3,9.782258,-0.013053543,0.69112086,
772174001982790,3,9.782078,-0.0122922035,0.6936881,
772174020079715,3,9.782251,-0.012764497,0.6912325,
772174043761356,3,9.782239,-0.01400836,0.6913538,
772174059722048,3,9.78198,-0.014948271,0.69500005,
772174080168825,3,9.781711,-0.014968437,0.69879884,
772174103789431,3,9.78196,-0.012592356,0.69533116,
772174119811161,3,9.78218,-0.013114918,0.69224167,
772174140318972,3,9.782155,-0.014800679,0.69255793,
772174163848024,3,9.782021,-0.015409458,0.6944243,
772174182158572,3,9.781995,-0.014899171,0.6947896,
772174200621708,3,9.782042,-0.014309681,0.6941563,
772174223876101,3,9.782059,-0.013516192,0.6939269,
772174239928347,3,9.7820835,-0.0133434655,0.6935694,
772174260375125,3,9.782168,-0.013104688,0.692384,
772174283995731,3,9.782182,-0.013617022,0.6921759,
772174299956423,3,9.782169,-0.014301205,0.6923732,
772174320372683,3,9.782094,-0.014400573,0.6934113,
772174343993289,3,9.782037,-0.015444238,0.69419515,
772174362334354,3,9.7819605,-0.015046762,0.69528764,
772174380553347,3,9.782055,-0.015336978,0.69393504,
772174404082399,3,9.782174,-0.016195348,0.6922499,
772174420073611,3,9.782177,-0.016088381,0.692216,
772174440917118,3,9.782209,-0.016797407,0.69173986,
772174464110476,3,9.782345,-0.01547814,0.68981946,
772174480162722,3,9.782443,-0.014996494,0.68845457,
772174500517947,3,9.782511,-0.015131811,0.68749243,
772174524169071,3,9.782481,-0.015276188,0.6879177,
772174542479616,3,9.782501,-0.015130934,0.6876415,
772174560607058,3,9.782564,-0.014831366,0.6867577,
772174584258181,3,9.782676,-0.014964637,0.6851558,
772174600249393,3,9.782778,-0.014773207,0.68370736,
772174620818240,3,9.78273,-0.01574819,0.6843647,
772174644316774,3,9.782521,-0.01585954,0.687332,
772174660307986,3,9.782558,-0.015180911,0.68682057,
772174681029423,3,9.782784,-0.013688918,0.68361616,
772174704344851,3,9.783017,-0.014549627,0.6802596,
772174722685915,3,9.782935,-0.015137363,0.681428,
772174740752322,3,9.782577,-0.016245617,0.6865467,
772174764403446,3,9.782112,-0.016192717,0.69312376,
772174780425173,3,9.782129,-0.015040333,0.6928879,
772174800871950,3,9.782476,-0.013555939,0.68801236,
772174824462039,3,9.782637,-0.014297114,0.6857,
772174840514286,3,9.782575,-0.01456687,0.6866078,
772174860991579,3,9.782401,-0.0140393395,0.689092,
772174884520632,3,9.782377,-0.012081191,0.68946606,
772174902648074,3,9.782547,-0.013044191,0.6870251,
772174921355350,3,9.782632,-0.014287177,0.68580055,
772174944609743,3,9.782477,-0.015777707,0.68793815,
772174960600954,3,9.782342,-0.015981413,0.68987644,
772174981047732,3,9.7822895,-0.014779344,0.6906436,
772175004668338,3,9.782388,-0.015266836,0.6892314,
772175020659548,3,9.782381,-0.016103286,0.68931764,
772175041106325,3,9.782104,-0.016168168,0.6932529,
772175064726931,3,9.781717,-0.016584348,0.6986533,
772175083037479,3,9.781693,-0.01609335,0.6989976,
772175101225954,3,9.781895,-0.014897417,0.69620854,
772175124785524,3,9.782151,-0.014449089,0.6926088,
772175141081912,3,9.782133,-0.014968437,0.6928338,
772175161559208,3,9.782025,-0.014907062,0.69434565,
772175184844118,3,9.78201,-0.014153905,0.6946008,
772175200835329,3,9.782057,-0.013838848,0.6939514,
772175221221072,3,9.7821045,-0.014863515,0.6932646,
772175244872196,3,9.78207,-0.0150076,0.69372755,
772175263030154,3,9.782145,-0.015025135,0.6927029,
772175281279665,3,9.782122,-0.014866438,0.6930217,
772175304961306,3,9.782122,-0.015009061,0.69301325,
772175320952518,3,9.782088,-0.015777707,0.6934721,
772175341521365,3,9.782013,-0.016704174,0.69449824,
772175365019899,3,9.782149,-0.015946342,0.6925933,
772175381011111,3,9.782237,-0.015508828,0.6913877,
772175401732547,3,9.782336,-0.015006723,0.6899603,
772175425017457,3,9.782236,-0.014686405,0.6914166,
772175443358522,3,9.782164,-0.015332886,0.6924185,
772175461485965,3,9.78217,-0.015259236,0.69233173,
772175485106570,3,9.782224,-0.014721769,0.691561,
772175501097780,3,9.78222,-0.014862346,0.69163644,
772175521575075,3,9.782066,-0.015967384,0.69378483,
772175545226199,3,9.781863,-0.01675415,0.69660574,
772175561186892,3,9.781724,-0.017121816,0.69854546,
772175581694703,3,9.781699,-0.017305063,0.6988871,
772175605162722,3,9.78184,-0.01766776,0.6969167,
772175623503787,3,9.781897,-0.017431028,0.6961244,
772175641966922,3,9.781842,-0.01746376,0.69689476,
772175665282350,3,9.78166,-0.018408932,0.6994021,
772175681273562,3,9.781534,-0.017762452,0.7011925,
772175701720340,3,9.781693,-0.015372926,0.6990067,
772175725340945,3,9.782068,-0.01436784,0.69378334,
772175741332155,3,9.782182,-0.014704817,0.69216424,
772175761748415,3,9.781746,-0.016027883,0.69825727,
772175785369021,3,9.781096,-0.01689882,0.70730305,
772175803679568,3,9.780875,-0.015065467,0.71039987,
772175821929078,3,9.781201,-0.013856092,0.70588297,
772175845488649,3,9.781549,-0.014974575,0.7010367,
772175861449344,3,9.781511,-0.015833529,0.7015528,
772175882292849,3,9.781176,-0.015504152,0.70621234,
772175905547242,3,9.781176,-0.014368718,0.7062658,
772175921507937,3,9.781337,-0.012958851,0.7040411,
772175941893680,3,9.781457,-0.01244944,0.7023723,
772175965575320,3,9.781487,-0.013302841,0.7019424,
772175983885865,3,9.781257,-0.013004151,0.7051713,
772176001952273,3,9.781086,-0.01206687,0.7075567,
772176025633914,3,9.781345,-0.0114808865,0.7039526,
772176041625125,3,9.781476,-0.012302432,0.7021169,
772176062193971,3,9.781288,-0.01181611,0.70472914,
772176085692507,3,9.781014,-0.011951135,0.7085227,
772176101683719,3,9.781033,-0.0101648355,0.70829177,
772176122405154,3,9.781328,-0.010120996,0.7042217,
772176145690065,3,9.781476,-0.0113648595,0.7021426,
772176163878542,3,9.781324,-0.012443887,0.70422816,
772176182158572,3,9.781123,-0.012802783,0.7070134,
772176205809696,3,9.781066,-0.013136545,0.7077882,
772176221800906,3,9.781102,-0.013876842,0.7072817,
772176242247683,3,9.7810755,-0.014446459,0.7076307,
772176265868289,3,9.781025,-0.015195816,0.7083213,
772176281859500,3,9.781033,-0.014430092,0.70820993,
772176302397828,3,9.781054,-0.014753332,0.70790744,
772176325865847,3,9.780998,-0.015110767,0.7086893,
772176344206912,3,9.780942,-0.015438977,0.7094655,
772176362670047,3,9.780942,-0.015568157,0.7094614,
772176385985475,3,9.781004,-0.0148597155,0.70860654,
772176401976687,3,9.781052,-0.014332185,0.70797527,
772176422423465,3,9.781149,-0.013904899,0.7066148,
772176446013552,3,9.781257,-0.014589959,0.7051184,
772176462065797,3,9.781284,-0.014551673,0.70474666,
772176482421023,3,9.781312,-0.0145154325,0.70433897,
772176506072146,3,9.781489,-0.01476327,0.70187926,
772176524413210,3,9.781485,-0.01501286,0.7019488,
772176542632203,3,9.7813835,-0.015516426,0.70335084,
772176566191774,3,9.781304,-0.015760172,0.70442516,
772176582152469,3,9.781364,-0.016081074,0.70361036,
772176602965457,3,9.78132,-0.01629267,0.70420015,
772176626219850,3,9.781289,-0.015742928,0.7046613,
772176642211060,3,9.78139,-0.015334347,0.70327306,
772176662596803,3,9.781503,-0.015813364,0.70167327,
772176686247926,3,9.781602,-0.014245676,0.70033497,
772176704558474,3,9.781683,-0.014131109,0.6992016,
772176722655399,3,9.781752,-0.0143014975,0.6982357,
772176746337038,3,9.781845,-0.015102585,0.6968898,
772176762328248,3,9.781584,-0.01593056,0.7005562,
772176782897096,3,9.781341,-0.015300153,0.7039488,
772176806456667,3,9.781353,-0.0142082665,0.7037927,
772176822386844,3,9.781526,-0.013635727,0.70140934,
772176843169314,3,9.781642,-0.013990532,0.69976246,
772176866423707,3,9.781647,-0.014255905,0.69970137,
772176884551147,3,9.781633,-0.013238545,0.6999141,
772176902861695,3,9.781845,-0.012798107,0.6969445,
772176926512819,3,9.781985,-0.01192337,0.69496936,
772176942504031,3,9.782028,-0.011914018,0.69439065,
772176962950809,3,9.781866,-0.014071488,0.6966329,
772176986571413,3,9.781723,-0.0147214765,0.698608,
772177002562623,3,9.781789,-0.015066929,0.6976757,
772177023070436,3,9.782001,-0.016464228,0.6946914,
772177046568972,3,9.781809,-0.016152093,0.6973697,
772177064726931,3,9.781508,-0.017392742,0.7015669,
772177083342654,3,9.781434,-0.017035013,0.7025991,
772177106688600,3,9.781684,-0.014035247,0.69917965,
772177122679810,3,9.78194,-0.01378098,0.69556963,
772177143096070,3,9.782046,-0.014261457,0.69410104,
772177166777711,3,9.781781,-0.015761925,0.6977818,
772177182738406,3,9.781695,-0.015929392,0.6989917,
772177203154666,3,9.781838,-0.015560266,0.6969898,
772177226775270,3,9.781796,-0.01583879,0.69756377,
772177244963746,3,9.781757,-0.015946634,0.6980945,
772177263365846,3,9.781695,-0.016675826,0.6989812,
772177286894899,3,9.781708,-0.017251287,0.69878334,
772177302886111,3,9.781801,-0.017000236,0.69748485,
772177323668582,3,9.781912,-0.01723726,0.6959014,
772177346922975,3,9.781989,-0.017511107,0.69482267,
772177362914186,3,9.781905,-0.017829672,0.69600165,
772177383299929,3,9.781877,-0.018060558,0.69639444,
772177406920535,3,9.781956,-0.017782617,0.69527626,
772177425261599,3,9.781967,-0.018062895,0.69512075,
772177443358522,3,9.782006,-0.017969664,0.694585,
772177467040162,3,9.781993,-0.01820055,0.69474226,
772177483031374,3,9.782012,-0.018087154,0.6944877,
772177503569704,3,9.781974,-0.018533144,0.6950047,
772177527098758,3,9.781961,-0.017825872,0.6951862,
772177543059450,3,9.78199,-0.0175076,0.69481623,
772177563811402,3,9.782076,-0.017747838,0.693601,
772177587096315,3,9.782074,-0.018099722,0.69360304,
772177605376345,3,9.781979,-0.018447218,0.69496584,
772177623564822,3,9.781837,-0.017893676,0.6969322,
772177647246462,3,9.781866,-0.017409109,0.69654906,
772177663207155,3,9.781996,-0.01646949,0.69475716,
772177683653932,3,9.782173,-0.017307693,0.6922519,
772177707305055,3,9.781947,-0.017936055,0.69541883,
772177723265750,3,9.781522,-0.018138884,0.70134854,
772177743804079,3,9.781233,-0.016114976,0.70541155,
772177767272096,3,9.781525,-0.013780396,0.70141256,
772177785613160,3,9.78175,-0.013238836,0.6982827,
772177804137331,3,9.781853,-0.014435938,0.6968243,
772177827330691,3,9.781776,-0.014352935,0.6978893,
772177843382938,3,9.781745,-0.013418577,0.69834906,
772177863829714,3,9.7817955,-0.0139323715,0.6976453,
772177887419800,3,9.781928,-0.013389351,0.6957687,
772177903441530,3,9.78204,-0.013688334,0.69419575,
772177923857790,3,9.781964,-0.014228432,0.6952356,
772177947447879,3,9.781732,-0.0138619365,0.6985066,
772177965788943,3,9.781716,-0.013513561,0.69873077,
772177984038453,3,9.781907,-0.013301672,0.69607735,
772178007567506,3,9.781984,-0.014063013,0.6949787,
772178023558718,3,9.781803,-0.015017244,0.6974916,
772178044341189,3,9.781571,-0.015029811,0.70074296,
772178067626101,3,9.781831,-0.013648294,0.69712275,
772178083617311,3,9.781982,-0.013240298,0.6950173,
772178104003053,3,9.782002,-0.014168226,0.6946996,
772178127654176,3,9.781879,-0.01571341,0.6964067,
772178145781618,3,9.7817335,-0.016132804,0.698449,
772178164061649,3,9.781708,-0.016603637,0.6988012,
772178187712770,3,9.781699,-0.016539924,0.6989105,
772178203765015,3,9.781747,-0.017348317,0.698207,
772178224303346,3,9.781684,-0.018448973,0.69906276,
772178247801882,3,9.781571,-0.018538112,0.7006661,
772178263793094,3,9.78157,-0.018812837,0.70065176,
772178284514529,3,9.7815485,-0.018291736,0.7009756,
772178307799440,3,9.781612,-0.017613983,0.7000991,
772178326140504,3,9.78164,-0.017462593,0.69973,
772178344237429,3,9.781666,-0.017943362,0.6993579,
772178367888552,3,9.781703,-0.018529637,0.6988079,
772178383910281,3,9.781718,-0.018390812,0.6986247,
772178404357057,3,9.781751,-0.018295828,0.6981404,
772178427977662,3,9.781809,-0.017327275,0.69733787,
772178443938356,3,9.781876,-0.017464345,0.6964403,
772178464476687,3,9.781916,-0.018151743,0.6958236,
772178487975223,3,9.781977,-0.017357085,0.6949939,
772178506194216,3,9.781974,-0.017265901,0.6950354,
772178524779420,3,9.782047,-0.016997604,0.6940081,
772178548064332,3,9.782123,-0.017824704,0.6929478,
772178564055544,3,9.782111,-0.017928747,0.6931015,
772178584502322,3,9.782046,-0.018009704,0.694009,
772178608122927,3,9.782029,-0.017903613,0.6942352,
772178624144655,3,9.782067,-0.017164778,0.69373864,
772178644530397,3,9.78226,-0.016871056,0.69101125,
772178668151003,3,9.7825,-0.016599838,0.68760407,
772178686339480,3,9.78241,-0.01746873,0.6888722,
772178704680544,3,9.782035,-0.01794073,0.6941881,
772178728209596,3,9.781627,-0.016797697,0.69992375,
772178744231324,3,9.781735,-0.0150286425,0.6984461,
772178765044313,3,9.782099,-0.013832418,0.69336194,
772178788329226,3,9.782247,-0.01470774,0.69125295,
772178804289920,3,9.782098,-0.0148877725,0.6933689,
772178824675661,3,9.7821245,-0.013349019,0.69300157,
772178848235230,3,9.782211,-0.0126586985,0.69178253,
772178866637330,3,9.782326,-0.012132336,0.6901733,
772178884734255,3,9.782449,-0.013100597,0.688399,
772178908415897,3,9.782448,-0.013266602,0.68841803,
772178924407107,3,9.782384,-0.0139630595,0.68931526,
772178944945436,3,9.782345,-0.01335428,0.6898966,
772178968443972,3,9.782555,-0.013546003,0.68689275,
772178984435183,3,9.78263,-0.014505788,0.6858222,
772179005187136,3,9.78242,-0.014995617,0.6887708,
772179028533083,3,9.782162,-0.015501813,0.6924305,
772179046630006,3,9.782293,-0.014157997,0.69060385,
772179064910035,3,9.78244,-0.01373568,0.6885136,
772179088500124,3,9.782506,-0.013441081,0.6875985,
772179104582888,3,9.782459,-0.013933833,0.68826574,
772179125029666,3,9.782357,-0.014729368,0.68969697,
772179148619753,3,9.782389,-0.015201368,0.6892285,
772179164610963,3,9.782348,-0.016300855,0.6897908,
772179185149293,3,9.782253,-0.016592823,0.6911112,
772179208586795,3,9.782262,-0.0170204,0.6909841,
772179226988894,3,9.782277,-0.017363222,0.6907491,
772179248839480,3,9.782361,-0.017625673,0.6895517,
772179268736940,3,9.782377,-0.017233167,0.68933225,
772179284728151,3,9.782351,-0.017957097,0.6897063,
772179305174929,3,9.782288,-0.018365677,0.6905799,
772179328765018,3,9.782369,-0.017921442,0.6894269,
772179344786746,3,9.78245,-0.017870003,0.68830407,
772179365172486,3,9.782573,-0.018754678,0.6865213,
772179388854128,3,9.782637,-0.018973289,0.685622,
772179407012086,3,9.782663,-0.019262042,0.6852277,
772179425414187,3,9.782668,-0.01981617,0.68514323,
772179448943240,3,9.782659,-0.020730069,0.68522537,
772179464934450,3,9.782663,-0.020917993,0.6851704,
772179485747437,3,9.782644,-0.021400224,0.6854323,
772179509001833,3,9.782665,-0.021038404,0.6851383,
772179524993044,3,9.782755,-0.020907179,0.68385845,
772179545409305,3,9.782846,-0.021369828,0.6825205,
772179569029910,3,9.782791,-0.02133651,0.6833438,
772179587187867,3,9.782824,-0.0205477,0.6829007,
772179605467897,3,9.782798,-0.020218613,0.6832719,
772179629149539,3,9.782819,-0.02078852,0.6829393,
772179645110232,3,9.782957,-0.020319443,0.6809853,
772179665679079,3,9.783135,-0.021107962,0.67837685,
772179689208131,3,9.7830515,-0.022858022,0.6795593,
772179705199342,3,9.782805,-0.023382338,0.6830621,
772179725981813,3,9.782383,-0.023493981,0.68907154,
772179749236209,3,9.782348,-0.02177607,0.68962944,
772179767516238,3,9.782595,-0.02063713,0.68616587,
772179785643679,3,9.782782,-0.021356385,0.6834721,
772179809233766,3,9.7826605,-0.023798225,0.68511665,
772179825316530,3,9.782438,-0.024848903,0.6882339,
772179845702273,3,9.782327,-0.023779228,0.68986183,
772179869322880,3,9.782564,-0.022232583,0.6865485,
772179885314090,3,9.782725,-0.022230245,0.6842437,
772179905821901,3,9.78272,-0.022209786,0.6843328,
772179929350954,3,9.782366,-0.02336071,0.68930537,
772179947661501,3,9.782131,-0.022020109,0.69269294,
772179966124636,3,9.782274,-0.021157354,0.69069535,
772179989409548,3,9.782422,-0.02220511,0.68858635,
772180005431276,3,9.782254,-0.0226473,0.6909192,
772180025878053,3,9.781915,-0.022907706,0.69572634,
772180049498660,3,9.781902,-0.020806642,0.6959335,
772180065520388,3,9.782079,-0.019324,0.69351244,
772180085906131,3,9.782331,-0.01963906,0.68991995,
772180109496217,3,9.782399,-0.020657005,0.68893474,
772180127654175,3,9.782313,-0.021646015,0.6901295,
772180146086793,3,9.782237,-0.022163024,0.6912024,
772180169585330,3,9.782226,-0.021493163,0.6913716,
772180185607059,3,9.782209,-0.020977907,0.6916215,
772180206389529,3,9.782279,-0.01983809,0.69064915,
772180229643922,3,9.782238,-0.021192133,0.69120824,
772180245665651,3,9.782197,-0.02152005,0.69178545,
772180266051393,3,9.782173,-0.021226913,0.69211894,
772180289702518,3,9.7822695,-0.021094518,0.69075847,
772180308013064,3,9.782314,-0.020569034,0.69016606,
772180326109986,3,9.782401,-0.019870821,0.6889181,
772180350829225,3,9.78248,-0.021219023,0.68777007,
772180365782839,3,9.782448,-0.021065,0.6882427,
772180386351687,3,9.782355,-0.021186873,0.6895216,
772180409850223,3,9.782393,-0.020782676,0.6890061,
772180425841433,3,9.782451,-0.020842297,0.688198,
772180446562867,3,9.782392,-0.021472411,0.68900317,
772180469878298,3,9.782311,-0.022065993,0.6901222,
772180488188845,3,9.782309,-0.02224252,0.6901596,
772180506285769,3,9.782394,-0.021468906,0.6889856,
772180529936892,3,9.782496,-0.020032443,0.6875693,
772180545928102,3,9.782546,-0.020461189,0.686867,
772180566374879,3,9.782492,-0.020824762,0.6876134,
772180589995486,3,9.782438,-0.019962884,0.6884122,
772180605986697,3,9.782528,-0.019601941,0.68713737,
772180626525027,3,9.782707,-0.018845279,0.6845906,
772180650054078,3,9.782709,-0.01946721,0.6845652,
772180668364626,3,9.782409,-0.019878129,0.6888421,
772180686858278,3,9.782105,-0.019907938,0.6930974,
772180710143192,3,9.782095,-0.018129239,0.69330317,
772180726134403,3,9.782327,-0.018091537,0.6900357,
772180746550661,3,9.782477,-0.017939562,0.68790805,
772180770171266,3,9.782462,-0.018738603,0.6880904,
772180786162477,3,9.782445,-0.01845657,0.68836105,
772180806578737,3,9.782532,-0.018111996,0.6871113,
772180830199344,3,9.782572,-0.017763913,0.68655694,
772180848357302,3,9.782624,-0.018500118,0.6857868,
772180866759401,3,9.78265,-0.018692426,0.6854405,
772180890288454,3,9.782681,-0.017757775,0.6849784,
772180906279665,3,9.782729,-0.017096097,0.6843404,
772180927062136,3,9.782799,-0.016703883,0.6833397,
772180950377566,3,9.782518,-0.017754853,0.687313,
772180966338258,3,9.782299,-0.017935177,0.6904323,
772180986754517,3,9.782339,-0.016261691,0.6899127,
772181010375124,3,9.782625,-0.015195231,0.68586105,
772181028685672,3,9.782786,-0.015455928,0.6835352,
772181046813113,3,9.782735,-0.016427988,0.6842483,
772181070464235,3,9.782561,-0.016874855,0.6867463,
772181090209108,3,9.782561,-0.016138941,0.6867808,
772181107054811,3,9.782708,-0.016621172,0.68464905,
772181130522830,3,9.782764,-0.017175008,0.68381435,
772181146514041,3,9.7827425,-0.01808423,0.6841075,
772181167265994,3,9.782636,-0.01887918,0.6856109,
772181190520387,3,9.782729,-0.018771045,0.6842904,
772181208678347,3,9.782817,-0.019139877,0.6830363,
772181226958376,3,9.782851,-0.019267304,0.68252194,
772181250640018,3,9.782796,-0.019171441,0.68331605,
772181266631228,3,9.782822,-0.01964315,0.6829414,
772181287108522,3,9.782881,-0.019244507,0.6821116,
772181310698610,3,9.782933,-0.019197745,0.681336,
772181326689821,3,9.782971,-0.019275194,0.68081456,
772181347197634,3,9.782769,-0.019356443,0.68370384,
772181370726687,3,9.782791,-0.01998159,0.68336165,
772181389037233,3,9.782807,-0.020448621,0.68313396,
772181407500367,3,9.782914,-0.02064502,0.6815917,
772181430815798,3,9.782812,-0.020794075,0.6830296,
772181446807009,3,9.782725,-0.020413551,0.6842922,
772181467253787,3,9.782622,-0.020906303,0.68574125,
772181490935427,3,9.782445,-0.020300739,0.6883201,
772181506865602,3,9.782497,-0.019653965,0.687567,
772181527251344,3,9.782642,-0.019586451,0.68548286,
772181555083376,3,9.782812,-0.019667992,0.68306994,
772181569029911,3,9.782652,-0.020398352,0.6853408,
772181587432009,3,9.782263,-0.020200785,0.69090605,
772181610991578,3,9.782037,-0.018006196,0.69413614,
772181626982789,3,9.78228,-0.017277883,0.69074357,
772181647795778,3,9.78253,-0.01598755,0.68718964,
772181671050174,3,9.782499,-0.016754443,0.68762016,
772181687041385,3,9.782403,-0.017575113,0.6889789,
772181707457643,3,9.782402,-0.017801907,0.6889725,
772181731108766,3,9.782584,-0.016665889,0.6864117,
772181749266726,3,9.782724,-0.016978899,0.68439096,
772181767516237,3,9.782807,-0.016292378,0.68323857,
772181791167362,3,9.782594,-0.017112756,0.6862562,
772181807189090,3,9.782446,-0.017270869,0.6883534,
772181827757936,3,9.782517,-0.016126083,0.68739104,
772181851286989,3,9.782706,-0.01737316,0.68464786,
772181867217165,3,9.7826605,-0.017700784,0.68531597,
772181887938601,3,9.782426,-0.01780483,0.6886378,
772181911223513,3,9.78233,-0.017554069,0.69001263,
772181929564576,3,9.782501,-0.016671734,0.68757427,
772181947661500,3,9.782703,-0.01587503,0.6847484,
772181971312624,3,9.782656,-0.016164368,0.6854022,
772181987334353,3,9.782615,-0.016468028,0.6859759,
772182007781131,3,9.782658,-0.015729776,0.6853674,
772182031371217,3,9.782786,-0.015488077,0.68354136,
772182047362427,3,9.782819,-0.015615795,0.6830764,
772182067900758,3,9.782812,-0.016145078,0.68316144,
772182091399295,3,9.782811,-0.016513912,0.68316406,
772182109557255,3,9.782819,-0.015760172,0.68308926,
772182128172976,3,9.782786,-0.015249884,0.6835449,
772182151457887,3,9.782725,-0.015614626,0.6844161,
772182167479615,3,9.782718,-0.015016368,0.68455875,
772182187926393,3,9.782822,-0.015176819,0.68307287,
772182211577518,3,9.782824,-0.01432897,0.6830305,
772182227568728,3,9.782837,-0.014020635,0.68285805,
772182247923951,3,9.782891,-0.013571429,0.68210024,
772182276335817,3,9.782955,-0.012465514,0.6812009,
772182289733035,3,9.782951,-0.012418753,0.68124276,
772182308135134,3,9.782979,-0.012707214,0.6808529,
772182331664187,3,9.783056,-0.013047698,0.6797466,
772182347685915,3,9.783054,-0.01474135,0.6797011,
772182368468386,3,9.783013,-0.015938452,0.6803028,
772182391722781,3,9.782894,-0.01608429,0.68199444,
772182407744510,3,9.782852,-0.016498715,0.6825942,
772182428130251,3,9.78296,-0.016238311,0.6810674,
772182451720339,3,9.783188,-0.014640228,0.67781395,
772182470061405,3,9.783388,-0.014945348,0.67490184,
772182488188846,3,9.783354,-0.016414836,0.67535925,
772182511809450,3,9.782748,-0.017792555,0.6840464,
772182527831178,3,9.782442,-0.017089374,0.68840665,
772182548400028,3,9.782666,-0.0154381,0.6852958,
772182571868045,3,9.783041,-0.014890111,0.6799106,
772182587889772,3,9.78302,-0.015661094,0.68019676,
772182608672244,3,9.782774,-0.016529402,0.6837252,
772182631926639,3,9.782646,-0.017641162,0.68552786,
772182650084598,3,9.782677,-0.016942075,0.6850968,
772182668364626,3,9.782746,-0.01607786,0.6841063,
772182692046267,3,9.782935,-0.016708266,0.6813801,
772182708037478,3,9.78276,-0.01717939,0.6838973,
772182728453738,3,9.782509,-0.017865619,0.68744683,
772182752074342,3,9.782571,-0.017851884,0.6865961,
772182768065553,3,9.782709,-0.01815262,0.6845938,
772182788573368,3,9.782721,-0.019719139,0.6843898,
772182812102420,3,9.7824335,-0.020201953,0.68848294,
772182830443483,3,9.782219,-0.020744681,0.69149816,
772182848876101,3,9.782244,-0.019114742,0.6911898,
772182872191531,3,9.7823925,-0.018897593,0.68907243,
772182888182742,3,9.782384,-0.019265842,0.6891884,
772182908629518,3,9.782354,-0.019887188,0.6896131,
772182932219607,3,9.782277,-0.019454643,0.6906898,
772182948302371,3,9.782271,-0.019013036,0.6908055,
772182968657596,3,9.782326,-0.018475568,0.6900489,
772182992247682,3,9.782404,-0.01960691,0.68889123,
772183010436160,3,9.782341,-0.020110767,0.68978614,
772183028838260,3,9.782373,-0.020336393,0.689291,
772183052367312,3,9.782363,-0.020450084,0.68947136,
772183068358522,3,9.782367,-0.021269582,0.6893851,
772183089140994,3,9.782365,-0.021809097,0.6894047,
772183112425906,3,9.78235,-0.022401802,0.68960786,
772183128417117,3,9.782368,-0.02221154,0.68933135,
772183148802858,3,9.782362,-0.022335459,0.6894252,
772183172453982,3,9.782362,-0.02172288,0.68943864,
772183190764530,3,9.782407,-0.021528235,0.6887916,
772183208891971,3,9.782453,-0.022244858,0.6881392,
772183232512575,3,9.782471,-0.02306611,0.6878335,
772183248534304,3,9.782461,-0.024046062,0.6879659,
772183269103153,3,9.782416,-0.024506373,0.68857706,
772183292571170,3,9.782346,-0.023624914,0.6895944,
772183308592897,3,9.782437,-0.022951253,0.688328,
772183329314334,3,9.7824955,-0.022920858,0.68748397,
772183352019412,3,9.782516,-0.02442717,0.6871572,
772183370940311,3,9.782446,-0.023970366,0.6881728,
772183389037233,3,9.782423,-0.02409487,0.68849987,
772183412657839,3,9.782568,-0.023582537,0.68643653,
772183428710086,3,9.782652,-0.02427344,0.6852298,
772183449156863,3,9.782504,-0.025146717,0.6872925,
772183472716432,3,9.781962,-0.02485504,0.6949875,
772183488768679,3,9.7818165,-0.024259413,0.6970503,
772183509276493,3,9.782061,-0.022680327,0.6936399,
772183532775027,3,9.782334,-0.02198796,0.68980366,
772183550932985,3,9.782396,-0.023361878,0.6889035,
772183569609744,3,9.782306,-0.023697687,0.6901687,
772183592864139,3,9.782254,-0.02263941,0.6909119,
772183608885867,3,9.782315,-0.022589726,0.6900822,
772183629332643,3,9.782459,-0.023556817,0.68798286,
772183652861697,3,9.782582,-0.023549218,0.6862436,
772183668913944,3,9.7825575,-0.024157997,0.68658644,
772183689330203,3,9.782493,-0.024847733,0.6874451,
772183712950807,3,9.782463,-0.0231383,0.68793374,
772183731108767,3,9.78259,-0.02343962,0.68614423,
772183749541385,3,9.782568,-0.023913668,0.68642366,
772183773039920,3,9.782218,-0.024474517,0.69137776,
772183789061647,3,9.782162,-0.023754386,0.6922019,
772183809844119,3,9.78238,-0.022166532,0.689168,
772183833098514,3,9.782578,-0.022395665,0.68634415,
772183849120242,3,9.782642,-0.023229485,0.6853718,
772183869475466,3,9.782429,-0.02406915,0.6884151,
772183893126589,3,9.7822895,-0.024298575,0.69037855,
772183911284549,3,9.782241,-0.023858137,0.69107354,
772183929564578,3,9.782236,-0.023478784,0.69115126,
772183953215700,3,9.7822,-0.024211481,0.6916437,
772183969206912,3,9.782202,-0.02395663,0.6916276,
772183989806278,3,9.782191,-0.024013912,0.69176996,
772184013304812,3,9.782314,-0.02530337,0.6899726,
772184029296022,3,9.782298,-0.025119243,0.6902309,
772184050017459,3,9.782294,-0.024937458,0.6902926,
772184073302371,3,9.782343,-0.02482289,0.6895967,
772184091460330,3,9.782474,-0.024636721,0.6877476,
772184109740358,3,9.782489,-0.0247168,0.6875468,
772184133360964,3,9.782458,-0.024077334,0.68798316,
772184149413211,3,9.7825,-0.023703825,0.68740153,
772184169859988,3,9.782619,-0.02383242,0.68569386,
772184193450075,3,9.782647,-0.0240107,0.6852917,
772184209471804,3,9.782654,-0.024405543,0.68519706,
772184229979618,3,9.782604,-0.024827275,0.68590194,
772184253478152,3,9.782594,-0.02438333,0.6860478,
772184271636110,3,9.782652,-0.023813423,0.68522507,
772184290251834,3,9.782784,-0.024076166,0.68333477,
772184313567264,3,9.78275,-0.02572744,0.6837629,
772184329558475,3,9.782754,-0.025763387,0.68372494,
772184350005251,3,9.78292,-0.025236148,0.68136287,
772184373625857,3,9.783186,-0.02589286,0.6774702,
772184389617069,3,9.783131,-0.026459552,0.6782801,
772184410002811,3,9.78257,-0.027710723,0.68625265,
772184433623415,3,9.782186,-0.027637657,0.6917238,
772184451964480,3,9.78229,-0.026122283,0.6902794,
772184470213993,3,9.782529,-0.025499476,0.6869114,
772184493712527,3,9.782731,-0.025751112,0.6840303,
772184509734255,3,9.782764,-0.025634792,0.68355685,
772184530577761,3,9.782804,-0.025636254,0.68299043,
772184553771121,3,9.782785,-0.025210137,0.68328184,
772184569792850,3,9.782795,-0.024852118,0.68316287,
772184590178591,3,9.782772,-0.025052024,0.6834563,
772184613799197,3,9.782624,-0.024421033,0.68560416,
772184632140262,3,9.782572,-0.024214404,0.68637365,
772184650267703,3,9.782621,-0.023924774,0.68564916,
772184673918825,3,9.782671,-0.024055414,0.68495005,
772184689910037,3,9.782572,-0.024170857,0.6863822,
772184710478885,3,9.782443,-0.023768999,0.68824124,
772184733946902,3,9.782443,-0.023120765,0.68825907,
772184749968630,3,9.782594,-0.02221037,0.6861074,
772184770720584,3,9.782754,-0.022117725,0.68383217,
772184794005496,3,9.782823,-0.022765666,0.68283087,
772184812163455,3,9.7826805,-0.023605332,0.68481535,
772184830443483,3,9.782716,-0.023719607,0.68434215,
772184854094607,3,9.782938,-0.022911796,0.6811501,
772184870085819,3,9.783005,-0.022581834,0.6802201,
772184890532596,3,9.7829895,-0.023422962,0.68039346,
772184914153200,3,9.782904,-0.023526715,0.6816522,
772184930205447,3,9.78287,-0.024179624,0.68210346,
772184950652225,3,9.782907,-0.025329672,0.6815207,
772184974181277,3,9.782979,-0.025813363,0.68047553,
772184992308718,3,9.782992,-0.025606735,0.6803043,
772185010924441,3,9.783032,-0.02489128,0.67975134,
772185034270389,3,9.783066,-0.025052609,0.67925185,
772185050261600,3,9.783074,-0.025103463,0.6791437,
772185070708376,3,9.782973,-0.025406245,0.6805831,
772185094328982,3,9.782943,-0.024938043,0.6810329,
772185110320194,3,9.78295,-0.024917876,0.6809008,
772185130705936,3,9.782969,-0.023883272,0.68069446,
772185154357057,3,9.782979,-0.023325346,0.68057376,
772185172667605,3,9.782987,-0.023047114,0.68047905,
772185190886600,3,9.78294,-0.022185529,0.6811571,
772185214415652,3,9.783062,-0.019924598,0.6794602,
772185230406862,3,9.783274,-0.019213235,0.67646605,
772185251219851,3,9.783355,-0.019390052,0.67527914,
772185274474246,3,9.783128,-0.02082593,0.67849755,
772185290465457,3,9.782738,-0.020941373,0.6841291,
772185310851198,3,9.782582,-0.020550037,0.68634677,
772185334471804,3,9.782815,-0.019747196,0.6830366,
772185352660282,3,9.783062,-0.01947773,0.6795061,
772185370940311,3,9.78317,-0.020850189,0.67791855,
772185394591432,3,9.782978,-0.020917993,0.68066025,
772185410582644,3,9.782966,-0.02013298,0.6808622,
772185431151493,3,9.782994,-0.019558394,0.6804706,
772185454650027,3,9.78307,-0.019113574,0.6794152,
772185470671755,3,9.783186,-0.019188978,0.67773765,
772185491423709,3,9.782977,-0.01995207,0.680719,
772185514647586,3,9.782804,-0.019918168,0.683202,
772185532836063,3,9.782846,-0.018298166,0.682638,
772185551116091,3,9.78309,-0.017828502,0.67916447,
772185574767214,3,9.783262,-0.018085692,0.67665744,
772185590788944,3,9.782978,-0.018549219,0.6807415,
772185611205202,3,9.782787,-0.01753858,0.683499,
772185634825807,3,9.7830305,-0.014395313,0.68005526,
772185650817019,3,9.783201,-0.014033494,0.67762077,
772185671324832,3,9.783143,-0.015884383,0.6784224,
772185694853884,3,9.782922,-0.016860826,0.6815634,
772185713194948,3,9.782844,-0.01661825,0.682702,
772185731627566,3,9.78294,-0.016490532,0.6813164,
772185754942996,3,9.783032,-0.016126959,0.6800088,
772185770964724,3,9.783029,-0.016377134,0.6800696,
772185791380983,3,9.782867,-0.017431028,0.682337,
772185815001589,3,9.782722,-0.016994389,0.68442225,
772185830992801,3,9.782801,-0.016585225,0.6833245,
772185851378542,3,9.782818,-0.01603928,0.6830679,
772185875029665,3,9.782712,-0.016830724,0.68457305,
772185893340212,3,9.7825365,-0.017001696,0.6870792,
772185911589725,3,9.782617,-0.016419513,0.685959,
772185935118776,3,9.782676,-0.015910687,0.6851342,
772185951109987,3,9.782702,-0.01686258,0.684742,
772185971922976,3,9.782647,-0.016513329,0.6855159,
772185995177371,3,9.782743,-0.01613485,0.6841589,
772186011199099,3,9.782839,-0.017130291,0.6827476,
772186031584841,3,9.782914,-0.017214462,0.6816817,
772186055235964,3,9.782974,-0.017423721,0.68080056,
772186073546512,3,9.782912,-0.017706629,0.6816861,
772186091673952,3,9.782821,-0.018149113,0.6830197,
772186115355592,3,9.782974,-0.016863748,0.6808029,
772186131316287,3,9.783162,-0.016824294,0.6781231,
772186151885135,3,9.783192,-0.01715484,0.677685,
772186175383669,3,9.782817,-0.017715689,0.68305564,
772186191344362,3,9.782507,-0.018380875,0.687493,
772186212096316,3,9.782326,-0.016935937,0.69009095,
772186235381229,3,9.782594,-0.016326573,0.68628454,
772186253691774,3,9.782732,-0.015932607,0.68430537,
772186271819216,3,9.782708,-0.016886545,0.68466276,
772186295470339,3,9.782559,-0.01749971,0.68672353,
772186311492069,3,9.782569,-0.01629004,0.6866364,
772186331908327,3,9.782687,-0.015374095,0.68497986,
772186355528932,3,9.782834,-0.015115444,0.68287766,
772186371520144,3,9.782837,-0.01589432,0.68281627,
772186392058475,3,9.782717,-0.01723492,0.68452895,
772186415587526,3,9.782631,-0.016472412,0.685731,
772186433745485,3,9.782671,-0.015713703,0.6851897,
772186452391726,3,9.782774,-0.016613573,0.68370384,
772186475676639,3,9.782774,-0.016613573,0.68370384,
772186491637331,3,9.782264,-0.018825112,0.69089526,
772186512084108,3,9.782102,-0.018997254,0.6931892,
772186535704714,3,9.78228,-0.017885493,0.69069797,
772186551695926,3,9.782352,-0.017266776,0.6897075,
772186572081667,3,9.782346,-0.018536067,0.68977326,
772186595702272,3,9.7823105,-0.019539397,0.6902277,
772186614043337,3,9.782335,-0.019236907,0.6898954,
772186632292850,3,9.782326,-0.018779228,0.6900363,
772186655821901,3,9.782311,-0.01946078,0.6902061,
772186671813112,3,9.782313,-0.019239247,0.6901985,
772186692595584,3,9.782299,-0.018777765,0.69038993,
772186715819461,3,9.782228,-0.019087855,0.69138974,
772186731871706,3,9.782213,-0.019137539,0.6916247,
772186752257448,3,9.782182,-0.019474808,0.69204235,
772186775878054,3,9.782179,-0.019193945,0.6920967,
772186794066532,3,9.782235,-0.019182548,0.69130236,
772186812316042,3,9.782304,-0.019939503,0.6903113,
772186836028199,3,9.782308,-0.019942718,0.69025546,
772186851988893,3,9.7823105,-0.020222705,0.6902192,
772186872588259,3,9.782404,-0.020901041,0.68885905,
772186896086795,3,9.782368,-0.020610243,0.68937516,
772186912078005,3,9.782391,-0.02065642,0.68907213,
772186932799439,3,9.782282,-0.021261984,0.6905971,
772186956084352,3,9.782239,-0.02128858,0.6912047,
772186974455935,3,9.7822,-0.02141513,0.6917483,
772186992522342,3,9.782091,-0.021438802,0.6932918,
772187016203982,3,9.782023,-0.02185206,0.69421387,
772187032195192,3,9.782042,-0.02160013,0.6939748,
772187052641968,3,9.7822275,-0.020464696,0.6913842,
772187076262574,3,9.782405,-0.020356853,0.68884856,
772187092223268,3,9.782275,-0.021063538,0.6906851,
772187112731081,3,9.781812,-0.02119301,0.69720924,
772187136229617,3,9.781468,-0.019063305,0.7020722,
772187154601198,3,9.781682,-0.017291034,0.6991472,
772187173033814,3,9.781974,-0.0170771,0.6950664,
772187196349244,3,9.782127,-0.017681787,0.6928578,
772187212370974,3,9.781931,-0.018359248,0.69563687,
772187232787234,3,9.7818575,-0.017862113,0.69666183,
772187256468874,3,9.78197,-0.016512744,0.6951143,
772187272429567,3,9.782036,-0.01607523,0.69421214,
772187292815308,3,9.78196,-0.015192016,0.6952765,
772187316435914,3,9.781642,-0.016273966,0.6997183,
772187334776979,3,9.781441,-0.017066577,0.7025059,
772187352995974,3,9.781424,-0.016642215,0.70275986,
772187376555545,3,9.781593,-0.017068332,0.70039725,
772187392546755,3,9.781508,-0.017435996,0.70155835,
772187413481812,3,9.781155,-0.017905368,0.7064596,
772187436583619,3,9.780807,-0.01715864,0.7113018,
772187452574831,3,9.7808895,-0.015722178,0.71018094,
772187472960574,3,9.781108,-0.016072307,0.70716625,
772187496581179,3,9.781217,-0.016688976,0.7056214,
772187514769655,3,9.781085,-0.017665714,0.70742023,
772187533049684,3,9.780959,-0.017520167,0.7091563,
772187556700807,3,9.781068,-0.016437048,0.7077075,
772187572722537,3,9.781196,-0.016174305,0.70594054,
772187593291384,3,9.781259,-0.016469197,0.7050518,
772187616728883,3,9.781294,-0.01670622,0.70456314,
772187632781129,3,9.781235,-0.016897943,0.705373,
772187653502565,3,9.781176,-0.017187867,0.70618635,
772187676817995,3,9.781152,-0.017672727,0.70651746,
772187695128543,3,9.781223,-0.017794307,0.70549804,
772187713225466,3,9.781224,-0.017843992,0.7055036,
772187736907105,3,9.78116,-0.01992869,0.70635027,
772187752867799,3,9.781062,-0.020294601,0.7076883,
772187773314577,3,9.781054,-0.019486498,0.7078037,
772187796935183,3,9.781232,-0.019663902,0.70533466,
772187812926394,3,9.781274,-0.019533552,0.7047563,
772187833495241,3,9.781338,-0.019940088,0.70384884,
772187856963258,3,9.781317,-0.02083236,0.70415133,
772187875304323,3,9.781207,-0.020995734,0.7056559,
772187893736941,3,9.781133,-0.021033144,0.70666564,
772187917021853,3,9.781163,-0.020336686,0.7062673,
772187933043580,3,9.781235,-0.020060208,0.7052675,
772187953490357,3,9.78122,-0.019536182,0.7054916,
772187977141481,3,9.781214,-0.018876258,0.705615,
772187993102175,3,9.781301,-0.018375907,0.7044123,
772188013487918,3,9.781431,-0.020273264,0.7025579,
772188037108522,3,9.781297,-0.020937867,0.704398,
772188055449585,3,9.780987,-0.02180705,0.7086603,
772188073668580,3,9.780789,-0.02199819,0.71137923,
772188097228151,3,9.780788,-0.01907441,0.71149874,
772188113219363,3,9.780991,-0.018380584,0.7087211,
772188134032351,3,9.781198,-0.01906155,0.7058391,
772188157256227,3,9.781111,-0.021347033,0.70695585,
772188173277955,3,9.780973,-0.021814357,0.70885086,
772188193694216,3,9.781021,-0.021111177,0.70820963,
772188217284304,3,9.7811365,-0.020181203,0.7066446,
772188235625368,3,9.781137,-0.019658348,0.706632,
772188253722291,3,9.78114,-0.019608371,0.70663553,
772188277403931,3,9.781025,-0.019335985,0.70822746,
772188293364626,3,9.781118,-0.018658815,0.70695466,
772188313963992,3,9.781205,-0.019137831,0.70572895,
772188337798220,3,9.781009,-0.019859424,0.70842886,
772188353423221,3,9.780729,-0.020071313,0.7122817,
772188374205690,3,9.780753,-0.019004269,0.71198624,
772188397460084,3,9.781108,-0.018102935,0.7071178,
772188415801149,3,9.781318,-0.018340543,0.7041706,
772188433898074,3,9.781398,-0.018363925,0.70305854,
772188457518678,3,9.781429,-0.0179457,0.70265347,
772188473570924,3,9.781426,-0.018029578,0.7026982,
772188494017702,3,9.781449,-0.018017303,0.70238227,
772188517607791,3,9.781504,-0.018255204,0.70158905,
772188533629518,3,9.781488,-0.01875263,0.70180094,
772188554137330,3,9.7814865,-0.019263212,0.7018246,
772188577635866,3,9.781511,-0.020453298,0.7014637,
772188595976931,3,9.781563,-0.020482233,0.7007067,
772188614440065,3,9.781593,-0.02053747,0.70029813,
772188637724977,3,9.781726,-0.019831367,0.6984578,
772188653716189,3,9.781812,-0.019780805,0.69726855,
772188674162967,3,9.781827,-0.019725861,0.6970567,
772188697783571,3,9.78192,-0.019403497,0.695731,
772188713774782,3,9.781976,-0.019290099,0.6949673,
772188734191042,3,9.781996,-0.01963029,0.6946566,
772188757811648,3,9.782011,-0.01889467,0.6944722,
772188776152711,3,9.782055,-0.019381285,0.69386166,
772188794402223,3,9.782143,-0.01923983,0.69262195,
772188817931276,3,9.782202,-0.018916298,0.6917685,
772188833983523,3,9.782136,-0.019670622,0.69269645,
772188854704958,3,9.782001,-0.020133857,0.6946116,
772188877959352,3,9.782093,-0.019375732,0.69328475,
772188893950564,3,9.782224,-0.019158581,0.69147015,
772188914336307,3,9.782339,-0.019266134,0.6898285,
772188937987428,3,9.782269,-0.020466741,0.69080496,
772188956145387,3,9.781791,-0.020967677,0.69751346,
772188974425417,3,9.781506,-0.020176819,0.7015368,
772188998107058,3,9.7817335,-0.017794015,0.6984344,
772189014098268,3,9.781933,-0.017607845,0.6955998,
772189034667116,3,9.782032,-0.020147594,0.6941437,
772189058165651,3,9.7817955,-0.022338966,0.6973992,
772189074156863,3,9.781705,-0.02204875,0.69869393,
772189094847780,3,9.78183,-0.021512453,0.69696,
772189118132692,3,9.781983,-0.0217863,0.694792,
772189136473757,3,9.782041,-0.022496786,0.6939558,
772189154601199,3,9.781828,-0.02341361,0.6969,
772189178313356,3,9.78149,-0.02465338,0.70160604,
772189194274049,3,9.781504,-0.02380144,0.70143473,
772189214720827,3,9.78172,-0.023446342,0.698404,
772189238402468,3,9.781767,-0.023812838,0.6977549,
772189254363161,3,9.781483,-0.024224633,0.7017203,
772189274870973,3,9.781209,-0.024593174,0.70551676,
772189298491580,3,9.781373,-0.02293927,0.703269,
772189316557986,3,9.781586,-0.022592941,0.7003449,
772189335234743,3,9.781702,-0.02283581,0.6987223,
772189358428103,3,9.781672,-0.022913259,0.6991417,
772189374419314,3,9.78163,-0.023054421,0.69971186,
772189394866092,3,9.781623,-0.023271862,0.69978815,
772189418425661,3,9.7816305,-0.023201136,0.69969904,
772189434477907,3,9.781694,-0.02388941,0.6987828,
772189454894167,3,9.78167,-0.02470891,0.6991022,
772189478545291,3,9.781694,-0.024320494,0.69874126,
772189496916872,3,9.781797,-0.02394903,0.6973402,
772189515135866,3,9.781851,-0.02518062,0.6965277,
772189538664920,3,9.781765,-0.025299277,0.697752,
772189554656131,3,9.78174,-0.024668286,0.698084,
772189580565553,3,9.781886,-0.024715047,0.6960525,
772189598662478,3,9.782011,-0.024579145,0.694279,
772189614653689,3,9.782008,-0.024695465,0.69434685,
772189635069949,3,9.781938,-0.025820963,0.6952853,
772189658690553,3,9.781745,-0.026898237,0.6979633,
772189677031617,3,9.781617,-0.027667467,0.6997072,
772189695128542,3,9.781629,-0.028313655,0.6995193,
772189718779666,3,9.781545,-0.029267889,0.7006559,
772189734801393,3,9.78135,-0.029788405,0.7033432,
772189755339723,3,9.7812395,-0.030349255,0.70483816,
772189778838260,3,9.781199,-0.030906303,0.70538056,
772189794859988,3,9.781105,-0.031364862,0.7066767,
772189815550905,3,9.781105,-0.031363398,0.70667267,
772189838835818,3,9.781302,-0.031341773,0.7039441,
772189857176882,3,9.781439,-0.03141425,0.70203596,
772189875273807,3,9.781412,-0.032030925,0.70240974,
772189898955446,3,9.78089,-0.03269757,0.70957714,
772189914946657,3,9.7806635,-0.03253975,0.7127254,
772189935393435,3,9.780761,-0.03177315,0.7114044,
772189958983523,3,9.780991,-0.030709319,0.7082813,
772189975005251,3,9.781105,-0.03082827,0.7067016,
772189995513063,3,9.781024,-0.031319268,0.70780694,
772190019011600,3,9.780796,-0.032507017,0.7108903,
772190037352664,3,9.780787,-0.032346565,0.71101713,
772190055815797,3,9.780969,-0.032140814,0.7085431,
772190079131228,3,9.781073,-0.03256576,0.7070713,
772190095122439,3,9.781031,-0.0329457,0.70765346,
772190115538699,3,9.780819,-0.032528352,0.7105647,
772190139128786,3,9.780727,-0.03079612,0.71191436,
772190155150514,3,9.780906,-0.030227965,0.7094632,
772190175566775,3,9.78111,-0.030674247,0.70665425,
772190199217898,3,9.7808,-0.031075815,0.7109066,
772190217528444,3,9.780598,-0.030391632,0.7137235,
772190235747438,3,9.78068,-0.02906389,0.7126319,
772190259307010,3,9.780847,-0.028191784,0.7103598,
772190275298221,3,9.780838,-0.027897477,0.71053404,
772190296111208,3,9.780737,-0.028055297,0.71188337,
772190319335085,3,9.780847,-0.027706923,0.7103896,
772190335356814,3,9.780923,-0.027781742,0.7093638,
772190355742557,3,9.78099,-0.028173663,0.70839757,
772190379363161,3,9.780888,-0.028833881,0.7097823,
772190397704225,3,9.780841,-0.02957593,0.71041274,
772190415801150,3,9.780832,-0.029623277,0.71052086,
772190439421756,3,9.780788,-0.030184126,0.7111147,
772190455412965,3,9.7807665,-0.030651452,0.71139,
772190476012330,3,9.780758,-0.030810442,0.7115107,
772190499510867,3,9.780828,-0.030462943,0.71055883,
772190515502078,3,9.780855,-0.030182958,0.7101938,
772190536223512,3,9.780941,-0.029771455,0.7090353,
772190559538943,3,9.7809515,-0.029379824,0.7088699,
772190577849489,3,9.781006,-0.028859016,0.7081655,
772190595946414,3,9.781105,-0.028480537,0.70680887,
772190619628053,3,9.78112,-0.029105391,0.7065581,
772190635588747,3,9.780985,-0.029577978,0.70842683,
772190656035525,3,9.780918,-0.02879618,0.7093629,
772190679656131,3,9.781099,-0.027822658,0.7068977,
772190695647340,3,9.781191,-0.028547466,0.70560443,
772190716155153,3,9.781224,-0.028863398,0.7051289,
772190739684207,3,9.781157,-0.028768122,0.7060817,
772190758025271,3,9.781137,-0.029325463,0.7063275,
772190776457887,3,9.781136,-0.028989071,0.7063611,
772190799773318,3,9.781242,-0.028024025,0.7049448,
772190815764528,3,9.78134,-0.027693478,0.70357996,
772190836211307,3,9.781477,-0.028276246,0.7016303,
772190859862428,3,9.781387,-0.028678691,0.7028581,
772190875884157,3,9.781015,-0.029037587,0.7080232,
772190896239382,3,9.780777,-0.029513095,0.71129537,
772190919798953,3,9.780906,-0.028439913,0.7095836,
772190938048463,3,9.781081,-0.028695056,0.70712125,
772190956450563,3,9.781066,-0.029971361,0.7072645,
772190979979617,3,9.780867,-0.030868309,0.7099819,
772190995970828,3,9.780745,-0.0314502,0.7116618,
772191016753297,3,9.78089,-0.032183483,0.7096277,
772191040007693,3,9.780971,-0.0323717,0.70847297,
772191056029421,3,9.780891,-0.032687925,0.7095745,
772191076445682,3,9.7807255,-0.033215165,0.7118445,
772191099974733,3,9.780659,-0.03258008,0.71278006,
772191118376833,3,9.780741,-0.03210808,0.7116747,
772191136504275,3,9.780768,-0.032230247,0.711274,
772191160124881,3,9.780535,-0.032105744,0.7144804,
772191176146608,3,9.780212,-0.0320923,0.7189044,
772191196715455,3,9.780334,-0.030446576,0.71731097,
772191220183475,3,9.780813,-0.027900107,0.71084964,
772191236205203,3,9.781038,-0.028221887,0.7077216,
772191257018190,3,9.781033,-0.028858138,0.70777506,
772191280242068,3,9.780986,-0.027855098,0.70845747,
772191298613650,3,9.780971,-0.027628012,0.7087042,
772191316649539,3,9.780959,-0.027595863,0.7088649,
772191340331178,3,9.78102,-0.02762509,0.7080273,
772191358824831,3,9.7811,-0.026618835,0.7069179,
772191376769167,3,9.781177,-0.026175475,0.7059052,
772191400389773,3,9.781171,-0.027346272,0.70592886,
772191416380983,3,9.781096,-0.027764497,0.7069623,
772191436888795,3,9.781056,-0.028691258,0.7074778,
772191460417850,3,9.781079,-0.02819003,0.7071508,
772191478789431,3,9.781183,-0.027841948,0.7057219,
772191497191530,3,9.781209,-0.028381754,0.7053721,
772191520476443,3,9.78134,-0.027639994,0.70357907,
772191536498171,3,9.781424,-0.02761106,0.7024314,
772191556944949,3,9.781503,-0.0271791,0.7013114,
772191580565553,3,9.781516,-0.0271791,0.7011279,
772191596556764,3,9.781463,-0.028205227,0.70184773,
772191616942507,3,9.78138,-0.028688043,0.70295364,
772191640563113,3,9.781284,-0.02960954,0.7042878,
772191658721071,3,9.781279,-0.030574879,0.7043121,
772191677123170,3,9.781202,-0.031413667,0.7053291,
772191700591189,3,9.781217,-0.03047814,0.70519614,
772191716643435,3,9.78127,-0.030566989,0.70442486,
772191737456422,3,9.781253,-0.030789692,0.70465165,
772191760680300,3,9.78126,-0.029587038,0.70459586,
772191776702028,3,9.78138,-0.029060382,0.70297295,
772191797118289,3,9.781418,-0.029604573,0.7024194,
772191820830446,3,9.781212,-0.030300446,0.70524645,
772191838896853,3,9.780906,-0.031432956,0.70943683,
772191857176882,3,9.780709,-0.031191843,0.71215636,
772191880828006,3,9.780963,-0.029530924,0.7087097,
772191896849733,3,9.7811365,-0.028697686,0.7063547,
772191917418580,3,9.781219,-0.028644787,0.70521194,
772191940856082,3,9.781195,-0.029165598,0.7055241,
772191956877810,3,9.78121,-0.0284744,0.7053525,
772191977629762,3,9.781261,-0.028529344,0.70464087,
772192000945193,3,9.781356,-0.028003275,0.7033555,
772192019072635,3,9.78132,-0.028740358,0.70383364,
772192037352664,3,9.781123,-0.029338907,0.7065277,
772192061064821,3,9.781028,-0.028424716,0.707868,
772192077025514,3,9.781125,-0.028605333,0.70650166,
772192097472292,3,9.781162,-0.028750295,0.7060063,
772192121123416,3,9.780844,-0.028806701,0.71039516,
772192137084108,3,9.780676,-0.028828036,0.71270347,
772192157591920,3,9.780864,-0.026909342,0.7101976,
772192181090457,3,9.781203,-0.0262614,0.7055095,
772192199431521,3,9.781262,-0.027018648,0.7046905,
772192217925172,3,9.781077,-0.027534781,0.70723,
772192241179568,3,9.78084,-0.026637247,0.7105235,
772192257201296,3,9.7809725,-0.026240066,0.70871645,
772192277648074,3,9.781106,-0.026459845,0.70686466,
772192301268678,3,9.781087,-0.027421676,0.7070877,
772192317290407,3,9.781038,-0.028059682,0.70774233,
772192337645632,3,9.78085,-0.029308805,0.710268,
772192361296756,3,9.780963,-0.029895665,0.7086936,
772192379424196,3,9.781075,-0.03238485,0.7070561,
772192397826295,3,9.781075,-0.037140522,0.7068436,
772192421385867,3,9.780824,-0.043766953,0.7099033,
772192437346560,3,9.780606,-0.04539017,0.7127993,
772192458159547,3,9.780197,-0.04463117,0.7184347,
772192481474978,3,9.780544,-0.048569094,0.71344084,
772192497435671,3,9.780534,-0.047654025,0.7136331,
772192517821414,3,9.780242,-0.05056173,0.7174258,
772192541411500,3,9.779954,-0.052491527,0.7212094,
772192559783083,3,9.779784,-0.05337211,0.7234379,
772192577880007,3,9.779628,-0.058262512,0.72517043,
772192601531131,3,9.779138,-0.0668959,0.73102033,
772192617552858,3,9.778467,-0.06885697,0.7397484,
772192638121705,3,9.777549,-0.06960633,0.7517343,
772192661559207,3,9.776431,-0.069559276,0.76612234,
772192677550418,3,9.775796,-0.06895897,0.7742551,
772192698393922,3,9.7753,-0.06741583,0.7806094,
772192721587282,3,9.775176,-0.0656836,0.78231066,
772192739745242,3,9.775245,-0.063844115,0.78160805,
772192758055789,3,9.775368,-0.061116148,0.78027505,
772192781706911,3,9.775456,-0.06041969,0.7792253,
772192797667604,3,9.775379,-0.059960842,0.7802359,
772192818144900,3,9.77522,-0.060066056,0.78223205,
772192841734988,3,9.775128,-0.05852847,0.78347355,
772192857726198,3,9.775266,-0.05634937,0.781922,
772192878234010,3,9.775416,-0.053746205,0.78023213,
772192901763064,3,9.7756605,-0.052542966,0.7772253,
772192920073611,3,9.77556,-0.052595574,0.7784964,
772192938536745,3,9.775377,-0.051971596,0.78083795,
772192961821657,3,9.775359,-0.048991997,0.7812533,
772192977843386,3,9.775503,-0.046626143,0.7795894,
772192998320682,3,9.775684,-0.04410773,0.7774685,
772193021910768,3,9.775504,-0.043031335,0.779775,
772193037901979,3,9.775483,-0.042222064,0.78007895,
772193058348758,3,9.775692,-0.039041094,0.7776485,
772193081938845,3,9.77609,-0.035953064,0.7727669,
772193100279909,3,9.776254,-0.034252107,0.77077687,
772193118498904,3,9.776142,-0.033157006,0.7722353,
772193142058475,3,9.775984,-0.032600246,0.7742577,
772193158049685,3,9.776094,-0.033090077,0.7728335,
772193178862672,3,9.776278,-0.03332944,0.7705244,
772193202086550,3,9.776088,-0.03265753,0.7729469,
772193218108278,3,9.775973,-0.031314008,0.7744386,
772193238494021,3,9.776038,-0.03033084,0.773677,
772193262114625,3,9.7762785,-0.029695174,0.77062786,
772193280455691,3,9.776421,-0.029239247,0.76884764,
772193298522098,3,9.776374,-0.028833296,0.76947194,
772193322203738,3,9.776355,-0.027290743,0.76976097,
772193338194948,3,9.776377,-0.026804129,0.76950264,
772193358763796,3,9.776347,-0.026348494,0.76988375,
772193382231814,3,9.776337,-0.024709495,0.7700664,
772193398314578,3,9.776179,-0.024204466,0.77207893,
772193418974977,3,9.776191,-0.023634851,0.77197194,
772193442259890,3,9.776351,-0.024113283,0.76990974,
772193460631473,3,9.776404,-0.024660686,0.76921356,
772193478728396,3,9.776363,-0.024783144,0.76974255,
772193502410036,3,9.776059,-0.023595104,0.77362645,
772193518401247,3,9.776004,-0.02342004,0.7743276,
772193538786990,3,9.776192,-0.021183366,0.7720295,
772193562407595,3,9.776563,-0.020223873,0.7673437,
772193578398805,3,9.776091,-0.019560149,0.77335143,
772193598906619,3,9.773712,-0.013738602,0.80296063,
772193622435672,3,9.76635,-0.002073007,0.8881436,
772193640776736,3,9.759218,0.006312252,0.96333504,
772193659209352,3,9.755655,0.0061225747,0.99877053,
772193682585818,3,9.758752,0.0028594811,0.9680726,
772193698515994,3,9.764757,-2.2182606E-4,0.90547705,
772193718962771,3,9.770064,-0.0040831775,0.8462989,
