772158888701540,3,10.184336,-0.0077811554,0.7344214,
772158905821900,3,10.178948,-0.008379706,0.7392098,
772158923918825,3,10.184336,-0.009576807,0.7404069,
772158946532351,3,10.197504,-0.010773907,0.7350199,
772158965849978,3,10.1939125,0.04189853,0.6979098,
772158984007937,3,10.152613,0.006584055,0.7200562,
772159006651979,3,10.197504,-0.0047884034,0.74519527,
772159025847535,3,10.192716,-0.0047884034,0.729633,
772159044097048,3,10.188525,0.01616086,0.7170634,
772159069274051,3,10.196306,0.015562311,0.7224504,
772159086058718,3,10.152613,0.004189853,0.7374141,
772159104125123,3,10.174759,-5.985504E-4,0.74399817,
772159126708131,3,10.220248,-0.007182605,0.7152678,
772159146056276,3,10.163984,-0.009576807,0.6973112,
772159164183718,3,10.189722,0.0053869537,0.7146692,
772159186705691,3,10.171167,-0.018555064,0.7128736,
772159206084352,3,10.199898,-0.017357962,0.7116765,
772159224242310,3,10.190321,-0.034117375,0.7128736,
772159249205691,3,10.174759,-0.010175358,0.7098808,
772159266173464,3,10.185533,-0.0017956513,0.6991069,
772159284300906,3,10.187328,-0.0035913025,0.7092823,
772159307219607,3,10.193314,-0.025737667,0.7164649,
772159326201539,3,10.184336,-0.011971008,0.705691,
772159344359498,3,10.188525,0.0077811554,0.7200562,
772159366881472,3,10.198701,-0.020350715,0.741604,
772159386199099,3,10.179547,-0.019153614,0.7182605,
772159404448611,3,10.171167,0.010773907,0.7134721,
772159429228883,3,10.201095,-0.0053869537,0.74639237,
772159446318726,3,10.171167,-0.01436521,0.7290344,
772159464446169,3,10.157401,-0.01436521,0.7386112,
772159487181765,3,10.181941,0.006584055,0.75118077,
772159506377322,3,10.192117,0.012569559,0.7565677,
772159524504763,3,10.232818,5.985504E-4,0.7308301,
772159547453980,3,10.218452,0.017357962,0.7422025,
772159566405397,3,10.152014,-0.018555064,0.7128736,
772159584563357,3,10.144233,-0.073621705,0.7164649,
772159609252079,3,10.186729,0.039504327,0.7422025,
772159626463992,3,10.1939125,-0.007182605,0.7218518,
772159644652467,3,10.272921,-0.017956512,0.7248446,
772159667235475,3,10.191518,-0.05686229,0.74639237,
772159686583620,3,10.126875,-0.04369418,0.7679402,
772159704680545,3,10.144233,-0.026934769,0.736217,
772159727324587,3,10.26514,-0.038905777,0.70509243,
772159746550660,3,10.129868,-0.0664391,0.7781156,
772159764739137,3,10.157401,-0.08439561,0.7846996,
772159789946658,3,10.20289,0.030526072,0.6991069,
772159806670290,3,10.17835,-0.023343466,0.7613561,
772159824797733,3,10.104729,-0.09876082,0.7667431,
772159847411257,3,10.134656,-0.09876082,0.7302315,
772159866728882,3,10.253767,0.010175358,0.75836337,
772159884856325,3,10.207679,-0.02873042,0.7751228,
772159907408816,3,10.133459,-0.055066638,0.74998367,
772159926787478,3,10.179547,-0.045489833,0.7422025,
772159945067508,3,10.172364,-0.04369418,0.7553706,
772159969908815,3,10.196306,-0.0035913025,0.7493851,
772159986876588,3,10.204087,0.034117375,0.7541735,
772160004912478,3,10.210671,-0.05626374,0.75596917,
772160027831179,3,10.164583,-0.038905777,0.7445967,
772160046843630,3,10.226234,0.022146367,0.7128736,
772160065001588,3,10.19451,-0.024540568,0.7577648,
772160087554078,3,10.098145,-0.14604631,0.8379706,
772160106902223,3,10.168175,-0.037708677,0.7224504,
772160125060183,3,10.253767,-0.010175358,0.6440403,
772160149901492,3,10.168175,-0.040102877,0.7757214,
772160167021852,3,10.075399,-0.06943185,0.7835025,
772160185149293,3,10.14124,-0.049081136,0.76195467,
772160207915407,3,10.298658,0.029927522,0.76554596,
772160227110964,3,10.348338,0.02813187,0.7116765,
772160245207889,3,10.165182,-0.077213004,0.74998367,
772160268065554,3,10.029311,-0.05626374,0.7278373,
772160287078004,3,10.140042,-0.044292733,0.75836337,
772160305327516,3,10.198102,-0.01436521,0.7565677,
772160329985720,3,10.257359,0.023942016,0.7469909,
772160347258670,3,10.238804,0.02633622,0.74878657,
772160365355593,3,10.189124,-0.047884032,0.74758947,
772160387969117,3,10.122087,-0.022744916,0.7356185,
772160407225709,3,10.144831,-0.016759412,0.7457938,
772160425353151,3,10.225636,-0.011372458,0.75477207,
772160447997195,3,10.2178545,-0.024540568,0.7344214,
772160467223270,3,10.163984,-0.015562311,0.7398083,
772160485411745,3,10.191518,-0.020350715,0.7326257,
772160510436159,3,10.1699705,-0.047884032,0.736217,
772160527312379,3,10.180744,-0.010175358,0.7703344,
772160545439822,3,10.213066,0.008379706,0.7398083,
772160568022830,3,10.175357,-0.011372458,0.7404069,
772160587370974,3,10.19092,0.002992752,0.7422025,
772160605498415,3,10.188525,-0.009576807,0.7332243,
772160628050904,3,10.177153,-0.038307227,0.7398083,
772160647429567,3,10.183139,-0.016759412,0.7392098,
772160665618045,3,10.195708,0.0017956513,0.74639237,
772160690428835,3,10.21127,-0.02633622,0.7565677,
772160707549195,3,10.1699705,-0.017357962,0.7278373,
772160725676637,3,10.1699705,-0.004189853,0.7577648,
772160748595339,3,10.200497,-0.01316811,0.74878657,
772160767607790,3,10.187328,-0.006584055,0.74878657,
772160785735233,3,10.187328,0.01616086,0.75836337,
772160808379274,3,10.171766,0.0077811554,0.76315176,
772160827605347,3,10.163984,0.004189853,0.712275,
772160845732790,3,10.216658,-0.011372458,0.7386112,
772160870635135,3,10.188525,0.01436521,0.7356185,
772160887663943,3,10.1861315,0.007182605,0.7721301,
772160905791384,3,10.189722,-0.021547815,0.7505822,
772160928526979,3,10.156802,0.0017956513,0.7661445,
772160947722535,3,10.195109,-0.01436521,0.7445967,
772160965880495,3,10.199299,-0.010175358,0.7386112,
772160988738163,3,10.18254,-0.010175358,0.7302315,
772161007750613,3,10.17835,0.006584055,0.7350199,
772161025908571,3,10.196306,-0.0011971008,0.7338228,
772161050597292,3,10.197504,0.002992752,0.7404069,
772161067870241,3,10.199898,0.010773907,0.7152678,
772161085997683,3,10.205285,0.0011971008,0.7493851,
772161108580691,3,10.140042,0.0053869537,0.7266402,
772161127898317,3,10.197504,-0.008978256,0.7332243,
772161146025758,3,10.195708,-0.022146367,0.7380127,
772161168669802,3,10.172963,-0.016759412,0.7380127,
772161187926394,3,10.1939125,-0.013766659,0.74519527,
772161206084354,3,10.181343,-0.0035913025,0.7673417,
772161231078249,3,10.197504,-5.985504E-4,0.7505822,
772161248015504,3,10.192716,-0.008379706,0.75357497,
772161266142946,3,10.174759,-0.008379706,0.75237787,
772161288725955,3,10.172364,-0.008978256,0.7254431,
772161308074099,3,10.198701,0.018555064,0.729633,
772161326201540,3,10.190321,0.021547815,0.7428011,
772161348754029,3,10.173561,0.005985504,0.7392098,
772161368102174,3,10.19451,0.0053869537,0.7505822,
772161386260134,3,10.196306,0.021547815,0.7517793,
772161411101444,3,10.163386,0.019153614,0.7469909,
772161428252322,3,10.18254,-0.010773907,0.74519527,
772161446349245,3,10.191518,0.023343466,0.76315176,
772161469298463,3,10.199898,-0.006584055,0.7350199,
772161488341433,3,10.190321,0.0023942017,0.7428011,
772161506407839,3,10.19451,0.032920275,0.7457938,
772161528929813,3,10.207081,-0.0077811554,0.7314286,
772161548400027,3,10.171766,0.0023942017,0.7457938,
772161566466432,3,10.190321,0.010175358,0.7398083,
772161591307741,3,10.206482,-0.011372458,0.75596917,
772161608428103,3,10.165182,0.010175358,0.7134721,
772161626525027,3,10.185533,0.0035913025,0.7230489,
772161649230105,3,10.208876,-0.018555064,0.7302315,
772161668456178,3,10.134656,-0.011372458,0.7457938,
772161686583619,3,10.17835,0.004189853,0.7517793,
772161709441287,3,10.207679,0.004189853,0.7469909,
772161728453739,3,10.157999,0.005985504,0.7338228,
772161746611698,3,10.183139,-0.005985504,0.7428011,
772161771269899,3,10.177752,0.02873042,0.7685388,
772161788542848,3,10.156802,0.008379706,0.7445967,
772161806670290,3,10.211869,-0.009576807,0.7320272,
772161829253299,3,10.186729,0.023343466,0.74758947,
772161848570927,3,10.180744,0.018555064,0.7505822,
772161866789920,3,10.18254,0.010175358,0.7457938,
772161889372926,3,10.183139,0.022744916,0.74639237,
772161908599001,3,10.232818,0.007182605,0.7326257,
772161926756960,3,10.171766,-0.02813187,0.7074866,
772161951811893,3,10.152014,0.017357962,0.7374141,
772161968688113,3,10.184934,0.015562311,0.7469909,
772161986815553,3,10.1621895,-0.002992752,0.75118077,
772162009429080,3,10.19092,0.011372458,0.7410054,
772162028777225,3,10.181343,0.01616086,0.7218518,
772162046874148,3,10.180145,0.023942016,0.7266402,
772162069457155,3,10.19092,0.019153614,0.75118077,
772162088744266,3,10.205285,-5.985504E-4,0.7589619,
772162106963260,3,10.168175,0.007182605,0.75956047,
772162131774050,3,10.189124,0.009576807,0.7565677,
772162148863894,3,10.1939125,0.012569559,0.7553706,
772162166991335,3,10.166978,0.018555064,0.7398083,
772162189940555,3,10.184336,-0.015562311,0.7386112,
772162208922488,3,10.180145,0.004189853,0.7374141,
772162227049928,3,10.16578,0.020949265,0.724246,
772162249602420,3,10.224439,0.006584055,0.75118077,
772162268981083,3,10.192117,0.010773907,0.7517793,
772162287108523,3,10.19092,-0.0077811554,0.74519527,
772162311766726,3,10.192117,-0.0011971008,0.7493851,
772162329070193,3,10.17835,-0.008379706,0.7290344,
772162347167117,3,10.175956,0.0035913025,0.74399817,
772162369902712,3,10.181941,0.006584055,0.7422025,
772162389128786,3,10.170568,0.0011971008,0.75237787,
772162407225710,3,10.185533,0.002992752,0.7368156,
772162430174930,3,10.19451,-0.008379706,0.7290344,
772162449126345,3,10.200497,-0.013766659,0.7314286,
772162467314821,3,10.186729,-0.0023942017,0.7469909,
772162492125613,3,10.157999,-0.015562311,0.7338228,
772162509215458,3,10.1861315,0.004189853,0.75596917,
772162527342898,3,10.196905,0.009576807,0.7332243,
772162549956423,3,10.183737,0.01316811,0.7404069,
772162569304568,3,10.176555,-0.008978256,0.76434886,
772162587432010,3,10.180744,0.01316811,0.74878657,
772162610106570,3,10.172364,0.007182605,0.76554596,
772162629302126,3,10.208278,-0.023942016,0.7254431,
772162647490603,3,10.181941,0.011372458,0.7505822,
772162672484500,3,10.163984,-0.0023942017,0.7344214,
772162689421755,3,10.171766,0.010175358,0.7667431,
772162707518678,3,10.201095,-0.0047884034,0.7392098,
772162730132205,3,10.17416,0.0047884034,0.741604,
772162749480350,3,10.162787,0.025737667,0.7284359,
772162767577273,3,10.195708,-0.020350715,0.75956047,
772162790129763,3,10.156802,0.008978256,0.7433996,
772162809477908,3,10.192117,0.0077811554,0.7685388,
772162827635867,3,10.216059,0.011971008,0.74758947,
772162852629763,3,10.172364,0.045489833,0.7260417,
772162869567019,3,10.198102,0.0017956513,0.7356185,
772162887724978,3,10.173561,-0.004189853,0.7320272,
772162910643680,3,10.163984,0.023942016,0.7218518,
772162929625613,3,10.22384,0.012569559,0.7302315,
772162947753053,3,10.172364,0.0017956513,0.7332243,
772162970275027,3,10.180145,-0.006584055,0.7350199,
772162989653690,3,10.180145,0.007182605,0.7589619,
772163007811648,3,10.190321,0.012569559,0.7553706,
772163032652956,3,10.200497,-0.019752163,0.7218518,
772163049742801,3,10.176555,0.013766659,0.7260417,
772163067870242,3,10.171766,0.0077811554,0.75118077,
772163090575320,3,10.199299,0.017956512,0.75237787,
772163109801394,3,10.181343,0.005985504,0.7380127,
772163127928835,3,10.188525,0.019153614,0.7392098,
772163150817020,3,10.1699705,0.01616086,0.75477207,
772163169829470,3,10.181343,0.0035913025,0.7428011,
772163187987428,3,10.205285,-0.022146367,0.7248446,
772163212645633,3,10.183737,-0.016759412,0.7302315,
772163229888065,3,10.187328,0.009576807,0.7374141,
772163248046023,3,10.192716,-0.0047884034,0.7493851,
772163270598513,3,10.175956,-0.0077811554,0.74639237,
772163289946658,3,10.186729,0.010175358,0.76075757,
772163308104617,3,10.180145,0.0035913025,0.7182605,
772163330748659,3,10.17835,0.0035913025,0.7230489,
772163350005251,3,10.191518,0.006584055,0.7392098,
772163368163210,3,10.196306,0.008379706,0.741604,
772163393218143,3,10.172963,0.0011971008,0.74878657,
772163410094363,3,10.204087,0.011372458,0.736217,
772163428221803,3,10.1861315,0.01436521,0.7302315,
772163450804812,3,10.166978,0.021547815,0.7266402,
772163470152958,3,10.19451,0.026934769,0.76195467,
772163488280398,3,10.169372,-0.0077811554,0.74639237,
772163510832888,3,10.17416,0.0077811554,0.7433996,
772163530181033,3,10.204686,-0.01436521,0.7445967,
772163548338993,3,10.183737,-0.008379706,0.7410054,
772163573302370,3,10.175357,0.038307227,0.741604,
772163590270144,3,10.198102,0.008379706,0.75118077,
772163609099490,3,10.187927,-0.0053869537,0.74998367,
772163630248173,3,10.187927,-0.0053869537,0.741604,
772163653746706,3,10.181343,0.01316811,0.7374141,
772163669768435,3,10.171167,0.0023942017,0.7236475,
772163690184695,3,10.180744,-0.020350715,0.7338228,
772163713835819,3,10.180744,0.007182605,0.7356185,
772163732146365,3,10.192716,-0.007182605,0.712275,
772163750243288,3,10.180744,0.004189853,0.74758947,
772163773894412,3,10.162787,0.0023942017,0.7422025,
772163789916141,3,10.189124,-0.017357962,0.7386112,
772163810454470,3,10.207679,0.0053869537,0.7308301,
772163833983522,3,10.166978,0.008978256,0.7212533,
772163849974734,3,10.181343,0.006584055,0.7368156,
772163870696171,3,10.187328,0.018555064,0.7278373,
772163894011599,3,10.189722,0.01316811,0.700304,
772163912322146,3,10.198102,0.0023942017,0.7206547,
772163930419070,3,10.177752,0.008978256,0.7158663,
772163954100711,3,10.160394,-0.0035913025,0.74878657,
772163970061404,3,10.226234,-0.008978256,0.7428011,
772163990508181,3,10.180145,-0.007182605,0.7284359,
772164014159304,3,10.201095,-0.005985504,0.7164649,
772164030119999,3,10.172364,0.0017956513,0.7326257,
772164050658328,3,10.180145,5.985504E-4,0.7368156,
772164074126345,3,10.184336,-0.010175358,0.7374141,
772164092314822,3,10.186729,0.0017956513,0.7332243,
772164110961063,3,10.176555,0.008379706,0.7140707,
772164134245974,3,10.187328,-5.985504E-4,0.7314286,
772164150267702,3,10.155605,0.011971008,0.7529764,
772164170683963,3,10.192716,0.002992752,0.7445967,
772164194335086,3,10.195708,0.006584055,0.7386112,
772164210295779,3,10.166978,0.020949265,0.7086837,
772164230681521,3,10.207081,0.0023942017,0.74878657,
772164254302127,3,10.174759,-0.0053869537,0.76315176,
772164272673710,3,10.18254,0.009576807,0.74519527,
772164290892703,3,10.183737,0.009576807,0.7517793,
772164314421755,3,10.185533,0.006584055,0.7248446,
772164330443484,3,10.168773,0.01316811,0.7356185,
772164351225956,3,10.177153,0.0077811554,0.717662,
772164374480349,3,10.187328,-0.0077811554,0.7338228,
772164390471560,3,10.176555,0.01616086,0.7374141,
772164410857303,3,10.189124,5.985504E-4,0.7386112,
772164434508426,3,10.184934,0.020949265,0.7308301,
772164452849490,3,10.177752,0.006584055,0.7260417,
772164470946413,3,10.193314,0.006584055,0.729633,
772164493956668,3,10.18254,0.008379706,0.7278373,
772164510588749,3,10.20289,-0.008978256,0.7308301,
772164531157595,3,10.201095,0.011372458,0.7188591,
772164554625612,3,10.172364,0.017956512,0.7278373,
772164570647342,3,10.184934,0.022146367,0.7272388,
772164591399296,3,10.181343,0.019153614,0.7266402,
772164614684206,3,10.185533,0.023942016,0.7422025,
772164633025271,3,10.183737,-0.002992752,0.7194576,
772164651122195,3,10.167576,0.0035913025,0.7320272,
772164674803836,3,10.180145,0.008379706,0.7326257,
772164690795046,3,10.180744,0.008978256,0.7230489,
772164711241823,3,10.203489,0.002992752,0.7272388,
772164734862429,3,10.181941,5.985504E-4,0.7457938,
772164750823124,3,10.18254,-0.006584055,0.74758947,
772164771361453,3,10.172364,0.01316811,0.741604,
772164794859987,3,10.190321,0.008978256,0.7074866,
772164813201053,3,10.195109,0.008978256,0.7386112,
772164831633671,3,10.197504,-0.004189853,0.75237787,
772164854979616,3,10.159795,-0.0077811554,0.7386112,
772164870940310,3,10.17835,0.002992752,0.7422025,
772164891387088,3,10.208876,0.004189853,0.7260417,
772164915038211,3,10.1861315,-0.0011971008,0.7164649,
772164930998904,3,10.156203,0.0035913025,0.7380127,
772164951384646,3,10.198102,-0.007182605,0.7745243,
772164975035769,3,10.178948,-0.0017956513,0.7613561,
772164993163211,3,10.190321,0.010773907,0.74998367,
772165011595828,3,10.199898,0.0053869537,0.7380127,
772165035155397,3,10.172963,0.004189853,0.736217,
772165051116092,3,10.198102,0.0035913025,0.7290344,
772165071898563,3,10.205285,0.0035913025,0.7715315,
772165095213991,3,10.193314,0.0035913025,0.74878657,
772165111174685,3,10.159795,0.017357962,0.7164649,
772165131590945,3,10.202292,0.0047884034,0.7445967,
772165155211551,3,10.168773,0.008978256,0.741604,
772165173552615,3,10.163386,0.0047884034,0.75477207,
772165191649538,3,10.23222,0.0035913025,0.74758947,
772165215300662,3,10.146626,0.010773907,0.7200562,
772165231291873,3,10.184934,0.002992752,0.7649474,
772165251860719,3,10.207679,0.005985504,0.76075757,
772165275359255,3,10.163984,-0.011372458,0.7380127,
772165291350467,3,10.192117,0.009576807,0.75118077,
772165312132938,3,10.199299,-5.985504E-4,0.7254431,
772165335387331,3,10.168175,0.011372458,0.74998367,
772165353697878,3,10.208876,-0.014963761,0.741604,
772165371825320,3,10.171766,-0.0023942017,0.7344214,
772165395476443,3,10.187328,0.004189853,0.7469909,
772165411467653,3,10.190321,0.0053869537,0.74519527,
772165431914431,3,10.17835,-0.012569559,0.7326257,
772165455535037,3,10.184336,0.006584055,0.75596917,
772165471526248,3,10.205883,-0.0011971008,0.75237787,
772165492034059,3,10.180145,0.0077811554,0.74519527,
772165515563112,3,10.196306,-0.008978256,0.76195467,
772165533873660,3,10.175357,0.0035913025,0.7350199,
772165552367312,3,10.192716,-0.0011971008,0.7308301,
772165575682740,3,10.187328,0.014963761,0.7422025,
772165591643435,3,10.185533,-5.985504E-4,0.7553706,
772165612059695,3,10.205285,-0.002992752,0.7493851,
772165635710818,3,10.19451,0.011971008,0.75716627,
772165651671510,3,10.190321,0.002992752,0.7667431,
772165672057253,3,10.181343,5.985504E-4,0.7368156,
772165695738894,3,10.184934,-0.0077811554,0.7433996,
772165714018923,3,10.187927,-0.017956512,0.7350199,
772165732268434,3,10.177752,-0.007182605,0.729633,
772165755828005,3,10.190321,-0.008978256,0.75836337,
772165771819217,3,10.186729,0.017357962,0.7589619,
772165792601687,3,10.17835,0.008978256,0.7422025,
772165815917115,3,10.198102,-0.0077811554,0.7529764,
772165831877810,3,10.172963,-0.009576807,0.7302315,
772165852263553,3,10.198102,0.025737667,0.7386112,
772165875914675,3,10.196306,-0.015562311,0.736217,
772165894194703,3,10.171766,0.007182605,0.74519527,
772165912322146,3,10.199898,-0.019752163,0.7422025,
772165935973269,3,10.170568,0.010175358,0.7404069,
772165951964480,3,10.180744,0.008978256,0.7422025,
772165972533327,3,10.202292,0.005985504,0.7703344,
772165996092897,3,10.190321,-0.004189853,0.76195467,
772166012023074,3,10.201694,0.014963761,0.74998367,
772166032775027,3,10.214263,0.023343466,0.7254431,
772166056090455,3,10.14543,0.019752163,0.75118077,
772166074401003,3,10.200497,0.01316811,0.748188,
772166092497928,3,10.198701,0.022146367,0.75956047,
772166116149050,3,10.208876,0.008379706,0.7368156,
772166132140260,3,10.195708,0.004189853,0.7445967,
772166152587038,3,10.152613,-0.004189853,0.7224504,
772166176238162,3,10.181343,-0.011971008,0.7404069,
772166192229373,3,10.208278,-0.019752163,0.7260417,
772166212737184,3,10.159196,-0.017357962,0.7254431,
772166236266237,3,10.1544075,5.985504E-4,0.7404069,
772166254576785,3,10.207679,-0.0077811554,0.7691373,
772166273070437,3,10.164583,-0.007182605,0.76315176,
772166296324830,3,10.19451,-0.011971008,0.7565677,
772166312316042,3,10.196306,0.02932897,0.74878657,
772166332762820,3,10.169372,0.007182605,0.74519527,
772166356413943,3,10.193314,-0.0017956513,0.7404069,
772166372374635,3,10.1861315,0.014963761,0.7553706,
772166392760378,3,10.207081,0.013766659,0.75357497,
772166416411502,3,10.1939125,0.017357962,0.75716627,
772166434722048,3,10.199299,0.0011971008,0.7260417,
772166452971560,3,10.197504,0.0023942017,0.76554596,
772166476500611,3,10.189722,-0.004189853,0.736217,
772166492491822,3,10.205285,-0.002992752,0.7493851,
772166513274294,3,10.196306,-0.017357962,0.7320272,
772166536589724,3,10.179547,-0.002992752,0.7344214,
772166552550418,3,10.20289,5.985504E-4,0.74399817,
772166572936159,3,10.17835,-0.006584055,0.7703344,
772166596587281,3,10.178948,0.013766659,0.7649474,
772166614897828,3,10.185533,0.0017956513,0.74519527,
772166632994753,3,10.174759,0.008978256,0.736217,
772166656737429,3,10.187927,-0.022146367,0.7356185,
772166672667605,3,10.190321,0.002992752,0.7380127,
772166693236452,3,10.185533,0.011372458,0.76434886,
772166716734985,3,10.189124,0.01616086,0.748188,
772166732726197,3,10.172364,-0.004189853,0.7691373,
772166753447633,3,10.174759,5.985504E-4,0.7589619,
772166776763064,3,10.170568,-0.0023942017,0.7260417,
772166795073611,3,10.184934,0.0023942017,0.7625532,
772166813201052,3,10.191518,0.005985504,0.75956047,
772166836852173,3,10.191518,-5.985504E-4,0.74758947,
772166852843385,3,10.179547,0.002992752,0.7368156,
772166873290163,3,10.166379,0.017357962,0.75118077,
772166896910769,3,10.200497,0.016759412,0.7386112,
772166912901980,3,10.211869,0.01436521,0.76195467,
772166933409791,3,10.168773,-0.008978256,0.7272388,
772166956938844,3,10.173561,0.0053869537,0.7793127,
772166975249391,3,10.192716,-0.014963761,0.7661445,
772166993712527,3,10.181343,-0.020949265,0.7799112,
772167017027956,3,10.201095,-0.0053869537,0.7260417,
772167033019166,3,10.17835,0.018555064,0.7553706,
772167053465943,3,10.170568,-0.015562311,0.729633,
772167077056032,3,10.199299,-0.004189853,0.7703344,
772167093077761,3,10.19092,-0.010773907,0.75237787,
772167113463504,3,10.176555,0.004189853,0.741604,
772167140196901,3,10.178948,0.023343466,0.7445967,
772167155425171,3,10.163984,0.011971008,0.748188,
772167173644166,3,10.207679,-0.03172317,0.7356185,
772167197203737,3,10.181941,-0.013766659,0.7308301,
772167213194949,3,10.172963,0.0017956513,0.7392098,
772167234007937,3,10.192117,-0.014963761,0.7332243,
772167257262330,3,10.187927,-0.017357962,0.76434886,
772167273253541,3,10.195109,-0.0035913025,0.76195467,
772167293669802,3,10.188525,0.01436521,0.741604,
772167317320925,3,10.180744,0.0035913025,0.74399817,
772167335631472,3,10.176555,-0.014963761,0.724246,
772167353697877,3,10.177153,-0.014963761,0.74998367,
772167376769166,3,10.208278,-0.004189853,0.7428011,
772167393401247,3,10.183737,0.014963761,0.75716627,
772167413939578,3,10.202292,0.004189853,0.74878657,
772167437377078,3,10.174759,0.004189853,0.7613561,
772167453429323,3,10.185533,0.0047884034,0.7667431,
772167474150757,3,10.204686,-0.01436521,0.7308301,
772167497466188,3,10.1939125,-0.010773907,0.74519527,
772167515776735,3,10.180744,-0.013766659,0.7505822,
772167533873660,3,10.188525,0.025139118,0.75716627,
772167557585818,3,10.192716,-0.014963761,0.74399817,
772167573546510,3,10.196306,0.004189853,0.75477207,
772167594023805,3,10.179547,0.01436521,0.74639237,
772167617674928,3,10.178948,0.024540568,0.7410054,
772167633605105,3,10.183139,-0.0077811554,0.7266402,
772167654143435,3,10.196905,-0.0023942017,0.7410054,
772167677672486,3,10.189722,0.016759412,0.74758947,
772167695983033,3,10.184336,0.017956512,0.75477207,
772167715392213,3,10.175956,0.021547815,0.760159,
772167737883669,3,10.184934,-0.0053869537,0.75836337,
772167753691776,3,10.165182,0.008978256,0.7266402,
772167774138552,3,10.193314,0.008978256,0.74639237,
772167797148804,3,10.177153,0.0035913025,0.7374141,
772167813750368,3,10.188525,-5.985504E-4,0.7314286,
772167834136110,3,10.195109,-0.015562311,0.7272388,
772167857787234,3,10.179547,0.006584055,0.75596917,
772167876128298,3,10.190321,-0.022146367,0.789488,
772167894377809,3,10.181343,0.010773907,0.76554596,
772167917937379,3,10.201095,-0.0011971008,0.74998367,
772167933928591,3,10.176555,-0.011372458,0.7338228,
772167954650027,3,10.196306,-0.034715924,0.729633,
772167977965456,3,10.209475,-0.007182605,0.7404069,
772167993926149,3,10.189124,0.0017956513,0.7529764,
772168014311891,3,10.174759,0.007182605,0.7272388,
772168037993532,3,10.196905,0.0053869537,0.7493851,
772168056273562,3,10.177153,0.02633622,0.7344214,
772168074401004,3,10.184336,-0.0011971008,0.75357497,
772168098082643,3,10.1939125,-0.0011971008,0.7445967,
772168114043336,3,10.187927,-0.0047884034,0.7350199,
772168134612184,3,10.187328,-0.011971008,0.7314286,
772168158110720,3,10.17835,-0.0053869537,0.741604,
772168174101932,3,10.174759,-0.0011971008,0.748188,
772168194884402,3,10.204686,-0.019752163,0.7745243,
772168218138795,3,10.201095,0.018555064,0.76195467,
772168236449342,3,10.16578,0.0047884034,0.75118077,
772168254546266,3,10.178948,0.0047884034,0.7356185,
772168278288943,3,10.192117,0.004189853,0.74758947,
772168294219119,3,10.183737,-0.023942016,0.7398083,
772168314665895,3,10.206482,0.017357962,0.7398083,
772168338286500,3,10.177153,-0.007182605,0.7278373,
772168354277712,3,10.184934,-0.010175358,0.7350199,
772168374785525,3,10.192117,-0.008379706,0.74758947,
772168398375613,3,10.200497,-0.014963761,0.7517793,
772168416655641,3,10.191518,-0.023343466,0.7457938,
772168435118775,3,10.176555,-0.008379706,0.74399817,
772168458342653,3,10.180744,-0.004189853,0.7428011,
772168474394900,3,10.189124,0.0053869537,0.74399817,
772168494841678,3,10.1939125,-0.0077811554,0.7374141,
772168518462283,3,10.210073,-0.017357962,0.7302315,
772168534453493,3,10.166379,0.006584055,0.7368156,
772168554839235,3,10.199898,-0.011372458,0.7428011,
772168578459841,3,10.205285,-0.010773907,0.7697359,
772168596800906,3,10.189722,-0.016759412,0.7517793,
772168615050417,3,10.156802,0.010175358,0.76075757,
772168638579469,3,10.172364,-0.002992752,0.75477207,
772168654570680,3,10.21127,-0.008978256,0.74758947,
772168675353151,3,10.17416,-0.017357962,0.7517793,
772168698638065,3,10.176555,0.010773907,0.75956047,
772168714629276,3,10.190321,0.01436521,0.7445967,
772168735015016,3,10.204686,-0.0035913025,0.7302315,
772168758666139,3,10.210073,5.985504E-4,0.7392098,
772168777007203,3,10.167576,0.019752163,0.7553706,
772168795104128,3,10.163984,-0.020949265,0.7649474,
772168818755253,3,10.205285,-0.01616086,0.7745243,
772168834746463,3,10.164583,-0.0047884034,0.7505822,
772168855315309,3,10.173561,-0.020350715,0.7338228,
772168878783327,3,10.1861315,0.012569559,0.7457938,
772168894805056,3,10.1699705,0.0035913025,0.76075757,
772168915526492,3,10.192716,-0.0053869537,0.7697359,
772168938841921,3,10.176555,0.01616086,0.760159,
772168957152467,3,10.167576,0.006584055,0.7374141,
772168975249391,3,10.184336,-0.010175358,0.74519527,
772168998931033,3,10.179547,-0.009576807,0.7320272,
772169014922244,3,10.157401,-0.007182605,0.7428011,
772169035369022,3,10.205285,-0.017357962,0.7565677,
772169058959108,3,10.177752,-0.020350715,0.7380127,
772169074950318,3,10.195109,-0.01616086,0.7260417,
772169095488649,3,10.183737,-0.009576807,0.75716627,
772169118987185,3,10.179547,-0.015562311,0.770933,
772169137328250,3,10.199299,-0.03232172,0.75956047,
772169155821902,3,10.165182,-0.014963761,0.7529764,
772169179045777,3,10.158598,-0.004189853,0.7344214,
772169195098024,3,10.202292,-5.985504E-4,0.7422025,
772169215514284,3,10.180145,0.0077811554,0.76554596,
772169239165409,3,10.186729,-0.018555064,0.7404069,
772169255187136,3,10.172963,-0.0047884034,0.7697359,
772169275572877,3,10.190321,0.0053869537,0.75956047,
772169299224001,3,10.19092,-0.016759412,0.7553706,
772169317534547,3,10.174759,-0.017357962,0.7691373,
772169335784060,3,10.181941,-0.006584055,0.7541735,
772169359282596,3,10.163984,0.011372458,0.7727286,
772169375273806,3,10.185533,-0.0077811554,0.7565677,
772169396056275,3,10.187927,-0.013766659,0.7469909,
772169419341189,3,10.181343,-0.01616086,0.7368156,
772169435332400,3,10.172364,-0.019153614,0.75596917,
772169455748660,3,10.167576,-0.01616086,0.7505822,
772169479369265,3,10.169372,-0.01616086,0.74998367,
772169497679811,3,10.199898,-0.01316811,0.7368156,
772169515807252,3,10.175357,-0.0047884034,0.75596917,
772169539488894,3,10.195708,-0.017956512,0.7469909,
772169555449588,3,10.184934,-0.015562311,0.76434886,
772169576018435,3,10.17835,-0.016759412,0.74399817,
772169599516969,3,10.20289,5.985504E-4,0.7493851,
772169615538697,3,10.174759,-0.01436521,0.7505822,
772169636260133,3,10.190321,-0.002992752,0.75956047,
772169659545047,3,10.18254,-0.01436521,0.7679402,
772169677855594,3,10.177752,-0.010175358,0.7679402,
772169696013552,3,10.175357,-0.019153614,0.7410054,
772169719664674,3,10.180145,-0.024540568,0.7398083,
772169735655885,3,10.210073,-0.0077811554,0.7236475,
772169756102663,3,10.195708,0.0023942017,0.7278373,
772169779723270,3,10.179547,-0.008978256,0.74998367,
772169795714480,3,10.170568,-0.026934769,0.7721301,
772169816680055,3,10.187927,-0.017956512,0.7691373,
772169839720827,3,10.1939125,0.007182605,0.7715315,
772169858031374,3,10.176555,-0.008978256,0.7320272,
772169876494509,3,10.175956,0.010175358,0.7517793,
772169899840456,3,10.197504,-0.021547815,0.74878657,
772169915801149,3,10.181941,-0.02873042,0.76075757,
772169936247926,3,10.18254,-0.016759412,0.74399817,
772169959899050,3,10.193314,0.0035913025,0.75357497,
772169975890261,3,10.186729,-0.010175358,0.74639237,
772169996306522,3,10.161591,0.013766659,0.7493851,
772170019927126,3,10.185533,-0.030526072,0.7613561,
772170038207154,3,10.213664,-0.011971008,0.74998367,
772170056456666,3,10.166379,0.0047884034,0.74998367,
772170080016238,3,10.189722,-0.002992752,0.7344214,
772170095976932,3,10.192117,-0.01316811,0.7757214,
772170116820437,3,10.167576,-0.022146367,0.7721301,
772170140074830,3,10.205883,-0.03232172,0.7577648,
772170156066041,3,10.178948,-0.022146367,0.74639237,
772170176421266,3,10.18254,-0.018555064,0.75237787,
772170200072391,3,10.157401,-0.03172317,0.7673417,
772170218413454,3,10.183737,-0.023343466,0.76434886,
772170236510377,3,10.214862,0.004189853,0.76315176,
772170260192018,3,10.173561,-0.010773907,0.7386112,
772170276152712,3,10.184934,-0.0047884034,0.7374141,
772170296721560,3,10.17416,-0.02633622,0.76075757,
772170320220096,3,10.181941,-0.0017956513,0.75836337,
772170336211306,3,10.181343,-0.022146367,0.7553706,
772170356963257,3,10.189124,0.007182605,0.75596917,
772170380278689,3,10.199299,-0.010773907,0.75956047,
772170398589236,3,10.201095,-5.985504E-4,0.7625532,
772170416716678,3,10.186729,-0.022146367,0.75836337,
772170440337283,3,10.163984,-0.008379706,0.76315176,
772170456297975,3,10.177752,-0.010175358,0.76315176,
772170476714235,3,10.1939125,-0.0017956513,0.76315176,
772170500365359,3,10.17835,-0.024540568,0.74399817,
772170516356570,3,10.180145,-0.0077811554,0.7374141,
772170536864382,3,10.185533,-0.01616086,0.7356185,
772170560393433,3,10.174759,-0.01616086,0.7661445,
772170578703981,3,10.201095,0.007182605,0.78888947,
772170597167116,3,10.180145,-0.0017956513,0.7589619,
772170620482547,3,10.186729,-0.019153614,0.75596917,
772170636473758,3,10.175956,-0.007182605,0.75237787,
772170656920534,3,10.177752,-0.022146367,0.74639237,
772170680510621,3,10.198701,-0.011971008,0.741604,
772170696501832,3,10.196306,0.006584055,0.75836337,
772170716887575,3,10.17416,-0.020350715,0.74878657,
772170740538700,3,10.175357,0.011971008,0.7320272,
772170758879763,3,10.203489,0.013766659,0.7380127,
772170777098756,3,10.189124,0.008379706,0.7350199,
772170800688845,3,10.180744,0.010175358,0.7457938,
772170816649538,3,10.179547,-0.017357962,0.7589619,
772170837432009,3,10.180744,-0.011971008,0.7685388,
772170860686403,3,10.187927,-0.016759412,0.7493851,
772170876708131,3,10.192716,-0.02932897,0.7338228,
772170897063355,3,10.187927,-0.009576807,0.74878657,
772170920683962,3,10.164583,-0.022146367,0.74758947,
772170939025028,3,10.1939125,-5.985504E-4,0.7553706,
772170957152469,3,10.196306,0.0035913025,0.76315176,
772170980834108,3,10.168773,-0.0035913025,0.75596917,
772170996794800,3,10.206482,-0.016759412,0.736217,
772171017363649,3,10.183737,-0.0047884034,0.75716627,
772171040862185,3,10.17416,-0.01436521,0.75118077,
772171056853396,3,10.225037,-0.018555064,0.7553706,
772171077635867,3,10.1699705,0.025737667,0.7338228,
772171100951295,3,10.183737,-0.004189853,0.75477207,
772171119231325,3,10.207081,-0.017956512,0.76434886,
772171137358766,3,10.187927,-0.027533319,0.7685388,
772171161009891,3,10.195109,0.008978256,0.7697359,
772171177001101,3,10.190321,-0.006584055,0.7625532,
772171197478395,3,10.159795,-0.014963761,0.75477207,
772171221099001,3,10.179547,-0.015562311,0.7637503,
772171237090212,3,10.17835,-0.006584055,0.7697359,
772171257598025,3,10.180145,-0.01436521,0.75596917,
772171281157596,3,10.172963,-0.011971008,0.7422025,
772171299437624,3,10.172963,0.0011971008,0.75118077,
772171317870240,3,10.198701,-0.031124622,0.7625532,
772171341216189,3,10.172364,5.985504E-4,0.76195467,
772171357207400,3,10.198102,-0.019752163,0.78050977,
772171377654178,3,10.1621895,0.0047884034,0.76075757,
772171401335818,3,10.179547,-0.0077811554,0.76554596,
772171417327028,3,10.202292,-0.038905777,0.7445967,
772171437712770,3,10.168175,-0.0047884034,0.7769185,
772171461241824,3,10.175956,0.022744916,0.7673417,
772171479552372,3,10.20289,0.004189853,0.75716627,
772171497801882,3,10.183737,-0.010175358,0.7613561,
772171521361451,3,10.184934,-0.0023942017,0.7212533,
772171537352662,3,10.187328,0.023942016,0.7553706,
772171558135133,3,10.163984,0.024540568,0.7368156,
772171581450565,3,10.201694,-0.02813187,0.74639237,
772171597380740,3,10.180744,-0.01436521,0.7763199,
772171617766481,3,10.163386,-0.03172317,0.75956047,
772171641417604,3,10.210073,-0.035913024,0.76434886,
772171659728152,3,10.187328,0.017357962,0.7649474,
772171677855593,3,10.180744,-0.01436521,0.7374141,
772171701506717,3,10.180744,-0.022146367,0.748188,
772171717467410,3,10.197504,-0.010773907,0.75716627,
772171738066774,3,10.193314,-0.020949265,0.75956047,
772171761565309,3,10.19451,-0.01316811,0.7404069,
772171777556520,3,10.162787,-0.022146367,0.717662,
772171798308475,3,10.189722,-0.0035913025,0.7254431,
772171821593386,3,10.19451,0.005985504,0.7404069,
772171839751344,3,10.176555,-0.02633622,0.7691373,
772171858000855,3,10.180145,-0.030526072,0.79008657,
772171881713015,3,10.161591,-0.021547815,0.7882909,
772171897673708,3,10.190321,0.011971008,0.7649474,
772171918120486,3,10.192716,0.013766659,0.7398083,
772171941741090,3,10.184934,-0.01316811,0.7182605,
772171957732300,3,10.195708,0.004189853,0.7529764,
772171978240114,3,10.171766,-0.014963761,0.7858967,
772172001738650,3,10.174759,0.004189853,0.7697359,
772172020079716,3,10.21546,-0.017956512,0.7278373,
772172038603884,3,10.128671,-0.020350715,0.75836337,
772172061858277,3,10.199299,-0.007182605,0.76315176,
772172077849488,3,10.220847,-0.02813187,0.74399817,
772172098357303,3,10.156802,0.019153614,0.7284359,
772172121916873,3,10.169372,0.0017956513,0.7529764,
772172137877566,3,10.193314,-0.025139118,0.7882909,
772172158354860,3,10.155605,-0.030526072,0.7703344,
772172181944949,3,10.199299,0.0053869537,0.7410054,
772172200072391,3,10.186729,0.0017956513,0.74639237,
772172218474490,3,10.160992,-0.013766659,0.7398083,
772172242003542,3,10.208278,-0.024540568,0.7469909,
772172257994753,3,10.184336,-0.008978256,0.7529764,
772172278807743,3,10.169372,-0.014963761,0.7517793,
772172302062136,3,10.206482,-0.014963761,0.7392098,
772172318083863,3,10.172364,0.002992752,0.7410054,
772172338469607,3,10.196905,-0.017956512,0.75477207,
772172362120731,3,10.183737,-0.02633622,0.760159,
772172380278689,3,10.179547,-0.005985504,0.74998367,
772172398528200,3,10.184336,-0.02873042,0.741604,
772172422179324,3,10.19092,0.007182605,0.7457938,
772172438170535,3,10.17416,-0.023343466,0.75357497,
772172458739382,3,10.176555,-0.004189853,0.736217,
772172482237917,3,10.185533,-0.023942016,0.7236475,
772172498351199,3,10.189722,-0.017357962,0.736217,
772172518981083,3,10.18254,-0.017357962,0.7577648,
772172541655642,3,10.171167,-0.017956512,0.76434886,
772172560607058,3,10.1699705,-0.022744916,0.74639237,
772172578703982,3,10.147225,0.0053869537,0.74758947,
772172602324588,3,10.205285,-0.009576807,0.7691373,
772172618346316,3,10.169372,-0.010773907,0.7505822,
772172638823610,3,10.188525,-0.02813187,0.7685388,
772172662413699,3,10.172963,0.0017956513,0.7565677,
772172678404911,3,10.189124,0.0053869537,0.76075757,
772172698943240,3,10.198701,-0.0047884034,0.7517793,
772172722441774,3,10.163984,5.985504E-4,0.74998367,
772172740569217,3,10.198701,-0.010175358,0.7248446,
772172759795292,3,10.17835,-0.013766659,0.7260417,
772172782530886,3,10.168175,-0.004189853,0.7493851,
772172798522097,3,10.171766,-0.010175358,0.75596917,
772172818968875,3,10.192716,-0.020350715,0.7685388,
772172842589481,3,10.174759,-0.03232172,0.7661445,
772172858580691,3,10.19092,-0.014963761,0.7266402,
772172878966433,3,10.205883,0.0047884034,0.7613561,
772172902617556,3,10.1861315,-0.025737667,0.74519527,
772172920928104,3,10.187927,-0.021547815,0.75237787,
772172939177615,3,10.171167,-0.019752163,0.7505822,
772172962737184,3,10.167576,-0.006584055,0.7272388,
772172978697879,3,10.180145,0.004189853,0.7505822,
772172999541385,3,10.171766,-0.014963761,0.74519527,
772173022765261,3,10.189722,-0.030526072,0.7398083,
772173038756472,3,10.207081,-0.016759412,0.7445967,
772173059142215,3,10.172364,-0.023343466,0.7278373,
772173082762821,3,10.202292,-0.025737667,0.748188,
772173100951296,3,10.207679,-0.018555064,0.75716627,
772173119200808,3,10.1699705,-0.029927522,0.748188,
772173142851931,3,10.19092,-0.023343466,0.7254431,
772173158873661,3,10.198102,-0.004189853,0.729633,
772173179442507,3,10.172364,0.018555064,0.74758947,
772173202971559,3,10.168773,0.010175358,0.7661445,
772173218932254,3,10.185533,-5.985504E-4,0.74998367,
772173239653690,3,10.1861315,0.0047884034,0.7254431,
772173262969118,3,10.159196,-0.006584055,0.7368156,
772173281279665,3,10.204087,0.010773907,0.7553706,
772173299407107,3,10.190321,-0.029927522,0.7332243,
772173323058231,3,10.170568,-0.04129998,0.736217,
772173339049441,3,10.19451,-0.027533319,0.7541735,
772173359496218,3,10.189124,-0.012569559,0.75836337,
772173383116824,3,10.177153,0.0023942017,0.7625532,
772173400267704,3,10.180145,0.004189853,0.75357497,
772173419646365,3,10.17835,-0.023942016,0.74639237,
772173443144899,3,10.187927,-0.011971008,0.7200562,
772173461485965,3,10.190321,-0.0023942017,0.75357497,
772173479918583,3,10.175357,-0.01616086,0.7428011,
772173503234011,3,10.169372,-0.024540568,0.74758947,
772173519225222,3,10.177752,-0.017956512,0.7433996,
772173539672000,3,10.195708,-0.012569559,0.7565677,
772173563292606,3,10.189124,-0.021547815,0.7356185,
772173579283816,3,10.180145,-0.011372458,0.7493851,
772173600005251,3,10.190321,0.014963761,0.75716627,
772173623351199,3,10.176555,-0.006584055,0.7445967,
772173641692264,3,10.180145,0.0017956513,0.7541735,
772173659911257,3,10.188525,0.0077811554,0.74399817,
772173683470827,3,10.176555,-0.022146367,0.7308301,
772173699431521,3,10.171766,-0.004189853,0.7284359,
772173720213993,3,10.17835,0.0035913025,0.7314286,
772173743498903,3,10.186729,-0.005985504,0.7577648,
772173759490114,3,10.18254,-0.026934769,0.76315176,
772173779875857,3,10.170568,-0.014963761,0.7266402,
772173803496463,3,10.146626,-0.008379706,0.7248446,
772173821837527,3,10.220847,0.0023942017,0.76195467,
772173839934450,3,10.216658,-0.019752163,0.74878657,
772173863585574,3,10.16578,-0.0077811554,0.74639237,
772173879576786,3,10.196306,0.0053869537,0.7577648,
772173900145632,3,10.170568,-0.0047884034,0.7308301,
772173923644167,3,10.15381,-0.029927522,0.7392098,
772173939635379,3,10.172963,-0.0023942017,0.7505822,
772173960417850,3,10.186729,-0.03172317,0.7422025,
772173983641726,3,10.197504,-0.027533319,0.74878657,
772174001982790,3,10.203489,-0.004189853,0.7380127,
772174020079715,3,10.160992,-0.024540568,0.7326257,
772174043761356,3,10.168773,-0.01436521,0.75118077,
772174059722048,3,10.176555,-0.002992752,0.7793127,
772174080168825,3,10.192716,-0.037110128,0.74399817,
772174103789431,3,10.168773,0.007182605,0.7326257,
772174119811161,3,10.17416,0.01316811,0.74399817,
772174140318972,3,10.169372,0.019752163,0.7422025,
772174163848024,3,10.19451,-0.01616086,0.736217,
772174182158572,3,10.192716,-0.0023942017,0.7248446,
772174200621708,3,10.167576,0.019752163,0.7350199,
772174223876101,3,10.187328,0.0053869537,0.7398083,
772174239928347,3,10.208278,-0.018555064,0.75357497,
772174260375125,3,10.163984,-0.002992752,0.7344214,
772174283995731,3,10.170568,-0.026934769,0.7410054,
772174299956423,3,10.19092,-0.022744916,0.736217,
772174320372683,3,10.180145,-5.985504E-4,0.7517793,
772174343993289,3,10.20289,-0.013766659,0.7314286,
772174362334354,3,10.175956,0.005985504,0.74998367,
772174380553347,3,10.169372,-0.022146367,0.7278373,
772174404082399,3,10.191518,-0.0047884034,0.7727286,
772174420073611,3,10.1939125,5.985504E-4,0.75836337,
772174440917118,3,10.189124,-0.022146367,0.7290344,
772174464110476,3,10.177153,-0.011971008,0.7284359,
772174480162722,3,10.192716,-0.008379706,0.7380127,
772174500517947,3,10.174759,-0.009576807,0.7224504,
772174524169071,3,10.196905,-0.006584055,0.75118077,
772174542479616,3,10.196905,-0.011971008,0.7433996,
772174560607058,3,10.19092,-0.017357962,0.7164649,
772174584258181,3,10.204087,-0.020949265,0.7398083,
772174600249393,3,10.1861315,-0.016759412,0.7433996,
772174620818240,3,10.20289,-0.01316811,0.7392098,
772174644316774,3,10.171167,-0.008978256,0.7338228,
772174660307986,3,10.189124,-0.0077811554,0.7218518,
772174681029423,3,10.207081,-0.017357962,0.7236475,
772174704344851,3,10.165182,-0.015562311,0.7266402,
772174722685915,3,10.173561,-0.038905777,0.748188,
772174740752322,3,10.195109,-0.034715924,0.7673417,
772174764403446,3,10.1939125,-0.021547815,0.7493851,
772174780425173,3,10.183737,-0.006584055,0.7350199,
772174800871950,3,10.183737,-0.02633622,0.7140707,
772174824462039,3,10.176555,-0.022744916,0.7218518,
772174840514286,3,10.229227,-0.011372458,0.7493851,
772174860991579,3,10.166978,-0.01436521,0.7116765,
772174884520632,3,10.156802,-0.0011971008,0.7248446,
772174902648074,3,10.20289,-0.02873042,0.7200562,
772174921355350,3,10.196905,-0.017357962,0.7433996,
772174944609743,3,10.171766,-0.022744916,0.741604,
772174960600954,3,10.220248,-0.024540568,0.75596917,
772174981047732,3,10.184336,-0.010175358,0.7410054,
772175004668338,3,10.207679,-0.025139118,0.7224504,
772175020659548,3,10.19092,-0.011971008,0.748188,
772175041106325,3,10.175956,-0.03232172,0.7625532,
772175064726931,3,10.166978,-0.022744916,0.74519527,
772175083037479,3,10.186729,-0.02633622,0.7314286,
772175101225954,3,10.166379,-0.011372458,0.736217,
772175124785524,3,10.189722,-0.02813187,0.7254431,
772175141081912,3,10.1939125,-0.01436521,0.7392098,
772175161559208,3,10.196306,-0.020350715,0.7715315,
772175184844118,3,10.177153,0.010175358,0.74998367,
772175200835329,3,10.179547,0.006584055,0.7493851,
772175221221072,3,10.18254,-5.985504E-4,0.7469909,
772175244872196,3,10.176555,-0.032920275,0.7445967,
772175263030154,3,10.1939125,-0.019752163,0.748188,
772175281279665,3,10.189722,-0.0017956513,0.75596917,
772175304961306,3,10.198102,-0.0053869537,0.7517793,
772175320952518,3,10.175956,-0.02873042,0.75716627,
772175341521365,3,10.172364,-0.026934769,0.7428011,
772175365019899,3,10.191518,-0.019752163,0.7374141,
772175381011111,3,10.196306,0.0023942017,0.7314286,
772175401732547,3,10.210671,-0.017956512,0.7469909,
772175425017457,3,10.185533,-0.022744916,0.76195467,
772175443358522,3,10.156203,-0.024540568,0.7553706,
772175461485965,3,10.192716,-0.024540568,0.7374141,
772175485106570,3,10.198102,-0.006584055,0.7380127,
772175501097780,3,10.1699705,-0.020949265,0.7248446,
772175521575075,3,10.198701,-0.037708677,0.7344214,
772175545226199,3,10.165182,-0.014963761,0.7493851,
772175561186892,3,10.190321,-0.008978256,0.7625532,
772175581694703,3,10.189722,-0.018555064,0.7469909,
772175605162722,3,10.203489,-0.011372458,0.741604,
772175623503787,3,10.184336,-0.007182605,0.7433996,
772175641966922,3,10.196905,-0.02873042,0.7356185,
772175665282350,3,10.172364,-0.010175358,0.7529764,
772175681273562,3,10.189722,-0.023343466,0.7326257,
772175701720340,3,10.196306,-0.020350715,0.7200562,
772175725340945,3,10.181343,-0.0011971008,0.7428011,
772175741332155,3,10.167576,-0.01316811,0.7721301,
772175761748415,3,10.179547,-0.038307227,0.7811083,
772175785369021,3,10.173561,-0.034715924,0.75716627,
772175803679568,3,10.184934,-0.010773907,0.7320272,
772175821929078,3,10.190321,5.985504E-4,0.7302315,
772175845488649,3,10.175956,-0.01436521,0.74998367,
772175861449344,3,10.183139,-0.0017956513,0.75836337,
772175882292849,3,10.1939125,0.0017956513,0.7541735,
772175905547242,3,10.189124,0.014963761,0.7469909,
772175921507937,3,10.192117,-0.0035913025,0.7392098,
772175941893680,3,10.177752,-0.018555064,0.75118077,
772175965575320,3,10.171167,-0.020949265,0.7577648,
772175983885865,3,10.19092,-0.026934769,0.741604,
772176001952273,3,10.186729,-0.005985504,0.74758947,
772176025633914,3,10.1621895,-0.017956512,0.7338228,
772176041625125,3,10.203489,-0.011971008,0.75956047,
772176062193971,3,10.198701,-0.002992752,0.7757214,
772176085692507,3,10.17835,-0.025139118,0.76075757,
772176101683719,3,10.197504,0.008978256,0.7505822,
772176122405154,3,10.187328,-0.007182605,0.7404069,
772176145690065,3,10.170568,-0.02932897,0.74639237,
772176163878542,3,10.184934,-0.025737667,0.74519527,
772176182158572,3,10.177153,-0.013766659,0.7314286,
772176205809696,3,10.195109,0.0047884034,0.74998367,
772176221800906,3,10.1861315,-0.0053869537,0.7398083,
772176242247683,3,10.192716,-0.018555064,0.7433996,
772176265868289,3,10.195708,-0.021547815,0.74639237,
772176281859500,3,10.172963,-0.0011971008,0.75237787,
772176302397828,3,10.198102,-0.022146367,0.74998367,
772176325865847,3,10.189722,-0.010773907,0.7374141,
772176344206912,3,10.19092,-0.002992752,0.76195467,
772176362670047,3,10.180145,-0.015562311,0.7469909,
772176385985475,3,10.201095,-0.018555064,0.7469909,
772176401976687,3,10.1939125,-0.013766659,0.7350199,
772176422423465,3,10.1621895,-0.0047884034,0.7422025,
772176446013552,3,10.178948,-0.018555064,0.7433996,
772176462065797,3,10.192117,-0.02633622,0.7649474,
772176482421023,3,10.177752,-0.010175358,0.7469909,
772176506072146,3,10.19092,-0.014963761,0.748188,
772176524413210,3,10.173561,-0.01436521,0.76554596,
772176542632203,3,10.198102,-0.026934769,0.74878657,
772176566191774,3,10.189124,-0.0011971008,0.76315176,
772176582152469,3,10.1861315,-0.02813187,0.729633,
772176602965457,3,10.213664,-0.008379706,0.74998367,
772176626219850,3,10.175357,-0.0017956513,0.7529764,
772176642211060,3,10.185533,-0.020949265,0.7200562,
772176662596803,3,10.192716,-0.033518825,0.724246,
772176686247926,3,10.144831,0.022744916,0.7422025,
772176704558474,3,10.21965,-0.01316811,0.7326257,
772176722655399,3,10.19092,-0.013766659,0.7272388,
772176746337038,3,10.177752,-0.014963761,0.75237787,
772176762328248,3,10.170568,-0.017357962,0.760159,
772176782897096,3,10.197504,0.0053869537,0.74399817,
772176806456667,3,10.180744,-0.031124622,0.7254431,
772176822386844,3,10.184336,-0.013766659,0.7398083,
772176843169314,3,10.192716,-0.010773907,0.75956047,
772176866423707,3,10.151415,0.004189853,0.75357497,
772176884551147,3,10.201095,-0.009576807,0.74878657,
772176902861695,3,10.218452,-0.015562311,0.736217,
772176926512819,3,10.15381,-0.015562311,0.7350199,
772176942504031,3,10.165182,0.010773907,0.74998367,
772176962950809,3,10.210073,-0.026934769,0.7553706,
772176986571413,3,10.175956,-0.009576807,0.7200562,
772177002562623,3,10.178948,-0.012569559,0.7386112,
772177023070436,3,10.183139,-0.016759412,0.76554596,
772177046568972,3,10.171766,-0.022744916,0.7637503,
772177064726931,3,10.201694,-0.023343466,0.74998367,
772177083342654,3,10.208278,-0.011372458,0.7224504,
772177106688600,3,10.171167,0.002992752,0.712275,
772177122679810,3,10.187328,0.0035913025,0.7398083,
772177143096070,3,10.1861315,0.008379706,0.7338228,
772177166777711,3,10.163386,-0.01616086,0.7314286,
772177182738406,3,10.192117,-0.022146367,0.7272388,
772177203154666,3,10.201694,-0.011971008,0.7278373,
772177226775270,3,10.155006,-0.0023942017,0.7356185,
772177244963746,3,10.184934,-0.025139118,0.7410054,
772177263365846,3,10.19092,-0.02813187,0.7589619,
772177286894899,3,10.202292,-0.025737667,0.75477207,
772177302886111,3,10.181343,0.006584055,0.7433996,
772177323668582,3,10.180145,-0.01316811,0.7404069,
772177346922975,3,10.178948,-0.018555064,0.7398083,
772177362914186,3,10.190321,-0.014963761,0.7368156,
772177383299929,3,10.187927,-0.02873042,0.7248446,
772177406920535,3,10.200497,-0.007182605,0.7374141,
772177425261599,3,10.185533,-0.01616086,0.7445967,
772177443358522,3,10.171167,-0.011372458,0.7422025,
772177467040162,3,10.168175,-0.016759412,0.7332243,
772177483031374,3,10.1861315,-0.026934769,0.7553706,
772177503569704,3,10.18254,-0.020350715,0.7350199,
772177527098758,3,10.149619,-0.008978256,0.7529764,
772177543059450,3,10.203489,-0.02932897,0.7326257,
772177563811402,3,10.1939125,-0.0017956513,0.7505822,
772177587096315,3,10.157401,-0.025737667,0.7278373,
772177605376345,3,10.204087,-0.023343466,0.7404069,
772177623564822,3,10.174759,0.005985504,0.7428011,
772177647246462,3,10.198102,-0.011971008,0.7278373,
772177663207155,3,10.1861315,-0.004189853,0.7260417,
772177683653932,3,10.162787,-0.013766659,0.741604,
772177707305055,3,10.186729,-0.019153614,0.770933,
772177723265750,3,10.179547,-0.019752163,0.76195467,
772177743804079,3,10.189124,-0.019752163,0.7404069,
772177767272096,3,10.193314,0.007182605,0.7433996,
772177785613160,3,10.173561,0.0017956513,0.7350199,
772177804137331,3,10.187328,-0.025139118,0.7404069,
772177827330691,3,10.203489,-0.0017956513,0.7404069,
772177843382938,3,10.171766,0.009576807,0.74758947,
772177863829714,3,10.172364,-0.021547815,0.7128736,
772177887419800,3,10.205883,-0.023942016,0.7541735,
772177903441530,3,10.152014,-0.002992752,0.7493851,
772177923857790,3,10.199299,-0.02932897,0.7553706,
772177947447879,3,10.201095,-0.012569559,0.75237787,
772177965788943,3,10.172963,-0.007182605,0.7218518,
772177984038453,3,10.195708,-0.01616086,0.7260417,
772178007567506,3,10.162787,-0.016759412,0.76554596,
772178023558718,3,10.165182,-0.03172317,0.75237787,
772178044341189,3,10.205883,-0.0017956513,0.7517793,
772178067626101,3,10.196905,-0.0035913025,0.7224504,
772178083617311,3,10.17835,0.013766659,0.7410054,
772178104003053,3,10.175956,-0.032920275,0.74998367,
772178127654176,3,10.184934,-0.017956512,0.7469909,
772178145781618,3,10.191518,-0.0047884034,0.7392098,
772178164061649,3,10.214862,-5.985504E-4,0.7404069,
772178187712770,3,10.168175,-0.010773907,0.7254431,
772178203765015,3,10.180744,-0.008379706,0.7445967,
772178224303346,3,10.200497,-0.02873042,0.7314286,
772178247801882,3,10.176555,-0.013766659,0.7457938,
772178263793094,3,10.208278,-0.01436521,0.741604,
772178284514529,3,10.195708,-0.016759412,0.76315176,
772178307799440,3,10.177752,-0.01436521,0.7254431,
772178326140504,3,10.19092,-0.0053869537,0.7374141,
772178344237429,3,10.181343,-0.026934769,0.7445967,
772178367888552,3,10.176555,0.0035913025,0.7368156,
772178383910281,3,10.208278,-0.018555064,0.7344214,
772178404357057,3,10.178948,-0.01316811,0.7194576,
772178427977662,3,10.184934,-0.0017956513,0.7422025,
772178443938356,3,10.172963,-0.02813187,0.7404069,
772178464476687,3,10.189722,-0.016759412,0.7284359,
772178487975223,3,10.180744,0.0011971008,0.7469909,
772178506194216,3,10.175357,-0.015562311,0.74639237,
772178524779420,3,10.171167,-0.005985504,0.7338228,
772178548064332,3,10.21965,-0.020949265,0.7410054,
772178564055544,3,10.175357,0.0023942017,0.7374141,
772178584502322,3,10.187927,-0.0077811554,0.74998367,
772178608122927,3,10.204087,0.0017956513,0.7320272,
772178624144655,3,10.188525,-0.017357962,0.7230489,
772178644530397,3,10.198102,-0.010175358,0.7170634,
772178668151003,3,10.159196,-0.011971008,0.748188,
772178686339480,3,10.197504,-0.018555064,0.7589619,
772178704680544,3,10.189124,-0.010773907,0.7787141,
772178728209596,3,10.184934,-0.0023942017,0.7356185,
772178744231324,3,10.184934,-0.009576807,0.7236475,
772178765044313,3,10.178948,0.0011971008,0.748188,
772178788329226,3,10.199299,-0.037110128,0.7356185,
772178804289920,3,10.21127,0.017357962,0.7398083,
772178824675661,3,10.180744,0.0011971008,0.7386112,
772178848235230,3,10.195708,-0.008978256,0.7218518,
772178866637330,3,10.170568,-0.017357962,0.75357497,
772178884734255,3,10.184336,-0.021547815,0.7344214,
772178908415897,3,10.197504,-0.025139118,0.7398083,
772178924407107,3,10.192117,-0.025737667,0.7170634,
772178944945436,3,10.177752,-0.008978256,0.7140707,
772178968443972,3,10.201095,-0.02633622,0.7260417,
772178984435183,3,10.189722,-0.022146367,0.74399817,
772179005187136,3,10.187328,-0.02633622,0.74998367,
772179028533083,3,10.174759,-0.035314474,0.7254431,
772179046630006,3,10.19451,0.0047884034,0.7392098,
772179064910035,3,10.187328,-0.019153614,0.729633,
772179088500124,3,10.186729,-0.027533319,0.7344214,
772179104582888,3,10.18254,-0.0035913025,0.74758947,
772179125029666,3,10.196905,-0.020350715,0.7254431,
772179148619753,3,10.180145,0.014963761,0.7422025,
772179164610963,3,10.181941,-0.018555064,0.7170634,
772179185149293,3,10.166978,-0.014963761,0.7254431,
772179208586795,3,10.17416,-0.020350715,0.7380127,
772179226988894,3,10.183737,-0.013766659,0.7290344,
772179248839480,3,10.184336,-0.02633622,0.7428011,
772179268736940,3,10.191518,-0.017357962,0.7236475,
772179284728151,3,10.159795,-0.010175358,0.7260417,
772179305174929,3,10.180145,-0.019752163,0.7356185,
772179328765018,3,10.189722,-0.01316811,0.7302315,
772179344786746,3,10.183737,-5.985504E-4,0.7356185,
772179365172486,3,10.181941,-0.034715924,0.7392098,
772179388854128,3,10.175956,-0.02873042,0.7206547,
772179407012086,3,10.189124,-0.002992752,0.7356185,
772179425414187,3,10.192117,-0.02932897,0.7314286,
772179448943240,3,10.184336,-0.017956512,0.74519527,
772179464934450,3,10.18254,-0.015562311,0.7224504,
772179485747437,3,10.189722,-0.033518825,0.7422025,
772179509001833,3,10.166379,-0.01436521,0.724246,
772179524993044,3,10.181941,-0.027533319,0.7152678,
772179545409305,3,10.209475,-0.024540568,0.7272388,
772179569029910,3,10.163386,-0.01436521,0.7493851,
772179587187867,3,10.192117,-0.004189853,0.7673417,
772179605467897,3,10.185533,-0.008379706,0.7326257,
772179629149539,3,10.176555,-0.010773907,0.7152678,
772179645110232,3,10.20289,-0.019752163,0.7224504,
772179665679079,3,10.175956,0.008379706,0.729633,
772179689208131,3,10.183139,-0.031124622,0.7763199,
772179705199342,3,10.201694,-0.02873042,0.7505822,
772179725981813,3,10.179547,-0.019153614,0.7721301,
772179749236209,3,10.176555,-0.008978256,0.7314286,
772179767516238,3,10.17416,-0.026934769,0.712275,
772179785643679,3,10.208876,-0.019153614,0.7302315,
772179809233766,3,10.160394,-0.029927522,0.7433996,
772179825316530,3,10.21127,-0.0053869537,0.7236475,
772179845702273,3,10.160992,-0.0035913025,0.7230489,
772179869322880,3,10.204686,-0.009576807,0.7493851,
772179885314090,3,10.164583,-0.007182605,0.7404069,
772179905821901,3,10.17416,-0.02633622,0.7422025,
772179929350954,3,10.207081,-0.019153614,0.7529764,
772179947661501,3,10.166978,-0.020350715,0.7266402,
772179966124636,3,10.201694,-0.023343466,0.7302315,
772179989409548,3,10.192117,-0.029927522,0.7565677,
772180005431276,3,10.148422,-0.017956512,0.7505822,
772180025878053,3,10.184934,-0.03232172,0.75118077,
772180049498660,3,10.181941,0.011971008,0.7517793,
772180065520388,3,10.172963,0.0053869537,0.7380127,
772180085906131,3,10.191518,-0.034715924,0.74519527,
772180109496217,3,10.179547,-0.005985504,0.7308301,
772180127654175,3,10.184934,-0.020350715,0.7613561,
772180146086793,3,10.204087,-0.020350715,0.75716627,
772180169585330,3,10.168773,0.011971008,0.7380127,
772180185607059,3,10.1861315,-0.020949265,0.7404069,
772180206389529,3,10.203489,-0.017956512,0.736217,
772180229643922,3,10.158598,-0.039504327,0.7428011,
772180245665651,3,10.188525,-0.037110128,0.7368156,
772180266051393,3,10.181343,5.985504E-4,0.76195467,
772180289702518,3,10.177752,-0.019752163,0.7272388,
772180308013064,3,10.196306,-0.016759412,0.7314286,
772180326109986,3,10.176555,-0.016759412,0.736217,
772180350829225,3,10.17416,-0.02633622,0.74998367,
772180365782839,3,10.177153,-0.022744916,0.7553706,
772180386351687,3,10.188525,-0.013766659,0.7368156,
772180409850223,3,10.181941,-0.010773907,0.7386112,
772180425841433,3,10.188525,-0.0023942017,0.7469909,
772180446562867,3,10.21127,-0.016759412,0.75357497,
772180469878298,3,10.13286,-0.029927522,0.7386112,
772180488188845,3,10.197504,-0.008379706,0.7691373,
772180506285769,3,10.207679,-0.011971008,0.7314286,
772180529936892,3,10.149021,-0.017956512,0.7236475,
772180545928102,3,10.205883,-0.02873042,0.7469909,
772180566374879,3,10.17835,-0.0035913025,0.76554596,
772180589995486,3,10.169372,-0.029927522,0.7140707,
772180605986697,3,10.204686,-0.01436521,0.7086837,
772180626525027,3,10.184336,0.008379706,0.74399817,
772180650054078,3,10.159196,-0.020949265,0.75956047,
772180668364626,3,10.181343,-0.023942016,0.75596917,
772180686858278,3,10.189722,-0.022146367,0.724246,
772180710143192,3,10.184934,-0.008978256,0.7164649,
772180726134403,3,10.17416,-0.03172317,0.7230489,
772180746550661,3,10.187328,-0.031124622,0.7278373,
772180770171266,3,10.195109,0.0047884034,0.7356185,
772180786162477,3,10.177153,-0.0011971008,0.7398083,
772180806578737,3,10.193314,-0.022146367,0.7314286,
772180830199344,3,10.168175,-0.0047884034,0.75596917,
772180848357302,3,10.181343,-0.019153614,0.741604,
772180866759401,3,10.197504,-0.020350715,0.741604,
772180890288454,3,10.184336,-0.007182605,0.7290344,
772180906279665,3,10.195708,-0.014963761,0.7368156,
772180927062136,3,10.17835,0.0023942017,0.7577648,
772180950377566,3,10.190321,-0.010773907,0.75118077,
772180966338258,3,10.17835,-0.02633622,0.7445967,
772180986754517,3,10.171766,-0.017357962,0.7320272,
772181010375124,3,10.166978,-0.016759412,0.7044938,
772181028685672,3,10.176555,-0.022146367,0.7368156,
772181046813113,3,10.187927,-0.022744916,0.7428011,
772181070464235,3,10.190321,-0.02873042,0.7254431,
772181090209108,3,10.193314,-0.023942016,0.7170634,
772181107054811,3,10.1861315,-0.007182605,0.7392098,
772181130522830,3,10.181941,-0.03232172,0.7356185,
772181146514041,3,10.187927,-0.023942016,0.75836337,
772181167265994,3,10.172364,-0.008978256,0.7212533,
772181190520387,3,10.19092,-0.02873042,0.74998367,
772181208678347,3,10.181941,-0.02813187,0.7386112,
772181226958376,3,10.17835,-0.0035913025,0.7457938,
772181250640018,3,10.18254,0.010175358,0.736217,
772181266631228,3,10.173561,-0.01616086,0.7272388,
772181287108522,3,10.19451,-0.017357962,0.7236475,
772181310698610,3,10.173561,-0.014963761,0.7302315,
772181326689821,3,10.172364,-0.018555064,0.7338228,
772181347197634,3,10.170568,-0.03232172,0.7272388,
772181370726687,3,10.195109,-0.009576807,0.7206547,
772181389037233,3,10.165182,-0.015562311,0.736217,
772181407500367,3,10.183737,-0.006584055,0.7284359,
772181430815798,3,10.198102,-0.012569559,0.7404069,
772181446807009,3,10.167576,-0.0017956513,0.7493851,
772181467253787,3,10.179547,0.0011971008,0.7398083,
772181490935427,3,10.168175,-0.0053869537,0.7404069,
772181506865602,3,10.191518,-0.019752163,0.7020996,
772181527251344,3,10.187328,-0.0053869537,0.7433996,
772181555083376,3,10.183139,-0.034715924,0.7541735,
772181569029911,3,10.1861315,-0.023343466,0.74519527,
772181587432009,3,10.198102,-0.025737667,0.74399817,
772181610991578,3,10.193314,-0.01436521,0.7230489,
772181626982789,3,10.169372,-0.02873042,0.7146692,
772181647795778,3,10.15381,-0.009576807,0.7200562,
772181671050174,3,10.214862,-0.013766659,0.7404069,
772181687041385,3,10.188525,-0.017956512,0.7344214,
772181707457643,3,10.171167,-0.025139118,0.7182605,
772181731108766,3,10.198701,0.01436521,0.7356185,
772181749266726,3,10.177153,-0.022744916,0.7254431,
772181767516237,3,10.1699705,-0.007182605,0.7493851,
772181791167362,3,10.202292,-0.012569559,0.7428011,
772181807189090,3,10.180145,-0.033518825,0.724246,
772181827757936,3,10.173561,-0.022146367,0.7248446,
772181851286989,3,10.208876,-0.012569559,0.736217,
772181867217165,3,10.176555,-0.012569559,0.7457938,
772181887938601,3,10.19451,-0.033518825,0.7505822,
772181911223513,3,10.204087,-0.03172317,0.7320272,
772181929564576,3,10.17835,-0.007182605,0.7272388,
772181947661500,3,10.173561,-0.01616086,0.7272388,
772181971312624,3,10.184934,-0.008978256,0.7356185,
772181987334353,3,10.202292,-0.035314474,0.736217,
772182007781131,3,10.17416,-0.025139118,0.7290344,
772182031371217,3,10.173561,-0.017357962,0.7326257,
772182047362427,3,10.21546,-0.006584055,0.7290344,
772182067900758,3,10.177153,-0.01316811,0.7320272,
772182091399295,3,10.186729,-0.024540568,0.74399817,
772182109557255,3,10.179547,0.0011971008,0.7445967,
772182128172976,3,10.177153,0.008978256,0.7398083,
772182151457887,3,10.198102,-0.02873042,0.7230489,
772182167479615,3,10.181343,-0.01316811,0.7248446,
772182187926393,3,10.17416,0.009576807,0.7254431,
772182211577518,3,10.19451,0.0011971008,0.7368156,
772182227568728,3,10.1939125,0.005985504,0.7386112,
772182247923951,3,10.198102,-0.02873042,0.74639237,
772182276335817,3,10.1699705,-0.030526072,0.7194576,
772182289733035,3,10.192716,-0.038307227,0.7194576,
772182308135134,3,10.171167,-0.024540568,0.7320272,
772182331664187,3,10.205285,-0.032920275,0.7314286,
772182347685915,3,10.183139,-0.031124622,0.7284359,
772182368468386,3,10.186729,-0.02633622,0.7445967,
772182391722781,3,10.190321,-0.0035913025,0.74519527,
772182407744510,3,10.163386,-0.010773907,0.7254431,
772182428130251,3,10.213066,-0.022744916,0.7009025,
772182451720339,3,10.190321,-0.017956512,0.694917,
772182470061405,3,10.171766,-0.022146367,0.7164649,
772182488188846,3,10.207081,-0.02932897,0.7445967,
772182511809450,3,10.188525,-0.032920275,0.7505822,
772182527831178,3,10.189722,-0.008978256,0.7445967,
772182548400028,3,10.207679,-0.016759412,0.7254431,
772182571868045,3,10.166978,-0.035913024,0.7302315,
772182587889772,3,10.177752,-0.038905777,0.7272388,
772182608672244,3,10.175956,-0.0035913025,0.74639237,
772182631926639,3,10.183737,-0.015562311,0.7410054,
772182650084598,3,10.1621895,-0.014963761,0.7134721,
772182668364626,3,10.201095,0.0035913025,0.7374141,
772182692046267,3,10.175956,0.012569559,0.736217,
772182708037478,3,10.169372,-0.030526072,0.7260417,
772182728453738,3,10.193314,-0.036511578,0.7140707,
772182752074342,3,10.195708,-0.009576807,0.7170634,
772182768065553,3,10.185533,-0.032920275,0.7350199,
772182788573368,3,10.204686,-0.027533319,0.74878657,
772182812102420,3,10.172963,-0.021547815,0.7445967,
772182830443483,3,10.195109,-0.02813187,0.7398083,
772182848876101,3,10.168175,-0.006584055,0.7128736,
772182872191531,3,10.161591,-0.027533319,0.7404069,
772182888182742,3,10.1939125,-0.024540568,0.7218518,
772182908629518,3,10.18254,-0.012569559,0.729633,
772182932219607,3,10.183139,0.016759412,0.7529764,
772182948302371,3,10.177153,-0.010773907,0.7428011,
772182968657596,3,10.1939125,-0.011372458,0.7398083,
772182992247682,3,10.180744,-0.03232172,0.7248446,
772183010436160,3,10.19092,-0.014963761,0.7338228,
772183028838260,3,10.195708,-0.035913024,0.7517793,
772183052367312,3,10.166978,-0.015562311,0.724246,
772183068358522,3,10.188525,-0.035913024,0.7380127,
772183089140994,3,10.173561,-0.024540568,0.7068881,
772183112425906,3,10.183737,-0.02633622,0.7152678,
772183128417117,3,10.192117,-0.007182605,0.7404069,
772183148802858,3,10.195109,-0.02873042,0.7110779,
772183172453982,3,10.171167,-0.025139118,0.7320272,
772183190764530,3,10.183139,-5.985504E-4,0.7422025,
772183208891971,3,10.197504,-0.023942016,0.7386112,
772183232512575,3,10.171766,-0.035913024,0.7080852,
772183248534304,3,10.199898,-0.02932897,0.7332243,
772183269103153,3,10.178948,-0.025737667,0.7254431,
772183292571170,3,10.186729,-0.025737667,0.736217,
772183308592897,3,10.205285,-0.0053869537,0.7445967,
772183329314334,3,10.196905,-0.0053869537,0.7332243,
772183352019412,3,10.171766,-0.031124622,0.7284359,
772183370940311,3,10.191518,0.0035913025,0.7386112,
772183389037233,3,10.201095,-0.01616086,0.7164649,
772183412657839,3,10.219051,-0.0077811554,0.7284359,
772183428710086,3,10.159196,-0.021547815,0.760159,
772183449156863,3,10.180744,-0.02813187,0.7589619,
772183472716432,3,10.187927,-0.03172317,0.76075757,
772183488768679,3,10.199898,-0.010773907,0.7428011,
772183509276493,3,10.171167,-0.011971008,0.7272388,
772183532775027,3,10.170568,-0.012569559,0.724246,
772183550932985,3,10.185533,-0.019153614,0.7433996,
772183569609744,3,10.200497,-0.005985504,0.736217,
772183592864139,3,10.175357,-0.013766659,0.7386112,
772183608885867,3,10.18254,-0.0017956513,0.74399817,
772183629332643,3,10.195109,-0.024540568,0.736217,
772183652861697,3,10.177752,-0.010773907,0.7302315,
772183668913944,3,10.201095,-0.029927522,0.7541735,
772183689330203,3,10.195708,-0.018555064,0.7254431,
772183712950807,3,10.177752,-0.010773907,0.7110779,
772183731108767,3,10.196905,-0.032920275,0.748188,
772183749541385,3,10.192716,-0.029927522,0.7469909,
772183773039920,3,10.180145,-0.026934769,0.7469909,
772183789061647,3,10.172963,-0.017956512,0.7182605,
772183809844119,3,10.193314,-0.019752163,0.7194576,
772183833098514,3,10.169372,-0.022744916,0.7320272,
772183849120242,3,10.18254,-0.020949265,0.7290344,
772183869475466,3,10.179547,-0.023343466,0.736217,
772183893126589,3,10.190321,-0.02633622,0.7392098,
772183911284549,3,10.188525,-5.985504E-4,0.7260417,
772183929564578,3,10.180744,-0.005985504,0.7212533,
772183953215700,3,10.183737,-0.030526072,0.7428011,
772183969206912,3,10.180145,-0.017357962,0.7332243,
772183989806278,3,10.199299,-0.02873042,0.75836337,
772184013304812,3,10.1699705,-0.018555064,0.7493851,
772184029296022,3,10.195708,-0.017357962,0.7398083,
772184050017459,3,10.177153,-0.01316811,0.7398083,
772184073302371,3,10.214263,-0.032920275,0.7284359,
772184091460330,3,10.17835,-0.02932897,0.7338228,
772184109740358,3,10.187927,-0.012569559,0.74998367,
772184133360964,3,10.191518,-0.03232172,0.7266402,
772184149413211,3,10.168175,-0.023942016,0.729633,
772184169859988,3,10.184336,-0.027533319,0.7236475,
772184193450075,3,10.181941,-0.019153614,0.7410054,
772184209471804,3,10.188525,-0.02813187,0.7697359,
772184229979618,3,10.203489,-0.038905777,0.7266402,
772184253478152,3,10.176555,-0.017956512,0.7368156,
772184271636110,3,10.183139,-0.034117375,0.7410054,
772184290251834,3,10.181941,-0.020350715,0.7433996,
772184313567264,3,10.164583,-0.009576807,0.7200562,
772184329558475,3,10.191518,-0.02873042,0.7290344,
772184350005251,3,10.195708,-0.030526072,0.7104794,
772184373625857,3,10.170568,-0.01436521,0.7278373,
772184389617069,3,10.186729,-0.020949265,0.770933,
772184410002811,3,10.162787,-0.037708677,0.760159,
772184433623415,3,10.200497,-0.0035913025,0.760159,
772184451964480,3,10.197504,-0.012569559,0.7230489,
772184470213993,3,10.176555,-0.010175358,0.7266402,
772184493712527,3,10.171766,0.008379706,0.7368156,
772184509734255,3,10.1939125,-0.017956512,0.7278373,
772184530577761,3,10.173561,-0.009576807,0.729633,
772184553771121,3,10.1939125,-0.026934769,0.736217,
772184569792850,3,10.172364,-0.008379706,0.7410054,
772184590178591,3,10.179547,-0.015562311,0.7398083,
772184613799197,3,10.206482,-0.008978256,0.7553706,
772184632140262,3,10.187328,-0.01316811,0.7428011,
772184650267703,3,10.198102,-0.008978256,0.7386112,
772184673918825,3,10.184934,-0.005985504,0.7667431,
772184689910037,3,10.155006,-0.0017956513,0.7254431,
772184710478885,3,10.187328,-0.0023942017,0.7368156,
772184733946902,3,10.204686,-0.013766659,0.7278373,
772184749968630,3,10.163984,-0.017357962,0.7092823,
772184770720584,3,10.18254,-0.006584055,0.736217,
772184794005496,3,10.180145,-0.011372458,0.7404069,
772184812163455,3,10.18254,-0.020949265,0.7320272,
772184830443483,3,10.19092,-0.020949265,0.7332243,
772184854094607,3,10.171766,-0.01436521,0.7146692,
772184870085819,3,10.178948,-0.0023942017,0.7194576,
772184890532596,3,10.197504,-0.023942016,0.736217,
772184914153200,3,10.171766,-0.04070143,0.7236475,
772184930205447,3,10.195109,0.007182605,0.75956047,
772184950652225,3,10.198701,-0.03172317,0.7200562,
772184974181277,3,10.204686,-0.022146367,0.7314286,
772184992308718,3,10.166379,-0.020949265,0.7308301,
772185010924441,3,10.189722,-0.01316811,0.7248446,
772185034270389,3,10.181941,-0.012569559,0.7236475,
772185050261600,3,10.189124,-0.02932897,0.7272388,
772185070708376,3,10.19451,-0.034715924,0.7182605,
772185094328982,3,10.183139,-0.015562311,0.7332243,
772185110320194,3,10.179547,-0.038307227,0.7326257,
772185130705936,3,10.218452,-0.021547815,0.7104794,
772185154357057,3,10.156203,-0.027533319,0.7140707,
772185172667605,3,10.187927,0.007182605,0.7272388,
772185190886600,3,10.158598,-0.03172317,0.7254431,
772185214415652,3,10.208278,-0.027533319,0.7134721,
772185230406862,3,10.189722,-0.025139118,0.724246,
772185251219851,3,10.152613,-0.019153614,0.7314286,
772185274474246,3,10.17416,-0.029927522,0.75477207,
772185290465457,3,10.183737,-0.023942016,0.7278373,
772185310851198,3,10.177752,-0.02633622,0.7200562,
772185334471804,3,10.180744,-0.020949265,0.7194576,
772185352660282,3,10.18254,-0.011372458,0.7374141,
772185370940311,3,10.204087,-0.025139118,0.7338228,
772185394591432,3,10.186729,-0.0035913025,0.736217,
772185410582644,3,10.169372,-0.014963761,0.7128736,
772185431151493,3,10.184336,-0.020949265,0.7200562,
772185454650027,3,10.187927,-0.013766659,0.7266402,
772185470671755,3,10.158598,-0.022744916,0.7266402,
772185491423709,3,10.192716,-0.019153614,0.7356185,
772185514647586,3,10.191518,-0.034117375,0.7230489,
772185532836063,3,10.167576,-0.023343466,0.7194576,
772185551116091,3,10.201095,-0.020350715,0.7188591,
772185574767214,3,10.196306,-0.015562311,0.74878657,
772185590788944,3,10.175357,-0.017956512,0.75956047,
772185611205202,3,10.228029,-0.03232172,0.7290344,
772185634825807,3,10.151415,0.0053869537,0.7170634,
772185650817019,3,10.155006,-0.017956512,0.7092823,
772185671324832,3,10.201694,-0.044292733,0.74758947,
772185694853884,3,10.17416,-0.037708677,0.717662,
772185713194948,3,10.1861315,-0.027533319,0.7086837,
772185731627566,3,10.204686,-0.020949265,0.7236475,
772185754942996,3,10.183737,-0.04369418,0.7140707,
772185770964724,3,10.17835,-0.035913024,0.7212533,
772185791380983,3,10.204087,-0.034117375,0.7128736,
772185815001589,3,10.201694,-0.012569559,0.7374141,
772185830992801,3,10.199898,-0.025139118,0.7254431,
772185851378542,3,10.179547,-0.029927522,0.7218518,
772185875029665,3,10.186729,-0.025139118,0.7469909,
772185893340212,3,10.184934,-0.015562311,0.7350199,
772185911589725,3,10.177153,-0.019153614,0.7104794,
772185935118776,3,10.199898,-0.03172317,0.736217,
772185951109987,3,10.181343,-0.015562311,0.7422025,
772185971922976,3,10.176555,-0.026934769,0.7188591,
772185995177371,3,10.178948,-0.038307227,0.7206547,
772186011199099,3,10.199898,-0.031124622,0.7290344,
772186031584841,3,10.191518,-0.037708677,0.7302315,
772186055235964,3,10.199898,-0.011971008,0.74998367,
772186073546512,3,10.16578,-0.022744916,0.74519527,
772186091673952,3,10.172963,-0.011372458,0.705691,
772186115355592,3,10.20289,-0.015562311,0.7086837,
772186131316287,3,10.178948,-0.0047884034,0.7188591,
772186151885135,3,10.172364,-0.037708677,0.7428011,
772186175383669,3,10.17416,-0.025737667,0.7565677,
772186191344362,3,10.206482,-0.033518825,0.7332243,
772186212096316,3,10.207081,-0.007182605,0.717662,
772186235381229,3,10.163984,-0.02813187,0.7218518,
772186253691774,3,10.170568,-0.018555064,0.7116765,
772186271819216,3,10.220847,-0.03232172,0.7332243,
772186295470339,3,10.199299,-0.027533319,0.7457938,
772186311492069,3,10.172364,0.004189853,0.7182605,
772186331908327,3,10.18254,-0.015562311,0.7266402,
772186355528932,3,10.1939125,-0.010773907,0.7332243,
772186371520144,3,10.146626,-0.02633622,0.7457938,
772186392058475,3,10.213664,-0.040102877,0.7116765,
772186415587526,3,10.160992,-0.011971008,0.7278373,
772186433745485,3,10.168175,-0.016759412,0.7026982,
772186452391726,3,10.196905,-0.01616086,0.74878657,
772186475676639,3,10.167576,-0.016759412,0.7505822,
772186491637331,3,10.187927,-0.032920275,0.760159,
772186512084108,3,10.198102,-0.019153614,0.7272388,
772186535704714,3,10.165182,-0.022146367,0.7158663,
772186551695926,3,10.19092,-0.006584055,0.7433996,
772186572081667,3,10.184934,-0.035913024,0.7308301,
772186595702272,3,10.1939125,-0.015562311,0.75357497,
772186614043337,3,10.171766,-0.023942016,0.7158663,
772186632292850,3,10.177153,-0.024540568,0.7469909,
772186655821901,3,10.191518,-0.030526072,0.7230489,
772186671813112,3,10.172364,-0.010773907,0.7260417,
772186692595584,3,10.177153,-0.010175358,0.7445967,
772186715819461,3,10.203489,-0.02813187,0.7386112,
772186731871706,3,10.187927,-0.008978256,0.7392098,
772186752257448,3,10.1861315,-0.037708677,0.7158663,
772186775878054,3,10.178948,-0.02873042,0.74399817,
772186794066532,3,10.19092,-0.024540568,0.7344214,
772186812316042,3,10.178948,-0.011971008,0.7170634,
772186836028199,3,10.177752,-0.008379706,0.7200562,
772186851988893,3,10.192117,-0.021547815,0.7302315,
772186872588259,3,10.170568,-0.022146367,0.7272388,
772186896086795,3,10.183139,-0.017956512,0.74998367,
772186912078005,3,10.197504,-0.008978256,0.7350199,
772186932799439,3,10.15381,-0.01436521,0.7218518,
772186956084352,3,10.207679,-0.021547815,0.74399817,
772186974455935,3,10.196306,-0.031124622,0.7284359,
772186992522342,3,10.179547,-0.027533319,0.7469909,
772187016203982,3,10.172963,-0.025139118,0.717662,
772187032195192,3,10.189722,-0.018555064,0.7116765,
772187052641968,3,10.186729,-0.025139118,0.7032967,
772187076262574,3,10.167576,-0.037708677,0.7314286,
772187092223268,3,10.19092,-0.036511578,0.76075757,
772187112731081,3,10.198701,-0.030526072,0.7493851,
772187136229617,3,10.189124,-0.020350715,0.7428011,
772187154601198,3,10.20289,-0.020949265,0.7278373,
772187173033814,3,10.176555,-0.023942016,0.736217,
772187196349244,3,10.169372,-0.018555064,0.724246,
772187212370974,3,10.199299,-0.025737667,0.76195467,
772187232787234,3,10.197504,0.014963761,0.74758947,
772187256468874,3,10.175357,-0.027533319,0.7248446,
772187272429567,3,10.200497,-0.009576807,0.74519527,
772187292815308,3,10.1621895,0.011971008,0.7398083,
772187316435914,3,10.175956,-0.030526072,0.7344214,
772187334776979,3,10.199898,-0.037110128,0.7368156,
772187352995974,3,10.207679,-0.018555064,0.70509243,
772187376555545,3,10.1939125,-0.023942016,0.7368156,
772187392546755,3,10.19451,-0.032920275,0.75118077,
772187413481812,3,10.177752,-0.017357962,0.7457938,
772187436583619,3,10.197504,-0.020949265,0.7368156,
772187452574831,3,10.181343,-0.006584055,0.7344214,
772187472960574,3,10.1861315,-0.027533319,0.7182605,
772187496581179,3,10.183737,-0.024540568,0.7493851,
772187514769655,3,10.184336,-0.025139118,0.7565677,
772187533049684,3,10.193314,-0.017956512,0.7326257,
772187556700807,3,10.180744,-0.02633622,0.7284359,
772187572722537,3,10.179547,-0.007182605,0.74639237,
772187593291384,3,10.189722,-0.022146367,0.7404069,
772187616728883,3,10.187927,-0.008379706,0.76195467,
772187632781129,3,10.171766,-0.005985504,0.7404069,
772187653502565,3,10.195708,5.985504E-4,0.7356185,
772187676817995,3,10.186729,-0.032920275,0.7290344,
772187695128543,3,10.183139,-0.02873042,0.7248446,
772187713225466,3,10.196306,-0.024540568,0.7368156,
772187736907105,3,10.192117,-0.039504327,0.7218518,
772187752867799,3,10.191518,-0.021547815,0.7248446,
772187773314577,3,10.19092,-0.022744916,0.7326257,
772187796935183,3,10.198102,-0.02932897,0.7493851,
772187812926394,3,10.167576,-0.02873042,0.729633,
772187833495241,3,10.18254,-0.014963761,0.7338228,
772187856963258,3,10.19451,-0.025139118,0.736217,
772187875304323,3,10.17416,-0.03232172,0.7344214,
772187893736941,3,10.189722,-0.033518825,0.7350199,
772187917021853,3,10.199299,-0.022744916,0.7380127,
772187933043580,3,10.160992,0.0017956513,0.7236475,
772187953490357,3,10.177752,-0.021547815,0.7009025,
772187977141481,3,10.188525,-0.006584055,0.7433996,
772187993102175,3,10.196905,-0.03232172,0.7104794,
772188013487918,3,10.204686,-0.02633622,0.7278373,
772188037108522,3,10.172963,-0.009576807,0.74399817,
772188055449585,3,10.174759,-0.033518825,0.7505822,
772188073668580,3,10.192117,-0.023343466,0.7589619,
772188097228151,3,10.199299,-0.0047884034,0.7212533,
772188113219363,3,10.181343,-0.014963761,0.7080852,
772188134032351,3,10.152613,-0.018555064,0.741604,
772188157256227,3,10.198102,-0.015562311,0.7350199,
772188173277955,3,10.196905,-0.01436521,0.7218518,
772188193694216,3,10.176555,-0.0035913025,0.7290344,
772188217284304,3,10.166379,-0.01436521,0.7302315,
772188235625368,3,10.170568,-0.02633622,0.7410054,
772188253722291,3,10.217256,-0.019752163,0.7368156,
772188277403931,3,10.197504,-0.020949265,0.7422025,
772188293364626,3,10.198701,-0.009576807,0.7404069,
772188313963992,3,10.198701,-0.0035913025,0.7493851,
772188337798220,3,10.187927,-0.037708677,0.760159,
772188353423221,3,10.1861315,-0.02633622,0.7410054,
772188374205690,3,10.185533,-0.0011971008,0.7565677,
772188397460084,3,10.164583,-0.023343466,0.7212533,
772188415801149,3,10.183737,-0.018555064,0.7248446,
772188433898074,3,10.185533,-0.010773907,0.7248446,
772188457518678,3,10.178948,-0.025139118,0.7326257,
772188473570924,3,10.181343,-0.017357962,0.7290344,
772188494017702,3,10.178948,-0.010175358,0.7272388,
772188517607791,3,10.179547,-0.034715924,0.7236475,
772188533629518,3,10.186729,-0.034715924,0.7326257,
772188554137330,3,10.19092,-0.010773907,0.7344214,
772188577635866,3,10.174759,-0.012569559,0.7260417,
772188595976931,3,10.176555,-0.024540568,0.7284359,
772188614440065,3,10.186729,-0.027533319,0.74519527,
772188637724977,3,10.196306,5.985504E-4,0.7505822,
772188653716189,3,10.186729,-0.0047884034,0.7278373,
772188674162967,3,10.191518,-0.011372458,0.7314286,
772188697783571,3,10.190321,-0.023343466,0.7260417,
772188713774782,3,10.1621895,-0.033518825,0.7505822,
772188734191042,3,10.207679,-0.014963761,0.7212533,
772188757811648,3,10.192117,-0.01316811,0.7266402,
772188776152711,3,10.184336,-0.013766659,0.7194576,
772188794402223,3,10.20289,-0.02813187,0.7350199,
772188817931276,3,10.173561,-0.026934769,0.74399817,
772188833983523,3,10.1861315,-0.02873042,0.75237787,
772188854704958,3,10.166978,-0.019153614,0.7158663,
772188877959352,3,10.189124,-0.011971008,0.7044938,
772188893950564,3,10.19451,-0.012569559,0.7110779,
772188914336307,3,10.165182,-0.008379706,0.741604,
772188937987428,3,10.18254,-0.035913024,0.741604,
772188956145387,3,10.186729,-0.03172317,0.7577648,
772188974425417,3,10.1939125,-0.032920275,0.7428011,
772188998107058,3,10.188525,0.0017956513,0.7164649,
772189014098268,3,10.156802,-0.036511578,0.7086837,
772189034667116,3,10.183139,-0.024540568,0.7254431,
772189058165651,3,10.19092,-0.012569559,0.7392098,
772189074156863,3,10.193314,-0.006584055,0.7356185,
772189094847780,3,10.180145,-0.01616086,0.7236475,
772189118132692,3,10.172364,0.0017956513,0.74878657,
772189136473757,3,10.173561,-0.01316811,0.717662,
772189154601199,3,10.205285,-0.0017956513,0.74878657,
772189178313356,3,10.193314,-0.040102877,0.7422025,
772189194274049,3,10.175956,-0.019752163,0.7110779,
772189214720827,3,10.191518,-0.012569559,0.7320272,
772189238402468,3,10.197504,-0.036511578,0.74998367,
772189254363161,3,10.156802,-0.020350715,0.7541735,
772189274870973,3,10.197504,-0.02932897,0.7398083,
772189298491580,3,10.192716,-0.011372458,0.7338228,
772189316557986,3,10.170568,-0.032920275,0.7254431,
772189335234743,3,10.178948,-0.013766659,0.7128736,
772189358428103,3,10.187927,-0.018555064,0.7392098,
772189374419314,3,10.181343,-0.009576807,0.74519527,
772189394866092,3,10.185533,-0.013766659,0.7158663,
772189418425661,3,10.180744,-0.023343466,0.7044938,
772189434477907,3,10.172963,-0.022744916,0.7541735,
772189454894167,3,10.186729,-0.021547815,0.7266402,
772189478545291,3,10.185533,-0.031124622,0.7200562,
772189496916872,3,10.193314,-0.033518825,0.7188591,
772189515135866,3,10.185533,-0.038307227,0.7224504,
772189538664920,3,10.189124,-0.017956512,0.7272388,
772189554656131,3,10.16578,-0.018555064,0.7206547,
772189580565553,3,10.191518,-0.029927522,0.7344214,
772189598662478,3,10.190321,-0.002992752,0.7248446,
772189614653689,3,10.157999,-0.03232172,0.7422025,
772189635069949,3,10.198701,-0.027533319,0.7380127,
772189658690553,3,10.162787,-0.025737667,0.7314286,
772189677031617,3,10.180744,-0.025737667,0.7433996,
772189695128542,3,10.192117,-0.026934769,0.741604,
772189718779666,3,10.157401,-0.026934769,0.7380127,
772189734801393,3,10.184934,-0.04309563,0.7457938,
772189755339723,3,10.208876,-0.032920275,0.7457938,
772189778838260,3,10.181343,-0.015562311,0.75357497,
772189794859988,3,10.147824,-0.037708677,0.7374141,
772189815550905,3,10.192117,-0.02813187,0.7164649,
772189838835818,3,10.195109,-0.019153614,0.7272388,
772189857176882,3,10.168773,-0.008978256,0.75237787,
772189875273807,3,10.171167,-0.03232172,0.736217,
772189898955446,3,10.176555,-0.008978256,0.7745243,
772189914946657,3,10.172963,-0.044891283,0.7517793,
772189935393435,3,10.20289,-0.032920275,0.7422025,
772189958983523,3,10.163984,-0.016759412,0.7128736,
772189975005251,3,10.17835,-0.006584055,0.75357497,
772189995513063,3,10.207081,-0.011971008,0.74639237,
772190019011600,3,10.19092,-0.017956512,0.7302315,
772190037352664,3,10.181941,-0.010175358,0.7392098,
772190055815797,3,10.187927,-0.006584055,0.74998367,
772190079131228,3,10.158598,-0.014963761,0.7272388,
772190095122439,3,10.183737,-0.025139118,0.74399817,
772190115538699,3,10.18254,-0.025737667,0.75237787,
772190139128786,3,10.179547,-0.017357962,0.7350199,
772190155150514,3,10.205285,-0.021547815,0.7254431,
772190175566775,3,10.175956,-0.0017956513,0.7469909,
772190199217898,3,10.187927,-0.0077811554,0.7637503,
772190217528444,3,10.210073,-0.006584055,0.75477207,
772190235747438,3,10.181941,-0.01436521,0.74998367,
772190259307010,3,10.199898,-0.022146367,0.74758947,
772190275298221,3,10.177752,-0.016759412,0.7422025,
772190296111208,3,10.175956,-0.023942016,0.729633,
772190319335085,3,10.20289,-0.011971008,0.74399817,
772190335356814,3,10.189722,-0.021547815,0.712275,
772190355742557,3,10.189722,-0.036511578,0.7469909,
772190379363161,3,10.20289,-0.03232172,0.75596917,
772190397704225,3,10.17835,-0.035913024,0.7392098,
772190415801150,3,10.183139,-0.020949265,0.7356185,
772190439421756,3,10.17835,-0.012569559,0.7254431,
772190455412965,3,10.196905,-0.02813187,0.724246,
772190476012330,3,10.168175,-0.037110128,0.75836337,
772190499510867,3,10.1861315,-0.050278235,0.7104794,
772190515502078,3,10.202292,0.008379706,0.741604,
772190536223512,3,10.170568,0.0011971008,0.7248446,
772190559538943,3,10.226234,-0.037708677,0.7284359,
772190577849489,3,10.13705,-0.01316811,0.7326257,
772190595946414,3,10.209475,-0.02813187,0.7338228,
772190619628053,3,10.1861315,-0.033518825,0.736217,
772190635588747,3,10.165182,-0.02932897,0.7625532,
772190656035525,3,10.208278,-0.023343466,0.724246,
772190679656131,3,10.183139,-0.017956512,0.7188591,
772190695647340,3,10.198701,-0.038905777,0.7116765,
772190716155153,3,10.187328,-0.011971008,0.7332243,
772190739684207,3,10.185533,-0.010773907,0.75237787,
772190758025271,3,10.155605,-0.026934769,0.7218518,
772190776457887,3,10.192716,-0.017956512,0.7266402,
772190799773318,3,10.200497,-0.030526072,0.7260417,
772190815764528,3,10.173561,-0.010175358,0.7236475,
772190836211307,3,10.177752,-0.035314474,0.75237787,
772190859862428,3,10.198701,-0.03172317,0.7613561,
772190875884157,3,10.192117,-0.017357962,0.7589619,
772190896239382,3,10.183737,-0.035314474,0.7290344,
772190919798953,3,10.181343,-0.04070143,0.7146692,
772190938048463,3,10.184336,-0.019153614,0.7326257,
772190956450563,3,10.1861315,-0.040102877,0.7374141,
772190979979617,3,10.175357,-0.009576807,0.7404069,
772190995970828,3,10.21127,-0.025139118,0.7380127,
772191016753297,3,10.1621895,-0.025139118,0.7374141,
772191040007693,3,10.1621895,-0.04369418,0.7344214,
772191056029421,3,10.164583,-0.024540568,0.75237787,
772191076445682,3,10.213664,-0.044891283,0.7374141,
772191099974733,3,10.19451,-0.034715924,0.7404069,
772191118376833,3,10.173561,-0.02633622,0.7356185,
772191136504275,3,10.208278,-0.03232172,0.74399817,
772191160124881,3,10.177153,-0.033518825,0.7697359,
772191176146608,3,10.183139,-0.03232172,0.7541735,
772191196715455,3,10.172963,-0.009576807,0.74399817,
772191220183475,3,10.172364,-0.011971008,0.7086837,
772191236205203,3,10.186729,-0.031124622,0.712275,
772191257018190,3,10.206482,-0.030526072,0.7565677,
772191280242068,3,10.17835,-0.008379706,0.7428011,
772191298613650,3,10.181941,-0.01616086,0.7284359,
772191316649539,3,10.180744,-0.011372458,0.7338228,
772191340331178,3,10.217256,-0.029927522,0.7661445,
772191358824831,3,10.17835,-0.022146367,0.75357497,
772191376769167,3,10.186729,-0.031124622,0.7326257,
772191400389773,3,10.202292,-0.037708677,0.7344214,
772191416380983,3,10.175357,-0.038905777,0.7368156,
772191436888795,3,10.1861315,-0.038307227,0.736217,
772191460417850,3,10.172364,-0.03172317,0.7338228,
772191478789431,3,10.17835,-0.030526072,0.7410054,
772191497191530,3,10.199898,-0.032920275,0.7380127,
772191520476443,3,10.169372,-0.036511578,0.74399817,
772191536498171,3,10.17835,-0.029927522,0.7386112,
772191556944949,3,10.175956,-0.012569559,0.7338228,
772191580565553,3,10.195708,-0.020949265,0.74519527,
772191596556764,3,10.186729,-0.03172317,0.7374141,
772191616942507,3,10.188525,-0.038905777,0.76554596,
772191640563113,3,10.196905,-0.036511578,0.7392098,
772191658721071,3,10.174759,-0.037708677,0.7314286,
772191677123170,3,10.200497,-0.038905777,0.7344214,
772191700591189,3,10.181941,-0.022744916,0.7290344,
772191716643435,3,10.163386,-0.023942016,0.7272388,
772191737456422,3,10.195109,-0.05626374,0.7469909,
772191760680300,3,10.196905,-0.005985504,0.7314286,
772191776702028,3,10.181941,-0.025139118,0.729633,
772191797118289,3,10.1861315,-0.022744916,0.75118077,
772191820830446,3,10.175357,-0.04249708,0.7661445,
772191838896853,3,10.175956,-0.036511578,0.75836337,
772191857176882,3,10.196306,-0.023942016,0.7428011,
772191880828006,3,10.183139,-0.035314474,0.7224504,
772191896849733,3,10.17835,-0.036511578,0.7206547,
772191917418580,3,10.190321,-0.018555064,0.74758947,
772191940856082,3,10.190321,-0.040102877,0.74878657,
772191956877810,3,10.180145,-0.02633622,0.7248446,
772191977629762,3,10.210073,-0.055066638,0.74878657,
772192000945193,3,10.134656,-0.01436521,0.7320272,
772192019072635,3,10.189124,-0.02932897,0.74878657,
772192037352664,3,10.223241,-0.030526072,0.74519527,
772192061064821,3,10.168773,-0.018555064,0.7410054,
772192077025514,3,10.179547,-0.027533319,0.7445967,
772192097472292,3,10.177752,-0.044292733,0.7404069,
772192121123416,3,10.1861315,-0.035913024,0.7433996,
772192137084108,3,10.201694,-0.033518825,0.75956047,
772192157591920,3,10.174759,-0.025139118,0.7368156,
772192181090457,3,10.176555,-0.034117375,0.70509243,
772192199431521,3,10.180744,-0.035913024,0.741604,
772192217925172,3,10.192716,-0.023942016,0.7637503,
772192241179568,3,10.201694,-0.034715924,0.736217,
772192257201296,3,10.17416,-0.023942016,0.7170634,
772192277648074,3,10.205285,-0.01436521,0.7302315,
772192301268678,3,10.207081,-0.049081136,0.7314286,
772192317290407,3,10.191518,-0.04309563,0.7188591,
772192337645632,3,10.219051,-0.045489833,0.7386112,
772192361296756,3,10.178948,-0.0011971008,0.7290344,
772192379424196,3,10.203489,-0.02633622,0.7428011,
772192397826295,3,10.202292,-0.013766659,0.7224504,
772192421385867,3,10.276512,-0.10295067,0.82480246,
772192437346560,3,10.057443,-0.04369418,0.7320272,
772192458159547,3,10.22384,-0.0700304,0.7038953,
772192481474978,3,10.143036,-0.05865794,0.7392098,
772192497435671,3,10.201095,-0.02813187,0.7673417,
772192517821414,3,10.175956,-0.075417355,0.74878657,
772192541411500,3,10.195708,-0.045489833,0.76075757,
772192559783083,3,10.229825,-0.061650693,0.76075757,
772192577880007,3,10.183737,-0.08259996,0.7990648,
772192601531131,3,10.16578,-0.08080431,0.76554596,
772192617552858,3,10.175357,-0.06284779,0.7697359,
772192638121705,3,10.098145,-0.047884032,0.75477207,
772192661559207,3,10.181941,-0.074220255,0.78769237,
772192677550418,3,10.159795,-0.08798691,0.8367735,
772192698393922,3,10.159795,-0.060453594,0.81761986,
772192721587282,3,10.196905,-0.06823475,0.82121116,
772192739745242,3,10.18254,-0.05267244,0.80445176,
772192758055789,3,10.1861315,-0.037110128,0.81283146,
772192781706911,3,10.178948,-0.062249243,0.8146271,
772192797667604,3,10.191518,-0.047285482,0.82599956,
772192818144900,3,10.198701,-0.062249243,0.8230068,
772192841734988,3,10.158598,-0.055066638,0.82240826,
772192857726198,3,10.171766,-0.061052144,0.80205756,
772192878234010,3,10.170568,-0.044292733,0.8098387,
772192901763064,3,10.155006,-0.050876785,0.80086046,
772192920073611,3,10.186729,-0.061052144,0.7918822,
772192938536745,3,10.178948,-0.04309563,0.78410107,
772192961821657,3,10.148422,-0.048482586,0.78649527,
772192977843386,3,10.162787,-0.04070143,0.80804306,
772192998320682,3,10.181343,-0.032920275,0.80684596,
772193021910768,3,10.19092,-0.050876785,0.8265981,
772193037901979,3,10.195109,-0.051475335,0.79966336,
772193058348758,3,10.148422,-0.038905777,0.8050503,
772193081938845,3,10.148422,-0.024540568,0.79607207,
772193100279909,3,10.201694,-0.03172317,0.8206126,
772193118498904,3,10.217256,-0.022744916,0.78649527,
772193142058475,3,10.184934,-0.04129998,0.80564886,
772193158049685,3,10.161591,-0.04249708,0.8002619,
772193178862672,3,10.150817,-0.046088383,0.80564886,
772193202086550,3,10.163984,-0.034715924,0.80804306,
772193218108278,3,10.198701,-0.011372458,0.7846996,
772193238494021,3,10.186729,-0.022146367,0.78170687,
772193262114625,3,10.147824,-0.017357962,0.8050503,
772193280455691,3,10.150218,-0.037708677,0.7990648,
772193298522098,3,10.213664,-0.023343466,0.80445176,
772193322203738,3,10.174759,-0.02932897,0.7954735,
772193338194948,3,10.18254,-0.03232172,0.78410107,
772193358763796,3,10.156802,-0.02932897,0.7823054,
772193382231814,3,10.166978,-0.026934769,0.8038532,
772193398314578,3,10.199299,-0.012569559,0.7990648,
772193418974977,3,10.183737,-0.025139118,0.789488,
772193442259890,3,10.18254,-0.02633622,0.7589619,
772193460631473,3,10.18254,-0.019153614,0.78888947,
772193478728396,3,10.150817,-0.014963761,0.81522566,
772193502410036,3,10.164583,-0.0053869537,0.80924016,
772193518401247,3,10.179547,-0.019752163,0.7787141,
772193538786990,3,10.21965,-0.015562311,0.79607207,
772193562407595,3,10.229825,-0.0035913025,0.8110358,
772193578398805,3,10.246585,-0.07062895,1.1426327,
772193598906619,3,10.13286,-0.007182605,0.8475474,
772193622435672,3,10.102933,0.019153614,0.88525605,
772193640776736,3,10.044873,0.08379706,0.96067345,
772193659209352,3,10.136452,0.0035913025,0.91697925,
772193682585818,3,10.24419,0.008379706,1.0061632,
772193698515994,3,10.325593,-0.031124622,0.89303726,
772193718962771,3,10.171167,-0.01316811,0.8230068,
