772158888701540,3,-0.014288943,-0.0086583495,-0.008645071,
772158905821900,3,-0.015510675,0.027993567,5.1790755E-4,
772158923918825,3,-0.0023770705,0.06403462,-0.0058961776,
772158946532351,3,-0.014594376,0.029826164,-0.014448291,
772158965849978,3,-0.011540052,0.008751314,-0.01567002,
772158984007937,3,-0.0054313987,0.0060024187,-7.038228E-4,
772159006651979,3,-0.01031832,0.02249578,0.0041830987,
772159025847535,3,-0.0060422644,0.029826164,-3.9839046E-4,
772159044097048,3,-0.007874858,0.020357754,-0.008645071,
772159069274051,3,-0.0057368316,0.016387127,-0.008645071,
772159086058718,3,-0.001460772,0.021274049,-0.0028418512,
772159104125123,3,-0.011540052,0.028299,-0.001314688,
772159126708131,3,-0.009707455,0.024939243,-0.011699397,
772159146056276,3,-0.021619327,0.009973042,-0.015364589,
772159164183718,3,-0.00818029,0.0023372285,-0.0058961776,
772159186705691,3,-0.010012887,0.024939243,-0.0019255537,
772159206084352,3,-0.010012887,0.05059558,-0.004063582,
772159224242310,3,9.826869E-4,0.048457555,-0.007423341,
772159249205691,3,-0.0035988018,0.018525157,-0.008950504,
772159266173464,3,-0.007569425,0.009973042,-0.009866802,
772159284300906,3,-0.010929186,0.01883059,-0.008950504,
772159307219607,3,-0.0026825033,0.035934817,-7.038228E-4,
772159326201539,3,-0.0017662048,0.034407653,-3.9839046E-4,
772159344359498,3,-0.0054313987,0.023412079,-0.007117908,
772159366881472,3,-0.011540052,0.03532395,-0.011699397,
772159386199099,3,-0.009096589,0.051817313,-0.001314688,
772159404448611,3,-0.0020716377,0.055482503,-0.018418916,
772159429228883,3,-0.001460772,0.060369425,-0.01200483,
772159446318726,3,-0.009402022,0.0573151,0.003572234,
772159464446169,3,-0.0136780795,0.03501852,-0.006507043,
772159487181765,3,-0.009402022,0.030131597,-0.004674447,
772159506377322,3,-0.006958563,0.029520731,-0.0043690144,
772159524504763,3,-5.4447725E-4,0.026160974,-0.008950504,
772159547453980,3,-0.007263992,0.0121110715,0.0023505036,
772159566405397,3,-0.009402022,0.011500206,0.009986319,
772159584563357,3,-0.0023770705,0.031047896,0.0014342051,
772159609252079,3,-0.0023770705,0.033796787,0.0011287727,
772159626463992,3,-0.009707455,0.03165876,-0.008950504,
772159644652467,3,-0.009096589,0.025855541,0.0038776668,
772159667235475,3,-0.012150915,0.028909866,0.026174247,
772159686583620,3,-0.011540052,0.04662496,0.022509057,
772159704680545,3,-0.013372647,0.06098029,-0.00620161,
772159727324587,3,-0.017037837,0.055482503,0.0066265604,
772159746550660,3,-0.00665313,0.04357063,0.011513483,
772159764739137,3,-2.3904443E-4,0.03532395,-0.0049798796,
772159789946658,3,-0.015205242,0.027688134,-0.0049798796,
772159806670290,3,-0.01978673,0.016997993,-0.019946078,
772159824797733,3,-0.011845484,0.0011154972,-0.023305837,
772159847411257,3,-0.017648702,0.00508612,-0.012310263,
772159866728882,3,-0.015205242,0.029215299,-0.004063582,
772159884856325,3,-0.010012887,0.049984716,-0.0049798796,
772159907408816,3,-0.0057368316,0.057009667,0.0011287727,
772159926787478,3,-0.009096589,0.037156545,-0.008034206,
772159945067508,3,-0.012456348,0.016997993,-0.012921128,
772159969908815,3,-0.00818029,0.016997993,-0.0037581492,
772159986876588,3,-0.007874858,0.024328377,-0.0052853124,
772160004912478,3,-0.00818029,0.03624025,0.0014342051,
772160027831179,3,-0.010012887,0.038378276,0.007848291,
772160046843630,3,-0.012150915,0.034713086,-0.014448291,
772160065001588,3,-0.01398351,0.01088934,-0.017197184,
772160087554078,3,-0.010623753,0.018219724,-0.009255936,
772160106902223,3,-0.01398351,0.03898914,-0.0037581492,
772160125060183,3,-0.011845484,0.038683712,-0.01322656,
772160149901492,3,-0.004820533,0.022190347,-0.01322656,
772160167021852,3,-0.012761781,0.012721937,-0.009866802,
772160185149293,3,-0.009707455,0.046014093,-0.022389539,
772160207915407,3,-0.019175867,0.060674857,-0.037050307,
772160227110964,3,-0.014288943,0.027688134,-0.023000404,
772160245207889,3,-0.013067214,-0.0016333982,0.018843865,
772160268065554,3,-0.00665313,0.024939243,0.012429779,
772160287078004,3,-0.01398351,0.055482503,-0.011699397,
772160305327516,3,-0.01398351,0.06098029,-0.023305837,
772160329985720,3,-0.01978673,0.014554534,-0.029719923,
772160347258670,3,-0.011540052,-0.0028551295,-0.02147324,
772160365355593,3,-0.0020716377,0.0047806874,-0.001314688,
772160387969117,3,-0.004820533,0.020968616,0.0047939643,
772160407225709,3,-0.0023770705,0.04112717,-0.009866802,
772160425353151,3,-0.008485723,0.03318592,-0.01567002,
772160447997195,3,-0.013067214,0.024328377,-0.024222136,
772160467223270,3,-0.009402022,0.0121110715,-0.01200483,
772160485411745,3,-0.0057368316,0.0151654,-0.008339639,
772160510436159,3,-0.003293369,0.022801213,-0.0058961776,
772160527312379,3,-0.012456348,0.032269627,-0.015364589,
772160545439822,3,-0.0045151003,0.030742463,-0.011699397,
772160568022830,3,-0.011845484,0.024022944,-0.013531993,
772160587370974,3,-0.0017662048,0.020052321,-0.006507043,
772160605498415,3,-8.499101E-4,0.023717511,-0.00620161,
772160628050904,3,-2.3904443E-4,0.026466407,-0.005590745,
772160647429567,3,-0.0042096674,0.02249578,-0.010477667,
772160665618045,3,-0.00818029,0.025244676,-0.007117908,
772160690428835,3,-0.0029879361,0.027382702,-0.0025364188,
772160707549195,3,-0.008791156,0.026160974,-0.00620161,
772160725676637,3,-0.007874858,0.028299,-0.008950504,
772160748595339,3,-0.00665313,0.024022944,-0.0058961776,
772160767607790,3,-0.010929186,0.020052321,-0.008645071,
772160785735233,3,-0.005125966,0.029826164,-0.009561369,
772160808379274,3,-0.00818029,0.031047896,-0.009561369,
772160827605347,3,-0.006958563,0.03410222,-0.014448291,
772160845732790,3,-0.009707455,0.020357754,-0.011088531,
772160870635135,3,-0.015205242,0.013943668,-0.013531993,
772160887663943,3,-0.007569425,0.019441456,-0.008034206,
772160905791384,3,-5.4447725E-4,0.041738037,-0.007728773,
772160928526979,3,-0.003293369,0.05364991,-0.009866802,
772160947722535,3,-0.010012887,0.03990544,-0.013837426,
772160965880495,3,-0.010623753,0.0151654,-0.013531993,
772160988738163,3,-0.007874858,0.011500206,-0.007117908,
772161007750613,3,-0.00818029,0.034407653,0.003572234,
772161025908571,3,-0.00665313,0.047235824,-9.2957634E-5,
772161050597292,3,-0.0054313987,0.04204347,-0.011393964,
772161067870241,3,-0.006958563,0.01883059,-0.01200483,
772161085997683,3,-0.004820533,0.016387127,-0.008339639,
772161108580691,3,-0.009096589,0.020968616,-0.005590745,
772161127898317,3,-0.008485723,0.036851116,-0.005590745,
772161146025758,3,-0.0039042346,0.043876067,-0.008034206,
772161168669802,3,-0.006347697,0.029215299,-0.011699397,
772161187926394,3,-0.0060422644,0.015776262,-0.0049798796,
772161206084354,3,-0.0039042346,0.028299,-0.0049798796,
772161231078249,3,-0.015510675,0.04082174,-0.001314688,
772161248015504,3,-0.012456348,0.038072847,-0.007117908,
772161266142946,3,-0.009096589,0.021579482,-0.007728773,
772161288725955,3,-0.0029879361,0.016081695,-0.009255936,
772161308074099,3,0.0034261495,0.022190347,-0.009255936,
772161326201540,3,-8.499101E-4,0.024328377,-0.008034206,
772161348754029,3,-0.0029879361,0.025244676,-0.004674447,
772161368102174,3,-0.004820533,0.030131597,-0.0052853124,
772161386260134,3,-0.0039042346,0.025244676,-0.0025364188,
772161411101444,3,-0.007569425,0.025244676,-0.006507043,
772161428252322,3,-0.012456348,0.029826164,-3.9839046E-4,
772161446349245,3,-0.00665313,0.03776741,-0.008950504,
772161469298463,3,-8.499101E-4,0.027688134,-0.0016201208,
772161488341433,3,-0.0026825033,0.020663187,-0.003147284,
772161506407839,3,-0.00665313,0.026771836,-0.007728773,
772161528929813,3,-0.0029879361,0.02463381,-7.038228E-4,
772161548400027,3,-0.006958563,0.026160974,-0.008034206,
772161566466432,3,-0.006347697,0.03165876,-0.0037581492,
772161591307741,3,-0.0039042346,0.03196419,-0.007423341,
772161608428103,3,-0.009707455,0.02463381,-0.0043690144,
772161626525027,3,-0.0054313987,0.025550108,-0.007117908,
772161649230105,3,-0.0057368316,0.024022944,-0.008339639,
772161668456178,3,-0.011234619,0.027077269,-0.007117908,
772161686583619,3,-0.009402022,0.03410222,-0.0028418512,
772161709441287,3,-0.007569425,0.033491354,-0.0052853124,
772161728453739,3,-0.006958563,0.031047896,-0.002230986,
772161746611698,3,-0.007263992,0.026160974,-0.008950504,
772161771269899,3,-0.0029879361,0.027688134,-0.009255936,
772161788542848,3,-0.0057368316,0.021579482,-0.010477667,
772161806670290,3,-5.4447725E-4,0.019441456,-0.008034206,
772161829253299,3,-0.004820533,0.020052321,-0.004674447,
772161848570927,3,-0.0054313987,0.023717511,-0.00620161,
772161866789920,3,-0.008485723,0.03135333,-0.007117908,
772161889372926,3,-0.006347697,0.035629384,-0.0052853124,
772161908599001,3,-0.0035988018,0.029520731,-0.0028418512,
772161926756960,3,-0.009707455,0.018525157,-0.016280886,
772161951811893,3,-0.008791156,0.009973042,-0.015975453,
772161968688113,3,-0.0136780795,0.019746888,-0.0058961776,
772161986815553,3,-0.013372647,0.04662496,5.1790755E-4,
772162009429080,3,-0.0057368316,0.0563988,-0.0049798796,
772162028777225,3,-0.010012887,0.028604433,-0.010477667,
772162046874148,3,-0.009096589,0.0151654,-0.01567002,
772162069457155,3,-0.008791156,0.01669256,-0.002230986,
772162088744266,3,-0.012150915,0.0432652,-7.038228E-4,
772162106963260,3,-0.0054313987,0.05517707,-0.00620161,
772162131774050,3,-0.011845484,0.030131597,-0.015364589,
772162148863894,3,-0.013372647,0.00722415,-0.01200483,
772162166991335,3,-0.0042096674,0.016387127,-0.0058961776,
772162189940555,3,-5.4447725E-4,0.031047896,-0.0037581492,
772162208922488,3,-0.005125966,0.046014093,-0.009561369,
772162227049928,3,-0.015816107,0.023106646,-0.017197184,
772162249602420,3,-0.016426973,0.013332803,-0.0037581492,
772162268981083,3,-0.006958563,0.033491354,-7.038228E-4,
772162287108523,3,-0.0011553429,0.056704234,-0.006507043,
772162311766726,3,-0.0057368316,0.045097794,-0.012615696,
772162329070193,3,-0.011234619,0.016387127,-0.015975453,
772162347167117,3,-0.003293369,0.005696986,-0.011699397,
772162369902712,3,-0.0039042346,0.013638236,-0.004674447,
772162389128786,3,-0.0020716377,0.029215299,-0.006507043,
772162407225710,3,-0.0020716377,0.027688134,-0.009561369,
772162430174930,3,-0.005125966,0.023106646,-0.008339639,
772162449126345,3,-0.0029879361,0.023412079,-0.0043690144,
772162467314821,3,-5.4447725E-4,0.028299,-0.0028418512,
772162492125613,3,-0.008791156,0.029826164,-0.007423341,
772162509215458,3,-0.006958563,0.025855541,-0.010477667,
772162527342898,3,-0.008485723,0.020663187,-0.004674447,
772162549956423,3,-0.009707455,0.023412079,-0.0028418512,
772162569304568,3,-0.010929186,0.03318592,-0.0037581492,
772162587432010,3,-0.004820533,0.03654568,-0.0028418512,
772162610106570,3,-0.003293369,0.025855541,-0.0107831,
772162629302126,3,-0.0020716377,0.016387127,-0.0049798796,
772162647490603,3,6.63884E-5,0.018219724,-0.005590745,
772162672484500,3,-0.00818029,0.028604433,-0.009255936,
772162689421755,3,-0.0045151003,0.032269627,-0.0034527166,
772162707518678,3,-0.004820533,0.027688134,-7.038228E-4,
772162730132205,3,-0.004820533,0.028299,-0.0058961776,
772162749480350,3,-0.004820533,0.027382702,-0.004063582,
772162767577273,3,-0.01031832,0.024328377,-0.012310263,
772162790129763,3,-0.0054313987,0.023106646,-0.009866802,
772162809477908,3,-0.001460772,0.025244676,-0.0058961776,
772162827635867,3,-0.0029879361,0.029215299,-0.00620161,
772162852629763,3,-0.012761781,0.024939243,-0.01322656,
772162869567019,3,-0.005125966,0.016387127,-0.010477667,
772162887724978,3,-0.009096589,0.021579482,-3.9839046E-4,
772162910643680,3,-0.007569425,0.034713086,-0.009561369,
772162929625613,3,-0.017648702,0.021274049,-0.012310263,
772162947753053,3,-0.009707455,0.016081695,-0.008034206,
772162970275027,3,-0.009707455,0.028909866,-0.005590745,
772162989653690,3,-0.013372647,0.060674857,-0.0049798796,
772163007811648,3,-0.009096589,0.0582314,-0.005590745,
772163032652956,3,-0.014899809,0.03318592,-0.016280886,
772163049742801,3,-0.0039042346,0.008445881,-0.007423341,
772163067870242,3,-0.005125966,0.016997993,-0.005590745,
772163090575320,3,-0.00818029,0.028604433,-0.0034527166,
772163109801394,3,-0.0042096674,0.03135333,-0.008339639,
772163127928835,3,-0.01031832,0.03318592,-0.011699397,
772163150817020,3,-0.010929186,0.01302737,-0.008645071,
772163169829470,3,-0.0026825033,0.023412079,-0.006507043,
772163187987428,3,-0.0057368316,0.03043703,-0.0016201208,
772163212645633,3,-0.0023770705,0.041738037,-0.009866802,
772163229888065,3,-0.013067214,0.024328377,-0.01322656,
772163248046023,3,-0.009096589,0.01883059,-0.0043690144,
772163270598513,3,-0.011234619,0.031047896,-0.0010092556,
772163289946658,3,-0.009096589,0.05242818,-0.004063582,
772163308104617,3,-0.004820533,0.039294574,-0.011393964,
772163330748659,3,-0.00818029,0.0151654,-0.0107831,
772163350005251,3,3.7182122E-4,0.011805639,-0.00620161,
772163368163210,3,-0.003293369,0.02249578,-0.007728773,
772163393218143,3,-0.00818029,0.03135333,-0.0052853124,
772163410094363,3,-0.009096589,0.039600007,-0.0052853124,
772163428221803,3,-0.011845484,0.025550108,-0.0028418512,
772163450804812,3,-0.0017662048,0.026160974,-0.0025364188,
772163470152958,3,-0.0011553429,0.030742463,-0.0034527166,
772163488280398,3,-0.01031832,0.03318592,-0.005590745,
772163510832888,3,-0.0039042346,0.03043703,-0.003147284,
772163530181033,3,-2.3904443E-4,0.026771836,-0.005590745,
772163548338993,3,0.006480474,0.023106646,-0.008339639,
772163573302370,3,-0.003293369,0.020052321,-0.0052853124,
772163590270144,3,-0.0023770705,0.024328377,-0.0052853124,
772163609099490,3,6.63884E-5,0.027077269,-0.0043690144,
772163619658573,3,0.0028152838,0.025855541,-0.0037581492,
772163630248173,3,-0.0020716377,0.025550108,-0.0028418512,
772163653746706,3,-0.0039042346,0.030131597,-0.004674447,
772163669768435,3,-0.012761781,0.025855541,-0.011393964,
772163690184695,3,-0.013067214,0.026160974,-0.007117908,
772163713835819,3,-0.018565001,0.027382702,-0.008034206,
772163732146365,3,-0.018259568,0.01883059,-0.007728773,
772163750243288,3,-0.012761781,0.026160974,-0.009255936,
772163773894412,3,-0.011234619,0.032575056,-0.015364589,
772163789916141,3,-0.009707455,0.030131597,-0.012310263,
772163810454470,3,-0.013067214,0.032880493,-0.0058961776,
772163833983522,3,-0.012761781,0.03746198,-0.006507043,
772163849974734,3,-0.012761781,0.03196419,-0.008645071,
772163870696171,3,-0.012761781,0.030742463,-0.009866802,
772163894011599,3,-0.009707455,0.032575056,-0.0107831,
772163912322146,3,-0.013067214,0.017914291,-0.011088531,
772163930419070,3,-0.010623753,0.015470829,-0.011088531,
772163954100711,3,-0.0060422644,0.04204347,-0.007117908,
772163970061404,3,-0.007569425,0.05517707,-0.007117908,
772163990508181,3,-0.013067214,0.047235824,-0.007117908,
772164014159304,3,-0.007874858,0.020052321,-0.006507043,
772164030119999,3,-0.009402022,0.0081404485,-0.011393964,
772164050658328,3,-0.005125966,0.01883059,-0.009255936,
772164074126345,3,-0.010012887,0.03624025,-0.0037581492,
772164092314822,3,-0.014899809,0.040210873,-0.011088531,
772164110961063,3,-0.016426973,0.026466407,-0.007117908,
772164134245974,3,-0.0060422644,0.017608859,-0.008339639,
772164150267702,3,-0.010623753,0.022801213,-0.009561369,
772164170683963,3,-0.007569425,0.03624025,-0.005590745,
772164194335086,3,-0.015816107,0.043876067,-0.005590745,
772164210295779,3,-0.01031832,0.040516306,-0.014448291,
772164230681521,3,-0.012761781,0.016997993,-0.008339639,
772164254302127,3,-0.012456348,0.024022944,-0.006507043,
772164272673710,3,-0.0035988018,0.04693039,-0.008645071,
772164290892703,3,-0.005125966,0.04479236,-0.009866802,
772164314421755,3,-0.007569425,0.020663187,-0.012615696,
772164330443484,3,-0.006958563,0.00936218,-0.0107831,
772164351225956,3,-0.0045151003,0.01669256,-0.011088531,
772164374480349,3,-0.0054313987,0.022801213,-0.00620161,
772164390471560,3,-0.0045151003,0.035934817,-0.0049798796,
772164410857303,3,-0.008791156,0.03318592,-0.008950504,
772164434508426,3,-0.014899809,0.025550108,-0.011699397,
772164452849490,3,-0.009096589,0.024939243,-0.011699397,
772164470946413,3,-0.014288943,0.029520731,-0.007728773,
772164493956668,3,-0.015205242,0.03043703,-0.005590745,
772164510588749,3,-0.006347697,0.028909866,-0.010172235,
772164531157595,3,-0.012456348,0.023717511,-0.008645071,
772164554625612,3,-0.018870434,0.03043703,-0.008034206,
772164570647342,3,-0.0136780795,0.033796787,-0.008950504,
772164591399296,3,-0.013372647,0.040210873,-0.011393964,
772164614684206,3,-0.0136780795,0.03196419,-0.008950504,
772164633025271,3,-0.011845484,0.033491354,-0.009866802,
772164651122195,3,-0.0045151003,0.039600007,-0.013531993,
772164674803836,3,-0.012150915,0.028909866,-0.008645071,
772164690795046,3,-0.01398351,0.02463381,-0.01200483,
772164711241823,3,-0.014288943,0.027382702,-0.008034206,
772164734862429,3,-0.004820533,0.038072847,-0.00620161,
772164750823124,3,-0.012150915,0.03196419,-0.00620161,
772164771361453,3,-0.010929186,0.03898914,-0.007728773,
772164794859987,3,-0.0136780795,0.030131597,-0.008950504,
772164813201053,3,-0.01734327,0.02463381,-0.011088531,
772164831633671,3,-0.014899809,0.031047896,-0.013531993,
772164854979616,3,-0.015510675,0.03165876,-0.008339639,
772164870940310,3,-0.016732406,0.033796787,-0.007423341,
772164891387088,3,-0.01398351,0.03318592,-0.008034206,
772164915038211,3,-0.01978673,0.026160974,-0.009561369,
772164930998904,3,-0.019175867,0.017303426,-0.007728773,
772164951384646,3,-0.014899809,0.03624025,-0.009561369,
772164975035769,3,-0.015510675,0.06098029,-0.011088531,
772164993163211,3,-0.011845484,0.05853683,-0.009866802,
772165011595828,3,-0.0045151003,0.024939243,-0.007117908,
772165035155397,3,-0.004820533,0.0023372285,-0.011699397,
772165051116092,3,-0.007263992,0.0151654,-0.007423341,
772165071898563,3,-0.0035988018,0.029826164,-0.0034527166,
772165095213991,3,-0.004820533,0.038072847,-0.008645071,
772165111174685,3,-0.005125966,0.028299,-0.016586319,
772165131590945,3,-0.009096589,0.015470829,-0.01200483,
772165155211551,3,-0.0045151003,0.01669256,-0.0049798796,
772165173552615,3,-0.007263992,0.027688134,-0.0037581492,
772165191649538,3,-0.006347697,0.04662496,-0.002230986,
772165215300662,3,-0.010929186,0.039600007,-0.012921128,
772165231291873,3,-0.011540052,0.01302737,-0.008034206,
772165251860719,3,-0.012456348,0.020663187,5.1790755E-4,
772165275359255,3,-0.011540052,0.0423489,-0.0049798796,
772165291350467,3,-0.007569425,0.05059558,-9.2957634E-5,
772165312132938,3,-0.018870434,0.02249578,-0.016280886,
772165335387331,3,-0.012150915,0.013638236,-0.009561369,
772165353697878,3,-0.0042096674,0.024939243,-0.009561369,
772165371825320,3,-0.00818029,0.033796787,-0.001314688,
772165395476443,3,-0.0057368316,0.027993567,-0.0016201208,
772165411467653,3,-0.011234619,0.02463381,-0.0037581492,
772165431914431,3,-0.005125966,0.028604433,-0.003147284,
772165455535037,3,-0.0054313987,0.03318592,-0.007423341,
772165471526248,3,-0.007874858,0.028299,-0.0037581492,
772165492034059,3,0.0015935525,0.029520731,-0.004674447,
772165515563112,3,-0.0020716377,0.029215299,-0.007117908,
772165533873660,3,-0.0054313987,0.022801213,-0.00620161,
772165552367312,3,-0.0039042346,0.026160974,-0.00620161,
772165575682740,3,-0.005125966,0.023717511,-0.007117908,
772165591643435,3,-0.0029879361,0.022801213,-0.008645071,
772165612059695,3,-0.008791156,0.019746888,-0.0049798796,
772165635710818,3,-0.0045151003,0.03165876,-0.0052853124,
772165651671510,3,-0.010012887,0.03196419,-0.0049798796,
772165672057253,3,-0.01031832,0.030131597,-0.009561369,
772165695738894,3,-0.0029879361,0.026771836,-0.0049798796,
772165714018923,3,-0.001460772,0.017608859,-0.006507043,
772165732268434,3,-0.007569425,0.020357754,-0.008645071,
772165755828005,3,-0.0023770705,0.033491354,-0.005590745,
772165771819217,3,-0.008791156,0.021884914,-0.0049798796,
772165792601687,3,-0.00665313,0.02249578,-0.008339639,
772165815917115,3,-0.007874858,0.024939243,-0.0043690144,
772165831877810,3,-0.010623753,0.024328377,-0.010477667,
772165852263553,3,-0.007263992,0.026771836,-0.0037581492,
772165875914675,3,0.0031207167,0.027382702,-0.006507043,
772165894194703,3,-0.001460772,0.024022944,-0.00620161,
772165912322146,3,-0.005125966,0.021579482,-0.011699397,
772165935973269,3,-0.0060422644,0.008445881,-0.009561369,
772165951964480,3,-0.003293369,0.016081695,-0.0043690144,
772165972533327,3,-0.009707455,0.03746198,-0.0037581492,
772165996092897,3,0.0022044182,0.05609337,-0.007423341,
772166012023074,3,-0.013067214,0.023412079,-0.018113483,
772166032775027,3,-0.01612154,0.009667613,-0.013837426,
772166056090455,3,3.7182122E-4,0.014554534,-0.008645071,
772166074401003,3,-0.008791156,0.026160974,-7.038228E-4,
772166092497928,3,-0.010623753,0.03776741,-9.2957634E-5,
772166116149050,3,-0.0060422644,0.03135333,-0.009255936,
772166132140260,3,-0.0060422644,0.016997993,-0.009255936,
772166152587038,3,-0.012456348,0.020968616,-0.005590745,
772166176238162,3,-0.014288943,0.038072847,-0.0010092556,
772166192229373,3,-0.012761781,0.04479236,-0.001314688,
772166212737184,3,-0.012761781,0.03410222,-0.0058961776,
772166236266237,3,-0.009402022,0.022801213,-0.008034206,
772166254576785,3,-0.018259568,0.024328377,0.0011287727,
772166273070437,3,-0.015816107,0.048457555,0.0014342051,
772166296324830,3,-0.0020716377,0.05273361,-0.006507043,
772166312316042,3,-0.007263992,0.019746888,-0.017502617,
772166332762820,3,-0.010623753,0.0047806874,-0.012921128,
772166356413943,3,-0.0020716377,0.012721937,-0.007423341,
772166372374635,3,-0.007263992,0.023412079,-0.00620161,
772166392760378,3,-0.008791156,0.032575056,-0.0052853124,
772166416411502,3,-0.004820533,0.032880493,-0.005590745,
772166434722048,3,-0.0054313987,0.029215299,-0.007728773,
772166452971560,3,0.0015935525,0.023717511,-0.001314688,
772166476500611,3,-5.4447725E-4,0.031047896,0.0029613683,
772166492491822,3,-0.007874858,0.03318592,8.233404E-4,
772166513274294,3,-0.00818029,0.027077269,-0.0043690144,
772166536589724,3,-0.01031832,0.024939243,-0.0058961776,
772166552550418,3,-0.008791156,0.026466407,-0.0037581492,
772166572936159,3,-0.001460772,0.032269627,-0.007423341,
772166596587281,3,-0.0039042346,0.025244676,-0.0028418512,
772166614897828,3,-0.003293369,0.031047896,-0.0107831,
772166632994753,3,-0.018259568,0.019136023,-0.010172235,
772166656737429,3,-0.001460772,0.025855541,-0.0028418512,
772166672667605,3,-0.0029879361,0.025550108,-0.005590745,
772166693236452,3,-0.0042096674,0.03501852,-0.00620161,
772166716734985,3,-0.0035988018,0.028299,-0.0049798796,
772166732726197,3,-0.00818029,0.027077269,-0.005590745,
772166753447633,3,-0.010929186,0.024939243,-0.003147284,
772166776763064,3,-0.009402022,0.03135333,-0.0037581492,
772166795073611,3,-0.00818029,0.03196419,2.1247473E-4,
772166813201052,3,-0.0029879361,0.030742463,-0.00620161,
772166836852173,3,-0.012761781,0.026771836,-0.011699397,
772166852843385,3,-0.006347697,0.025855541,-0.008645071,
772166873290163,3,-0.004820533,0.032575056,-0.004063582,
772166896910769,3,-0.006347697,0.031047896,-0.004063582,
772166912901980,3,-0.014288943,0.020663187,-0.011088531,
772166933409791,3,-0.013067214,0.024939243,-0.007117908,
772166956938844,3,-0.007569425,0.03410222,-0.005590745,
772166975249391,3,-0.0020716377,0.05364991,-0.0025364188,
772166993712527,3,-2.3904443E-4,0.049984716,-0.008950504,
772167017027956,3,-0.016426973,0.014554534,-0.02116781,
772167033019166,3,-0.010012887,0.0063078515,-0.01200483,
772167053465943,3,-8.499101E-4,0.019136023,-0.004674447,
772167077056032,3,-0.0011553429,0.024328377,-0.002230986,
772167093077761,3,-0.00818029,0.035629384,-0.0052853124,
772167113463504,3,-0.014288943,0.027688134,-0.01200483,
772167140196901,3,-0.012456348,0.013943668,-0.010477667,
772167155425171,3,-0.009402022,0.013943668,-0.00620161,
772167173644166,3,-0.007263992,0.03532395,-9.2957634E-5,
772167197203737,3,-0.008791156,0.041738037,-0.010172235,
772167213194949,3,-0.0057368316,0.027077269,-0.008950504,
772167234007937,3,-0.0035988018,0.019746888,-0.0025364188,
772167257262330,3,-0.01734327,0.034713086,5.1790755E-4,
772167273253541,3,-0.006958563,0.05487164,-0.0058961776,
772167293669802,3,-0.013067214,0.03624025,-0.015059156,
772167317320925,3,-0.009707455,0.012416504,-0.015364589,
772167335631472,3,-5.4447725E-4,0.013332803,-7.038228E-4,
772167353697877,3,-0.0060422644,0.023412079,-0.004674447,
772167376769166,3,-0.010012887,0.03654568,-0.0052853124,
772167393401247,3,-0.0136780795,0.029826164,-0.007117908,
772167413939578,3,-0.009402022,0.025550108,-0.007423341,
772167437377078,3,6.63884E-5,0.027077269,-0.007728773,
772167453429323,3,0.004037015,0.025855541,-0.008339639,
772167474150757,3,-0.0023770705,0.024022944,-0.003147284,
772167497466188,3,-0.007874858,0.029826164,-0.004674447,
772167515776735,3,-0.00665313,0.028604433,-0.005590745,
772167533873660,3,-0.0017662048,0.028909866,-0.007423341,
772167557585818,3,0.0031207167,0.026466407,-0.007423341,
772167573546510,3,-0.003293369,0.022801213,-0.011088531,
772167594023805,3,-0.011845484,0.022801213,-0.007728773,
772167617674928,3,-0.0039042346,0.030131597,-0.00620161,
772167633605105,3,-0.0054313987,0.030131597,-0.005590745,
772167654143435,3,-0.0039042346,0.031047896,-0.0049798796,
772167677672486,3,6.63884E-5,0.02463381,-0.0058961776,
772167695983033,3,6.7725405E-4,0.025244676,-0.0058961776,
772167715392213,3,0.004037015,0.028909866,-0.0034527166,
772167737883669,3,-0.0060422644,0.021274049,-0.008339639,
772167753691776,3,-0.007263992,0.031047896,-0.007117908,
772167774138552,3,-0.006347697,0.03043703,-0.0049798796,
772167797148804,3,-0.0023770705,0.030131597,-0.00620161,
772167813750368,3,-0.0029879361,0.025244676,-0.007728773,
772167834136110,3,0.002509851,0.011805639,-0.0043690144,
772167857787234,3,-0.0035988018,0.01883059,-0.0037581492,
772167876128298,3,-0.009707455,0.034407653,-0.001314688,
772167894377809,3,-0.012456348,0.056704234,-0.004063582,
772167917937379,3,-0.011845484,0.041432604,-0.004063582,
772167933928591,3,-0.012150915,0.014859967,-0.016891751,
772167954650027,3,-0.009096589,0.010278475,-0.0037581492,
772167977965456,3,-0.0011553429,0.02463381,-0.002230986,
772167993926149,3,0.0022044182,0.032269627,-0.005590745,
772168014311891,3,-0.0017662048,0.030742463,-0.007728773,
772168037993532,3,-0.00665313,0.02463381,-0.0052853124,
772168056273562,3,-0.0042096674,0.021884914,-0.0019255537,
772168074401004,3,-0.007874858,0.020663187,0.0011287727,
772168098082643,3,-0.007569425,0.034407653,-0.001314688,
772168114043336,3,-0.006958563,0.04479236,-0.008645071,
772168134612184,3,-0.008485723,0.027688134,-0.01322656,
772168158110720,3,-0.001460772,0.011500206,-0.00620161,
772168174101932,3,-0.011234619,0.019441456,-0.002230986,
772168194884402,3,-0.008485723,0.05395534,-0.007423341,
772168218138795,3,-0.014288943,0.031047896,-0.013531993,
772168236449342,3,-0.010929186,0.011194773,-0.01322656,
772168254546266,3,0.004037015,0.014554534,-0.00620161,
772168278288943,3,-0.0023770705,0.027077269,-0.003147284,
772168294219119,3,-0.0060422644,0.03532395,-0.0016201208,
772168314665895,3,-0.003293369,0.032269627,-0.007423341,
772168338286500,3,-0.0020716377,0.024328377,-0.011393964,
772168354277712,3,-0.007874858,0.017608859,-3.9839046E-4,
772168374785525,3,-0.007263992,0.033796787,8.233404E-4,
772168398375613,3,-0.0020716377,0.034713086,-0.0034527166,
772168416655641,3,-0.0039042346,0.024939243,-0.008339639,
772168435118775,3,-0.0039042346,0.025244676,-0.00620161,
772168458342653,3,-0.006347697,0.030131597,-0.0037581492,
772168474394900,3,-0.00818029,0.034407653,0.0032668011,
772168494841678,3,3.7182122E-4,0.037156545,-0.0058961776,
772168518462283,3,-0.0029879361,0.024022944,-0.00620161,
772168534453493,3,-0.009707455,0.03043703,-0.0037581492,
772168554839235,3,-0.005125966,0.030742463,-0.0037581492,
772168578459841,3,-0.009096589,0.024939243,-0.0058961776,
772168596800906,3,-0.008791156,0.033796787,-0.0052853124,
772168615050417,3,-0.012761781,0.029520731,-0.0034527166,
772168638579469,3,-0.0026825033,0.037156545,-0.005590745,
772168654570680,3,-2.3904443E-4,0.027993567,-0.0043690144,
772168675353151,3,6.7725405E-4,0.025244676,-0.007117908,
772168698638065,3,-0.006958563,0.028604433,-0.0049798796,
772168714629276,3,-0.0020716377,0.03624025,-0.006507043,
772168735015016,3,-0.004820533,0.028909866,-0.004674447,
772168758666139,3,-0.007874858,0.014554534,-0.008034206,
772168777007203,3,-0.005125966,0.012721937,-0.007423341,
772168795104128,3,-0.01398351,0.03318592,-0.0025364188,
772168818755253,3,-0.005125966,0.055787936,-0.0034527166,
772168834746463,3,-0.0026825033,0.05242818,-0.007423341,
772168855315309,3,-0.010012887,0.026466407,-0.018113483,
772168878783327,3,-0.0029879361,0.0047806874,-0.008034206,
772168894805056,3,-0.005125966,0.017303426,0.0014342051,
772168915526492,3,-0.007569425,0.03654568,0.0032668011,
772168938841921,3,-0.0035988018,0.041432604,-0.007423341,
772168957152467,3,-0.010929186,0.027993567,-0.008339639,
772168975249391,3,-0.00818029,0.017608859,-0.007423341,
772168998931033,3,-0.009707455,0.028909866,-0.0019255537,
772169014922244,3,-0.010623753,0.04204347,-0.0049798796,
772169035369022,3,-0.017037837,0.05151188,0.0038776668,
772169058959108,3,-0.007874858,0.041738037,-0.00620161,
772169074950318,3,-0.00665313,0.020052321,-0.008339639,
772169095488649,3,-0.013372647,0.021579482,2.1247473E-4,
772169118987185,3,-0.014288943,0.051817313,-0.004063582,
772169137328250,3,-0.015510675,0.0573151,0.0032668011,
772169155821902,3,0.0034261495,0.045097794,-0.009561369,
772169179045777,3,-0.011234619,0.015776262,-0.013531993,
772169195098024,3,-0.006958563,0.02463381,-0.002230986,
772169215514284,3,-0.008485723,0.033491354,8.233404E-4,
772169239165409,3,-0.005125966,0.03501852,-0.0034527166,
772169255187136,3,9.826869E-4,0.028604433,-0.008339639,
772169275572877,3,-0.00665313,0.02249578,-0.010172235,
772169299224001,3,-0.010623753,0.026160974,-0.0058961776,
772169317534547,3,-0.007569425,0.028909866,-0.002230986,
772169335784060,3,-0.00665313,0.035629384,-0.009255936,
772169359282596,3,-0.0054313987,0.034713086,-0.0037581492,
772169375273806,3,-0.0039042346,0.026771836,-0.008645071,
772169396056275,3,-0.005125966,0.019441456,-0.008645071,
772169419341189,3,-0.005125966,0.022801213,-0.0019255537,
772169435332400,3,-0.007874858,0.03318592,-0.006507043,
772169455748660,3,-0.006958563,0.034407653,-0.009866802,
772169479369265,3,-0.006347697,0.022801213,-0.007423341,
772169497679811,3,-0.0042096674,0.027688134,-0.002230986,
772169515807252,3,-0.014594376,0.026160974,0.0011287727,
772169539488894,3,-0.008791156,0.032575056,-0.005590745,
772169555449588,3,-0.00818029,0.03196419,-0.0016201208,
772169576018435,3,-0.010623753,0.029520731,-0.007117908,
772169599516969,3,-0.0020716377,0.040210873,-0.0043690144,
772169615538697,3,-0.004820533,0.032880493,-0.007117908,
772169636260133,3,-0.007569425,0.017608859,-0.0019255537,
772169659545047,3,3.7182122E-4,0.027077269,-0.008034206,
772169677855594,3,-0.010012887,0.031047896,-0.007423341,
772169696013552,3,-0.001460772,0.03624025,-0.007423341,
772169719664674,3,-0.003293369,0.026771836,-0.0049798796,
772169735655885,3,-0.004820533,0.019136023,-0.006507043,
772169756102663,3,-0.0042096674,0.013638236,-0.008339639,
772169779723270,3,-0.0136780795,0.020052321,-0.007728773,
772169795714480,3,-0.015816107,0.036851116,-0.0052853124,
772169816680055,3,-0.012150915,0.0582314,-0.006507043,
772169839720827,3,-0.01031832,0.05273361,-0.009561369,
772169858031374,3,-0.010929186,0.028909866,-0.016586319,
772169876494509,3,-0.010929186,0.011500206,-0.008034206,
772169899840456,3,9.826869E-4,0.020663187,-0.0025364188,
772169915801149,3,-0.006958563,0.032269627,-0.0043690144,
772169936247926,3,-0.0042096674,0.040516306,-0.0037581492,
772169959899050,3,-0.012456348,0.025550108,-0.008950504,
772169975890261,3,-0.01031832,0.017914291,-0.0052853124,
772169996306522,3,-0.014899809,0.024328377,-0.003147284,
772170019927126,3,-0.008791156,0.048762985,-0.0058961776,
772170038207154,3,0.0022044182,0.048762985,-0.0058961776,
772170056456666,3,-0.017037837,0.024328377,-0.01567002,
772170080016238,3,-0.007874858,0.019746888,-0.01567002,
772170095976932,3,-0.012150915,0.031047896,-0.0034527166,
772170116820437,3,-0.008791156,0.056704234,-0.0028418512,
772170140074830,3,-0.008485723,0.040210873,-0.008034206,
772170156066041,3,-0.012761781,0.020357754,-0.009561369,
772170176421266,3,-0.012456348,0.01302737,-0.0058961776,
772170200072391,3,-0.0060422644,0.03165876,-0.0043690144,
772170218413454,3,-0.005125966,0.045097794,-0.0043690144,
772170236510377,3,-0.00665313,0.0423489,-0.006507043,
772170260192018,3,-0.007569425,0.026466407,-0.008034206,
772170276152712,3,-0.00665313,0.020663187,-3.9839046E-4,
772170296721560,3,-2.3904443E-4,0.031047896,-0.004063582,
772170320220096,3,-0.00665313,0.027382702,-0.004063582,
772170336211306,3,-0.001460772,0.028909866,-0.008339639,
772170356963257,3,-0.009402022,0.027382702,-0.008339639,
772170380278689,3,-0.004820533,0.027077269,-0.0052853124,
772170398589236,3,0.0037315823,0.028604433,-0.0043690144,
772170416716678,3,-5.4447725E-4,0.026160974,-0.007117908,
772170440337283,3,-0.004820533,0.026771836,-0.00620161,
772170456297975,3,-0.007569425,0.030742463,-0.0052853124,
772170476714235,3,-0.0057368316,0.03135333,-0.0016201208,
772170500365359,3,-0.0060422644,0.026771836,-0.003147284,
772170516356570,3,-0.0029879361,0.029215299,-0.0034527166,
772170536864382,3,0.0034261495,0.023412079,-0.007117908,
772170560393433,3,-0.004820533,0.026466407,-0.00620161,
772170578703981,3,-0.008791156,0.030131597,-0.0010092556,
772170597167116,3,-0.0029879361,0.033796787,-0.00620161,
772170620482547,3,-0.012456348,0.025550108,-0.0034527166,
772170636473758,3,-0.011234619,0.02463381,-0.008339639,
772170656920534,3,-0.006347697,0.021274049,-0.006507043,
772170680510621,3,-0.005125966,0.027077269,-0.004674447,
772170696501832,3,-0.012150915,0.027382702,-0.012310263,
772170716887575,3,-0.009707455,0.024022944,-0.0058961776,
772170740538700,3,-0.00818029,0.03532395,-0.0010092556,
772170758879763,3,-0.00665313,0.03165876,-0.007117908,
772170777098756,3,-0.007263992,0.016387127,-0.011088531,
772170800688845,3,-0.0035988018,0.013332803,-0.0058961776,
772170816649538,3,-0.0042096674,0.027077269,-9.2957634E-5,
772170837432009,3,-0.010623753,0.053039044,-0.0025364188,
772170860686403,3,-0.009707455,0.06647808,-0.008339639,
772170876708131,3,-0.01398351,0.027688134,-0.019029781,
772170897063355,3,-0.007874858,0.0035589598,-0.016586319,
772170920683962,3,0.0018989854,0.013332803,-0.004674447,
772170939025028,3,-0.0057368316,0.030131597,-0.002230986,
772170957152469,3,6.7725405E-4,0.040210873,-0.006507043,
772170980834108,3,-0.0060422644,0.023412079,-0.008645071,
772170996794800,3,-0.011845484,0.015470829,-0.010172235,
772171017363649,3,-0.010012887,0.017914291,-0.0016201208,
772171040862185,3,-0.011540052,0.038683712,0.0041830987,
772171056853396,3,-0.010623753,0.04784669,-0.002230986,
772171077635867,3,-0.007569425,0.03318592,-0.008034206,
772171100951295,3,-0.008485723,0.017914291,-0.005590745,
772171119231325,3,-0.012761781,0.031047896,-0.004063582,
772171137358766,3,-0.017954135,0.059147697,-0.0034527166,
772171161009891,3,-0.0039042346,0.061285723,-0.001314688,
772171177001101,3,-0.008485723,0.03043703,-0.011393964,
772171197478395,3,-0.007569425,0.024939243,-0.009561369,
772171221099001,3,-8.499101E-4,0.027688134,-0.004674447,
772171237090212,3,6.7725405E-4,0.03043703,-0.006507043,
772171257598025,3,0.0022044182,0.030131597,-0.007728773,
772171281157596,3,-0.0020716377,0.019441456,-0.01322656,
772171299437624,3,-0.015205242,0.019746888,-0.010477667,
772171317870240,3,-0.007263992,0.02463381,-0.0019255537,
772171341216189,3,-0.0029879361,0.03135333,-0.0034527166,
772171357207400,3,0.0015935525,0.03135333,-0.007117908,
772171377654178,3,-0.007874858,0.029520731,-0.011699397,
772171401335818,3,-0.0023770705,0.021274049,-0.007728773,
772171417327028,3,-5.4447725E-4,0.020663187,-0.008339639,
772171437712770,3,-0.00818029,0.017914291,-0.011088531,
772171461241824,3,-5.4447725E-4,0.025550108,-0.011088531,
772171479552372,3,-0.0026825033,0.024022944,-0.0058961776,
772171497801882,3,0.0031207167,0.017303426,-0.009255936,
772171521361451,3,-2.3904443E-4,0.0151654,-0.008034206,
772171537352662,3,-0.0011553429,0.021884914,-0.008034206,
772171558135133,3,-0.007874858,0.026466407,-0.00620161,
772171581450565,3,-0.0023770705,0.028909866,-0.0049798796,
772171597380740,3,-0.0035988018,0.03196419,-0.0019255537,
772171617766481,3,-0.01031832,0.040210873,-0.0019255537,
772171641417604,3,-0.006347697,0.045403227,-0.008339639,
772171659728152,3,-0.006958563,0.026771836,-0.015975453,
772171677855593,3,-0.004820533,0.015776262,-0.009561369,
772171701506717,3,6.7725405E-4,0.028604433,-0.007423341,
772171717467410,3,0.0012881197,0.023717511,-0.007728773,
772171738066774,3,-0.0060422644,0.020663187,-0.012921128,
772171761565309,3,-0.0042096674,0.023412079,-0.01200483,
772171777556520,3,-0.0029879361,0.023717511,-0.004063582,
772171798308475,3,3.7182122E-4,0.015776262,-0.008950504,
772171821593386,3,-0.001460772,0.01669256,-0.004674447,
772171839751344,3,-0.016732406,0.026466407,0.0011287727,
772171858000855,3,-0.014899809,0.061591156,-0.0019255537,
772171881713015,3,-0.00818029,0.06525635,-0.007117908,
772171897673708,3,-0.017954135,0.026160974,-0.01567002,
772171918120486,3,-0.015205242,0.009973042,-0.016280886,
772171941741090,3,-0.003293369,0.00936218,-0.007117908,
772171957732300,3,-0.0039042346,0.013638236,-0.0025364188,
772171978240114,3,-0.009707455,0.034407653,-0.0037581492,
772172001738650,3,-0.003293369,0.025244676,-0.009866802,
772172020079716,3,-8.499101E-4,0.018219724,-0.004063582,
772172038603884,3,-0.0054313987,0.015776262,-0.007117908,
772172061858277,3,-0.010623753,0.023106646,-0.0028418512,
772172077849488,3,-0.008485723,0.03654568,0.0011287727,
772172098357303,3,-0.013372647,0.03624025,-0.013531993,
772172121916873,3,-0.011845484,0.016387127,-0.009561369,
772172137877566,3,-0.011845484,0.01883059,-0.0028418512,
772172158354860,3,-0.0136780795,0.049984716,8.233404E-4,
772172181944949,3,-0.010623753,0.05395534,-0.010172235,
772172200072391,3,-0.017037837,0.016081695,-0.01780805,
772172218474490,3,-0.009707455,0.011194773,-0.009561369,
772172242003542,3,-0.0029879361,0.014249101,-0.00620161,
772172257994753,3,-0.0026825033,0.037156545,-0.0049798796,
772172278807743,3,9.826869E-4,0.028299,-0.006507043,
772172302062136,3,-0.0060422644,0.017303426,-0.009561369,
772172318083863,3,-0.005125966,0.013332803,-0.007728773,
772172338469607,3,-0.0020716377,0.025550108,-0.004674447,
772172362120731,3,-0.0057368316,0.034713086,-0.007728773,
772172380278689,3,-0.0017662048,0.040516306,-0.007423341,
772172398528200,3,0.0015935525,0.019441456,-0.005590745,
772172422179324,3,-0.0026825033,0.018219724,-0.004063582,
772172438170535,3,-0.01398351,0.024022944,-0.004063582,
772172458739382,3,-0.007874858,0.031047896,-0.008950504,
772172482237917,3,-0.004820533,0.026466407,-0.007423341,
772172498351199,3,0.0018989854,0.020052321,-0.006507043,
772172518981083,3,-0.00665313,0.01883059,-0.008950504,
772172541655642,3,-0.013372647,0.03165876,-0.0028418512,
772172560607058,3,-0.007569425,0.04112717,-0.005590745,
772172578703982,3,-0.006958563,0.030131597,-0.008645071,
772172602324588,3,-0.006347697,0.022801213,-0.007423341,
772172618346316,3,-0.0042096674,0.020663187,-0.008645071,
772172638823610,3,-5.4447725E-4,0.019746888,-0.00620161,
772172662413699,3,-0.0026825033,0.025550108,-0.008339639,
772172678404911,3,-0.010929186,0.019441456,-0.010172235,
772172698943240,3,-0.006347697,0.025244676,-0.001314688,
772172722441774,3,-0.0054313987,0.032575056,-0.007423341,
772172740569217,3,0.0031207167,0.029520731,-0.00620161,
772172759795292,3,-0.0023770705,0.016997993,-0.007423341,
772172782530886,3,-0.0045151003,0.009667613,-0.003147284,
772172798522097,3,-0.010623753,0.030131597,-3.9839046E-4,
772172818968875,3,-0.015816107,0.05029015,-0.0016201208,
772172842589481,3,-0.006958563,0.05395534,-0.009866802,
772172858580691,3,-0.01734327,0.0151654,-0.013837426,
772172878966433,3,-0.010012887,0.0060024187,-0.01200483,
772172902617556,3,0.0043424442,0.021579482,-0.0037581492,
772172920928104,3,-0.01031832,0.026771836,-0.008034206,
772172939177615,3,6.63884E-5,0.027688134,-0.007117908,
772172962737184,3,-5.4447725E-4,0.016997993,-0.008339639,
772172978697879,3,-0.0060422644,0.012416504,-0.0049798796,
772172999541385,3,-0.011845484,0.022801213,-3.9839046E-4,
772173022765261,3,-0.004820533,0.035934817,-0.0010092556,
772173038756472,3,-0.001460772,0.040516306,-0.0107831,
772173059142215,3,-0.008485723,0.023717511,-0.012921128,
772173082762821,3,-0.006347697,0.011500206,-0.0058961776,
772173100951296,3,-8.499101E-4,0.02249578,-0.0016201208,
772173119200808,3,3.7182122E-4,0.048457555,-0.004674447,
772173142851931,3,-0.007874858,0.035629384,-0.015975453,
772173158873661,3,-0.018870434,0.016081695,-0.0147537235,
772173179442507,3,-0.006958563,0.013638236,-0.004674447,
772173202971559,3,-0.006958563,0.032269627,-0.0025364188,
772173218932254,3,-0.00665313,0.03776741,-0.0034527166,
772173239653690,3,-0.007263992,0.028299,-0.010172235,
772173262969118,3,-0.011845484,0.017914291,-0.009561369,
772173281279665,3,-0.011845484,0.01883059,-0.005590745,
772173299407107,3,-0.009707455,0.03410222,-0.002230986,
772173323058231,3,-0.0011553429,0.045097794,-0.0043690144,
772173339049441,3,-0.0023770705,0.029520731,-0.0034527166,
772173359496218,3,-0.0057368316,0.01883059,-0.007423341,
772173383116824,3,-0.003293369,0.020663187,-0.007423341,
772173400267704,3,6.63884E-5,0.02463381,-0.008034206,
772173419646365,3,-0.0020716377,0.023412079,-0.0058961776,
772173443144899,3,-0.00818029,0.01883059,-0.009255936,
772173461485965,3,-0.011234619,0.02249578,-0.008034206,
772173479918583,3,-0.007874858,0.027993567,-0.0049798796,
772173503234011,3,-0.009096589,0.027382702,-0.0058961776,
772173519225222,3,-0.0045151003,0.037156545,-0.007117908,
772173539672000,3,-0.001460772,0.02249578,-0.007423341,
772173563292606,3,-0.003293369,0.019441456,-0.009255936,
772173579283816,3,6.7725405E-4,0.020968616,-0.010477667,
772173600005251,3,6.7725405E-4,0.019136023,-0.0043690144,
772173623351199,3,-0.004820533,0.021884914,-0.0049798796,
772173641692264,3,-0.009096589,0.030131597,8.233404E-4,
772173659911257,3,6.7725405E-4,0.032269627,-0.008034206,
772173683470827,3,-0.0035988018,0.020357754,-0.009561369,
772173699431521,3,-0.011540052,0.015470829,-0.011699397,
772173720213993,3,-0.004820533,0.011194773,-0.008645071,
772173743498903,3,-0.012150915,0.029826164,-0.004063582,
772173759490114,3,-0.013372647,0.059147697,0.0020450708,
772173779875857,3,-0.007263992,0.046319526,-0.009561369,
772173803496463,3,-0.005125966,0.01883059,-0.014142858,
772173821837527,3,-0.0039042346,0.00142093,-0.009866802,
772173839934450,3,-0.00665313,0.017608859,2.1247473E-4,
772173863585574,3,-0.015510675,0.038072847,-0.004674447,
772173879576786,3,-0.0060422644,0.03990544,-0.003147284,
772173900145632,3,-0.007263992,0.026466407,-0.008034206,
772173923644167,3,-0.007569425,0.022190347,-0.007423341,
772173939635379,3,-0.012456348,0.019136023,0.0032668011,
772173960417850,3,-0.009096589,0.044181496,-0.006507043,
772173983641726,3,-0.0045151003,0.045403227,-0.0052853124,
772174001982790,3,-0.011845484,0.020968616,-0.012615696,
772174020079715,3,-0.011234619,0.014249101,-0.0049798796,
772174043761356,3,-0.008791156,0.028299,-0.0016201208,
772174059722048,3,-0.009096589,0.049984716,-3.9839046E-4,
772174080168825,3,-5.4447725E-4,0.04693039,-0.007117908,
772174103789431,3,-0.011540052,0.013332803,-0.016586319,
772174119811161,3,-0.008791156,0.0081404485,-0.002230986,
772174140318972,3,-0.011234619,0.029520731,0.0026559355,
772174163848024,3,-0.009707455,0.03624025,-0.0043690144,
772174182158572,3,-0.006347697,0.03043703,-0.008950504,
772174200621708,3,-0.009707455,0.02463381,-0.008645071,
772174223876101,3,-0.0029879361,0.027077269,-0.009255936,
772174239928347,3,-0.0011553429,0.025244676,-0.007728773,
772174260375125,3,-0.009707455,0.022190347,-0.007728773,
772174283995731,3,-0.01031832,0.027077269,-0.0052853124,
772174299956423,3,-0.00665313,0.029215299,-0.0028418512,
772174320372683,3,-0.005125966,0.032880493,-0.005590745,
772174343993289,3,-0.011540052,0.03165876,-0.0025364188,
772174362334354,3,-0.007263992,0.033796787,-0.008034206,
772174380553347,3,-5.4447725E-4,0.020663187,-0.0049798796,
772174404082399,3,-5.4447725E-4,0.020052321,-0.002230986,
772174420073611,3,-0.001460772,0.027077269,-0.00620161,
772174440917118,3,-0.0017662048,0.025855541,-0.003147284,
772174464110476,3,-0.0057368316,0.019746888,-0.012310263,
772174480162722,3,-0.0039042346,0.019136023,-0.009255936,
772174500517947,3,0.0055641755,0.023412079,-0.0049798796,
772174524169071,3,0.0012881197,0.029520731,-0.0052853124,
772174542479616,3,-0.010929186,0.026160974,-0.007728773,
772174560607058,3,-0.012761781,0.023412079,-0.008950504,
772174584258181,3,6.7725405E-4,0.020968616,-0.0058961776,
772174600249393,3,-0.010012887,0.018219724,-0.008339639,
772174620818240,3,-0.011845484,0.031047896,-0.002230986,
772174644316774,3,-0.0045151003,0.04082174,-0.0058961776,
772174660307986,3,-0.0042096674,0.024939243,-0.010477667,
772174681029423,3,-0.014594376,0.012416504,-0.0147537235,
772174704344851,3,-0.012150915,0.013332803,-0.0034527166,
772174722685915,3,-0.015816107,0.033796787,-0.0052853124,
772174740752322,3,-0.017648702,0.055787936,-0.002230986,
772174764403446,3,-0.010012887,0.05609337,-0.007423341,
772174780425173,3,-0.01031832,0.026466407,-0.013837426,
772174800871950,3,-0.013067214,0.0041698217,-0.015059156,
772174824462039,3,-0.009402022,0.018219724,-0.004063582,
772174840514286,3,-0.007569425,0.03318592,-0.0049798796,
772174860991579,3,-0.009402022,0.04082174,-0.009561369,
772174884520632,3,-0.01031832,0.029826164,-0.015059156,
772174902648074,3,-0.008791156,0.014554534,-0.002230986,
772174921355350,3,-0.009707455,0.020968616,-3.9839046E-4,
772174944609743,3,-0.009096589,0.037156545,-7.038228E-4,
772174960600954,3,-0.0060422644,0.039600007,-0.0058961776,
772174981047732,3,-0.012150915,0.03165876,-0.012921128,
772175004668338,3,-0.006347697,0.022190347,-0.0049798796,
772175020659548,3,-0.011845484,0.027993567,-0.0016201208,
772175041106325,3,-0.010929186,0.04693039,-0.007423341,
772175064726931,3,-0.012456348,0.051206447,-0.005590745,
772175083037479,3,-0.0020716377,0.030131597,-0.009561369,
772175101225954,3,-0.0023770705,0.012416504,-0.012921128,
772175124785524,3,-0.00818029,0.012721937,-0.009255936,
772175141081912,3,-0.0060422644,0.029215299,-0.0034527166,
772175161559208,3,-0.0039042346,0.034713086,-0.007117908,
772175184844118,3,-0.0035988018,0.028909866,-0.008950504,
772175200835329,3,-0.0029879361,0.023412079,-0.007423341,
772175221221072,3,-0.010012887,0.024328377,-0.001314688,
772175244872196,3,-0.0029879361,0.029826164,-0.006507043,
772175263030154,3,-0.001460772,0.021884914,-0.006507043,
772175281279665,3,-0.007569425,0.029215299,-0.007117908,
772175304961306,3,-0.0035988018,0.027688134,-0.005590745,
772175320952518,3,-0.0060422644,0.030131597,-0.0025364188,
772175341521365,3,-0.001460772,0.032880493,-0.002230986,
772175365019899,3,-0.006958563,0.019746888,-0.010172235,
772175381011111,3,-0.003293369,0.020357754,-0.008339639,
772175401732547,3,-0.0054313987,0.020663187,-0.009255936,
772175425017457,3,-0.004820533,0.033796787,-0.008339639,
772175443358522,3,-0.008485723,0.032880493,-0.0037581492,
772175461485965,3,-0.008485723,0.027382702,-0.007728773,
772175485106570,3,-0.004820533,0.02463381,-0.008645071,
772175501097780,3,-0.011540052,0.028604433,-0.006507043,
772175521575075,3,-0.003293369,0.038683712,-0.0019255537,
772175545226199,3,-0.008485723,0.03990544,-0.0034527166,
772175561186892,3,-0.003293369,0.039600007,-0.0037581492,
772175581694703,3,-0.006958563,0.029520731,-0.0058961776,
772175605162722,3,0.0012881197,0.019441456,-0.0043690144,
772175623503787,3,-0.008791156,0.023412079,-0.007728773,
772175641966922,3,-0.007569425,0.032269627,-0.007117908,
772175665282350,3,-0.005125966,0.038683712,-0.002230986,
772175681273562,3,-0.0023770705,0.039600007,-0.0107831,
772175701720340,3,-0.010623753,0.017608859,-0.019029781,
772175725340945,3,-0.009402022,0.005391553,-0.0107831,
772175741332155,3,-0.007874858,0.016387127,-0.004674447,
772175761748415,3,-0.013372647,0.0573151,-0.0016201208,
772175785369021,3,-0.008485723,0.06678351,-0.0037581492,
772175803679568,3,-0.014594376,0.04570866,-0.017197184,
772175821929078,3,-0.0136780795,0.003253527,-0.01322656,
772175845488649,3,-0.007263992,0.006918717,-0.0019255537,
772175861449344,3,-0.01734327,0.030742463,-0.001314688,
772175882292849,3,3.7182122E-4,0.05059558,-0.007117908,
772175905547242,3,-0.005125966,0.028299,-0.010477667,
772175921507937,3,-0.009707455,0.013943668,-0.015364589,
772175941893680,3,9.826869E-4,0.019441456,-0.008950504,
772175965575320,3,-0.00818029,0.025855541,-0.0034527166,
772175983885865,3,-0.0060422644,0.046014093,-0.008950504,
772176001952273,3,-0.006958563,0.041432604,-0.011699397,
772176025633914,3,-0.008485723,0.012721937,-0.009561369,
772176041625125,3,-0.012456348,0.015776262,-0.0019255537,
772176062193971,3,-5.4447725E-4,0.040210873,-0.008339639,
772176085692507,3,-0.0011553429,0.044181496,-0.00620161,
772176101683719,3,-0.013372647,0.026466407,-0.017502617,
772176122405154,3,-0.011234619,0.0081404485,-0.007117908,
772176145690065,3,-0.010623753,0.01883059,-0.002230986,
772176163878542,3,-0.0194813,0.039600007,-0.002230986,
772176182158572,3,-0.010012887,0.043876067,-0.0049798796,
772176205809696,3,-0.007263992,0.03135333,-0.004674447,
772176221800906,3,-0.0035988018,0.024939243,-0.001314688,
772176242247683,3,0.0012881197,0.029826164,-0.0034527166,
772176265868289,3,-0.003293369,0.031047896,-0.0034527166,
772176281859500,3,-0.001460772,0.027077269,-0.010477667,
772176302397828,3,-0.009402022,0.026466407,-0.005590745,
772176325865847,3,-0.00665313,0.03165876,-0.0049798796,
772176344206912,3,-0.003293369,0.03196419,-0.004063582,
772176362670047,3,-0.0057368316,0.027993567,-0.0058961776,
772176385985475,3,-0.0020716377,0.024328377,-0.009561369,
772176401976687,3,-0.005125966,0.024328377,-0.009866802,
772176422423465,3,-0.0011553429,0.021274049,-0.008034206,
772176446013552,3,-0.004820533,0.021579482,-0.0037581492,
772176462065797,3,-0.0045151003,0.024939243,-0.007423341,
772176482421023,3,3.7182122E-4,0.025855541,-0.00620161,
772176506072146,3,-0.0057368316,0.017303426,-0.005590745,
772176524413210,3,-0.01031832,0.027688134,-0.005590745,
772176542632203,3,-0.0057368316,0.035629384,-0.0043690144,
772176566191774,3,-0.008485723,0.032269627,-0.0052853124,
772176582152469,3,-0.006958563,0.023106646,-0.0052853124,
772176602965457,3,-0.001460772,0.030742463,-0.0049798796,
772176626219850,3,0.0012881197,0.029826164,-0.008034206,
772176642211060,3,0.0015935525,0.019746888,-0.008950504,
772176662596803,3,0.002509851,0.020357754,-0.0043690144,
772176686247926,3,-0.009096589,0.022190347,-0.012310263,
772176704558474,3,-0.012761781,0.021884914,-0.007728773,
772176722655399,3,-5.4447725E-4,0.022801213,-0.0052853124,
772176746337038,3,-0.013067214,0.021884914,-0.0037581492,
772176762328248,3,-0.007263992,0.05059558,-0.0016201208,
772176782897096,3,-0.010623753,0.04479236,-0.009255936,
772176806456667,3,-0.015510675,0.027688134,-0.012615696,
772176822386844,3,-0.012761781,0.012721937,-0.0107831,
772176843169314,3,3.7182122E-4,0.019441456,-0.0043690144,
772176866423707,3,9.826869E-4,0.027382702,-0.0043690144,
772176884551147,3,-0.007569425,0.028909866,-0.012310263,
772176902861695,3,-0.006347697,0.011500206,-0.009255936,
772176926512819,3,-0.009096589,0.019441456,-0.0107831,
772176942504031,3,-0.0017662048,0.023717511,-0.0052853124,
772176962950809,3,-0.008791156,0.038683712,0.0032668011,
772176986571413,3,-0.006958563,0.036851116,-0.0037581492,
772177002562623,3,-0.0020716377,0.021884914,-0.004063582,
772177023070436,3,-0.014288943,0.012416504,-3.9839046E-4,
772177046568972,3,-0.010929186,0.03898914,-0.008645071,
772177064726931,3,-0.006958563,0.051206447,-9.2957634E-5,
772177083342654,3,-0.0020716377,0.03410222,-0.008034206,
772177106688600,3,-0.014288943,0.013638236,-0.019640647,
772177122679810,3,-0.0023770705,0.0047806874,-0.007117908,
772177143096070,3,-0.011540052,0.020663187,-0.0037581492,
772177166777711,3,-0.007874858,0.043876067,-3.9839046E-4,
772177182738406,3,-0.0017662048,0.035934817,-0.005590745,
772177203154666,3,-0.018870434,0.018219724,-0.009255936,
772177226775270,3,-0.0057368316,0.03043703,-0.0049798796,
772177244963746,3,0.0022044182,0.030742463,-0.0058961776,
772177263365846,3,-0.0054313987,0.032269627,-0.003147284,
772177286894899,3,-0.0042096674,0.026771836,-0.0043690144,
772177302886111,3,-0.007263992,0.019441456,-0.007117908,
772177323668582,3,-0.009402022,0.020052321,-0.005590745,
772177346922975,3,-0.006958563,0.023106646,-0.005590745,
772177362914186,3,-0.008485723,0.03532395,-0.004674447,
772177383299929,3,-0.0054313987,0.030131597,-0.0058961776,
772177406920535,3,-0.009402022,0.023106646,-0.007728773,
772177425261599,3,-0.005125966,0.026771836,-0.0049798796,
772177443358522,3,-0.009096589,0.02463381,-0.007117908,
772177467040162,3,-0.0011553429,0.028604433,-0.0052853124,
772177483031374,3,-0.0039042346,0.025550108,-0.007728773,
772177503569704,3,-0.007874858,0.03043703,-0.004674447,
772177527098758,3,-0.007874858,0.028299,-0.009561369,
772177543059450,3,-0.009707455,0.025550108,-0.009561369,
772177563811402,3,-0.011845484,0.021579482,-0.0052853124,
772177587096315,3,-0.008485723,0.027993567,-0.005590745,
772177605376345,3,-0.0060422644,0.03532395,-0.0049798796,
772177623564822,3,-0.0057368316,0.038683712,-0.008645071,
772177647246462,3,-0.003293369,0.026466407,-0.008339639,
772177663207155,3,-0.010929186,0.01669256,-0.012310263,
772177683653932,3,-0.00818029,0.0151654,-0.0025364188,
772177707305055,3,-0.014594376,0.04082174,-0.004674447,
772177723265750,3,-0.007569425,0.06495091,-0.005590745,
772177743804079,3,-0.01612154,0.04815212,-0.017502617,
772177767272096,3,-0.01031832,0.010583907,-0.016280886,
772177785613160,3,-0.0017662048,0.010583907,-0.008645071,
772177804137331,3,-0.003293369,0.019746888,-3.9839046E-4,
772177827330691,3,-0.005125966,0.032575056,-0.006507043,
772177843382938,3,-0.006347697,0.03043703,-0.011393964,
772177863829714,3,-0.001460772,0.024939243,-0.004063582,
772177887419800,3,6.63884E-5,0.019441456,-0.008950504,
772177903441530,3,-0.007874858,0.017303426,-0.0043690144,
772177923857790,3,-0.00665313,0.032575056,-0.004674447,
772177947447879,3,6.7725405E-4,0.041738037,-0.007728773,
772177965788943,3,-0.006958563,0.029520731,-0.008339639,
772177984038453,3,-0.007263992,0.013332803,-0.008034206,
772178007567506,3,-0.009402022,0.02249578,-0.0037581492,
772178023558718,3,-0.011845484,0.0432652,-0.0019255537,
772178044341189,3,-0.0035988018,0.04357063,-0.0058961776,
772178067626101,3,-0.010623753,0.012416504,-0.012615696,
772178083617311,3,-0.013067214,0.014249101,-0.008339639,
772178104003053,3,-0.0017662048,0.025855541,-0.0025364188,
772178127654176,3,-0.009707455,0.03501852,-3.9839046E-4,
772178145781618,3,-0.010012887,0.039294574,-0.004063582,
772178164061649,3,-0.012456348,0.029826164,-0.0037581492,
772178187712770,3,-0.003293369,0.028604433,-0.006507043,
772178203765015,3,-0.005125966,0.023106646,-0.0010092556,
772178224303346,3,-0.0017662048,0.032269627,-0.001314688,
772178247801882,3,-0.003293369,0.034713086,-0.0058961776,
772178263793094,3,-0.006347697,0.027688134,-0.004674447,
772178284514529,3,9.826869E-4,0.028909866,-0.008645071,
772178307799440,3,9.826869E-4,0.024328377,-0.008950504,
772178326140504,3,-0.008791156,0.025855541,-0.007117908,
772178344237429,3,-0.0060422644,0.025550108,-0.0043690144,
772178367888552,3,-0.007569425,0.025550108,-0.0034527166,
772178383910281,3,-0.009096589,0.026771836,-0.007728773,
772178404357057,3,-0.009402022,0.025855541,-0.007117908,
772178427977662,3,-0.004820533,0.024328377,-0.010172235,
772178443938356,3,-0.0042096674,0.021884914,-0.00620161,
772178464476687,3,0.0031207167,0.024939243,-0.0025364188,
772178487975223,3,6.7725405E-4,0.024022944,-0.008950504,
772178506194216,3,-0.006347697,0.027688134,-0.007117908,
772178524779420,3,-0.007569425,0.022190347,-0.007728773,
772178548064332,3,-0.010012887,0.023106646,-0.0034527166,
772178564055544,3,-0.010929186,0.028604433,-0.0052853124,
772178584502322,3,-0.0023770705,0.03196419,-0.005590745,
772178608122927,3,-0.007569425,0.028909866,-0.006507043,
772178624144655,3,-0.007263992,0.024939243,-0.011393964,
772178644530397,3,-0.004820533,0.014554534,-0.007728773,
772178668151003,3,-0.010929186,0.012721937,-0.008034206,
772178686339480,3,-0.014899809,0.03410222,-0.0025364188,
772178704680544,3,-0.0057368316,0.05609337,-0.0037581492,
772178728209596,3,-0.00665313,0.05273361,-0.011088531,
772178744231324,3,-0.014594376,0.01883059,-0.018113483,
772178765044313,3,-0.012150915,0.0026426613,-0.012310263,
772178788329226,3,-0.003293369,0.018525157,-0.0034527166,
772178804289920,3,-8.499101E-4,0.04112717,-0.0034527166,
772178824675661,3,-0.007874858,0.025855541,-0.013837426,
772178848235230,3,-0.007263992,0.022801213,-0.009561369,
772178866637330,3,-0.0023770705,0.018219724,-0.009561369,
772178884734255,3,-0.001460772,0.017608859,-0.001314688,
772178908415897,3,9.826869E-4,0.027688134,-0.0058961776,
772178924407107,3,-0.0060422644,0.033796787,-0.0028418512,
772178944945436,3,-0.007263992,0.031047896,-0.009561369,
772178968443972,3,-0.009096589,0.014859967,-0.006507043,
772178984435183,3,-0.014594376,0.020357754,-0.0016201208,
772179005187136,3,-0.009096589,0.041738037,-0.0049798796,
772179028533083,3,-0.003293369,0.043876067,-0.0049798796,
772179046630006,3,-0.009096589,0.017303426,-0.013531993,
772179064910035,3,-0.0060422644,0.016081695,-0.009255936,
772179088500124,3,-0.0045151003,0.023717511,-0.008339639,
772179104582888,3,-0.007263992,0.03135333,-0.003147284,
772179125029666,3,-0.008791156,0.03501852,-0.003147284,
772179148619753,3,-0.008485723,0.025550108,-0.0037581492,
772179164610963,3,-0.01031832,0.03165876,-9.2957634E-5,
772179185149293,3,-0.0035988018,0.034407653,-0.0049798796,
772179208586795,3,-0.0023770705,0.027077269,-0.004674447,
772179226988894,3,0.0015935525,0.026466407,-0.004063582,
772179248839480,3,-0.003293369,0.021884914,-0.005590745,
772179268736940,3,-0.001460772,0.026771836,-0.008339639,
772179284728151,3,-0.0054313987,0.030131597,-0.0016201208,
772179305174929,3,-0.001460772,0.03196419,-0.0043690144,
772179328765018,3,-8.499101E-4,0.022801213,-0.008034206,
772179344786746,3,-0.003293369,0.020357754,-0.0058961776,
772179365172486,3,-0.009096589,0.018525157,-0.003147284,
772179388854128,3,-0.012150915,0.024022944,-0.006507043,
772179407012086,3,-0.00665313,0.025244676,-0.0043690144,
772179425414187,3,-0.0060422644,0.027077269,-0.004063582,
772179448943240,3,6.63884E-5,0.027688134,-0.002230986,
772179464934450,3,-0.0029879361,0.027382702,-0.0049798796,
772179485747437,3,-0.00818029,0.028604433,-0.0049798796,
772179509001833,3,-0.006347697,0.026466407,-0.008034206,
772179524993044,3,-0.0045151003,0.019746888,-0.007728773,
772179545409305,3,-0.0039042346,0.020968616,-0.0043690144,
772179569029910,3,-0.0045151003,0.030742463,-0.006507043,
772179587187867,3,-0.0029879361,0.024022944,-0.010172235,
772179605467897,3,-0.006958563,0.029520731,-0.008034206,
772179629149539,3,-0.0042096674,0.026466407,-0.0037581492,
772179645110232,3,-0.005125966,0.0151654,-0.009561369,
772179665679079,3,-0.0060422644,0.014554534,-0.0016201208,
772179689208131,3,-0.0057368316,0.03165876,5.1790755E-4,
772179705199342,3,-0.007263992,0.04906842,-0.0037581492,
772179725981813,3,-0.0045151003,0.05609337,-0.0058961776,
772179749236209,3,-0.0039042346,0.030131597,-0.013531993,
772179767516238,3,-0.014594376,0.008751314,-0.013837426,
772179785643679,3,-0.01031832,0.012416504,-0.0028418512,
772179809233766,3,-0.014899809,0.034407653,0.0029613683,
772179825316530,3,-0.008485723,0.047541257,8.233404E-4,
772179845702273,3,-0.0054313987,0.035934817,-0.011088531,
772179869322880,3,-0.006958563,0.01302737,-0.012921128,
772179885314090,3,-0.001460772,0.012416504,-0.005590745,
772179905821901,3,-0.012761781,0.027688134,-0.007423341,
772179929350954,3,-0.015510675,0.048762985,-0.002230986,
772179947661501,3,-0.012761781,0.04662496,-0.014448291,
772179966124636,3,-0.009402022,0.01669256,-0.011699397,
772179989409548,3,-0.00818029,0.017914291,-0.0025364188,
772180005431276,3,-0.012150915,0.041738037,-0.004063582,
772180025878053,3,-0.0039042346,0.051206447,-0.005590745,
772180049498660,3,-0.0054313987,0.028299,-0.014448291,
772180065520388,3,-0.0023770705,0.0121110715,-0.014448291,
772180085906131,3,-2.3904443E-4,0.00936218,-0.0052853124,
772180109496217,3,-0.0042096674,0.023412079,-0.0016201208,
772180127654175,3,-0.004820533,0.033491354,-0.0010092556,
772180146086793,3,-0.0020716377,0.032880493,-0.0034527166,
772180169585330,3,-0.01031832,0.028299,-0.008645071,
772180185607059,3,-0.0057368316,0.028909866,-0.009866802,
772180206389529,3,-0.008791156,0.022801213,-0.012310263,
772180229643922,3,-0.004820533,0.029826164,-0.001314688,
772180245665651,3,-5.4447725E-4,0.031047896,-0.0049798796,
772180266051393,3,-0.0045151003,0.028604433,-0.007117908,
772180289702518,3,-0.0057368316,0.021884914,-0.007117908,
772180308013064,3,-0.0045151003,0.024328377,-0.009255936,
772180326109986,3,-0.0026825033,0.020357754,-0.010172235,
772180350829225,3,-0.0017662048,0.02249578,-0.0010092556,
772180365782839,3,-5.4447725E-4,0.029826164,-0.007423341,
772180386351687,3,-0.00818029,0.033796787,-0.0058961776,
772180409850223,3,-0.0060422644,0.025244676,-0.008034206,
772180425841433,3,-0.014288943,0.021884914,-0.0058961776,
772180446562867,3,-0.0026825033,0.031047896,-0.003147284,
772180469878298,3,-0.006347697,0.032269627,-0.0043690144,
772180488188845,3,-5.4447725E-4,0.026771836,-0.004674447,
772180506285769,3,-0.0011553429,0.020968616,-0.010172235,
772180529936892,3,-2.3904443E-4,0.021579482,-0.012310263,
772180545928102,3,-0.01031832,0.02249578,-0.004674447,
772180566374879,3,-0.008791156,0.03043703,-0.0043690144,
772180589995486,3,-0.007569425,0.03135333,-0.0107831,
772180605986697,3,-0.010929186,0.020052321,-0.008950504,
772180626525027,3,-0.0011553429,0.014554534,-0.008950504,
772180650054078,3,-0.0060422644,0.026771836,-0.004063582,
772180668364626,3,-0.007263992,0.05059558,-0.004674447,
772180686858278,3,-0.0054313987,0.051206447,-0.006507043,
772180710143192,3,-0.007874858,0.028909866,-0.014142858,
772180726134403,3,-0.008485723,0.006918717,-0.007728773,
772180746550661,3,-0.003293369,0.016997993,-0.007728773,
772180770171266,3,-0.0039042346,0.028299,-0.002230986,
772180786162477,3,-2.3904443E-4,0.028909866,-0.007117908,
772180806578737,3,-0.007874858,0.021274049,-0.008645071,
772180830199344,3,-0.006347697,0.02463381,-0.007728773,
772180848357302,3,-0.0054313987,0.022801213,-0.0025364188,
772180866759401,3,-0.004820533,0.025244676,-0.005590745,
772180890288454,3,-0.008485723,0.025550108,-0.010477667,
772180906279665,3,-0.0023770705,0.023106646,-0.010477667,
772180927062136,3,-0.0045151003,0.021884914,-0.007728773,
772180950377566,3,-0.015816107,0.044486932,-0.0025364188,
772180966338258,3,-0.009707455,0.04693039,-0.00620161,
772180986754517,3,-0.015816107,0.024939243,-0.01567002,
772181010375124,3,-0.00818029,0.010583907,-0.011393964,
772181028685672,3,-0.006958563,0.014249101,-0.005590745,
772181046813113,3,-0.007263992,0.031047896,-0.0016201208,
772181070464235,3,-0.0035988018,0.038378276,-0.0049798796,
772181090209108,3,-0.00665313,0.027993567,-0.0107831,
772181107054811,3,-0.012761781,0.014249101,-0.0037581492,
772181130522830,3,-0.008485723,0.023717511,-0.0049798796,
772181146514041,3,-0.0026825033,0.028299,-0.0010092556,
772181167265994,3,-0.0042096674,0.03501852,-0.002230986,
772181190520387,3,-5.4447725E-4,0.021274049,-0.007117908,
772181208678347,3,-0.0054313987,0.020052321,-0.0049798796,
772181226958376,3,-0.0020716377,0.024022944,-0.0049798796,
772181250640018,3,-0.0039042346,0.030742463,-0.0058961776,
772181266631228,3,-0.010012887,0.024939243,-0.0037581492,
772181287108522,3,-0.011845484,0.023412079,-0.008950504,
772181310698610,3,-0.0029879361,0.024022944,-0.006507043,
772181326689821,3,-0.011234619,0.023717511,-0.006507043,
772181347197634,3,-0.0020716377,0.041738037,-0.006507043,
772181370726687,3,-0.0042096674,0.026160974,-0.0034527166,
772181389037233,3,-2.3904443E-4,0.025855541,-0.0034527166,
772181407500367,3,-0.010929186,0.01883059,-0.0052853124,
772181430815798,3,-0.008485723,0.033491354,-0.0058961776,
772181446807009,3,-0.004820533,0.034713086,-0.008034206,
772181467253787,3,-0.00818029,0.034407653,-0.0034527166,
772181490935427,3,-0.005125966,0.038378276,-0.008645071,
772181506865602,3,-0.0029879361,0.023412079,-0.010477667,
772181527251344,3,-0.003293369,0.01669256,-0.00620161,
772181555083376,3,-0.01031832,0.018219724,-0.007117908,
772181569029911,3,-0.01612154,0.0432652,-0.002230986,
772181587432009,3,-0.011234619,0.057925966,-0.008339639,
772181610991578,3,-0.006958563,0.041738037,-0.015975453,
772181626982789,3,-0.009096589,0.0063078515,-0.01200483,
772181647795778,3,-0.010012887,0.010278475,-0.012921128,
772181671050174,3,-0.0054313987,0.029215299,-0.003147284,
772181687041385,3,-0.0042096674,0.035934817,-0.001314688,
772181707457643,3,9.826869E-4,0.027688134,-0.0052853124,
772181731108766,3,0.0015935525,0.016387127,-0.009866802,
772181749266726,3,6.7725405E-4,0.016081695,-0.004674447,
772181767516237,3,-0.007569425,0.020357754,-0.010172235,
772181791167362,3,-0.012761781,0.040210873,-0.0034527166,
772181807189090,3,-0.0023770705,0.04082174,-0.00620161,
772181827757936,3,-0.007569425,0.022801213,-0.012615696,
772181851286989,3,-0.004820533,0.015470829,-0.0010092556,
772181867217165,3,-0.006958563,0.031047896,-0.0043690144,
772181887938601,3,0.0022044182,0.0432652,-0.00620161,
772181911223513,3,9.826869E-4,0.033491354,-0.007728773,
772181929564576,3,-0.006347697,0.013943668,-0.011088531,
772181947661500,3,-0.0057368316,0.011500206,-0.011088531,
772181971312624,3,-0.007874858,0.030131597,-0.0052853124,
772181987334353,3,6.63884E-5,0.030742463,-0.0052853124,
772182007781131,3,0.0012881197,0.024328377,-0.010172235,
772182031371217,3,0.0031207167,0.019441456,-0.007117908,
772182047362427,3,-5.4447725E-4,0.024328377,-0.0049798796,
772182067900758,3,-0.0035988018,0.027688134,-0.0037581492,
772182091399295,3,-5.4447725E-4,0.027077269,-0.0049798796,
772182109557255,3,-0.006958563,0.026466407,-0.010172235,
772182128172976,3,-0.0057368316,0.029520731,-0.008339639,
772182151457887,3,-0.006958563,0.03135333,-0.005590745,
772182167479615,3,-0.00818029,0.028299,-0.010477667,
772182187926393,3,-0.012456348,0.020052321,-0.0052853124,
772182211577518,3,-0.012150915,0.027077269,-0.010172235,
772182227568728,3,-0.0039042346,0.025855541,-0.007423341,
772182247923951,3,-0.0020716377,0.023106646,-0.009255936,
772182276335817,3,-0.0054313987,0.024328377,-0.011088531,
772182289733035,3,-0.006347697,0.027688134,-0.008645071,
772182308135134,3,-0.0011553429,0.024939243,-0.0052853124,
772182331664187,3,-0.0057368316,0.02249578,-0.0058961776,
772182347685915,3,-0.009096589,0.026771836,0.0029613683,
772182368468386,3,-0.00665313,0.029826164,-0.001314688,
772182391722781,3,-0.001460772,0.034407653,-0.0052853124,
772182407744510,3,-0.006347697,0.031047896,-0.0037581492,
772182428130251,3,-0.00818029,0.020357754,-0.008339639,
772182451720339,3,-0.009096589,0.013943668,-0.013837426,
772182470061405,3,-0.0054313987,0.011194773,-0.0052853124,
772182488188846,3,-0.011540052,0.029215299,5.1790755E-4,
772182511809450,3,-0.014594376,0.06434005,-0.0019255537,
772182527831178,3,-0.007263992,0.054566205,-0.0107831,
772182548400028,3,-0.009402022,0.0121110715,-0.015059156,
772182571868045,3,-0.007263992,0.0038643926,-0.009866802,
772182587889772,3,-0.007874858,0.028909866,-0.003147284,
772182608672244,3,-0.0057368316,0.044181496,-0.0019255537,
772182631926639,3,-0.008485723,0.03501852,-0.0019255537,
772182650084598,3,-0.0020716377,0.025244676,-0.010172235,
772182668364626,3,-5.4447725E-4,0.021579482,-0.010172235,
772182692046267,3,-0.013372647,0.015470829,-0.0034527166,
772182708037478,3,-0.01031832,0.0432652,-0.004674447,
772182728453738,3,-0.0026825033,0.045403227,-0.0037581492,
772182752074342,3,-0.007569425,0.024022944,-0.006507043,
772182768065553,3,-0.006958563,0.014249101,-0.005590745,
772182788573368,3,-0.0136780795,0.025855541,2.1247473E-4,
772182812102420,3,-0.010929186,0.04479236,-0.0049798796,
772182830443483,3,-0.007263992,0.043876067,-0.004063582,
772182848876101,3,-0.011234619,0.026160974,-0.015364589,
772182872191531,3,-0.0035988018,0.017914291,-0.007728773,
772182888182742,3,9.826869E-4,0.028299,-0.004063582,
772182908629518,3,-0.0045151003,0.029520731,-0.003147284,
772182932219607,3,-0.008791156,0.03165876,-0.007423341,
772182948302371,3,-0.0054313987,0.027688134,-0.008950504,
772182968657596,3,-0.005125966,0.023412079,-0.008950504,
772182992247682,3,-0.006347697,0.02249578,-0.002230986,
772183010436160,3,-0.0042096674,0.032269627,-0.0034527166,
772183028838260,3,-0.007263992,0.024022944,-0.00620161,
772183052367312,3,-0.005125966,0.028299,-0.0058961776,
772183068358522,3,-0.006347697,0.026466407,-0.002230986,
772183089140994,3,-0.0057368316,0.027993567,-0.004063582,
772183112425906,3,-0.008791156,0.028604433,-0.0043690144,
772183128417117,3,-0.006958563,0.025244676,-0.007117908,
772183148802858,3,-0.009707455,0.028299,-0.006507043,
772183172453982,3,6.63884E-5,0.027382702,-0.008950504,
772183190764530,3,-0.0023770705,0.023412079,-0.006507043,
772183208891971,3,-0.0035988018,0.023412079,-0.0025364188,
772183232512575,3,-0.009096589,0.026466407,-0.0037581492,
772183248534304,3,-0.0060422644,0.027993567,-7.038228E-4,
772183269103153,3,-0.0054313987,0.03043703,-0.0043690144,
772183292571170,3,-0.0011553429,0.03165876,-0.010172235,
772183308592897,3,-0.008791156,0.01883059,-0.010172235,
772183329314334,3,-0.0035988018,0.023106646,-0.0058961776,
772183352019412,3,-8.499101E-4,0.025855541,2.1247473E-4,
772183370940311,3,-0.008485723,0.032575056,-0.008034206,
772183389037233,3,-0.011234619,0.029520731,-0.0058961776,
772183412657839,3,-0.007263992,0.018525157,-0.008339639,
772183428710086,3,-0.006958563,0.018525157,-0.002230986,
772183449156863,3,-0.011540052,0.036851116,-0.0028418512,
772183472716432,3,-0.0045151003,0.060063995,-0.008034206,
772183488768679,3,-5.4447725E-4,0.040210873,-0.009255936,
772183509276493,3,-0.013067214,0.010583907,-0.014448291,
772183532775027,3,-0.0060422644,0.01088934,-0.009255936,
772183550932985,3,-0.007569425,0.021884914,0.0011287727,
772183569609744,3,-0.006958563,0.03410222,-0.004063582,
772183592864139,3,-0.0042096674,0.03043703,-0.0107831,
772183608885867,3,0.0018989854,0.021579482,-0.0052853124,
772183629332643,3,-0.0026825033,0.01669256,-0.0016201208,
772183652861697,3,-0.0017662048,0.019746888,-0.0058961776,
772183668913944,3,-0.0023770705,0.028604433,-0.0028418512,
772183689330203,3,-0.004820533,0.03165876,-0.0028418512,
772183712950807,3,-0.010929186,0.029826164,-0.013837426,
772183731108767,3,-0.0045151003,0.01669256,-0.0052853124,
772183749541385,3,-0.006958563,0.028299,-0.0043690144,
772183773039920,3,-0.0026825033,0.048457555,-0.004063582,
772183789061647,3,-0.0054313987,0.032880493,-0.0107831,
772183809844119,3,-0.009096589,0.012721937,-0.014448291,
772183833098514,3,-0.0054313987,0.014859967,-0.005590745,
772183849120242,3,-0.01612154,0.020968616,-0.0019255537,
772183869475466,3,-0.012150915,0.0423489,-0.0028418512,
772183893126589,3,-0.013067214,0.035629384,-0.00620161,
772183911284549,3,-0.011234619,0.03135333,-0.008339639,
772183929564578,3,-0.0039042346,0.027993567,-0.007728773,
772183953215700,3,0.0015935525,0.029215299,-0.003147284,
772183969206912,3,-0.0042096674,0.027077269,-0.007728773,
772183989806278,3,-0.001460772,0.027382702,-0.00620161,
772184013304812,3,-0.008791156,0.019136023,-0.0010092556,
772184029296022,3,-0.0026825033,0.028604433,-0.007117908,
772184050017459,3,-0.007569425,0.027382702,-0.007117908,
772184073302371,3,-0.00665313,0.024328377,-0.007423341,
772184091460330,3,6.63884E-5,0.01669256,-0.007423341,
772184109740358,3,-0.0011553429,0.025550108,-0.0052853124,
772184133360964,3,-5.4447725E-4,0.029215299,-0.009255936,
772184149413211,3,-0.0057368316,0.023412079,-0.008950504,
772184169859988,3,-0.007263992,0.01883059,-0.00620161,
772184193450075,3,-2.3904443E-4,0.025244676,-0.0052853124,
772184209471804,3,-0.0060422644,0.025244676,-0.0043690144,
772184229979618,3,6.63884E-5,0.030742463,-0.004674447,
772184253478152,3,-0.0020716377,0.027688134,-0.008034206,
772184271636110,3,-0.008791156,0.022190347,-0.010477667,
772184290251834,3,-0.005125966,0.016387127,-0.0049798796,
772184313567264,3,-0.0017662048,0.029215299,0.0014342051,
772184329558475,3,-0.0011553429,0.026771836,-0.00620161,
772184350005251,3,-0.007874858,0.015776262,-0.009561369,
772184373625857,3,-0.0020716377,0.010278475,-0.003147284,
772184389617069,3,-0.010623753,0.030742463,-0.003147284,
772184410002811,3,-0.00818029,0.066172644,-0.0010092556,
772184433623415,3,-0.003293369,0.05029015,-0.0058961776,
772184451964480,3,-0.012150915,0.019441456,-0.0147537235,
772184470213993,3,-0.004820533,0.008445881,-0.009255936,
772184493712527,3,-0.0023770705,0.014554534,-0.004063582,
772184509734255,3,6.63884E-5,0.024022944,-0.006507043,
772184530577761,3,-0.009402022,0.024328377,-0.00620161,
772184553771121,3,-0.011845484,0.028299,-0.008950504,
772184569792850,3,-0.0060422644,0.025855541,-0.008034206,
772184590178591,3,-0.00665313,0.028299,-0.0052853124,
772184613799197,3,-0.0039042346,0.035934817,-0.008645071,
772184632140262,3,-0.0042096674,0.031047896,-0.007117908,
772184650267703,3,-2.3904443E-4,0.022801213,-0.007117908,
772184673918825,3,-0.0039042346,0.023412079,-0.0052853124,
772184689910037,3,-0.001460772,0.03624025,-0.0043690144,
772184710478885,3,-0.0020716377,0.03624025,-0.007423341,
772184733946902,3,-0.004820533,0.027382702,-0.008950504,
772184749968630,3,-0.0054313987,0.013943668,-0.01200483,
772184770720584,3,0.0058696084,0.015776262,-0.005590745,
772184794005496,3,-0.0026825033,0.02249578,-0.003147284,
772184812163455,3,6.7725405E-4,0.038072847,-0.001314688,
772184830443483,3,-0.0026825033,0.024328377,-0.005590745,
772184854094607,3,-0.012150915,0.013638236,-0.010172235,
772184870085819,3,-0.007569425,0.021274049,-0.007728773,
772184890532596,3,-0.0026825033,0.027688134,-0.002230986,
772184914153200,3,-0.0023770705,0.032575056,-0.006507043,
772184930205447,3,-0.007874858,0.028909866,-0.0010092556,
772184950652225,3,-0.0042096674,0.024328377,-0.0010092556,
772184974181277,3,-0.001460772,0.02249578,-0.004063582,
772184992308718,3,6.63884E-5,0.025855541,-0.007117908,
772185010924441,3,-0.009096589,0.024022944,-0.010172235,
772185034270389,3,-0.0035988018,0.024939243,-0.0052853124,
772185050261600,3,-0.0017662048,0.026160974,-0.00620161,
772185070708376,3,-0.007874858,0.034407653,-0.005590745,
772185094328982,3,-0.006958563,0.028909866,-0.008339639,
772185110320194,3,-0.0060422644,0.025855541,-0.007423341,
772185130705936,3,-0.007263992,0.026466407,-0.011699397,
772185154357057,3,9.826869E-4,0.026771836,-0.008645071,
772185172667605,3,0.0018989854,0.026466407,-0.00620161,
772185190886600,3,-0.0042096674,0.030742463,-0.011699397,
772185214415652,3,-0.01031832,0.020052321,-0.016891751,
772185230406862,3,-0.010012887,0.007835016,-0.011699397,
772185251219851,3,-0.007874858,0.020968616,-0.0058961776,
772185274474246,3,-0.014594376,0.040516306,-0.001314688,
772185290465457,3,-0.008485723,0.06281289,-0.00620161,
772185310851198,3,-0.008791156,0.038378276,-0.008950504,
772185334471804,3,-0.007569425,0.01302737,-0.010172235,
772185352660282,3,-0.001460772,0.006918717,-0.007423341,
772185370940311,3,-0.0057368316,0.017914291,8.233404E-4,
772185394591432,3,-0.0042096674,0.038683712,-0.005590745,
772185410582644,3,-0.007569425,0.028604433,-0.011393964,
772185431151493,3,-0.011540052,0.025244676,-0.009866802,
772185454650027,3,-0.0017662048,0.02249578,-0.008034206,
772185470671755,3,6.63884E-5,0.016081695,-0.0058961776,
772185491423709,3,-0.001460772,0.041432604,-0.0025364188,
772185514647586,3,-0.008485723,0.038072847,-0.007423341,
772185532836063,3,-0.007874858,0.024022944,-0.015975453,
772185551116091,3,-8.499101E-4,0.007835016,-0.008950504,
772185574767214,3,-0.012456348,0.015776262,-0.0058961776,
772185590788944,3,-0.011234619,0.051817313,-0.004063582,
772185611205202,3,-0.007263992,0.04082174,-0.012310263,
772185634825807,3,-0.01398351,0.012416504,-0.019946078,
772185650817019,3,-0.012761781,0.011805639,-0.009561369,
772185671324832,3,-0.009096589,0.03043703,0.0011287727,
772185694853884,3,-0.0060422644,0.04082174,-0.003147284,
772185713194948,3,-0.004820533,0.033796787,-0.008339639,
772185731627566,3,-0.004820533,0.019441456,-0.007423341,
772185754942996,3,0.0015935525,0.021579482,-0.008645071,
772185770964724,3,-0.00818029,0.027382702,-0.00620161,
772185791380983,3,-0.008485723,0.038683712,-0.002230986,
772185815001589,3,-0.0060422644,0.035934817,-0.008339639,
772185830992801,3,-5.4447725E-4,0.020052321,-0.009255936,
772185851378542,3,0.0031207167,0.025855541,-0.009255936,
772185875029665,3,-0.004820533,0.03318592,-0.0034527166,
772185893340212,3,0.0028152838,0.04082174,-0.0049798796,
772185911589725,3,-0.009402022,0.021274049,-0.010172235,
772185935118776,3,-0.013067214,0.023412079,-0.009866802,
772185951109987,3,-0.0042096674,0.024022944,-3.9839046E-4,
772185971922976,3,-5.4447725E-4,0.031047896,-0.008339639,
772185995177371,3,-0.0045151003,0.021274049,-0.008950504,
772186011199099,3,-0.0054313987,0.017914291,-0.0010092556,
772186031584841,3,0.006175041,0.021579482,-0.00620161,
772186055235964,3,-0.006347697,0.022801213,-0.005590745,
772186073546512,3,-0.0054313987,0.03135333,-0.0052853124,
772186091673952,3,-8.499101E-4,0.03501852,-0.0034527166,
772186115355592,3,-0.005125966,0.017914291,-0.01200483,
772186131316287,3,-0.009707455,0.009973042,-0.006507043,
772186151885135,3,-0.010623753,0.024328377,-0.00620161,
772186175383669,3,-0.007874858,0.049679283,-0.004674447,
772186191344362,3,-0.009707455,0.05517707,-0.0034527166,
772186212096316,3,-0.014288943,0.040210873,-0.013837426,
772186235381229,3,-0.013067214,0.010583907,-0.010172235,
772186253691774,3,-0.0023770705,0.016387127,-0.008645071,
772186271819216,3,-0.004820533,0.028909866,-0.0019255537,
772186295470339,3,-0.0060422644,0.035629384,-0.0043690144,
772186311492069,3,-0.010929186,0.026771836,-0.013531993,
772186331908327,3,-0.009096589,0.01883059,-0.011393964,
772186355528932,3,-0.0035988018,0.017914291,-0.007423341,
772186371520144,3,-0.009707455,0.025855541,-0.0025364188,
772186392058475,3,-0.011540052,0.035934817,-0.001314688,
772186415587526,3,-0.007569425,0.032269627,-0.009866802,
772186433745485,3,-0.013372647,0.02463381,-0.011393964,
772186452391726,3,-0.00818029,0.017303426,-0.0019255537,
772186475676639,3,-0.01734327,0.036851116,2.1247473E-4,
772186491637331,3,-0.0054313987,0.0582314,-0.0043690144,
772186512084108,3,-0.00818029,0.038683712,-0.0058961776,
772186535704714,3,-0.008791156,0.01669256,-0.011699397,
772186551695926,3,-0.008791156,0.020357754,-0.010172235,
772186572081667,3,-0.0060422644,0.027382702,-0.0010092556,
772186595702272,3,-0.0023770705,0.028604433,-0.0019255537,
772186614043337,3,-0.0042096674,0.025550108,-0.008339639,
772186632292850,3,-0.012150915,0.027382702,-0.009866802,
772186655821901,3,-0.0017662048,0.027993567,-0.0037581492,
772186671813112,3,-0.0042096674,0.027077269,-0.007423341,
772186692595584,3,-0.003293369,0.027688134,-0.008339639,
772186715819461,3,-0.0017662048,0.03135333,-0.0052853124,
772186731871706,3,-0.0035988018,0.028299,-0.005590745,
772186752257448,3,-8.499101E-4,0.029520731,-0.0052853124,
772186775878054,3,6.63884E-5,0.027077269,-0.007728773,
772186794066532,3,0.004037015,0.02249578,-0.00620161,
772186812316042,3,-0.009096589,0.021884914,-0.002230986,
772186836028199,3,-0.006347697,0.027077269,-0.00620161,
772186851988893,3,0.0012881197,0.026771836,-0.0043690144,
772186872588259,3,-0.0035988018,0.020357754,-0.003147284,
772186896086795,3,-0.005125966,0.028909866,-0.007728773,
772186912078005,3,-0.008791156,0.024939243,-0.0058961776,
772186932799439,3,-0.0029879361,0.034713086,-0.003147284,
772186956084352,3,-0.0060422644,0.029520731,-0.006507043,
772186974455935,3,-0.008485723,0.030131597,-0.006507043,
772186992522342,3,0.0018989854,0.03532395,-0.00620161,
772187016203982,3,0.006175041,0.03135333,-0.004063582,
772187032195192,3,-0.00665313,0.026160974,-0.008034206,
772187052641968,3,-0.0136780795,0.014859967,-0.012921128,
772187076262574,3,-0.010929186,0.016081695,-0.008034206,
772187092223268,3,-0.008485723,0.03776741,-0.003147284,
772187112731081,3,-0.00818029,0.059147697,-0.006507043,
772187136229617,3,-0.00818029,0.04815212,-0.015975453,
772187154601198,3,-0.011540052,0.011194773,-0.016891751,
772187173033814,3,-0.0011553429,0.0044752546,-0.007728773,
772187196349244,3,-0.0026825033,0.017608859,-0.0037581492,
772187212370974,3,-0.007569425,0.043876067,-0.0028418512,
772187232787234,3,-0.0017662048,0.03196419,-0.007423341,
772187256468874,3,-0.017037837,0.020663187,-0.013531993,
772187272429567,3,-0.013372647,0.020968616,-0.009561369,
772187292815308,3,-0.010012887,0.032269627,-0.010172235,
772187316435914,3,-0.007263992,0.046319526,-0.0025364188,
772187334776979,3,-0.00665313,0.042654335,-0.003147284,
772187352995974,3,-0.010012887,0.029520731,-0.009255936,
772187376555545,3,-0.01031832,0.016997993,-0.0052853124,
772187392546755,3,-0.013372647,0.03410222,-0.005590745,
772187413481812,3,-0.011540052,0.050901014,-0.004674447,
772187436583619,3,-0.009096589,0.048762985,-0.010172235,
772187452574831,3,-0.009096589,0.020357754,-0.015364589,
772187472960574,3,-0.00665313,0.012721937,-0.0052853124,
772187496581179,3,-0.008485723,0.020357754,-0.0043690144,
772187514769655,3,-0.0039042346,0.036851116,-0.001314688,
772187533049684,3,-0.006958563,0.037156545,-0.007423341,
772187556700807,3,-0.0042096674,0.021274049,-0.011393964,
772187572722537,3,-0.0057368316,0.015776262,-0.007728773,
772187593291384,3,-0.0054313987,0.022801213,-0.0052853124,
772187616728883,3,-0.006347697,0.02463381,-0.0052853124,
772187632781129,3,-0.0045151003,0.032269627,-0.004674447,
772187653502565,3,-0.009707455,0.03135333,-0.004674447,
772187676817995,3,-0.0060422644,0.028909866,-0.0049798796,
772187695128543,3,-0.0039042346,0.021884914,-0.00620161,
772187713225466,3,-0.01031832,0.020357754,-0.0037581492,
772187736907105,3,-0.010623753,0.03654568,-0.0010092556,
772187752867799,3,-0.007569425,0.03624025,-0.0043690144,
772187773314577,3,-0.007569425,0.027993567,-0.0107831,
772187796935183,3,-0.0026825033,0.016387127,-0.0058961776,
772187812926394,3,-2.3904443E-4,0.023717511,-0.007423341,
772187833495241,3,-0.0020716377,0.022801213,-0.004063582,
772187856963258,3,-0.014288943,0.028604433,-0.0034527166,
772187875304323,3,-0.0023770705,0.035629384,-0.0058961776,
772187893736941,3,-5.4447725E-4,0.032880493,-0.006507043,
772187917021853,3,-0.0045151003,0.025550108,-0.009561369,
772187933043580,3,-0.010012887,0.021274049,-0.007423341,
772187953490357,3,0.0015935525,0.029215299,-0.008645071,
772187977141481,3,-0.0017662048,0.027688134,-0.008645071,
772187993102175,3,-0.0026825033,0.020357754,-0.010172235,
772188013487918,3,-0.014288943,0.018219724,0.0020450708,
772188037108522,3,-0.007874858,0.03501852,-0.0034527166,
772188055449585,3,-0.005125966,0.05059558,-0.002230986,
772188073668580,3,-0.00665313,0.04204347,-0.005590745,
772188097228151,3,-0.012150915,0.028299,-0.019029781,
772188113219363,3,-0.007263992,0.010583907,-0.0107831,
772188134032351,3,-0.005125966,0.01302737,-0.003147284,
772188157256227,3,-0.011234619,0.032269627,0.0032668011,
772188173277955,3,-0.0060422644,0.03990544,-0.003147284,
772188193694216,3,-0.0054313987,0.024328377,-0.009255936,
772188217284304,3,-0.0039042346,0.020663187,-0.010172235,
772188235625368,3,6.7725405E-4,0.027077269,-0.009255936,
772188253722291,3,-0.0017662048,0.027382702,-0.006507043,
772188277403931,3,-0.009707455,0.03410222,-0.008034206,
772188293364626,3,-0.0035988018,0.019136023,-0.010172235,
772188313963992,3,-0.0045151003,0.020968616,-0.0034527166,
772188337798220,3,-0.009402022,0.038378276,-0.0043690144,
772188353423221,3,-0.007569425,0.05242818,-0.005590745,
772188374205690,3,-0.006958563,0.025550108,-0.011088531,
772188397460084,3,-0.0039042346,0.0063078515,-0.010477667,
772188415801149,3,-0.0026825033,0.011194773,-0.0049798796,
772188433898074,3,0.004647877,0.021274049,-0.0052853124,
772188457518678,3,0.0018989854,0.025550108,-0.008034206,
772188473570924,3,-0.004820533,0.027688134,-0.0058961776,
772188494017702,3,-5.4447725E-4,0.025855541,-0.0058961776,
772188517607791,3,-0.0029879361,0.024022944,-0.0058961776,
772188533629518,3,6.7725405E-4,0.028604433,-0.0037581492,
772188554137330,3,-0.006958563,0.027382702,-0.0037581492,
772188577635866,3,-0.008485723,0.025855541,-0.001314688,
772188595976931,3,-8.499101E-4,0.023106646,-0.00620161,
772188614440065,3,-5.4447725E-4,0.02463381,-0.00620161,
772188637724977,3,-0.006347697,0.01883059,-0.008950504,
772188653716189,3,-0.011845484,0.019746888,-0.006507043,
772188674162967,3,-0.0060422644,0.026160974,-0.006507043,
772188697783571,3,-0.005125966,0.021579482,-0.008034206,
772188713774782,3,-0.0054313987,0.021579482,-0.008034206,
772188734191042,3,-0.001460772,0.025855541,-0.0043690144,
772188757811648,3,-0.0020716377,0.026466407,-0.009255936,
772188776152711,3,-0.0035988018,0.024022944,-0.0034527166,
772188794402223,3,0.0034261495,0.020052321,-0.007117908,
772188817931276,3,-0.00665313,0.023106646,-0.008339639,
772188833983523,3,-0.008791156,0.032269627,-0.0025364188,
772188854704958,3,0.0012881197,0.036851116,-0.0037581492,
772188877959352,3,-0.0054313987,0.021884914,-0.009561369,
772188893950564,3,6.7725405E-4,0.016081695,-0.007117908,
772188914336307,3,0.0077022053,0.018525157,-0.004674447,
772188937987428,3,-0.013372647,0.031047896,-0.0025364188,
772188956145387,3,-0.00665313,0.06403462,-0.0043690144,
772188974425417,3,-0.00818029,0.04937385,-0.011699397,
772188998107058,3,-0.009096589,0.014249101,-0.016280886,
772189014098268,3,-0.005125966,0.009667613,-0.008645071,
772189034667116,3,-0.010929186,0.020052321,0.005404829,
772189058165651,3,-8.499101E-4,0.04112717,0.003572234,
772189074156863,3,6.7725405E-4,0.03532395,-0.007117908,
772189094847780,3,-0.0057368316,0.01883059,-0.008950504,
772189118132692,3,-0.007569425,0.017303426,-0.004674447,
772189136473757,3,-0.014899809,0.022801213,-0.0028418512,
772189154601199,3,-0.017954135,0.0432652,-0.001314688,
772189178313356,3,-0.003293369,0.047235824,-0.0016201208,
772189194274049,3,-0.0017662048,0.026771836,-0.011393964,
772189214720827,3,6.63884E-5,0.0121110715,-0.007423341,
772189238402468,3,-0.007874858,0.024022944,-0.005590745,
772189254363161,3,-0.01031832,0.051817313,-0.004063582,
772189274870973,3,-0.006958563,0.046014093,-0.0049798796,
772189298491580,3,-0.014594376,0.017608859,-0.013837426,
772189316557986,3,-0.0017662048,0.01088934,-0.008645071,
772189335234743,3,6.63884E-5,0.01883059,-0.0043690144,
772189358428103,3,-0.007874858,0.028909866,-0.00620161,
772189374419314,3,-0.010623753,0.03043703,-0.0052853124,
772189394866092,3,-0.009096589,0.027993567,-0.0052853124,
772189418425661,3,-0.001460772,0.027382702,-0.006507043,
772189434477907,3,-0.006958563,0.020663187,-0.002230986,
772189454894167,3,-0.0045151003,0.028909866,-0.002230986,
772189478545291,3,-2.3904443E-4,0.025855541,-0.008034206,
772189496916872,3,-0.009402022,0.019746888,-0.009255936,
772189515135866,3,-0.007569425,0.022801213,-3.9839046E-4,
772189538664920,3,-0.003293369,0.032575056,-0.005590745,
772189554656131,3,0.0031207167,0.029520731,-0.009561369,
772189580565553,3,-0.0054313987,0.019136023,-0.006507043,
772189598662478,3,-0.008791156,0.017303426,-0.006507043,
772189614653689,3,-0.009707455,0.027077269,-0.006507043,
772189635069949,3,-0.01398351,0.03165876,-0.0016201208,
772189658690553,3,-0.006347697,0.038683712,-0.0019255537,
772189677031617,3,-0.006347697,0.03654568,-0.002230986,
772189695128542,3,-0.0057368316,0.025855541,-0.0028418512,
772189718779666,3,-0.012456348,0.03196419,-0.0028418512,
772189734801393,3,-0.007874858,0.043876067,-0.004063582,
772189755339723,3,-0.0045151003,0.034407653,-0.0037581492,
772189778838260,3,-0.008485723,0.029215299,-0.0037581492,
772189794859988,3,6.7725405E-4,0.03532395,-0.0034527166,
772189815550905,3,-0.0039042346,0.027688134,-0.00620161,
772189838835818,3,-0.0023770705,0.015470829,-0.0058961776,
772189857176882,3,-0.0042096674,0.016081695,-0.0049798796,
772189875273807,3,-0.011234619,0.029215299,-0.0034527166,
772189898955446,3,-0.010012887,0.0573151,-0.003147284,
772189914946657,3,-0.004820533,0.04693039,-0.008034206,
772189935393435,3,-0.00818029,0.020663187,-0.010477667,
772189958983523,3,-8.499101E-4,0.014249101,-0.010172235,
772189975005251,3,-0.0045151003,0.01669256,-0.0043690144,
772189995513063,3,-0.008485723,0.032575056,-0.0034527166,
772190019011600,3,-0.008485723,0.04082174,-0.0010092556,
772190037352664,3,-0.0042096674,0.027993567,-0.00620161,
772190055815797,3,-0.006958563,0.013332803,-0.006507043,
772190079131228,3,-0.006958563,0.020968616,-0.004063582,
772190095122439,3,-0.007569425,0.030742463,-0.0037581492,
772190115538699,3,-0.0026825033,0.041432604,-0.008034206,
772190139128786,3,-0.003293369,0.03318592,-0.01322656,
772190155150514,3,0.0022044182,0.0121110715,-0.008950504,
772190175566775,3,-0.011234619,0.01302737,-0.0034527166,
772190199217898,3,-0.011845484,0.045097794,-0.0043690144,
772190217528444,3,-0.007569425,0.042654335,-0.009255936,
772190235747438,3,-0.011234619,0.020968616,-0.013531993,
772190259307010,3,-0.008485723,0.017303426,-0.010172235,
772190275298221,3,-0.01031832,0.028299,-0.008034206,
772190296111208,3,-0.007263992,0.03410222,-0.005590745,
772190319335085,3,-0.006347697,0.020663187,-0.007423341,
772190335356814,3,-0.0060422644,0.021579482,-0.005590745,
772190355742557,3,-0.0035988018,0.022190347,-0.004674447,
772190379363161,3,-0.0060422644,0.032880493,-0.0037581492,
772190397704225,3,-0.004820533,0.030742463,-0.0025364188,
772190415801150,3,-0.012150915,0.027993567,-0.00620161,
772190439421756,3,-0.010929186,0.030131597,-0.0037581492,
772190455412965,3,-0.00818029,0.029520731,-0.0034527166,
772190476012330,3,-0.001460772,0.027382702,-0.005590745,
772190499510867,3,-0.010623753,0.023717511,-0.008950504,
772190515502078,3,-0.006347697,0.024939243,-0.00620161,
772190536223512,3,-0.005125966,0.021884914,-0.007117908,
772190559538943,3,-0.004820533,0.026771836,-0.008339639,
772190577849489,3,-0.00665313,0.023412079,-0.008645071,
772190595946414,3,-0.011845484,0.019746888,-0.008950504,
772190619628053,3,-0.007874858,0.026160974,-0.004063582,
772190635588747,3,-0.0060422644,0.038378276,-0.0034527166,
772190656035525,3,-0.003293369,0.032269627,-0.009866802,
772190679656131,3,-0.009096589,0.016997993,-0.010477667,
772190695647340,3,-2.3904443E-4,0.019746888,-0.0019255537,
772190716155153,3,-0.0042096674,0.024939243,-0.004063582,
772190739684207,3,-0.009707455,0.031047896,-0.006507043,
772190758025271,3,-0.004820533,0.028909866,-0.003147284,
772190776457887,3,-0.0054313987,0.027688134,-0.007728773,
772190799773318,3,-0.006958563,0.021274049,-0.0107831,
772190815764528,3,-0.0035988018,0.01883059,-0.007423341,
772190836211307,3,-2.3904443E-4,0.016997993,-0.0034527166,
772190859862428,3,-0.011845484,0.03196419,-0.0052853124,
772190875884157,3,-0.012761781,0.05945313,-0.004063582,
772190896239382,3,-0.007263992,0.043876067,-0.0043690144,
772190919798953,3,-0.009402022,0.020357754,-0.011699397,
772190938048463,3,-0.011845484,0.013638236,-0.0049798796,
772190956450563,3,-0.005125966,0.027993567,2.1247473E-4,
772190979979617,3,-0.007569425,0.03898914,-0.0019255537,
772190995970828,3,6.63884E-5,0.038072847,-0.0019255537,
772191016753297,3,-0.010012887,0.017303426,-0.0028418512,
772191040007693,3,-0.0045151003,0.022190347,-0.0058961776,
772191056029421,3,-0.0026825033,0.033796787,-0.0037581492,
772191076445682,3,-0.007569425,0.038683712,-0.0043690144,
772191099974733,3,-0.014899809,0.03135333,-0.009866802,
772191118376833,3,-0.009096589,0.021274049,-0.008950504,
772191136504275,3,-0.008485723,0.024939243,-0.0058961776,
772191160124881,3,-0.011540052,0.040516306,-0.007423341,
772191176146608,3,-0.006347697,0.05517707,-0.006507043,
772191196715455,3,-0.012761781,0.019441456,-0.014142858,
772191220183475,3,-0.007263992,-1.0623038E-4,-0.016891751,
772191236205203,3,-0.0045151003,0.0081404485,-0.0043690144,
772191257018190,3,-0.0023770705,0.027077269,-0.003147284,
772191280242068,3,-0.0026825033,0.030131597,-0.009866802,
772191298613650,3,-0.010012887,0.028909866,-0.007423341,
772191316649539,3,-0.006958563,0.028299,-0.0058961776,
772191340331178,3,-0.003293369,0.023106646,-0.00620161,
772191358824831,3,-0.0011553429,0.020663187,-0.011393964,
772191376769167,3,-0.003293369,0.021579482,-0.008950504,
772191400389773,3,-0.00818029,0.027382702,-0.0019255537,
772191416380983,3,-0.010623753,0.033796787,-0.004674447,
772191436888795,3,-0.01031832,0.029826164,-0.0025364188,
772191460417850,3,-0.005125966,0.025855541,-0.008645071,
772191478789431,3,6.63884E-5,0.019136023,-0.008034206,
772191497191530,3,9.826869E-4,0.025244676,-0.003147284,
772191520476443,3,-0.0042096674,0.019136023,-0.009866802,
772191536498171,3,-0.011234619,0.019746888,-0.007117908,
772191556944949,3,-0.0023770705,0.021579482,-0.007728773,
772191580565553,3,-0.0054313987,0.026160974,-0.00620161,
772191596556764,3,-0.010012887,0.03165876,-3.9839046E-4,
772191616942507,3,-0.012761781,0.03196419,-0.0049798796,
772191640563113,3,-0.003293369,0.032880493,-0.0025364188,
772191658721071,3,-0.0054313987,0.027382702,-0.001314688,
772191677123170,3,-0.007263992,0.032880493,-0.002230986,
772191700591189,3,-0.0057368316,0.026771836,-0.010172235,
772191716643435,3,-0.0029879361,0.02249578,-0.0052853124,
772191737456422,3,6.7725405E-4,0.027993567,-0.0058961776,
772191760680300,3,-0.0054313987,0.027077269,-0.0107831,
772191776702028,3,-0.0020716377,0.016997993,-0.009255936,
772191797118289,3,-0.0057368316,0.024022944,-0.0034527166,
772191820830446,3,-0.007874858,0.038683712,-0.004063582,
772191838896853,3,-0.011234619,0.05029015,-7.038228E-4,
772191857176882,3,-0.0020716377,0.0423489,-0.007117908,
772191880828006,3,-0.011845484,0.012721937,-0.014142858,
772191896849733,3,-0.009402022,0.012721937,-0.012310263,
772191917418580,3,-5.4447725E-4,0.021274049,-0.0058961776,
772191940856082,3,-0.007263992,0.028299,-0.004674447,
772191956877810,3,-0.011845484,0.026466407,-0.011088531,
772191977629762,3,-0.008485723,0.023412079,-0.007423341,
772192000945193,3,-0.007263992,0.021579482,-0.008339639,
772192019072635,3,-0.012761781,0.029520731,-0.0028418512,
772192037352664,3,-0.010012887,0.04204347,-0.0034527166,
772192061064821,3,-0.0042096674,0.032880493,-0.009866802,
772192077025514,3,-0.0026825033,0.018219724,-0.0049798796,
772192097472292,3,-0.00818029,0.02463381,-0.006507043,
772192121123416,3,-0.0026825033,0.046014093,-0.00620161,
772192137084108,3,-0.001460772,0.041432604,-0.00620161,
772192157591920,3,-0.00818029,0.014859967,-0.015975453,
772192181090457,3,-0.007263992,0.007529583,-0.009561369,
772192199431521,3,-0.012761781,0.02249578,-0.003147284,
772192217925172,3,-0.010012887,0.040516306,-0.0037581492,
772192241179568,3,-0.00818029,0.041738037,-0.0107831,
772192257201296,3,-0.008485723,0.016387127,-0.008950504,
772192277648074,3,-0.00818029,0.018219724,-0.0049798796,
772192301268678,3,-0.0029879361,0.028299,-0.0028418512,
772192317290407,3,-0.014594376,0.03196419,-0.0037581492,
772192337645632,3,-0.0039042346,0.03990544,-7.038228E-4,
772192361296756,3,-0.0054313987,0.020663187,-0.0028418512,
772192379424196,3,-0.009402022,0.017914291,0.007542858,
772192397826295,3,-0.008791156,0.026466407,0.02067646,
772192421385867,3,-0.00818029,0.038683712,0.019760164,
772192437346560,3,-0.01612154,0.04570866,0.0032668011,
772192458159547,3,-0.00665313,0.055787936,-0.011088531,
772192481474978,3,-0.007263992,0.005391553,0.0102917515,
772192497435671,3,-0.004820533,0.027688134,-0.011088531,
772192517821414,3,-0.007874858,0.046014093,0.0069319922,
772192541411500,3,-0.0035988018,0.0432652,0.0023505036,
772192559783083,3,0.0052587427,0.039294574,-0.0010092556,
772192577880007,3,-0.0039042346,0.035629384,0.020065594,
772192601531131,3,-0.00665313,0.052122746,0.03014487,
772192617552858,3,0.016254317,0.08236057,0.008153724,
772192638121705,3,0.030609649,0.08663663,0.0011287727,
772192661559207,3,0.002509851,0.08969095,-0.0058961776,
772192677550418,3,6.63884E-5,0.077779084,-0.010477667,
772192698393922,3,-5.4447725E-4,0.057925966,-0.012921128,
772192721587282,3,-0.0029879361,0.034407653,-0.013531993,
772192739745242,3,-0.0042096674,0.023412079,-0.01567002,
772192758055789,3,-0.011845484,0.019746888,-0.020556943,
772192781706911,3,-0.003293369,0.02249578,-0.008950504,
772192797667604,3,-0.0060422644,0.03318592,-0.008339639,
772192818144900,3,-0.005125966,0.036851116,-0.005590745,
772192841734988,3,-0.0023770705,0.032269627,-0.012310263,
772192857726198,3,-0.011540052,0.017608859,-0.020556943,
772192878234010,3,-0.011540052,0.01883059,-0.019029781,
772192901763064,3,-0.007874858,0.014249101,-0.011393964,
772192920073611,3,-0.006347697,0.034713086,-0.00620161,
772192938536745,3,-0.00818029,0.04082174,-0.009255936,
772192961821657,3,-0.017037837,0.029520731,-0.019946078,
772192977843386,3,-0.011234619,0.01669256,-0.02116781,
772192998320682,3,-0.0057368316,0.01669256,-0.018113483,
772193021910768,3,-0.01031832,0.036851116,-0.011393964,
772193037901979,3,-0.0060422644,0.029520731,-0.011699397,
772193058348758,3,-0.012150915,0.0151654,-0.022389539,
772193081938845,3,-0.017648702,0.0063078515,-0.019946078,
772193100279909,3,-0.016426973,0.015776262,-0.016280886,
772193118498904,3,-0.009402022,0.035934817,-0.01200483,
772193142058475,3,6.7725405E-4,0.035934817,-0.008339639,
772193158049685,3,-0.005125966,0.018219724,-0.0034527166,
772193178862672,3,-0.006958563,0.015776262,-0.005590745,
772193202086550,3,-0.014594376,0.03776741,-0.009866802,
772193218108278,3,-0.017037837,0.03746198,-0.014448291,
772193238494021,3,-0.007263992,0.024022944,-0.0107831,
772193262114625,3,0.0034261495,0.013943668,-0.007728773,
772193280455691,3,-5.4447725E-4,0.017303426,-0.008645071,
772193298522098,3,-0.007874858,0.030742463,-0.008339639,
772193322203738,3,-0.014594376,0.028604433,-0.013531993,
772193338194948,3,-0.018259568,0.026160974,-0.010477667,
772193358763796,3,-0.0035988018,0.029520731,-0.008339639,
772193382231814,3,-0.012150915,0.027993567,-0.013837426,
772193398314578,3,-0.008791156,0.040210873,-0.008950504,
772193418974977,3,-0.009096589,0.027077269,-0.009255936,
772193442259890,3,-0.005125966,0.019136023,-0.004063582,
772193460631473,3,-0.0054313987,0.023717511,-0.0028418512,
772193478728396,3,-0.012761781,0.029826164,-0.005590745,
772193502410036,3,-0.011845484,0.043876067,-0.011088531,
772193518401247,3,-0.010929186,0.032575056,-0.007423341,
772193538786990,3,-0.011845484,0.016081695,-0.017502617,
772193562407595,3,-2.3904443E-4,0.006918717,-0.009255936,
772193578398805,3,0.017476048,0.05517707,-0.011699397,
772193598906619,3,0.10880041,0.17368492,-0.025443865,
772193622435672,3,0.09475051,0.39665076,-0.04682415,
772193640776736,3,0.061152916,0.44613084,-0.04224266,
772193659209352,3,-0.04880283,0.22652477,-0.008645071,
772193682585818,3,-0.09370142,-0.10639679,2.1247473E-4,
772193698515994,3,-0.07507004,-0.37120685,0.0060156947,
772193718962771,3,-0.0344475,-0.26613805,0.010597184,
