772158888701540,3,0.40507984,0.0056061493,0.0020376444,
772158905821900,3,0.39968586,0.0063783024,0.0069455504,
772158923918825,3,0.40554523,0.0053194417,0.001874268,
772158946532351,3,0.41872692,0.0026233345,-0.0037371516,
772158965849978,3,0.41483307,0.053306058,-0.03684479,
772158984007937,3,0.37322426,0.018984979,-0.010573983,
772159006651979,3,0.41802406,0.010145254,0.015875041,
772159025847535,3,0.41324902,0.01133768,1.2803078E-4,
772159044097048,3,0.40893936,0.031784255,-0.010856032,
772159069274051,3,0.4164915,0.030569911,-0.0024137497,
772159086058718,3,0.37271214,0.01970248,0.013737142,
772159104125123,3,0.39486027,0.01590835,0.02032262,
772159126708131,3,0.44028187,0.008313071,-0.007519543,
772159146056276,3,0.3837452,0.004537644,-0.021791875,
772159164183718,3,0.40913677,0.019603696,2.975464E-4,
772159186705691,3,0.39052105,-0.0030681556,-6.6280365E-4,
772159206084352,3,0.4195547,-0.0012029465,-0.005973518,
772159224242310,3,0.41023254,-0.017945992,-0.008238792,
772159249205691,3,0.39448357,0.005479892,-0.008708477,
772159266173464,3,0.4050188,0.013319501,-0.016238034,
772159284300906,3,0.406682,0.0111848265,-0.0042482615,
772159307219607,3,0.4127884,-0.009461947,0.0012988448,
772159326201539,3,0.4038849,0.0054758023,-0.010465264,
772159344359498,3,0.4080057,0.025031274,0.0048591495,
772159366881472,3,0.4182949,-0.0039668586,0.02483368,
772159386199099,3,0.3994627,-0.0015904848,-0.0028623939,
772159404448611,3,0.3914261,0.026046589,-0.012360573,
772159429228883,3,0.42193222,0.008554477,0.012789607,
772159446318726,3,0.39236355,0.0014095744,-0.009289205,
772159464446169,3,0.37867832,0.0016088961,-7.993579E-4,
772159487181765,3,0.40324593,0.022978727,0.01141572,
772159506377322,3,0.4134369,0.029258534,0.016610324,
772159524504763,3,0.45409584,0.016740415,-0.008572876,
772159547453980,3,0.43920803,0.038588673,0.009859443,
772159566405397,3,0.37276936,0.0026756488,-0.0194695,
772159584563357,3,0.36501694,-0.050495975,-0.01621139,
772159609252079,3,0.40761375,0.06404811,0.0082601905,
772159626463992,3,0.41482353,0.016949674,-0.012476623,
772159644652467,3,0.49378967,0.008112287,-0.008858979,
772159667235475,3,0.41241837,-0.0230854,0.0125873685,
772159686583620,3,0.34806442,-0.0041486435,0.030583978,
772159704680545,3,0.36585426,0.01275719,-0.006825447,
772159727324587,3,0.48720932,0.0039800107,-0.043657303,
772159746550660,3,0.35217953,-0.019860595,0.026426554,
772159764739137,3,0.379817,-0.03722206,0.03167963,
772159789946658,3,0.42526627,0.077727094,-0.053388238,
772159806670290,3,0.40056896,0.021715865,0.010787308,
772159824797733,3,0.3265705,-0.056069095,0.020979702,
772159847411257,3,0.3560915,-0.05658055,-0.010251343,
772159866728882,3,0.475214,0.05262071,0.017765343,
772159884856325,3,0.42942142,0.01402648,0.030634522,
772159907408816,3,0.35569096,-0.010411501,-7.9381466E-4,
772159926787478,3,0.40189648,-9.811223E-4,-0.010110199,
772159945067508,3,0.39454842,-1.6191229E-4,0.005169511,
772159969908815,3,0.41827393,0.04044804,0.0020370483,
772159986876588,3,0.42599297,0.07782091,0.007589996,
772160004912478,3,0.43268776,-0.010941375,0.008054674,
772160027831179,3,0.3867817,0.009761225,-0.005470574,
772160046843630,3,0.44848824,0.06891806,-0.038063765,
772160065001588,3,0.41651344,0.020341655,0.01000613,
772160087554078,3,0.32000732,-0.100737095,0.092050254,
772160106902223,3,0.39017868,0.008260462,-0.025275588,
772160125060183,3,0.47585678,0.034440905,-0.104883075,
772160149901492,3,0.3901472,0.0029512532,0.028243244,
772160167021852,3,0.29718018,-0.026547521,0.03853196,
772160185149293,3,0.36324787,-0.008820143,0.013859868,
772160207915407,3,0.5211878,0.06314035,0.010338426,
772160227110964,3,0.5708151,0.057925828,-0.04300356,
772160245207889,3,0.38725853,-0.0423679,7.289052E-4,
772160268065554,3,0.25133514,-0.016889762,-0.020520508,
772160287078004,3,0.36244678,-0.0056394674,0.005007565,
772160305327516,3,0.42093754,0.021280102,-0.0024994612,
772160329985720,3,0.4799013,0.05386194,-0.008537233,
772160347258670,3,0.46091843,0.053409815,-0.0012841821,
772160365355593,3,0.4109125,-0.019691372,0.0018134713,
772160387969117,3,0.3437481,0.007994214,-0.0083934665,
772160407225709,3,0.36666584,0.013274783,-5.313158E-4,
772160425353151,3,0.44752502,0.017001111,0.0076847076,
772160447997195,3,0.43964958,1.02875754E-4,-0.0115843415,
772160467223270,3,0.3855343,0.00811258,-0.0030000806,
772160485411745,3,0.41287708,0.0030532498,-0.007663071,
772160510436159,3,0.39126587,-0.025453588,-0.0032616258,
772160527312379,3,0.40203953,0.012255087,0.030855775,
772160545439822,3,0.43438053,0.029705696,4.440546E-5,
772160568022830,3,0.39658833,0.008534897,0.0017147064,
772160587370974,3,0.41202354,0.022750761,0.005192578,
772160605498415,3,0.40955544,0.010173311,-0.0028182864,
772160628050904,3,0.39814568,-0.018180093,0.0042731166,
772160647429567,3,0.40404034,0.0026636664,0.00488925,
772160665618045,3,0.41656017,0.021060616,0.012702823,
772160690428835,3,0.43210697,-0.005968554,0.023126006,
772160707549195,3,0.39076805,0.0031581726,-0.0050888658,
772160725676637,3,0.3907652,0.01588409,0.024855912,
772160748595339,3,0.42121696,0.0071218144,0.016899705,
772160767607790,3,0.40792847,0.013367723,0.018494546,
772160785735233,3,0.40794468,0.035363868,0.027811825,
772160808379274,3,0.3924284,0.026250878,0.0319736,
772160827605347,3,0.3847084,0.021089843,-0.019769967,
772160845732790,3,0.43726635,0.0048120767,0.008096814,
772160870635135,3,0.40886116,0.02889058,0.008726597,
772160887663943,3,0.40636253,0.02139467,0.04664284,
772160905791384,3,0.4101286,-0.0074628824,0.02273202,
772160928526979,3,0.3776331,0.015087679,0.03260696,
772160947722535,3,0.41609573,-0.0022854805,0.008974731,
772160965880495,3,0.4201002,7.937802E-4,0.005455315,
772160988738163,3,0.40304756,8.0021005E-4,9.893179E-4,
772161007750613,3,0.39893627,0.01942074,0.0047582984,
772161025908571,3,0.4171362,0.012783202,3.322959E-4,
772161050597292,3,0.41857147,0.01576894,0.0037187338,
772161067870241,3,0.4208231,0.022518415,-0.019560993,
772161085997683,3,0.42604542,0.012585633,0.016756475,
772161108580691,3,0.36066914,0.017006956,-0.004205048,
772161127898317,3,0.4182415,0.0029240707,9.0277195E-4,
772161146025758,3,0.4166441,-0.010370296,0.0030512214,
772161168669802,3,0.3939047,-0.00597323,0.002976358,
772161187926394,3,0.41466808,-0.0025710193,0.01262331,
772161206084354,3,0.4020996,0.007882862,0.03475368,
772161231078249,3,0.41848755,0.012359423,0.015007019,
772161248015504,3,0.41381836,0.0046031093,0.016446114,
772161266142946,3,0.39576435,0.0044791913,0.016515672,
772161288725955,3,0.39315128,0.003299919,-0.0075271726,
772161308074099,3,0.41938782,0.030019585,-0.00200665,
772161326201540,3,0.4109459,0.032493863,0.0119739175,
772161348754029,3,0.3941269,0.017262101,0.009168506,
772161368102174,3,0.41509914,0.016839784,0.020254552,
772161386260134,3,0.41684914,0.033499535,0.022054315,
772161411101444,3,0.38387108,0.031007426,0.01807338,
772161428252322,3,0.40303802,0.0022615157,0.016094804,
772161446349245,3,0.4121418,0.035747897,0.032374024,
772161469298463,3,0.42050266,0.006892097,0.004513979,
772161488341433,3,0.41081238,0.016411621,0.013813734,
772161506407839,3,0.41497612,0.04643325,0.017158926,
772161528929813,3,0.42747784,0.007018647,0.00374794,
772161548400027,3,0.39212608,0.016871056,0.01858455,
772161566466432,3,0.41071987,0.025026012,0.012101948,
772161591307741,3,0.42694378,0.0033121929,0.027397692,
772161608428103,3,0.38558388,0.025134442,-0.01426667,
772161626525027,3,0.40588474,0.01836217,-0.0040249825,
772161649230105,3,0.42914486,-0.0040595047,0.004252672,
772161668456178,3,0.35490608,0.0031499881,0.020085633,
772161686583619,3,0.398674,0.019342123,0.025074542,
772161709441287,3,0.42808533,0.019591713,0.01919216,
772161728453739,3,0.3784361,0.022106618,0.00563097,
772161746611698,3,0.40353966,0.009717384,0.015075982,
772161771269899,3,0.3981428,0.043473817,0.040928245,
772161788542848,3,0.3771019,0.022339258,0.018188,
772161806670290,3,0.43204117,0.0040840544,0.00732404,
772161829253299,3,0.40676498,0.037195176,0.0247612,
772161848570927,3,0.40071106,0.032284312,0.028646827,
772161866789920,3,0.40254498,0.023719314,0.023358643,
772161889372926,3,0.40326118,0.03637275,0.022384226,
772161908599001,3,0.45294666,0.021378305,0.008524358,
772161926756960,3,0.39174843,-0.015436055,-0.014654815,
772161951811893,3,0.37165737,0.027657531,0.019845366,
772161968688113,3,0.4044714,0.025925592,0.030857205,
772161986815553,3,0.38196754,0.008741233,0.031781018,
772162009429080,3,0.4111538,0.023354571,0.0154518485,
772162028777225,3,0.4015665,0.027296588,-0.0035793185,
772162046874148,3,0.40018368,0.033283554,0.003691256,
772162069457155,3,0.41076756,0.029354982,0.030829132,
772162088744266,3,0.42534256,0.0107929045,0.035771847,
772162106963260,3,0.3885908,0.01855068,0.031561553,
772162131774050,3,0.40956783,0.018835925,0.028158426,
772162148863894,3,0.4140892,0.020894613,0.030524611,
772162166991335,3,0.38699245,0.026821371,0.01716125,
772162189940555,3,0.40439224,-0.0066126958,0.015427589,
772162208922488,3,0.4004383,0.012531858,0.011031985,
772162227049928,3,0.38598824,0.027355917,-0.0010424852,
772162249602420,3,0.4444008,0.013757307,0.029249728,
772162268981083,3,0.41214943,0.018998422,0.028891742,
772162287108523,3,0.4113226,4.4949725E-4,0.017324626,
772162311766726,3,0.4128151,0.005596797,0.017528951,
772162329070193,3,0.39888382,-0.0030468204,-6.330013E-4,
772162347167117,3,0.39618587,0.007968202,0.018423855,
772162369902712,3,0.40192318,0.011339433,0.019977212,
772162389128786,3,0.390563,0.0059328973,0.02999413,
772162407225710,3,0.40550995,0.0071484107,0.0146381855,
772162430174930,3,0.41439056,-0.004520693,0.008161128,
772162449126345,3,0.4203024,-0.009392098,0.011577308,
772162467314821,3,0.40653324,0.0026250877,0.027172923,
772162492125613,3,0.37782288,-0.010522563,0.013726056,
772162509215458,3,0.40592766,0.008579613,0.03627014,
772162527342898,3,0.4165926,0.014286593,0.014986873,
772162549956423,3,0.4033394,0.018702071,0.023315132,
772162569304568,3,0.39623165,-0.0027370234,0.046266913,
772162587432010,3,0.4005289,0.01996464,0.02925855,
772162610106570,3,0.39211178,0.012976386,0.046505094,
772162629302126,3,0.42785168,-0.01768734,0.008776009,
772162647490603,3,0.40138245,0.01764993,0.035710156,
772162672484500,3,0.38342762,0.0033294368,0.019542038,
772162689421755,3,0.391263,0.016338848,0.051119685,
772162707518678,3,0.42058182,0.0024544075,0.023745596,
772162730132205,3,0.39364243,0.012149872,0.026181042,
772162749480350,3,0.38225174,0.03335808,0.013283849,
772162767577273,3,0.415123,-0.013514731,0.045060754,
772162790129763,3,0.37613297,0.015036533,0.030064583,
772162809477908,3,0.41141224,0.013871289,0.0556854,
772162827635867,3,0.43536472,0.018009411,0.034582615,
772162852629763,3,0.39160156,0.04969284,0.013968885,
772162869567019,3,0.41719055,0.0053562666,0.025573432,
772162887724978,3,0.39256,5.813069E-4,0.023225129,
772162910643680,3,0.38307858,0.027920272,0.011715591,
772162929625613,3,0.44283485,0.015574293,0.021481454,
772162947753053,3,0.39119816,0.0046200613,0.02668345,
772162970275027,3,0.39898968,-0.0033648005,0.02837038,
772162989653690,3,0.3994398,0.010800211,0.046091855,
772163007811648,3,0.41000843,0.016337095,0.037146926,
772163032652956,3,0.42025757,-0.017973756,0.0025990605,
772163049742801,3,0.3960619,0.015305413,0.010239661,
772163067870242,3,0.3911276,0.009473346,0.037374318,
772163090575320,3,0.4186659,0.020301614,0.03849721,
772163109801394,3,0.40074825,0.007974047,0.023605943,
772163127928835,3,0.40799046,0.020179158,0.023987591,
772163150817020,3,0.38918686,0.016748305,0.042950094,
772163169829470,3,0.40049458,0.004183131,0.03189969,
772163187987428,3,0.42445755,-0.020438394,0.013662338,
772163212645633,3,0.40313816,-0.015698213,0.01588583,
772163229888065,3,0.4066763,0.009575346,0.02379471,
772163248046023,3,0.41194153,-0.0042506433,0.037442982,
772163270598513,3,0.39522648,-0.0057888124,0.033842623,
772163289946658,3,0.40633678,0.012659576,0.04358077,
772163308104617,3,0.39988613,0.005209259,-7.125139E-4,
772163330748659,3,0.39786816,0.004341536,0.0071332455,
772163350005251,3,0.41080093,0.0073240595,0.026462793,
772163368163210,3,0.41551495,0.008871289,0.0299173,
772163393218143,3,0.39222527,0.0021226914,0.03634733,
772163410094363,3,0.423481,0.012506723,0.021970987,
772163428221803,3,0.40548515,0.016170505,0.016563594,
772163450804812,3,0.3862877,0.024062429,0.013553321,
772163470152958,3,0.4138584,0.029803894,0.048347235,
772163488280398,3,0.3887825,-0.0045779757,0.031919003,
772163510832888,3,0.39360332,0.011694238,0.028484046,
772163530181033,3,0.42410755,-0.010194939,0.029995918,
772163548338993,3,0.40308857,-0.004589374,0.027362645,
772163573302370,3,0.39455795,0.04210545,0.030020177,
772163590270144,3,0.4172554,0.0123091545,0.04023558,
772163609099490,3,0.40706825,-0.0010533081,0.039238334,
772163630248173,3,0.4070263,-3.9192196E-4,0.03141308,
772163653746706,3,0.4004717,0.018497195,0.02684009,
772163669768435,3,0.3902607,0.007032091,0.013549805,
772163690184695,3,0.39980316,-0.015521687,0.024197757,
772163713835819,3,0.39978504,0.01186784,0.026251733,
772163732146365,3,0.411623,-0.0024666823,0.00475657,
772163750243288,3,0.39962578,0.008511223,0.040420234,
772163773894412,3,0.3817377,0.004800386,0.034041107,
772163789916141,3,0.4080963,-0.015629822,0.030175626,
772163810454470,3,0.42671108,0.0073667294,0.021543443,
772163833983522,3,0.38615704,0.011074936,0.009964049,
772163849974734,3,0.40055943,0.008415654,0.024993598,
772163870696171,3,0.40657616,0.019718263,0.015614629,
772163894011599,3,0.40902328,0.013384091,-0.012658119,
772163912322146,3,0.41725826,0.0019289223,0.009688199,
772163930419070,3,0.39673138,0.007760989,0.0073144436,
772163954100711,3,0.37960815,-0.004810323,0.037023306,
772163970061404,3,0.4457512,-0.010128011,0.026872814,
772163990508181,3,0.39993286,-0.008207272,0.008826852,
772164014159304,3,0.42072678,-0.006839783,-0.0010377765,
772164030119999,3,0.39176083,2.6946457E-4,0.018359542,
772164050658328,3,0.3993988,-0.0014040215,0.024513662,
772164074126345,3,0.403718,-0.011286533,0.023342907,
772164092314822,3,0.40626144,4.9684313E-5,0.017112494,
772164110961063,3,0.3960476,0.006673779,-0.0015261769,
772164134245974,3,0.4066372,-0.002612813,0.0183689,
772164150267702,3,0.37485218,0.009518354,0.04074961,
772164170683963,3,0.4120779,8.247602E-4,0.030804873,
772164194335086,3,0.41532898,0.0048497785,0.021281004,
772164210295779,3,0.38672256,0.017919395,-0.010345995,
772164230681521,3,0.42665672,-8.1979204E-4,0.03205198,
772164254302127,3,0.39426804,-0.008325637,0.04735762,
772164272673710,3,0.4022913,0.0062383097,0.026088357,
772164290892703,3,0.40370274,0.005646189,0.029753923,
772164314421755,3,0.40535927,0.0013335869,0.004746318,
772164330443484,3,0.38837242,0.0072518713,0.018582523,
772164351225956,3,0.39656734,9.7089075E-4,0.0031602383,
772164374480349,3,0.40664577,-0.014320787,0.020658731,
772164390471560,3,0.395957,0.009829028,0.023109078,
772164410857303,3,0.40859318,-0.0060527246,0.023396075,
772164434508426,3,0.4043455,0.013221301,0.016365767,
772164452849490,3,0.39711285,-0.001955226,0.012299538,
772164470946413,3,0.41268444,-0.0019783145,0.015775084,
772164493956668,3,0.40193462,2.6537292E-4,0.013617933,
772164510588749,3,0.422287,-0.017481003,0.016608596,
772164531157595,3,0.4204111,0.0025888477,0.0057245493,
772164554625612,3,0.39170933,0.009054244,0.014327228,
772164570647342,3,0.40433407,0.012902445,0.0129772425,
772164591399296,3,0.40091133,0.009024434,0.010086238,
772164614684206,3,0.4051571,0.013361878,0.02488482,
772164633025271,3,0.4034176,-0.013922143,0.0013756752,
772164651122195,3,0.38739872,-0.008474691,0.0120511055,
772164674803836,3,0.3999691,-0.0039595515,0.012639999,
772164690795046,3,0.4005146,-0.0040448923,0.0037959218,
772164711241823,3,0.423234,-0.0100567,0.008322716,
772164734862429,3,0.4018469,-0.012207448,0.024685502,
772164750823124,3,0.40248394,-0.019051323,0.025957167,
772164771361453,3,0.39246082,5.997196E-4,0.017914414,
772164794859987,3,0.41042805,-0.0039145434,-0.01634878,
772164813201053,3,0.41516018,-0.004487375,0.015550613,
772164831633671,3,0.4175911,-0.018587211,0.028866887,
772164854979616,3,0.37992764,-0.022169746,0.0144479275,
772164870940310,3,0.39854145,-0.011262276,0.017269373,
772164891387088,3,0.42912483,-0.010097908,3.2645464E-4,
772164915038211,3,0.40632725,-0.01574702,-0.008516729,
772164930998904,3,0.37626266,-0.010847557,0.014854133,
772164951384646,3,0.4182825,-0.021836862,0.04973024,
772164975035769,3,0.3996935,-0.017121816,0.029022098,
772164993163211,3,0.41145897,-0.0049704826,0.012400329,
772165011595828,3,0.4209757,-0.0103448685,0.0012324452,
772165035155397,3,0.39357948,-0.012585927,0.005622506,
772165051116092,3,0.4185505,-0.013149405,6.868243E-4,
772165071898563,3,0.42575645,-0.012374036,0.04287237,
772165095213991,3,0.4139433,-0.012692893,0.018012345,
772165111174685,3,0.3804083,-4.664492E-4,-0.014062107,
772165131590945,3,0.4227066,-0.013904898,0.016766727,
772165155211551,3,0.38897705,-0.009217911,0.016592503,
772165173552615,3,0.3835764,-0.012712474,0.029912293,
772165191649538,3,0.45264244,-0.012961188,0.01958704,
772165215300662,3,0.36722946,-0.0070464117,-0.010329962,
772165231291873,3,0.4053564,-0.014815,0.036970675,
772165251860719,3,0.42797947,-0.010130642,0.034366965,
772165275359255,3,0.38451672,-0.026728142,0.008527577,
772165291350467,3,0.41289997,-0.004647826,0.018296123,
772165312132938,3,0.4199791,-0.016420096,-0.0060246587,
772165335387331,3,0.3885975,-0.004912615,0.021965146,
772165353697878,3,0.42924404,-0.03149141,0.014322519,
772165371825320,3,0.3921938,-0.017747546,0.0063183904,
772165395476443,3,0.4077406,-0.009852409,0.019076467,
772165411467653,3,0.41068172,-0.008028701,0.017959416,
772165431914431,3,0.39870262,-0.025034197,0.0054953694,
772165455535037,3,0.40476513,-0.005955401,0.027785838,
772165471526248,3,0.42630672,-0.013104981,0.024270475,
772165492034059,3,0.4005785,-0.0037558451,0.016962528,
772165515563112,3,0.4167509,-0.02045739,0.033561468,
772165533873660,3,0.39571476,-0.007703998,0.0077691674,
772165552367312,3,0.4130335,-0.01229045,0.0041439533,
772165575682740,3,0.40755844,0.0037798109,0.016700923,
772165591643435,3,0.405694,-0.011984745,0.030772746,
772165612059695,3,0.42531204,-0.013827158,0.026583731,
772165635710818,3,0.41459274,0.0014899457,0.033637762,
772165651671510,3,0.41044617,-0.007068039,0.042624533,
772165672057253,3,0.4014864,-0.009844517,0.012466371,
772165695738894,3,0.4050417,-0.017672144,0.019521534,
772165714018923,3,0.40788174,-0.027601708,0.013190925,
772165732268434,3,0.3975916,-0.016972179,0.009372234,
772165755828005,3,0.41024685,-0.01835428,0.03693092,
772165771819217,3,0.40657997,0.008264263,0.038544238,
772165792601687,3,0.39810753,-3.831545E-4,0.023060858,
772165815917115,3,0.41779995,-0.016373627,0.034646332,
772165831877810,3,0.39260578,-0.018515315,0.012644112,
772165852263553,3,0.41771603,0.01732289,0.021434426,
772165875914675,3,0.4158945,-0.023824528,0.019372225,
772165894194703,3,0.39129448,-9.881346E-4,0.029167056,
772165912322146,3,0.41933346,-0.028538404,0.027433336,
772165935973269,3,0.3896656,7.888125E-4,0.030311525,
772165951964480,3,0.3996992,-1.7535873E-5,0.034051,
772165972533327,3,0.42138767,-0.0022653146,0.060246706,
772165996092897,3,0.4098854,-0.01256576,0.04542315,
772166012023074,3,0.4212017,0.004884558,0.034248292,
772166032775027,3,0.43348503,0.011915479,0.01365447,
772166056090455,3,0.36442375,0.0077832006,0.04253769,
772166074401003,3,0.41946125,0.0023629302,0.039937437,
772166092497928,3,0.4177904,0.012541795,0.04958582,
772166116149050,3,0.42801,-0.0017316462,0.026221037,
772166132140260,3,0.41471195,-0.006218728,0.035796702,
772166152587038,3,0.37150288,-0.014099838,0.015231788,
772166176238162,3,0.40038967,-0.020168636,0.030970037,
772166192229373,3,0.42750454,-0.026753275,0.014130831,
772166212737184,3,0.37849712,-0.023839433,0.012485981,
772166236266237,3,0.3736143,-0.0060103466,0.02877599,
772166254576785,3,0.42683792,-0.012644086,0.05813688,
772166273070437,3,0.38401318,-0.01028174,0.04843372,
772166296324830,3,0.41434765,-0.01489654,0.03629732,
772166312316042,3,0.41604042,0.024558688,0.029912293,
772166332762820,3,0.3887577,0.0012789341,0.031088352,
772166356413943,3,0.41243172,-0.0077945995,0.029984236,
772166372374635,3,0.40519524,0.009040801,0.04568273,
772166392760378,3,0.4262066,0.008171324,0.04302925,
772166416411502,3,0.41311646,0.011983283,0.04554361,
772166434722048,3,0.41850567,-0.0042798696,0.014379859,
772166452971560,3,0.41665554,-0.00213029,0.054638147,
772166476500611,3,0.40891266,-0.006436463,0.024757981,
772166492491822,3,0.42453194,-0.003945523,0.037165046,
772166513274294,3,0.41552734,-0.017592648,0.020153463,
772166536589724,3,0.3987074,-0.0028732172,0.023400187,
772166552550418,3,0.4220276,0.0012543839,0.03329438,
772166572936159,3,0.39755154,-0.0060176533,0.058742166,
772166596587281,3,0.39810276,0.01515373,0.054005682,
772166614897828,3,0.4047203,0.00244827,0.033780694,
772166632994753,3,0.39382458,0.009151567,0.026488185,
772166656737429,3,0.40694714,-0.020897536,0.026525915,
772166672667605,3,0.40930462,0.0043973583,0.02939123,
772166693236452,3,0.40462208,0.0128191495,0.05429679,
772166716734985,3,0.4082117,0.017894845,0.038152874,
772166732726197,3,0.3914461,-0.002180267,0.05918461,
772166753447633,3,0.39379406,0.0034507252,0.049641967,
772166776763064,3,0.3896494,0.001252338,0.016130447,
772166795073611,3,0.40406704,0.007320552,0.05191779,
772166813201052,3,0.41068554,0.010932021,0.048439622,
772166836852173,3,0.41065693,0.0033434653,0.03684622,
772166852843385,3,0.39865494,0.0066264323,0.026504576,
772166873290163,3,0.3855505,0.02139584,0.04000318,
772166896910769,3,0.4197092,0.021311669,0.026869297,
772166912901980,3,0.43099785,0.018221302,0.051356375,
772166933409791,3,0.387846,-0.0050017536,0.0174129,
772166956938844,3,0.3927431,0.009648118,0.06800681,
772166975249391,3,0.41223526,-0.009862347,0.05021596,
772166993712527,3,0.40115738,-0.01614274,0.059936285,
772167017027956,3,0.4206648,-0.0036427402,0.009369612,
772167033019166,3,0.39767075,0.019397067,0.04213202,
772167053465943,3,0.38974953,-0.014211773,0.018324494,
772167077056032,3,0.41841984,-0.0017874681,0.059854507,
772167093077761,3,0.41012478,-0.008004735,0.040723026,
772167113463504,3,0.39574814,0.006026129,0.030109882,
772167140196901,3,0.3978672,0.024192484,0.036899388,
772167155425171,3,0.38274956,0.012877017,0.04260695,
772167173644166,3,0.4265318,-0.029313188,0.028817832,
772167197203737,3,0.40101433,-0.01194412,0.021002173,
772167213194949,3,0.39201927,0.003282675,0.029603958,
772167234007937,3,0.4110422,-0.012490941,0.025430799,
772167257262330,3,0.4069643,-0.01285422,0.05501312,
772167273253541,3,0.4144554,0.0010951019,0.048384666,
772167293669802,3,0.40798378,0.017388942,0.026500165,
772167317320925,3,0.39992905,0.00468845,0.03262335,
772167335631472,3,0.39553833,-0.012696693,0.015661955,
772167353697877,3,0.3960762,-0.01217413,0.042237222,
772167376769166,3,0.42733383,-9.2938985E-4,0.033222437,
772167393401247,3,0.40281296,0.018153206,0.047292173,
772167413939578,3,0.4213295,0.007288404,0.039467216,
772167437377078,3,0.39377975,0.006971008,0.052253008,
772167453429323,3,0.4045334,0.007192542,0.057923794,
772167474150757,3,0.42361832,-0.011133389,0.022958279,
772167497466188,3,0.4128704,-0.006910802,0.036983848,
772167515776735,3,0.39970684,-0.009554595,0.04228604,
772167533873660,3,0.40750027,0.028989948,0.0487085,
772167557585818,3,0.4116583,-0.011267829,0.035978794,
772167573546510,3,0.4151907,0.0071598087,0.047564566,
772167594023805,3,0.39834976,0.017140228,0.040281177,
772167617674928,3,0.39778137,0.027249243,0.03449118,
772167633605105,3,0.40198803,-0.004817045,0.019912302,
772167654143435,3,0.4157915,9.4604865E-4,0.033744156,
772167677672486,3,0.4085493,0.020095572,0.04116553,
772167695983033,3,0.40312672,0.021236558,0.0488438,
772167715392213,3,0.3947611,0.025168927,0.054032624,
772167737883669,3,0.40363407,-0.002036182,0.053711414,
772167753691776,3,0.38390827,0.012226152,0.021622956,
772167774138552,3,0.41207027,0.0125406245,0.040934622,
772167797148804,3,0.39593697,0.0072191376,0.031569123,
772167813750368,3,0.40727043,0.0028507132,0.026128411,
772167834136110,3,0.41361427,-0.011609482,0.025297523,
772167857787234,3,0.39790058,0.011174305,0.056142747,
772167876128298,3,0.4087715,-0.016325112,0.08830458,
772167894377809,3,0.40016842,0.017077975,0.05915737,
772167917937379,3,0.42014217,0.0058428813,0.04054272,
772167933928591,3,0.39544487,-0.0057765376,0.02652967,
772167954650027,3,0.41492748,-0.02817834,0.026056528,
772167977965456,3,0.4280386,3.7526293E-4,0.037670672,
772167993926149,3,0.40773964,0.009411387,0.04954374,
772168014311891,3,0.39340305,0.014473055,0.023375332,
772168037993532,3,0.41549206,0.012990123,0.04633504,
772168056273562,3,0.39565468,0.03454846,0.032539487,
772168074401004,3,0.40275002,0.008430852,0.0529629,
772168098082643,3,0.41243172,0.009711832,0.042536497,
772168114043336,3,0.4066286,0.005825053,0.030390441,
772168134612184,3,0.4060173,-0.0025645895,0.026962519,
772168158110720,3,0.3967638,0.004099837,0.04099077,
772168174101932,3,0.3930788,0.00903291,0.048892915,
772168194884402,3,0.42339516,-0.009482114,0.0698238,
772168218138795,3,0.4198513,0.027244566,0.05654168,
772168236449342,3,0.3843193,0.012319968,0.048774242,
772168254546266,3,0.39731503,0.012235505,0.0356462,
772168278288943,3,0.41046524,0.012384266,0.04784721,
772168294219119,3,0.40216923,-0.014776712,0.038933516,
772168314665895,3,0.42496872,0.026184242,0.038133025,
772168338286500,3,0.3955717,5.506198E-4,0.027117431,
772168354277712,3,0.40323448,-0.0013660276,0.03596711,
772168374785525,3,0.4105034,0.0020195227,0.047366142,
772168398375613,3,0.41899586,-0.003768121,0.049997926,
772168416655641,3,0.409976,-0.012312953,0.044561923,
772168435118775,3,0.39497662,0.002750175,0.04327011,
772168458342653,3,0.3992014,0.0076294723,0.041618228,
772168474394900,3,0.40765572,0.018704116,0.041811705,
772168494841678,3,0.41257095,0.0056181327,0.033448398,
772168518462283,3,0.4286585,-0.003796177,0.0272969,
772168534453493,3,0.38498783,0.02052841,0.033541024,
772168554839235,3,0.41854382,0.0031824298,0.03901565,
772168578459841,3,0.4238863,0.004060966,0.06658089,
772168596800906,3,0.40840054,-0.0015653502,0.047559917,
772168615050417,3,0.37550545,0.025885262,0.056204975,
772168638579469,3,0.39122105,0.012880526,0.048096776,
772168654570680,3,0.43012714,0.007180267,0.040926754,
772168675353151,3,0.3929777,-0.0013154671,0.045671046,
772168698638065,3,0.3953848,0.027070962,0.05328852,
772168714629276,3,0.40923977,0.030436639,0.03706187,
772168735015016,3,0.42361164,0.012812428,0.022630632,
772168758666139,3,0.42876625,0.016643967,0.034808576,
772168777007203,3,0.38607407,0.035414718,0.053676307,
772168795104128,3,0.38255692,-0.0043497197,0.062232852,
772168818755253,3,0.4243307,0.0012394786,0.06526774,
772168834746463,3,0.38390732,0.012395664,0.037499964,
772168855315309,3,0.39285088,-0.005336101,0.021161735,
772168878783327,3,0.40502834,0.027056057,0.03853345,
772168894805056,3,0.38875198,0.019239247,0.055115998,
772168915526492,3,0.41163445,0.012276128,0.06227058,
772168938841921,3,0.3956957,0.033400163,0.049606025,
772168957152467,3,0.38671017,0.023436114,0.026938558,
772168975249391,3,0.40333366,0.0065615503,0.03659749,
772168998931033,3,0.3985529,0.008320084,0.023330927,
772169014922244,3,0.37656593,0.010982873,0.0319345,
772169035369022,3,0.424798,0.003119301,0.041000128,
772169058959108,3,0.39748955,3.1271763E-4,0.019384801,
772169074950318,3,0.41474247,0.0042363238,0.008823633,
772169095488649,3,0.40327644,0.01226736,0.041261375,
772169118987185,3,0.39949417,0.007021861,0.049512804,
772169137328250,3,0.41963863,-0.0077165645,0.032907367,
772169155821902,3,0.38574505,0.008939093,0.023299634,
772169179045777,3,0.37893677,0.01811375,0.0077130795,
772169195098024,3,0.42258167,0.02225421,0.016158521,
772169215514284,3,0.4005165,0.031950552,0.03843373,
772169239165409,3,0.4072113,0.0063289106,0.011828363,
772169255187136,3,0.3934517,0.019611586,0.041059792,
772169275572877,3,0.41072083,0.028882105,0.03205371,
772169299224001,3,0.4112816,0.0069718845,0.028382301,
772169317534547,3,0.39513683,0.007163901,0.041983604,
772169335784060,3,0.4024105,0.017359715,0.025737047,
772169359282596,3,0.38457012,0.035721887,0.04275602,
772169375273806,3,0.40609646,0.016115854,0.026859045,
772169396056275,3,0.40835094,0.009654548,0.019154191,
772169419341189,3,0.4016676,0.008292321,0.010336697,
772169435332400,3,0.39274693,0.0053226557,0.028728962,
772169455748660,3,0.38804436,0.0076464247,0.022156894,
772169479369265,3,0.3897419,0.0074441787,0.022874057,
772169497679811,3,0.4202547,0.01113865,0.009922266,
772169515807252,3,0.3956871,0.02087503,0.02946955,
772169539488894,3,0.41611004,0.007968495,0.019557774,
772169555449588,3,0.4053793,0.01110767,0.036320686,
772169576018435,3,0.39880943,0.009827275,0.015799642,
772169599516969,3,0.4235506,0.027444473,0.018506229,
772169615538697,3,0.39546776,0.012304186,0.019039035,
772169636260133,3,0.4108677,0.024485622,0.030208051,
772169659545047,3,0.40306854,0.012610768,0.03882867,
772169677855594,3,0.39831924,0.016599543,0.038302302,
772169696013552,3,0.39601994,0.00737462,0.010050237,
772169719664674,3,0.40077782,0.0023310725,0.009308219,
772169735655885,3,0.43058395,0.0189464,-0.005226791,
772169756102663,3,0.4159851,0.028532851,0.0020622015,
772169779723270,3,0.39968014,0.016930092,0.026156783,
772169795714480,3,0.39080715,-6.6869333E-4,0.046880126,
772169816680055,3,0.40862942,0.008389059,0.037694693,
772169839720827,3,0.41502666,0.03268997,0.034556985,
772169858031374,3,0.39765835,0.014682607,-0.004875481,
772169876494509,3,0.39682388,0.033384383,0.017999172,
772169899840456,3,0.41823673,0.0024818797,0.016832769,
772169915801149,3,0.40267372,-0.0046703294,0.028809011,
772169936247926,3,0.4034958,0.008183891,0.009092808,
772169959899050,3,0.4142151,0.02789397,0.019384801,
772169975890261,3,0.40750122,0.014279869,0.01392591,
772169996306522,3,0.38229942,0.03875351,0.01778847,
772170019927126,3,0.40659714,-0.005257774,0.02504468,
772170038207154,3,0.43499565,0.013212534,0.010110438,
772170056456666,3,0.38764477,0.02826748,0.010933459,
772170080016238,3,0.41082,0.018273614,-0.0024713278,
772170095976932,3,0.41324902,0.008609423,0.038375616,
772170116820437,3,0.38915062,4.6060234E-4,0.0289824,
772170140074830,3,0.42765427,-0.009908814,0.012006938,
772170156066041,3,0.40061283,-1.1807494E-4,0.002031207,
772170176421266,3,0.40396404,0.0036909636,0.011180997,
772170200072391,3,0.37888527,-0.008865735,0.025389016,
772170218413454,3,0.40544605,-8.504838E-5,0.019434452,
772170236510377,3,0.43675423,0.027251871,0.015838444,
772170260192018,3,0.39540577,0.011885376,-0.008074582,
772170276152712,3,0.40667152,0.018696226,-0.007872045,
772170296721560,3,0.39593697,-0.002400048,0.014996469,
772170320220096,3,0.40369225,0.022560792,0.012922883,
772170336211306,3,0.40309525,0.0018655006,0.00993979,
772170356963257,3,0.41084957,0.030641515,0.010846972,
772170380278689,3,0.42099762,0.012865911,0.014818788,
772170398589236,3,0.42279053,0.02312135,0.01784134,
772170416716678,3,0.4083891,0.0013970062,0.014123201,
772170440337283,3,0.38560963,0.0151186595,0.019334495,
772170456297975,3,0.39940262,0.013438744,0.019020319,
772170476714235,3,0.41560745,0.022632688,0.018489301,
772170500365359,3,0.4000063,6.8769045E-4,-1.4585257E-4,
772170516356570,3,0.4017992,0.017754268,-0.0066801906,
772170536864382,3,0.4070959,0.00904577,-0.0072957277,
772170560393433,3,0.396286,0.009048693,0.023704946,
772170578703981,3,0.42265034,0.033171616,0.04607731,
772170597167116,3,0.40176964,0.024024727,0.015243113,
772170620482547,3,0.4083004,0.0074415486,0.012991548,
772170636473758,3,0.39747334,0.019039338,0.010091782,
772170656920534,3,0.3991518,0.004062427,0.0056537986,
772170680510621,3,0.4200678,0.014548751,0.0013160706,
772170696501832,3,0.41765213,0.03201017,0.018308103,
772170716887575,3,0.39543247,0.005228255,0.009706259,
772170740538700,3,0.396739,0.038569678,-0.008470297,
772170758879763,3,0.42490196,0.03994097,-0.0028960109,
772170777098756,3,0.41035843,0.033478785,-0.0035644174,
772170800688845,3,0.40170574,0.035104632,0.01080519,
772170816649538,3,0.40049553,0.008502748,0.02420795,
772170837432009,3,0.4020729,0.014674716,0.028766394,
772170860686403,3,0.40990448,0.009463701,0.0010612011,
772170876708131,3,0.41466236,-0.004952362,-0.01416558,
772170897063355,3,0.4094801,0.01270663,0.005896628,
772170920683962,3,0.38586426,4.345905E-4,0.008295834,
772170939025028,3,0.41521454,0.022576282,0.015846074,
772170957152469,3,0.41776085,0.02646803,0.021582544,
772170980834108,3,0.39013386,0.01864771,0.015636504,
772170996794800,3,0.42767334,0.0049330723,-0.0019125342,
772171017363649,3,0.40476608,0.017824117,0.021213174,
772171040862185,3,0.39536858,0.010749358,0.0129442215,
772171056853396,3,0.44647026,0.0072319973,0.014178753,
772171077635867,3,0.39146233,0.050820086,-0.0081496835,
772171100951295,3,0.4050398,0.020983167,0.015289307,
772171119231325,3,0.42841625,0.007691432,0.02444148,
772171137358766,3,0.4096756,-0.0011617374,0.023202598,
772171161009891,3,0.41743946,0.036226623,0.016842425,
772171177001101,3,0.4126644,0.019753039,0.009455204,
772171197478395,3,0.38207245,0.010685353,0.0025087595,
772171221099001,3,0.40180683,0.010331424,0.011749148,
772171237090212,3,0.4006281,0.01906535,0.01748395,
772171257598025,3,0.40243816,0.0108104395,0.0035065413,
772171281157596,3,0.39507866,0.011468319,-0.007993937,
772171299437624,3,0.3949442,0.023843817,0.0026911497,
772171317870240,3,0.42062473,-0.007570142,0.014836609,
772171341216189,3,0.3943348,0.024597557,0.013654113,
772171357207400,3,0.42010784,0.004022388,0.03175181,
772171377654178,3,0.38420105,0.027314708,0.011878073,
772171401335818,3,0.40142536,0.01427344,0.018397808,
772171417327028,3,0.42406464,-0.01707476,-0.001170218,
772171437712770,3,0.38978386,0.016025543,0.033256114,
772171461241824,3,0.3975067,0.042055182,0.024391234,
772171479552372,3,0.42437363,0.023369478,0.015101671,
772171497801882,3,0.40506363,0.008315993,0.021340013,
772171521361451,3,0.40601063,0.015508244,-0.015458524,
772171537352662,3,0.40832233,0.041206162,0.019756556,
772171558135133,3,0.38493633,0.04155366,0.0017541647,
772171581450565,3,0.42264557,-0.010739714,0.011329472,
772171597380740,3,0.40174198,0.0036927173,0.04066348,
772171617766481,3,0.38455963,-0.012573358,0.021589577,
772171641417604,3,0.4315424,-0.01704261,0.022489727,
772171659728152,3,0.4087658,0.034246847,0.023443103,
772171677855593,3,0.40199852,0.0019385675,-0.0016717315,
772171701506717,3,0.40199184,-0.0061249137,0.0091769695,
772171717467410,3,0.41868877,0.004924598,0.018966556,
772171738066774,3,0.41437435,-0.00649813,0.022988081,
772171761565309,3,0.41547108,-2.2212043E-5,0.0051388144,
772171777556520,3,0.38367558,-0.008587212,-0.016637504,
772171798308475,3,0.4104023,0.009292437,-0.00608021,
772171821593386,3,0.41498184,0.019061845,0.011686325,
772171839751344,3,0.39700317,-0.0116413385,0.04073304,
772171858000855,3,0.40104866,-0.01475158,0.055626333,
772171881713015,3,0.38314724,-0.0058194995,0.04519117,
772171897673708,3,0.41184235,0.026179858,0.022270858,
772171918120486,3,0.41394043,0.025925007,0.001013875,
772171941741090,3,0.4058075,-0.0011950554,-0.015866518,
772171957732300,3,0.41640282,0.01662731,0.02124095,
772171978240114,3,0.3925581,-0.0018850835,0.05286622,
772172001738650,3,0.39549446,0.016318683,0.03742987,
772172020079716,3,0.43604565,-0.0054126717,-0.00244385,
772172038603884,3,0.34908485,-0.007853053,0.03038311,
772172061858277,3,0.41962528,0.0061968085,0.036385894,
772172077849488,3,0.44126225,-0.013406303,0.016051829,
772172098357303,3,0.37731934,0.03230711,-9.1415644E-4,
772172121916873,3,0.38967705,0.014232524,0.026456892,
772172137877566,3,0.41351986,-0.011943828,0.06313419,
772172158354860,3,0.3761387,-0.015592999,0.040797293,
772172181944949,3,0.42026424,0.01938976,0.005702615,
772172200072391,3,0.40751743,0.013810791,0.013396382,
772172218474490,3,0.3815384,-0.0022366727,0.010038018,
772172242003542,3,0.42857552,-0.012878187,0.020575464,
772172257994753,3,0.40473175,0.0028691264,0.025231183,
772172278807743,3,0.38976383,-0.0031876909,0.024103642,
772172302062136,3,0.4266739,-0.0038482007,0.014187813,
772172318083863,3,0.3923769,0.013797639,0.018429995,
772172338469607,3,0.41687393,-0.0067711007,0.032784343,
772172362120731,3,0.40381432,-0.0152960615,0.036701202,
772172380278689,3,0.39978027,0.0048041856,0.02441603,
772172398528200,3,0.40444565,-0.017723873,0.017721236,
772172422179324,3,0.41084862,0.018563539,0.024343848,
772172438170535,3,0.39403915,-0.011378596,0.032817364,
772172458739382,3,0.39646435,0.0072591775,0.015025735,
772172482237917,3,0.40540028,-0.01260989,0.0030620098,
772172498351199,3,0.40948486,-0.0060594464,0.017038822,
772172518981083,3,0.4021597,-0.006473872,0.040507913,
772172541655642,3,0.3908453,-0.0060562305,0.046316326,
772172560607058,3,0.38982105,-0.010548867,0.02602613,
772172578703982,3,0.367095,0.017087622,0.026949108,
772172602324588,3,0.42506504,0.0019233692,0.049740493,
772172618346316,3,0.38906097,3.773095E-4,0.032407343,
772172638823610,3,0.40809155,-0.01683803,0.052025974,
772172662413699,3,0.3924818,0.012528642,0.04069525,
772172678404911,3,0.4085436,0.015488954,0.04624206,
772172698943240,3,0.4180746,0.006340894,0.037897766,
772172722441774,3,0.38342857,0.011437341,0.035139084,
772172740569217,3,0.41814804,6.0644094E-4,0.009924591,
772172759795292,3,0.3976345,-0.0031678164,0.01337564,
772172782530886,3,0.3871584,0.007106909,0.040878534,
772172798522097,3,0.39077473,0.0021425644,0.04712504,
772172818968875,3,0.41205215,-0.0068178643,0.055204928,
772172842589481,3,0.3945341,-0.01936813,0.046816945,
772172858580691,3,0.410532,-0.0030029817,0.009515464,
772172878966433,3,0.425169,0.015596505,0.04866934,
772172902617556,3,0.40530396,-0.014318155,0.034096897,
772172920928104,3,0.40708065,-0.010240239,0.041540504,
772172939177615,3,0.3903122,-0.008540156,0.039843023,
772172962737184,3,0.3865242,0.0041030515,0.019211173,
772172978697879,3,0.39891434,0.01501666,0.0450114,
772172999541385,3,0.3904581,-0.0027399464,0.040740013,
772173022765261,3,0.40854073,-0.016889468,0.033636868,
772173038756472,3,0.42603493,-0.0037973467,0.036512733,
772173059142215,3,0.39124584,-0.011517127,0.020750225,
772173082762821,3,0.42089462,-0.013614683,0.04498273,
772173100951296,3,0.42621136,-0.0055444827,0.054922223,
772173119200808,3,0.3887682,-0.016503392,0.042292178,
772173142851931,3,0.4098282,-0.011966624,0.01795125,
772173158873661,3,0.41686726,0.006000117,0.024135232,
772173179442507,3,0.39091587,0.028925944,0.045033336,
772173202971559,3,0.38740158,0.021352585,0.062559605,
772173218932254,3,0.40427017,0.011001871,0.044876337,
772173239653690,3,0.40486145,0.015556466,0.02042991,
772173262969118,3,0.3777542,0.0035831193,0.034202993,
772173281279665,3,0.42252636,0.021040156,0.05439645,
772173299407107,3,0.4088335,-0.018668752,0.031244755,
772173323058231,3,0.38936043,-0.029346507,0.030365646,
772173339049441,3,0.41332054,-0.014990356,0.048074543,
772173359496218,3,0.40780354,-1.8120185E-4,0.054092526,
772173383116824,3,0.39571095,0.01444675,0.05995792,
772173400267704,3,0.39866257,0.015809856,0.05152762,
772173419646365,3,0.39680576,-0.0121264905,0.045233488,
772173443144899,3,0.40621758,-7.1574654E-4,0.021176636,
772173461485965,3,0.40854263,0.008616729,0.055657268,
772173479918583,3,0.39357853,-0.0047740815,0.044897974,
772173503234011,3,0.38758373,-0.012813013,0.049835443,
772173519225222,3,0.39606476,-0.0062602293,0.044211447,
772173539672000,3,0.41394615,-0.0010746438,0.05844748,
772173563292606,3,0.40721416,-0.010607903,0.03955257,
772173579283816,3,0.39815807,-0.0010913024,0.054379523,
772173600005251,3,0.4082117,0.025421442,0.06390661,
772173623351199,3,0.39434528,0.0042211246,0.052740514,
772173641692264,3,0.39796925,0.013894378,0.061865807,
772173659911257,3,0.40640545,0.019399405,0.05091095,
772173683470827,3,0.39430523,-0.011138651,0.039568067,
772173699431521,3,0.38937378,0.006045125,0.039164722,
772173720213993,3,0.3957157,0.013307226,0.04561025,
772173743498903,3,0.40412903,0.004414602,0.07143819,
772173759490114,3,0.40029716,-0.014938042,0.07179445,
772173779875857,3,0.38857841,-0.0034951493,0.031689882,
772173803496463,3,0.3644781,0.0013280334,0.032107532,
772173821837527,3,0.43836975,0.011417467,0.07389438,
772173839934450,3,0.43405437,-0.009399404,0.06250614,
772173863585574,3,0.3833456,0.0031865211,0.057734966,
772173879576786,3,0.414011,0.0167863,0.06713259,
772173900145632,3,0.38824844,0.006309622,0.04054129,
772173923644167,3,0.37139797,-0.018809624,0.05025077,
772173939635379,3,0.39046097,0.0102913845,0.06292552,
772173960417850,3,0.40446186,-0.01879121,0.05121988,
772173983641726,3,0.415246,-0.014479776,0.057665706,
772174001982790,3,0.4214115,0.00810235,0.044324577,
772174020079715,3,0.3787403,-0.011776071,0.04139322,
772174043761356,3,0.38653374,-3.568502E-4,0.05982697,
772174059722048,3,0.39457512,0.011955519,0.08431262,
772174080168825,3,0.41100502,-0.022141691,0.045199335,
772174103789431,3,0.38681316,0.01977496,0.037294567,
772174119811161,3,0.39198017,0.026283028,0.0517565,
772174140318972,3,0.38721657,0.034552842,0.04964459,
772174163848024,3,0.4124899,-7.514022E-4,0.04179275,
772174182158572,3,0.41072083,0.012504969,0.030054986,
772174200621708,3,0.3855343,0.034061845,0.040863633,
772174223876101,3,0.40526962,0.018903146,0.04588145,
772174239928347,3,0.4261942,-0.0052115982,0.060005546,
772174260375125,3,0.3818159,0.010111936,0.042037368,
772174283995731,3,0.38838673,-0.013317747,0.048829496,
772174299956423,3,0.40875053,-0.008443711,0.043843806,
772174320372683,3,0.39805126,0.013802023,0.058368027,
772174343993289,3,0.4208536,0.0016775783,0.037233472,
772174362334354,3,0.39399529,0.021032266,0.054696023,
772174380553347,3,0.3873167,-0.0068093883,0.033902287,
772174404082399,3,0.40934372,0.011406944,0.08047873,
772174420073611,3,0.41173553,0.016686931,0.06614739,
772174440917118,3,0.4069147,-0.00534896,0.037294567,
772174464110476,3,0.39480782,0.0035071317,0.03861642,
772174480162722,3,0.4102726,0.006616788,0.049558103,
772174500517947,3,0.39224815,0.005555004,0.034957945,
772174524169071,3,0.41442394,0.008692133,0.06326306,
772174542479616,3,0.41440392,0.0031599263,0.05575812,
772174560607058,3,0.4083557,-0.0025265962,0.029707193,
772174584258181,3,0.4214115,-0.0059846276,0.054652512,
772174600249393,3,0.4033537,-0.0019862056,0.059692264,
772174620818240,3,0.4201603,0.0025800802,0.054845095,
772174644316774,3,0.38864613,0.0068812845,0.046490848,
772174660307986,3,0.40656567,0.0073997555,0.03503126,
772174681029423,3,0.42429638,-0.003669044,0.040031314,
772174704344851,3,0.38216496,-0.0010126838,0.04638064,
772174722685915,3,0.39062595,-0.023768414,0.06676,
772174740752322,3,0.4125328,-0.018470308,0.08079499,
772174764403446,3,0.41180038,-0.0053550974,0.05626136,
772174780425173,3,0.4016075,0.008456279,0.04213202,
772174800871950,3,0.40126038,-0.01278028,0.026058316,
772174824462039,3,0.39391804,-0.008447803,0.036151826,
772174840514286,3,0.4466524,0.0031944122,0.06277734,
772174860991579,3,0.3845768,-3.258707E-4,0.022584498,
772174884520632,3,0.37442493,0.01088409,0.035378516,
772174902648074,3,0.4203434,-0.015686229,0.033031046,
772174921355350,3,0.41427326,-0.0030707857,0.057599068,
772174944609743,3,0.3892889,-0.0069672093,0.053665817,
772174960600954,3,0.43790627,-0.008559154,0.06609273,
772174981047732,3,0.4020462,0.0046039866,0.050361812,
772175004668338,3,0.42529106,-0.009872282,0.03321898,
772175020659548,3,0.40853882,0.0041322783,0.058870375,
772175041106325,3,0.39385223,-0.016153554,0.069300294,
772175064726931,3,0.38526058,-0.0061605684,0.04654199,
772175083037479,3,0.40503597,-0.01024287,0.032431006,
772175101225954,3,0.3844843,0.003524959,0.040008485,
772175124785524,3,0.40757084,-0.013682782,0.03283435,
772175141081912,3,0.4117794,6.0322694E-4,0.04637599,
772175161559208,3,0.4142809,-0.005443653,0.07718587,
772175184844118,3,0.39514256,0.024329264,0.055382848,
772175200835329,3,0.3974905,0.020422902,0.05543369,
772175221221072,3,0.40043545,0.0142649645,0.053726315,
772175244872196,3,0.39448452,-0.017912675,0.050869167,
772175263030154,3,0.41176796,-0.0047270283,0.05548513,
772175281279665,3,0.4076004,0.013070786,0.06294745,
772175304961306,3,0.41598034,0.009622108,0.058766067,
772175320952518,3,0.3938675,-0.012952713,0.06369418,
772175341521365,3,0.3903513,-0.010230595,0.04830283,
772175365019899,3,0.40936852,-0.0038058218,0.044820845,
772175381011111,3,0.41406918,0.01790303,0.04004091,
772175401732547,3,0.4283352,-0.0029497892,0.05703062,
772175425017457,3,0.40329647,-0.008058512,0.070538044,
772175443358522,3,0.37403965,-0.009207682,0.0629521,
772175461485965,3,0.41054535,-0.009281332,0.04508239,
772175485106570,3,0.4158783,0.008137714,0.046451688,
772175501097780,3,0.38775063,-0.0060869185,0.03320813,
772175521575075,3,0.41663456,-0.021741293,0.04063654,
772175545226199,3,0.3833189,0.0017903894,0.052779377,
772175561186892,3,0.408597,0.00814356,0.06400776,
772175581694703,3,0.40802288,-0.0012500007,0.04810381,
772175605162722,3,0.42164898,0.006295301,0.04468727,
772175623503787,3,0.40243912,0.010248423,0.047275245,
772175641966922,3,0.4150629,-0.01126666,0.038723707,
772175665282350,3,0.39070415,0.008233574,0.053574324,
772175681273562,3,0.40818787,-0.005581014,0.031433225,
772175701720340,3,0.41461277,-0.004977789,0.0210495,
772175725340945,3,0.39927483,0.01317074,0.049017727,
772175741332155,3,0.3853941,0.0015367074,0.07996583,
772175761748415,3,0.3978014,-0.022279344,0.08285105,
772175785369021,3,0.39246464,-0.017817104,0.04986322,
772175803679568,3,0.40405846,0.0042915596,0.021627307,
772175821929078,3,0.4091196,0.014454642,0.024348557,
772175845488649,3,0.39440632,6.0936436E-4,0.048946977,
772175861449344,3,0.40162754,0.014037877,0.056810558,
772175882292849,3,0.4127369,0.017299803,0.047961175,
772175905547242,3,0.4079485,0.029332478,0.040725112,
772175921507937,3,0.41077995,0.009367548,0.035168648,
772175941893680,3,0.3962946,-0.006105624,0.048808455,
772175965575320,3,0.3896799,-0.0076464238,0.055822432,
772175983885865,3,0.4096632,-0.013930618,0.036432683,
772176001952273,3,0.40564346,0.006081366,0.040032744,
772176025633914,3,0.38084412,-0.0064756256,0.029870212,
772176041625125,3,0.42201328,3.3142418E-4,0.05744356,
772176062193971,3,0.41741276,0.008823358,0.07099223,
772176085692507,3,0.397336,-0.013187983,0.052234888,
772176101683719,3,0.41647148,0.019143092,0.04229045,
772176122405154,3,0.40600014,0.0029383912,0.036185145,
772176145690065,3,0.38909245,-0.01796411,0.044249773,
772176163878542,3,0.40360928,-0.01329378,0.040967107,
772176182158572,3,0.39602947,-9.63876E-4,0.024415195,
772176205809696,3,0.41404343,0.01792495,0.04219544,
772176221800906,3,0.4050293,0.008489888,0.032526612,
772176242247683,3,0.41164017,-0.004108605,0.035768926,
772176265868289,3,0.41468334,-0.006351999,0.038071096,
772176281859500,3,0.39193058,0.013232991,0.044167936,
772176302397828,3,0.41704845,-0.007393034,0.04207623,
772176325865847,3,0.40872383,0.00433686,0.02872485,
772176344206912,3,0.4099779,0.012446225,0.05248916,
772176362670047,3,0.3992033,5.845912E-6,0.03752953,
772176385985475,3,0.42009068,-0.0036953483,0.038384378,
772176401976687,3,0.41286087,5.6552514E-4,0.027044654,
772176422423465,3,0.38104057,0.009116496,0.035587728,
772176446013552,3,0.39769173,-0.003965105,0.038281202,
772176462065797,3,0.4108324,-0.011784546,0.06020075,
772176482421023,3,0.39643955,0.004340075,0.04265195,
772176506072146,3,0.4094305,-2.004914E-4,0.046308756,
772176524413210,3,0.3920765,6.476501E-4,0.06359714,
772176542632203,3,0.41671848,-0.011418343,0.045435727,
772176566191774,3,0.40781975,0.014563072,0.05872661,
772176582152469,3,0.40476704,-0.012050796,0.026022613,
772176602965457,3,0.43234444,0.007912965,0.04578352,
772176626219850,3,0.39406776,0.013947276,0.048315108,
772176642211060,3,0.40414238,-0.0056149177,0.016783118,
772176662596803,3,0.41121292,-0.017705461,0.022572756,
772176686247926,3,0.3632288,0.03699059,0.041867554,
772176704558474,3,0.4379673,9.6299965E-4,0.03342414,
772176722655399,3,0.40916824,5.3483807E-4,0.029003084,
772176746337038,3,0.39590645,1.3882387E-4,0.05548805,
772176762328248,3,0.38898468,-0.0014274027,0.059602797,
772176782897096,3,0.41616344,0.020687107,0.040049374,
772176806456667,3,0.39939117,-0.016916355,0.021650434,
772176822386844,3,0.4028101,-1.3093278E-4,0.03839898,
772176843169314,3,0.41107368,0.0032166243,0.059798002,
772176866423707,3,0.36976814,0.018445758,0.0538736,
772176884551147,3,0.41946125,0.0036617378,0.04887247,
772176902861695,3,0.43660736,-0.0027642036,0.039272547,
772176926512819,3,0.37182426,-0.0036389409,0.040050566,
772176942504031,3,0.38315392,0.022687925,0.055593014,
772176962950809,3,0.4282074,-0.012863281,0.058737695,
772176986571413,3,0.39423275,0.0051446697,0.021448195,
772177002562623,3,0.39715958,0.0024973704,0.040935516,
772177023070436,3,0.4011383,-2.9518455E-4,0.070854545,
772177046568972,3,0.38995743,-0.006592823,0.06638062,
772177064726931,3,0.4201851,-0.0059507247,0.048416793,
772177083342654,3,0.42684364,0.005662555,0.019851267,
772177106688600,3,0.38948345,0.017028,0.013095379,
772177122679810,3,0.40538788,0.017372282,0.044238687,
772177143096070,3,0.40408516,0.022641163,0.039721787,
772177166777711,3,0.38160515,-3.9893575E-4,0.033646822,
772177182738406,3,0.41042137,-0.006216975,0.028247058,
772177203154666,3,0.41985512,0.0035892576,0.03084755,
772177226775270,3,0.37320995,0.013444589,0.038054705,
772177244963746,3,0.4031763,-0.0091924835,0.042910933,
772177263365846,3,0.4092245,-0.011456044,0.05998069,
772177286894899,3,0.42058468,-0.008486381,0.05598873,
772177302886111,3,0.39954185,0.023584291,0.04591477,
772177323668582,3,0.3982334,0.0040691495,0.044505477,
772177346922975,3,0.3969593,-0.0010439567,0.044985652,
772177362914186,3,0.4084158,0.0028659105,0.040813923,
772177383299929,3,0.40605068,-0.010669863,0.028450131,
772177406920535,3,0.41854095,0.010600012,0.04213786,
772177425261599,3,0.4035654,0.0019020345,0.049475968,
772177443358522,3,0.3891611,0.006597206,0.047617495,
772177467040162,3,0.38618183,0.0014411379,0.03848201,
772177483031374,3,0.4041195,-0.008847615,0.060882926,
772177503569704,3,0.4005661,-0.001817571,0.04001522,
772177527098758,3,0.36765766,0.008847616,0.05779022,
772177543059450,3,0.42149925,-0.011821371,0.03780949,
772177563811402,3,0.41183662,0.015952187,0.056981206,
772177587096315,3,0.3753271,-0.007637946,0.034234285,
772177605376345,3,0.42210865,-0.0048962478,0.04544103,
772177623564822,3,0.39292145,0.02387918,0.045868874,
772177647246462,3,0.41623592,0.0054381005,0.031288266,
772177663207155,3,0.4041357,0.012279637,0.03128451,
772177683653932,3,0.38061428,0.0035410337,0.04935205,
772177707305055,3,0.4047823,-0.001217559,0.07551414,
772177723265750,3,0.3980255,-0.0016132798,0.060606122,
772177743804079,3,0.40789127,-0.0036371872,0.034995317,
772177767272096,3,0.41178894,0.020963002,0.04198706,
772177785613160,3,0.39181137,0.0150344875,0.036737204,
772177804137331,3,0.40547562,-0.01070318,0.04358256,
772177827330691,3,0.42171288,0.012557284,0.042517543,
772177843382938,3,0.39002132,0.022995383,0.04924041,
772177863829714,3,0.39056873,-0.0076154433,0.0152282715,
772177887419800,3,0.42395496,-0.010552665,0.058404803,
772177903441530,3,0.36997414,0.010695582,0.05518937,
772177923857790,3,0.41733456,-0.015100538,0.060135007,
772177947447879,3,0.41936302,0.0012923777,0.053871274,
772177965788943,3,0.3912468,0.0063309562,0.023121059,
772177984038453,3,0.4138012,-0.0028591882,0.029964328,
772178007567506,3,0.3808031,-0.0026963996,0.07056725,
772178023558718,3,0.38337898,-0.016705927,0.05488628,
772178044341189,3,0.42431164,0.01323416,0.051036358,
772178067626101,3,0.41507435,0.010056991,0.025327623,
772178083617311,3,0.39636803,0.027006958,0.045988142,
772178104003053,3,0.39395332,-0.01875205,0.055284083,
772178127654176,3,0.40305424,-0.0022431016,0.050584197,
772178145781618,3,0.40978432,0.0113444,0.040760756,
772178164061649,3,0.4331541,0.016005088,0.04160565,
772178187712770,3,0.38647556,0.0057660164,0.02653265,
772178203765015,3,0.3989973,0.008968611,0.0463897,
772178224303346,3,0.41881275,-0.010281447,0.03236586,
772178247801882,3,0.3949833,0.0047714524,0.04512769,
772178263793094,3,0.42670727,0.004447627,0.040952206,
772178284514529,3,0.41415977,0.0015323237,0.062176168,
772178307799440,3,0.39613914,0.0032487726,0.025344014,
772178326140504,3,0.40927982,0.012075638,0.037684143,
772178344237429,3,0.39967728,-0.008991407,0.045238793,
772178367888552,3,0.39485168,0.02212094,0.038007677,
772178383910281,3,0.42655945,-1.6425177E-4,0.035796702,
772178404357057,3,0.39719772,0.0051277187,0.021317244,
772178427977662,3,0.4031248,0.015531624,0.044864655,
772178443938356,3,0.39108753,-0.010667525,0.04396659,
772178464476687,3,0.4078064,0.001392331,0.032612264,
772178487975223,3,0.39876747,0.018554186,0.051997006,
772178506194216,3,0.39338303,0.0017035902,0.05135697,
772178524779420,3,0.3891201,0.0110121,0.03981471,
772178548064332,3,0.43752766,-0.0031245612,0.048057616,
772178564055544,3,0.3932457,0.020322949,0.044312596,
772178584502322,3,0.40588093,0.010228548,0.055974662,
772178608122927,3,0.4220581,0.019699264,0.037791967,
772178624144655,3,0.4064579,-1.9318424E-4,0.029310286,
772178644530397,3,0.41584206,0.006695698,0.026052177,
772178668151003,3,0.37669563,0.0046288297,0.06058395,
772178686339480,3,0.41509438,-0.0010863338,0.0700897,
772178704680544,3,0.40708923,0.0071668224,0.084526,
772178728209596,3,0.40330696,0.014403496,0.03569472,
772178744231324,3,0.40319824,0.0054518357,0.02520138,
772178765044313,3,0.39684963,0.015029519,0.05482608,
772178788329226,3,0.41705227,-0.022402387,0.044365525,
772178804289920,3,0.42917252,0.032245733,0.04643941,
772178824675661,3,0.39861965,0.01454612,0.045609653,
772178848235230,3,0.41349697,0.0036804425,0.030069292,
772178866637330,3,0.38824272,-0.005225626,0.06340164,
772178884734255,3,0.40188694,-0.008447218,0.046022356,
772178908415897,3,0.41505623,-0.011872516,0.05139029,
772178924407107,3,0.40973282,-0.011774608,0.027748168,
772178944945436,3,0.39540672,0.004376024,0.024174094,
772178968443972,3,0.41854,-0.012790216,0.039148927,
772178984435183,3,0.4070921,-0.007640579,0.05817598,
772179005187136,3,0.40490818,-0.011340602,0.061212897,
772179028533083,3,0.3925972,-0.019812662,0.03301263,
772179046630006,3,0.41221714,0.018946402,0.04860592,
772179064910035,3,0.40488815,-0.0054179337,0.041119397,
772179088500124,3,0.40422344,-0.014092238,0.046822846,
772179104582888,3,0.40008068,0.01034253,0.059323728,
772179125029666,3,0.41454792,-0.0056213476,0.035746157,
772179148619753,3,0.39775658,0.030165128,0.052974045,
772179164610963,3,0.39959335,-0.0022542085,0.027272642,
772179185149293,3,0.38472462,0.001629062,0.034331918,
772179208586795,3,0.39189816,-0.0033303145,0.0470286,
772179226988894,3,0.4014597,0.003596563,0.038285315,
772179248839480,3,0.40197468,-0.008710546,0.05324936,
772179268736940,3,0.4091406,-1.2479536E-4,0.03431523,
772179284728151,3,0.37744427,0.0077817393,0.03633535,
772179305174929,3,0.39785767,-0.001386486,0.04503858,
772179328765018,3,0.4073534,0.0047533326,0.040804625,
772179344786746,3,0.40128708,0.017271454,0.047314405,
772179365172486,3,0.3993683,-0.015961247,0.05268848,
772179388854128,3,0.39331913,-0.009757131,0.03503275,
772179407012086,3,0.40646076,0.016269289,0.05039078,
772179425414187,3,0.40944862,-0.009512801,0.04628539,
772179448943240,3,0.40167713,0.0027735569,0.059969902,
772179464934450,3,0.3998766,0.005355682,0.037279963,
772179485747437,3,0.4070778,-0.0121186,0.056770205,
772179509001833,3,0.38371372,0.0066731935,0.03910774,
772179524993044,3,0.39918613,-0.0066261403,0.031409323,
772179545409305,3,0.4266281,-0.0031707399,0.044718266,
772179569029910,3,0.3805952,0.0069713006,0.06604129,
772179587187867,3,0.40929317,0.016357847,0.08444095,
772179605467897,3,0.40273476,0.011838906,0.049353838,
772179629149539,3,0.3937359,0.010014613,0.032328486,
772179645110232,3,0.41993332,5.6727976E-4,0.041465104,
772179665679079,3,0.39282036,0.02948767,0.05125612,
772179689208131,3,0.40008736,-0.0082666,0.09676063,
772179705199342,3,0.4188881,-0.0053480826,0.06752014,
772179725981813,3,0.39716434,0.0043403674,0.083058536,
772179749236209,3,0.394207,0.012797815,0.041799188,
772179767516238,3,0.39156532,-0.0062976386,0.026109159,
772179785643679,3,0.42609406,0.0022027716,0.046759427,
772179809233766,3,0.37773323,-0.0061292965,0.05828297,
772179825316530,3,0.42883205,0.019461948,0.035413563,
772179845702273,3,0.37866497,0.020187926,0.03318709,
772179869322880,3,0.422122,0.012655776,0.06283665,
772179885314090,3,0.38185787,0.01504764,0.05616319,
772179905821901,3,0.3914404,-0.0041264333,0.057869732,
772179929350954,3,0.42471504,0.004207097,0.06367105,
772179947661501,3,0.3848467,0.0016693939,0.03394729,
772179966124636,3,0.4194193,-0.002186112,0.039536178,
772179989409548,3,0.40969467,-0.0077224113,0.06798136,
772180005431276,3,0.36616802,0.0046907887,0.059662998,
772180025878053,3,0.40301895,-0.009414015,0.055454433,
772180049498660,3,0.40003872,0.032777652,0.055845797,
772180065520388,3,0.3908844,0.024710955,0.04450023,
772180085906131,3,0.40918636,-0.0150768645,0.05527532,
772180109496217,3,0.39714813,0.014671501,0.04189533,
772180127654175,3,0.40262032,0.0012953002,0.0712266,
772180146086793,3,0.4218502,0.001812309,0.065963864,
772180169585330,3,0.3865471,0.03346417,0.04664105,
772180185607059,3,0.40392208,2.8641894E-5,0.04878539,
772180206389529,3,0.4212103,0.0018815771,0.04556787,
772180229643922,3,0.37635994,-0.018312193,0.051592827,
772180245665651,3,0.4063282,-0.015590077,0.045030117,
772180266051393,3,0.39916992,0.021825463,0.06983572,
772180289702518,3,0.39548206,0.0013423543,0.036480308,
772180308013064,3,0.41399193,0.0038096216,0.041262567,
772180326109986,3,0.3941536,0.003111409,0.04729891,
772180350829225,3,0.39167976,-0.0051171966,0.0622136,
772180365782839,3,0.39470482,-0.0016799159,0.06712794,
772180386351687,3,0.4061699,0.007420214,0.04729396,
772180409850223,3,0.39954758,0.010008768,0.04960513,
772180425841433,3,0.40607452,0.018448096,0.05879295,
772180446562867,3,0.42887878,0.004712999,0.0645718,
772180469878298,3,0.35054874,-0.007861529,0.048489034,
772180488188845,3,0.41519547,0.013862814,0.078977704,
772180506285769,3,0.4252844,0.009497898,0.042443037,
772180529936892,3,0.3665247,0.002075931,0.036078155,
772180545928102,3,0.42333698,-0.008269232,0.06012392,
772180566374879,3,0.39585876,0.01723346,0.07793254,
772180589995486,3,0.38693333,-0.009964637,0.025658488,
772180605986697,3,0.42215824,0.005236731,0.021546364,
772180626525027,3,0.4016285,0.027224984,0.05940759,
772180650054078,3,0.37648678,-0.0014820546,0.07499528,
772180668364626,3,0.39893436,-0.0040638875,0.06712705,
772180686858278,3,0.40761662,-0.0022384282,0.031148612,
772180710143192,3,0.4028387,0.009150983,0.02316171,
772180726134403,3,0.3918333,-0.013631634,0.033013225,
772180746550661,3,0.40485096,-0.01318506,0.03992927,
772180770171266,3,0.41264725,0.023527008,0.047528088,
772180786162477,3,0.39470768,0.01725947,0.051447272,
772180806578737,3,0.41078186,-0.00403437,0.044317305,
772180830199344,3,0.38560295,0.012975509,0.06941223,
772180848357302,3,0.39871883,-6.53496E-4,0.055817187,
772180866759401,3,0.41485405,-0.0016582888,0.05616349,
772180890288454,3,0.40165424,0.01057517,0.044056,
772180906279665,3,0.41297913,0.0021323357,0.052475154,
772180927062136,3,0.39555168,0.019098084,0.0744251,
772180950377566,3,0.40780258,0.0069809454,0.06386775,
772180966338258,3,0.3960514,-0.008401042,0.05416441,
772180986754517,3,0.38942719,-0.001096271,0.042114496,
772181010375124,3,0.38435268,-0.0015641814,0.01863277,
772181028685672,3,0.3937683,-0.006690439,0.053280354,
772181046813113,3,0.40519238,-0.006316928,0.058552742,
772181070464235,3,0.40775967,-0.011855565,0.038696826,
772181090209108,3,0.4107523,-0.007803075,0.030282617,
772181107054811,3,0.4034233,0.009438567,0.05456072,
772181130522830,3,0.3991766,-0.015146714,0.051804125,
772181146514041,3,0.40518475,-0.005857786,0.07425588,
772181167265994,3,0.38972855,0.009900925,0.035642385,
772181190520387,3,0.40819073,-0.0099593755,0.06569326,
772181208678347,3,0.39912415,-0.008991994,0.055574894,
772181226958376,3,0.39549923,0.015676001,0.06327188,
772181250640018,3,0.39974403,0.029346798,0.05290097,
772181266631228,3,0.39073944,0.0034822896,0.044297397,
772181287108522,3,0.41162968,0.0018865447,0.041535854,
772181310698610,3,0.39062786,0.0042339843,0.048895538,
772181326689821,3,0.38939285,7.201303E-4,0.05300826,
772181347197634,3,0.38779926,-0.012965279,0.043534935,
772181370726687,3,0.41231823,0.010404782,0.037293077,
772181389037233,3,0.38237476,0.0048863105,0.053083062,
772181407500367,3,0.40082264,0.014060966,0.046844184,
772181430815798,3,0.41528988,0.008224516,0.05737728,
772181446807009,3,0.3848505,0.0186179,0.06509292,
772181467253787,3,0.39692497,0.022103405,0.054067075,
772181490935427,3,0.3857298,0.014913784,0.05208677,
772181506865602,3,0.40902042,-9.819865E-5,0.014532626,
772181527251344,3,0.40468597,0.014199497,0.05791676,
772181555083376,3,0.40032673,-0.015047932,0.07110357,
772181569029911,3,0.40347958,-0.002945114,0.059854448,
772181587432009,3,0.4158392,-0.005536882,0.053092122,
772181610991578,3,0.41127682,0.003640986,0.028912783,
772181626982789,3,0.38709164,-0.011452537,0.023925662,
772181647795778,3,0.37127972,0.006410744,0.032866538,
772181671050174,3,0.43236256,0.0029877834,0.052786708,
772181687041385,3,0.4061222,-3.8139895E-4,0.045442462,
772181707457643,3,0.38876534,-0.0073372107,0.029288054,
772181731108766,3,0.4161167,0.031031098,0.049206793,
772181749266726,3,0.39442825,-0.0057660174,0.041052163,
772181767516237,3,0.38716316,0.009109773,0.06614655,
772181791167362,3,0.41969872,0.0045431973,0.0565449,
772181807189090,3,0.39769936,-0.016247956,0.035892606,
772181827757936,3,0.39104366,-0.0060202833,0.037453532,
772181851286989,3,0.4261694,0.0048036007,0.051569164,
772181867217165,3,0.3938942,0.005131225,0.060477853,
772181887938601,3,0.41208458,-0.015713995,0.061944425,
772181911223513,3,0.4217577,-0.014169103,0.04201454,
772181929564576,3,0.39584923,0.009489128,0.039664507,
772181947661500,3,0.3908577,-2.8583035E-4,0.042490363,
772181971312624,3,0.40227795,0.007186112,0.050216258,
772181987334353,3,0.41967773,-0.018846447,0.050241113,
772182007781131,3,0.39150238,-0.009409342,0.04366702,
772182031371217,3,0.39077473,-0.0018698853,0.049084365,
772182047362427,3,0.43264103,0.00903174,0.045958042,
772182067900758,3,0.39434052,0.002976969,0.048865736,
772182091399295,3,0.40391827,-0.008026656,0.06083411,
772182109557255,3,0.39672852,0.016957274,0.061507463,
772182128172976,3,0.39436626,0.02422814,0.056263447,
772182151457887,3,0.41537666,-0.013115794,0.03863281,
772182167479615,3,0.39862537,0.0018482581,0.040285826,
772182187926393,3,0.39133835,0.024753626,0.04237026,
772182211577518,3,0.4116869,0.01552607,0.053785086,
772182227568728,3,0.4110756,0.020006139,0.05575317,
772182247923951,3,0.41521072,-0.015158991,0.06429213,
772182276335817,3,0.38701534,-0.018060558,0.038256705,
772182289733035,3,0.4097643,-0.025888475,0.038214862,
772182308135134,3,0.38818836,-0.011833354,0.051174283,
772182331664187,3,0.4222288,-0.019872576,0.051681995,
772182347685915,3,0.4000845,-0.016383272,0.048734784,
772182368468386,3,0.4037161,-0.010397768,0.06429392,
772182391722781,3,0.40742683,0.012492986,0.06320083,
772182407744510,3,0.38053417,0.0057248073,0.042848945,
772182428130251,3,0.43010616,-0.006506605,0.019835114,
772182451720339,3,0.4071331,-0.0033162842,0.017103076,
772182470061405,3,0.38837814,-0.0072010187,0.041563034,
772182488188846,3,0.42372704,-0.012914134,0.06923747,
772182511809450,3,0.40577698,-0.01512772,0.06653583,
772182527831178,3,0.40727997,0.008111118,0.056190073,
772182548400028,3,0.4250126,-0.001321312,0.040147305,
772182571868045,3,0.38393688,-0.021022912,0.050320923,
772182587889772,3,0.39473152,-0.023244683,0.047042012,
772182608672244,3,0.3931818,0.012938099,0.06266719,
772182631926639,3,0.40109062,0.0020788517,0.05547756,
772182650084598,3,0.3795128,0.0019783136,0.028375328,
772182668364626,3,0.4183483,0.019669162,0.05330783,
772182692046267,3,0.39302063,0.029277824,0.05483693,
772182708037478,3,0.38661194,-0.013346681,0.04214436,
772182728453738,3,0.41080475,-0.018645959,0.026623845,
772182752074342,3,0.41313744,0.008275077,0.030467331,
772182768065553,3,0.40282345,-0.014767654,0.050426126,
772182788573368,3,0.4219656,-0.00781418,0.06439674,
772182812102420,3,0.39052963,-0.0013458617,0.05611378,
772182830443483,3,0.41289043,-0.007387189,0.04831016,
772182848876101,3,0.38593102,0.012530687,0.021683753,
772182872191531,3,0.37919807,-0.008635726,0.05133444,
772182888182742,3,0.4115286,-0.005274726,0.032663405,
772182908629518,3,0.40018559,0.0073176296,0.04001987,
772182932219607,3,0.40086174,0.036214054,0.062286615,
772182948302371,3,0.39488125,0.008239129,0.051995575,
772182968657596,3,0.41158676,0.0071031097,0.049759448,
772182992247682,3,0.39834023,-0.012714811,0.035953343,
772183010436160,3,0.40857887,0.0051470064,0.044036686,
772183028838260,3,0.41333485,-0.015576631,0.062488317,
772183052367312,3,0.38461494,0.0048877727,0.03477466,
772183068358522,3,0.40615845,-0.014643442,0.048627555,
772183089140994,3,0.39119625,-0.0027314704,0.017483354,
772183112425906,3,0.4013872,-0.003934417,0.025659919,
772183128417117,3,0.40974903,0.015028935,0.051075518,
772183148802858,3,0.41274738,-0.006394962,0.021652758,
772183172453982,3,0.3888054,-0.0034162384,0.042588532,
772183190764530,3,0.40073204,0.020929685,0.053410947,
772183208891971,3,0.41505146,-0.0016971584,0.05047202,
772183232512575,3,0.38929558,-0.012846913,0.020251691,
772183248534304,3,0.4174366,-0.0052829087,0.045258343,
772183269103153,3,0.39653206,-0.0012312941,0.03686607,
772183292571170,3,0.40438366,-0.0021127537,0.046622634,
772183308592897,3,0.42284775,0.017564299,0.056268692,
772183329314334,3,0.41440964,0.017533904,0.045740306,
772183352019412,3,0.38925076,-0.0066974517,0.04127866,
772183370940311,3,0.40907192,0.027561668,0.050438404,
772183389037233,3,0.4186716,0.00793401,0.02796501,
772183412657839,3,0.43648338,0.015801381,0.04199934,
772183428710086,3,0.376544,0.0027256254,0.07492924,
772183449156863,3,0.3982401,-0.0029851533,0.0716694,
772183472716432,3,0.40596485,-0.0068681315,0.06577009,
772183488768679,3,0.41808128,0.013485505,0.045750797,
772183509276493,3,0.38910675,0.010709319,0.0335989,
772183532775027,3,0.38823414,0.009418401,0.034442365,
772183550932985,3,0.40313625,0.004208265,0.05449611,
772183569609744,3,0.41819096,0.017712183,0.046048343,
772183592864139,3,0.39310265,0.008872751,0.047699332,
772183608885867,3,0.4002247,0.020794075,0.053915977,
772183629332643,3,0.4126501,-9.837504E-4,0.048234165,
772183652861697,3,0.39516926,0.01277531,0.04398793,
772183668913944,3,0.41853714,-0.0057695247,0.06758708,
772183689330203,3,0.41321564,0.006292669,0.03799802,
772183712950807,3,0.39528847,0.012364392,0.023144186,
772183731108767,3,0.41431522,-0.009480655,0.062043786,
772183749541385,3,0.41014767,-0.0060138535,0.06056726,
772183773039920,3,0.39792728,-0.0024602525,0.05561316,
772183789061647,3,0.39080143,0.005797874,0.026058614,
772183809844119,3,0.4109335,0.002414368,0.03028965,
772183833098514,3,0.38679314,-3.4925155E-4,0.045683026,
772183849120242,3,0.39989758,0.0022802204,0.043662608,
772183869475466,3,0.39711857,7.256847E-4,0.04780191,
772183893126589,3,0.40803146,-0.0020376444,0.048831224,
772183911284549,3,0.40628433,0.023259588,0.034968138,
772183929564578,3,0.39850807,0.01749328,0.030102015,
772183953215700,3,0.40153694,-0.0063145906,0.051157355,
772183969206912,3,0.3979435,0.006598668,0.04159665,
772183989806278,3,0.41710758,-0.004716508,0.06659341,
772184013304812,3,0.3876562,0.0067483056,0.05941254,
772184029296022,3,0.4134102,0.007761281,0.049577415,
772184050017459,3,0.39485836,0.011769349,0.049515724,
772184073302371,3,0.43192005,-0.008097384,0.03883916,
772184091460330,3,0.39587688,-0.004692249,0.046075225,
772184109740358,3,0.40543842,0.012147241,0.06243688,
772184133360964,3,0.40905952,-0.008244388,0.03865707,
772184149413211,3,0.38567448,-2.3819134E-4,0.04223144,
772184169859988,3,0.40171623,-0.003700899,0.037953615,
772184193450075,3,0.3992939,0.0048570856,0.055713713,
772184209471804,3,0.4058714,-0.0037263278,0.08453882,
772184229979618,3,0.4208851,-0.014078502,0.040738285,
772184253478152,3,0.39396095,0.0064268187,0.05076778,
772184271636110,3,0.40048695,-0.010303952,0.05578035,
772184290251834,3,0.39915657,0.0037254505,0.060064852,
772184313567264,3,0.38183308,0.016150633,0.03629327,
772184329558475,3,0.4087639,-0.0029670335,0.045309484,
772184350005251,3,0.4127884,-0.0052899234,0.029116511,
772184373625857,3,0.3873825,0.011527649,0.050367117,
772184389617069,3,0.4035988,0.0055102874,0.09265286,
772184410002811,3,0.38021755,-0.009997955,0.07390636,
772184433623415,3,0.41831112,0.024046354,0.06843519,
772184451964480,3,0.41521358,0.013552724,0.0327695,
772184470213993,3,0.3940258,0.015324119,0.03972882,
772184493712527,3,0.38903522,0.03413082,0.052785277,
772184509734255,3,0.41114807,0.0076782797,0.04428047,
772184530577761,3,0.39075756,0.016059447,0.046642542,
772184553771121,3,0.4111271,-0.0017246325,0.052935183,
772184569792850,3,0.38956928,0.01647241,0.057842553,
772184590178591,3,0.39677525,0.009489713,0.05635202,
772184613799197,3,0.4238577,0.0154427765,0.06976646,
772184632140262,3,0.40475655,0.011046294,0.05642742,
772184650267703,3,0.4154806,0.014946518,0.052962065,
772184673918825,3,0.4022627,0.01806991,0.08179307,
772184689910037,3,0.37243462,0.022375206,0.03906095,
772184710478885,3,0.4048853,0.021374797,0.04857433,
772184733946902,3,0.42224312,0.009354105,0.03957826,
772184749968630,3,0.38139057,0.0048524085,0.023174882,
772184770720584,3,0.399786,0.01553367,0.052384853,
772184794005496,3,0.39732265,0.011393208,0.057576,
772184812163455,3,0.39985943,0.0026560668,0.047211826,
772184830443483,3,0.40820408,0.002770342,0.048882127,
772184854094607,3,0.38882828,0.008546586,0.03351915,
772184870085819,3,0.39594364,0.020187633,0.0392375,
772184890532596,3,0.41451454,-5.19054E-4,0.055823565,
772184914153200,3,0.3888626,-0.017174715,0.041995287,
772184930205447,3,0.41223907,0.031362228,0.07745701,
772184950652225,3,0.41579437,-0.0063934997,0.038535476,
772184974181277,3,0.42170715,0.003666997,0.05095309,
772184992308718,3,0.3833866,0.0046574697,0.050525784,
772185010924441,3,0.40668964,0.01172317,0.04509324,
772185034270389,3,0.39887524,0.01248305,0.044395626,
772185050261600,3,0.40604973,-0.0042255074,0.048095047,
772185070708376,3,0.41153717,-0.009309679,0.037677407,
772185094328982,3,0.40019608,0.009375732,0.052191377,
772185110320194,3,0.3965969,-0.013389351,0.05172491,
772185130705936,3,0.43548298,0.0023354571,0.029784918,
772185154357057,3,0.37322426,-0.0042079724,0.033496916,
772185172667605,3,0.4049406,0.03022972,0.046759725,
772185190886600,3,0.37565804,-0.009537643,0.044286013,
772185214415652,3,0.42521572,-0.007608721,0.0340119,
772185230406862,3,0.40644836,-0.0059258826,0.047779977,
772185251219851,3,0.36925793,2.3643859E-4,0.056149483,
772185274474246,3,0.39103222,-0.009101592,0.076274514,
772185290465457,3,0.40099907,-0.003000643,0.043708205,
772185310851198,3,0.39516926,-0.0057861824,0.033709407,
772185334471804,3,0.3979292,-0.0012020692,0.036421,
772185352660282,3,0.39947796,0.008105272,0.057908,
772185370940311,3,0.4209175,-0.0042889286,0.05590427,
772185394591432,3,0.40375137,0.01732669,0.055556774,
772185410582644,3,0.38640594,0.0051692184,0.03201139,
772185431151493,3,0.40134144,-0.0013908707,0.03958559,
772185454650027,3,0.40485764,0.0053469148,0.047225,
772185470671755,3,0.375412,-0.0035559386,0.04890257,
772185491423709,3,0.40973854,7.9845637E-4,0.054899454,
772185514647586,3,0.4087143,-0.014199207,0.039846897,
772185532836063,3,0.3847294,-0.0050453003,0.036819637,
772185551116091,3,0.418005,-0.0025222134,0.039694607,
772185574767214,3,0.41304398,0.0025233813,0.07212913,
772185590788944,3,0.3923788,5.927067E-4,0.07881898,
772185611205202,3,0.44524193,-0.014783142,0.045535445,
772185634825807,3,0.36838436,0.019782268,0.037008166,
772185650817019,3,0.3718052,-0.0039230185,0.03166151,
772185671324832,3,0.4185505,-0.02840835,0.06916708,
772185694853884,3,0.3912382,-0.020847851,0.0360986,
772185713194948,3,0.4032879,-0.010915069,0.025981724,
772185731627566,3,0.42174625,-0.004458733,0.0423311,
772185754942996,3,0.40070438,-0.02756722,0.03406185,
772185770964724,3,0.39532185,-0.01953589,0.04118365,
772185791380983,3,0.42121983,-0.016686346,0.030536592,
772185815001589,3,0.41897106,0.00442483,0.052991867,
772185830992801,3,0.4170971,-0.008553892,0.04211861,
772185851378542,3,0.39672947,-0.013888242,0.038783908,
772185875029665,3,0.40401745,-0.008308394,0.062417865,
772185893340212,3,0.40239716,0.0014393851,0.04794073,
772185911589725,3,0.39453602,-0.0027341004,0.024520397,
772185935118776,3,0.41722202,-0.015812485,0.05108285,
772185951109987,3,0.39864063,0.0013002697,0.057460546,
772185971922976,3,0.39390755,-0.01042144,0.033343196,
772185995177371,3,0.39620495,-0.022172377,0.036495805,
772186011199099,3,0.41705894,-0.013994331,0.04628682,
772186031584841,3,0.40860367,-0.020494215,0.04854983,
772186055235964,3,0.41692352,0.005452713,0.06918311,
772186073546512,3,0.3828678,-0.0050382875,0.063509166,
772186091673952,3,0.39014244,0.006776655,0.022671282,
772186115355592,3,0.41991615,0.0013014376,0.027880847,
772186131316287,3,0.3957863,0.0120358905,0.04073596,
772186151885135,3,0.38917255,-0.020553837,0.06511605,
772186175383669,3,0.39134312,-0.008021979,0.07351208,
772186191344362,3,0.423975,-0.01513795,0.045731246,
772186212096316,3,0.4247551,0.009753332,0.027571023,
772186235381229,3,0.38139057,-0.011805298,0.035567284,
772186253691774,3,0.38783646,-0.0026224572,0.027371109,
772186271819216,3,0.43813896,-0.015435176,0.048561513,
772186295470339,3,0.41673946,-0.010033609,0.05907029,
772186311492069,3,0.3897953,0.020479893,0.03162414,
772186331908327,3,0.39985275,-1.8821564E-4,0.04166037,
772186355528932,3,0.41107845,0.004341536,0.050346613,
772186371520144,3,0.36378956,-0.010441899,0.06297755,
772186392058475,3,0.4309473,-0.022867957,0.027147532,
772186415587526,3,0.37836075,0.0045014042,0.04210633,
772186433745485,3,0.38550377,-0.0010457095,0.017508447,
772186452391726,3,0.41413116,4.5271218E-4,0.06508273,
772186475676639,3,0.38480186,-1.4583953E-4,0.06687838,
772186491637331,3,0.4056635,-0.014095163,0.06926376,
772186512084108,3,0.41600037,-1.5635975E-4,0.03404957,
772186535704714,3,0.38290215,-0.0042608734,0.02516836,
772186551695926,3,0.40856743,0.010682722,0.053692102,
772186572081667,3,0.4025879,-0.017376957,0.04105681,
772186595702272,3,0.41160202,0.0039770864,0.06334728,
772186614043337,3,0.389431,-0.0047051087,0.025970936,
772186632292850,3,0.3948269,-0.0057613403,0.056954622,
772186655821901,3,0.4092064,-0.011065291,0.032842815,
772186671813112,3,0.3900509,0.008465339,0.035843194,
772186692595584,3,0.3948536,0.008602408,0.05420679,
772186715819461,3,0.42126083,-0.009044016,0.04722148,
772186731871706,3,0.40571404,0.010159283,0.04758507,
772186752257448,3,0.40394974,-0.01823387,0.023823977,
772186775878054,3,0.39676952,-0.009536475,0.05190146,
772186794066532,3,0.40868473,-0.00535802,0.043119013,
772186812316042,3,0.3966446,0.007968495,0.026752114,
772186836028199,3,0.39544392,0.011563011,0.029800713,
772186851988893,3,0.40980625,-0.00132511,0.0400123,
772186872588259,3,0.38816452,-0.0012453254,0.03837973,
772186896086795,3,0.40077114,0.002653731,0.060608506,
772186912078005,3,0.41511345,0.011678164,0.04594779,
772186932799439,3,0.37152767,0.0068967743,0.03125471,
772186956084352,3,0.42543983,-2.592355E-4,0.052793443,
772186974455935,3,0.41410637,-0.009709492,0.036687553,
772186992522342,3,0.39745617,-0.006094517,0.053699136,
772187016203982,3,0.3909397,-0.0032870583,0.02344811,
772187032195192,3,0.4076805,0.0030450653,0.017701685,
772187052641968,3,0.40450191,-0.0046744216,0.011912525,
772187076262574,3,0.38517094,-0.017351825,0.042580068,
772187092223268,3,0.40864468,-0.015448039,0.07007247,
772187112731081,3,0.4168892,-0.009333061,0.05217588,
772187136229617,3,0.40765572,-0.00128741,0.040728867,
772187154601198,3,0.42120838,-0.0036582313,0.0286901,
772187173033814,3,0.39458084,-0.0068649165,0.04115063,
772187196349244,3,0.38724422,-8.7327696E-4,0.031388223,
772187212370974,3,0.41736794,-0.00737842,0.0663178,
772187232787234,3,0.41564655,0.032825872,0.05092764,
772187256468874,3,0.39338684,-0.011020575,0.02973026,
772187272429567,3,0.41846085,0.0064984225,0.05098313,
772187292815308,3,0.38022995,0.027163025,0.044531822,
772187316435914,3,0.3943138,-0.014252106,0.034703076,
772187334776979,3,0.41845703,-0.02004355,0.034309685,
772187352995974,3,0.42625523,-0.001912849,0.0023325682,
772187376555545,3,0.41231918,-0.006873684,0.03641832,
772187392546755,3,0.413002,-0.015484279,0.049622416,
772187413481812,3,0.3965969,5.4740533E-4,0.039334238,
772187436583619,3,0.4166975,-0.0037906244,0.025513768,
772187452574831,3,0.40045357,0.009138123,0.024240434,
772187472960574,3,0.40502357,-0.011461012,0.011094272,
772187496581179,3,0.40252018,-0.007851591,0.043763697,
772187514769655,3,0.4032507,-0.0074734036,0.049147487,
772187533049684,3,0.41235447,-4.3634512E-4,0.023469448,
772187556700807,3,0.39967632,-0.009899171,0.02072835,
772187572722537,3,0.39835167,0.0089917,0.040451825,
772187593291384,3,0.40846348,-0.005677169,0.03535509,
772187616728883,3,0.40663338,0.008326515,0.057391524,
772187632781129,3,0.39053154,0.010912439,0.03503388,
772187653502565,3,0.41453266,0.017786417,0.029432118,
772187676817995,3,0.40557766,-0.015247548,0.022516966,
772187695128543,3,0.40191555,-0.010936113,0.019346535,
772187713225466,3,0.41508198,-0.0066965763,0.03131199,
772187736907105,3,0.41095638,-0.019575637,0.015501559,
772187752867799,3,0.4104557,-0.0012532137,0.017156303,
772187773314577,3,0.40986633,-0.0032584183,0.024821997,
772187796935183,3,0.41687012,-0.009665068,0.044050455,
772187812926394,3,0.386302,-0.009196868,0.024876654,
772187833495241,3,0.4012022,0.0049763266,0.029973984,
772187856963258,3,0.4131937,-0.004306758,0.03206569,
772187875304323,3,0.39295292,-0.011325987,0.0287655,
772187893736941,3,0.40858936,-0.012485681,0.028354287,
772187917021853,3,0.41813564,-0.0024082307,0.031745374,
772187933043580,3,0.37975693,0.02185586,0.018379986,
772187953490357,3,0.3965311,-0.0020116325,-0.004589081,
772187977141481,3,0.40731144,0.0122922035,0.037784636,
772187993102175,3,0.4156046,-0.013945814,0.006067097,
772188013487918,3,0.42325497,-0.0060629547,0.025279403,
772188037108522,3,0.3916664,0.011361061,0.039600194,
772188055449585,3,0.39377213,-0.011711774,0.041921914,
772188073668580,3,0.41132736,-0.0013452768,0.047582686,
772188097228151,3,0.41851044,0.014286007,0.009754539,
772188113219363,3,0.40035248,0.0034168232,-6.3592196E-4,
772188134032351,3,0.37141514,5.0648674E-4,0.035764873,
772188157256227,3,0.41699123,0.005784722,0.028064072,
772188173277955,3,0.4159317,0.0074491473,0.013000965,
772188193694216,3,0.39553356,0.017519874,0.02082479,
772188217284304,3,0.38524246,0.005815993,0.023586929,
772188235625368,3,0.389431,-0.0066778716,0.034373403,
772188253722291,3,0.43611526,-1.4379248E-4,0.030180037,
772188277403931,3,0.4164791,-0.0016132798,0.033975065,
772188293364626,3,0.4175825,0.009082008,0.033452213,
772188313963992,3,0.41749573,0.015546529,0.04365617,
772188337798220,3,0.40691853,-0.017849253,0.051730156,
772188353423221,3,0.40540218,-0.0062649064,0.028723717,
772188374205690,3,0.40477943,0.017807167,0.044581473,
772188397460084,3,0.3834753,-0.0052405316,0.01413548,
772188415801149,3,0.4024191,-2.1452084E-4,0.02067399,
772188433898074,3,0.40413475,0.0075900173,0.021786034,
772188457518678,3,0.3975191,-0.007193418,0.029972255,
772188473570924,3,0.39991665,6.716158E-4,0.026336253,
772188494017702,3,0.39749908,0.007841946,0.024856508,
772188517607791,3,0.39804363,-0.01646072,0.022058427,
772188533629518,3,0.405241,-0.015963294,0.03082478,
772188554137330,3,0.40943336,0.008489304,0.032596767,
772188577635866,3,0.3932476,0.00788374,0.024577975,
772188595976931,3,0.39499187,-0.004058335,0.027729154,
772188614440065,3,0.4051361,-0.0069958493,0.04489714,
772188637724977,3,0.41458035,0.020429917,0.05212444,
772188653716189,3,0.40491772,0.014992402,0.030568779,
772188674162967,3,0.40969086,0.008353403,0.034371912,
772188697783571,3,0.40840054,-0.0039399695,0.03031069,
772188713774782,3,0.38021374,-0.014228726,0.05561489,
772188734191042,3,0.42568302,0.0046665296,0.026596665,
772188757811648,3,0.4101057,0.005726561,0.03216803,
772188776152711,3,0.4022808,0.0056146253,0.025595963,
772188794402223,3,0.42074776,-0.008892041,0.042397976,
772188817931276,3,0.39135933,-0.008018471,0.052229643,
772188833983523,3,0.4039955,-0.009059798,0.059681416,
772188854704958,3,0.38497734,9.802431E-4,0.021254718,
772188877959352,3,0.40703106,0.007404724,0.011209071,
772188893950564,3,0.41228676,0.0065890225,0.019607782,
772188914336307,3,0.38284302,0.010886428,0.051775455,
772188937987428,3,0.40027142,-0.015446283,0.050799012,
772188956145387,3,0.4049387,-0.010755494,0.060251355,
772188974425417,3,0.41240692,-0.012743456,0.041264296,
772188998107058,3,0.4067917,0.019589666,0.018030465,
772189014098268,3,0.37486935,-0.018903732,0.013083935,
772189034667116,3,0.40110683,-0.004392974,0.031299412,
772189058165651,3,0.40912437,0.009769407,0.041810572,
772189074156863,3,0.4116087,0.015464696,0.03692454,
772189094847780,3,0.39831543,0.005351592,0.026687503,
772189118132692,3,0.39038086,0.023581952,0.053994596,
772189136473757,3,0.3915205,0.009328676,0.023706198,
772189154601199,3,0.42345715,0.021617958,0.05188656,
772189178313356,3,0.41182327,-0.015449496,0.040596485,
772189194274049,3,0.3944521,0.004049277,0.009643197,
772189214720827,3,0.40979767,0.010876783,0.03362316,
772189238402468,3,0.41573715,-0.01269874,0.05222875,
772189254363161,3,0.37531948,0.0038739182,0.05245322,
772189274870973,3,0.41629505,-0.004735796,0.034291565,
772189298491580,3,0.41134262,0.011566812,0.030553818,
772189316557986,3,0.38898277,-0.010327334,0.025098205,
772189335234743,3,0.39724636,0.00906915,0.014151275,
772189358428103,3,0.40625572,0.004358195,0.04006809,
772189374419314,3,0.39971352,0.013477614,0.04548341,
772189394866092,3,0.40390968,0.009505203,0.016078174,
772189418425661,3,0.39911366,-1.423303E-4,0.0047947764,
772189434477907,3,0.39126873,0.001144493,0.055390716,
772189454894167,3,0.4050598,0.003161095,0.027538002,
772189478545291,3,0.40383816,-0.0068041272,0.021314919,
772189496916872,3,0.4115162,-0.009569794,0.021518886,
772189515135866,3,0.40368176,-0.013126608,0.025922656,
772189538664920,3,0.40735912,0.007342765,0.029486775,
772189554656131,3,0.38403988,0.006113222,0.02257073,
772189580565553,3,0.40963173,-0.0052124746,0.03836888,
772189598662478,3,0.40830994,0.021586392,0.03056556,
772189614653689,3,0.37599087,-0.007626256,0.047855675,
772189635069949,3,0.4167633,-0.0017123558,0.04272735,
772189658690553,3,0.38104248,0.0011605695,0.033465326,
772189677031617,3,0.399127,0.0019297991,0.04369241,
772189695128542,3,0.41048813,0.0013788864,0.042084694,
772189718779666,3,0.3758564,0.0023331195,0.037356794,
772189734801393,3,0.40358353,-0.013307225,0.042450607,
772189755339723,3,0.42763615,-0.0025710203,0.040955663,
772189778838260,3,0.40014362,0.015343992,0.04819441,
772189794859988,3,0.36671925,-0.0063438155,0.0307374,
772189815550905,3,0.4110117,0.0032315273,0.009792209,
772189838835818,3,0.41380692,0.012188159,0.023294687,
772189857176882,3,0.38733387,0.022435997,0.050341904,
772189875273807,3,0.38975525,-2.9079616E-4,0.033807278,
772189898955446,3,0.39566422,0.023719314,0.06494713,
772189914946657,3,0.39229965,-0.012351532,0.039053917,
772189935393435,3,0.42212963,-0.0011471249,0.030798137,
772189958983523,3,0.3829937,0.013949906,0.0045922995,
772189975005251,3,0.3972454,0.024244215,0.04687339,
772189995513063,3,0.42605686,0.01934826,0.038585424,
772190019011600,3,0.41012383,0.014550505,0.01934123,
772190037352664,3,0.40115356,0.022171207,0.02819264,
772190055815797,3,0.40695858,0.025556758,0.041440547,
772190079131228,3,0.37752533,0.017602,0.02016747,
772190095122439,3,0.40270615,0.0078065824,0.036344707,
772190115538699,3,0.401721,0.0067906845,0.041813195,
772190139128786,3,0.39881992,0.013438158,0.023105562,
772190155150514,3,0.42437935,0.00868015,0.015979946,
772190175566775,3,0.39484596,0.028878596,0.04033667,
772190199217898,3,0.40712738,0.02329466,0.05284369,
772190217528444,3,0.42947578,0.023807578,0.041048586,
772190235747438,3,0.40126133,0.01469868,0.037351787,
772190259307010,3,0.41905117,0.006045418,0.037229657,
772190275298221,3,0.39691353,0.011138065,0.031668484,
772190296111208,3,0.39521885,0.004113281,0.017749608,
772190319335085,3,0.4220438,0.015735915,0.033608556,
772190335356814,3,0.40879917,0.006233927,0.00291121,
772190355742557,3,0.4087324,-0.008337915,0.03859335,
772190379363161,3,0.4220028,-0.0034878403,0.046186864,
772190397704225,3,0.39750957,-0.006337093,0.02879703,
772190415801150,3,0.40230656,0.0086740125,0.025097609,
772190439421756,3,0.39756203,0.017614566,0.01432842,
772190455412965,3,0.41613865,0.0025195815,0.012856007,
772190476012330,3,0.38741684,-0.0062996857,0.04685265,
772190499510867,3,0.405303,-0.019815292,-7.945299E-5,
772190515502078,3,0.42143726,0.038562663,0.031410158,
772190536223512,3,0.38962746,0.030968556,0.015809298,
772190559538943,3,0.44528294,-0.008328853,0.019566,
772190577849489,3,0.35604382,0.015690906,0.024460196,
772190595946414,3,0.42836952,3.4866668E-4,0.027013958,
772190619628053,3,0.40501118,-0.0044134334,0.029658914,
772190635588747,3,0.38419724,2.4900772E-4,0.054126382,
772190656035525,3,0.42735958,0.005452713,0.014883101,
772190679656131,3,0.40203953,0.009866146,0.0119614005,
772190695647340,3,0.41751003,-0.010358311,0.0060720444,
772190716155153,3,0.4061041,0.01689239,0.028095365,
772190739684207,3,0.40437603,0.017994214,0.04629618,
772190758025271,3,0.37446785,0.0023906939,0.015524328,
772190776457887,3,0.4115801,0.011032559,0.02027911,
772190799773318,3,0.4192543,-0.0025020465,0.021096885,
772190815764528,3,0.39222145,0.017518122,0.020067513,
772190836211307,3,0.39627457,-0.007038228,0.050747573,
772190859862428,3,0.41731358,-0.0030444805,0.058498025,
772190875884157,3,0.41110134,0.011679625,0.050938725,
772190896239382,3,0.40295982,-0.0058013797,0.017739058,
772190919798953,3,0.40043736,-0.012261517,0.005085647,
772190938048463,3,0.4032545,0.009541443,0.02550447,
772190956450563,3,0.40506554,-0.010131516,0.030149639,
772190979979617,3,0.39449024,0.021291502,0.030424953,
772190995970828,3,0.43052578,0.006311083,0.026350856,
772191016753297,3,0.38129902,0.0070443656,0.027786434,
772191040007693,3,0.3812189,-0.01132248,0.025948405,
772191056029421,3,0.3836918,0.008147357,0.042803347,
772191076445682,3,0.43293858,-0.011676118,0.025569618,
772191099974733,3,0.41385174,-0.002135843,0.027626812,
772191118376833,3,0.39282036,0.0057718605,0.023943782,
772191136504275,3,0.4275093,-9.14745E-5,0.032724142,
772191160124881,3,0.3966179,-0.0014130808,0.055255473,
772191176146608,3,0.40292645,-2.29422E-4,0.03526914,
772191196715455,3,0.39262867,0.02086977,0.026687205,
772191220183475,3,0.39155102,0.0159291,-0.0021659136,
772191236205203,3,0.40569115,-0.002902735,0.0045534372,
772191257018190,3,0.42544937,-0.0016679335,0.04879266,
772191280242068,3,0.39736462,0.019475393,0.0343436,
772191298613650,3,0.40097046,0.011467151,0.0197317,
772191316649539,3,0.39978504,0.016223405,0.024957895,
772191340331178,3,0.43623543,-0.0023024324,0.05811721,
772191358824831,3,0.39725018,0.004472468,0.046657085,
772191376769167,3,0.40555286,-0.004949147,0.026720524,
772191400389773,3,0.4211216,-0.010362405,0.02849251,
772191416380983,3,0.3942604,-0.01114128,0.029853284,
772191436888795,3,0.40507507,-0.009615969,0.028739214,
772191460417850,3,0.39128494,-0.0035331417,0.026672006,
772191478789431,3,0.3971672,-0.0026841238,0.035283506,
772191497191530,3,0.41868877,-0.004538521,0.032640576,
772191520476443,3,0.38803196,-0.008871583,0.0404191,
772191536498171,3,0.39692688,-0.0023164619,0.03617984,
772191556944949,3,0.39445305,0.014609541,0.032511413,
772191580565553,3,0.4141922,0.0062298346,0.044067383,
772191596556764,3,0.40526676,-0.0035179444,0.03556639,
772191616942507,3,0.4071455,-0.010217734,0.06259233,
772191640563113,3,0.4156208,-0.006902037,0.034921944,
772191658721071,3,0.3934803,-0.0071337987,0.027116537,
772191677123170,3,0.41929436,-0.00749211,0.029092252,
772191700591189,3,0.4007244,0.007733224,0.023838282,
772191716643435,3,0.38211632,0.0066249724,0.022813916,
772191737456422,3,0.4138565,-0.02547405,0.042339265,
772191760680300,3,0.4156456,0.023601534,0.02683276,
772191776702028,3,0.40056133,0.003921265,0.026660025,
772191797118289,3,0.40471363,0.0068596564,0.048761368,
772191820830446,3,0.394145,-0.012196634,0.060898066,
772191838896853,3,0.39505005,-0.005078621,0.048926532,
772191857176882,3,0.41559696,0.0072498266,0.030644715,
772191880828006,3,0.4021759,-0.0057835504,0.013740659,
772191896849733,3,0.39721394,-0.007813891,0.014300048,
772191917418580,3,0.40910244,0.010089723,0.04237753,
772191940856082,3,0.40912628,-0.010937279,0.04326248,
772191956877810,3,0.39893532,0.0021381807,0.01949209,
772191977629762,3,0.42881203,-0.026537294,0.044145703,
772192000945193,3,0.3533001,0.013638065,0.028671682,
772192019072635,3,0.4078045,-5.8861263E-4,0.04495293,
772192037352664,3,0.4421177,-0.0011871643,0.03866756,
772192061064821,3,0.3877449,0.009869652,0.03313744,
772192077025514,3,0.39842224,0.0010720138,0.038095057,
772192097472292,3,0.39658928,-0.015542438,0.034400582,
772192121123416,3,0.40528774,-0.007106323,0.033004463,
772192137084108,3,0.42101765,-0.0046907887,0.046857,
772192157591920,3,0.39389515,0.0017702244,0.026617944,
772192181090457,3,0.3953514,-0.007855974,-4.170537E-4,
772192199431521,3,0.39948177,-0.008894376,0.036913455,
772192217925172,3,0.41163826,0.003592765,0.056520343,
772192241179568,3,0.4208536,-0.008078678,0.025693536,
772192257201296,3,0.39318752,0.0022980496,0.008346975,
772192277648074,3,0.42417908,0.012094635,0.023366868,
772192301268678,3,0.42599392,-0.02165946,0.024340928,
772192317290407,3,0.41047955,-0.015035948,0.011116743,
772192337645632,3,0.43820095,-0.016181028,0.0283432,
772192361296756,3,0.39798546,0.028698564,0.0203408,
772192379424196,3,0.42241478,0.006048631,0.035744965,
772192397826295,3,0.42121792,0.023373863,0.015606761,
772192421385867,3,0.49568844,-0.059183717,0.11489916,
772192437346560,3,0.2768364,0.0016959906,0.019227862,
772192458159547,3,0.44364262,-0.02539923,-0.014539421,
772192481474978,3,0.3624916,-0.010088846,0.025768936,
772192497435671,3,0.42056084,0.019522155,0.053708553,
772192517821414,3,0.3957138,-0.024855625,0.031360745,
772192541411500,3,0.41575432,0.0070016943,0.03954816,
772192559783083,3,0.45004082,-0.008278582,0.03731966,
772192577880007,3,0.404109,-0.024337448,0.07389438,
772192601531131,3,0.38664246,-0.013908409,0.034525633,
772192617552858,3,0.3968897,0.0060091764,0.029987454,
772192638121705,3,0.32059574,0.021722294,0.0030377507,
772192661559207,3,0.40550995,-0.004660979,0.021570027,
772192677550418,3,0.38399887,-0.01902794,0.06251842,
772192698393922,3,0.38449478,0.0069622397,0.03701043,
772192721587282,3,0.4217291,-0.0025511459,0.038900495,
772192739745242,3,0.40729523,0.011171676,0.022843719,
772192758055789,3,0.41076374,0.02400602,0.032556415,
772192781706911,3,0.40349197,-0.0018295534,0.03540182,
772192797667604,3,0.41613865,0.01267536,0.04576367,
772192818144900,3,0.423481,-0.0021831878,0.040774763,
772192841734988,3,0.38346958,0.003461834,0.038934708,
772192857726198,3,0.3965006,-0.004702773,0.020135581,
772192878234010,3,0.3951521,0.009453472,0.02960658,
772192901763064,3,0.3793459,0.0016661808,0.023635149,
772192920073611,3,0.41116905,-0.008456569,0.013385832,
772192938536745,3,0.40357113,0.008875966,0.0032631159,
772192961821657,3,0.3730631,5.094111E-4,0.00524199,
772192977843386,3,0.38728428,0.005924713,0.028453648,
772192998320682,3,0.40565872,0.011187457,0.02937746,
772193021910768,3,0.41541576,-0.00784545,0.046823084,
772193037901979,3,0.41962624,-0.009253271,0.019584417,
772193058348758,3,0.37273026,1.3531744E-4,0.027401805,
772193081938845,3,0.37233257,0.011412496,0.023305178,
772193100279909,3,0.42543983,0.0025289357,0.04983574,
772193118498904,3,0.44111347,0.0104120895,0.014259994,
772193142058475,3,0.40894985,-0.008699734,0.031391144,
772193158049685,3,0.38549614,-0.0094070025,0.027428389,
772193178862672,3,0.37453938,-0.012758944,0.03512448,
772193202086550,3,0.38789654,-0.0020583943,0.03509617,
772193218108278,3,0.42272758,0.01994155,0.010260999,
772193238494021,3,0.41069126,0.008184474,0.008029878,
772193262114625,3,0.3715458,0.0123372115,0.034422457,
772193280455691,3,0.37379742,-0.008469431,0.03021717,
772193298522098,3,0.4372902,0.00548983,0.03497982,
772193322203738,3,0.39840412,-0.0020382274,0.02571255,
772193338194948,3,0.40616322,-0.0055175927,0.014598429,
772193358763796,3,0.38045502,-0.0029804762,0.012421668,
772193382231814,3,0.3906412,-0.0022252742,0.033786833,
772193398314578,3,0.42311954,0.011634908,0.026985884,
772193418974977,3,0.40754604,-0.0015042666,0.017516077,
772193442259890,3,0.40618896,-0.0022229366,-0.0109478235,
772193460631473,3,0.40613556,0.0055070724,0.01967591,
772193478728396,3,0.37445354,0.009819383,0.045483112,
772193502410036,3,0.38852406,0.01820815,0.035613716,
772193518401247,3,0.40354347,0.0036678761,0.004386544,
772193538786990,3,0.44345856,0.005621055,0.024042547,
772193562407595,3,0.45326233,0.01663257,0.043692112,
772193578398805,3,0.47049427,-0.051068798,0.3692813,
772193598906619,3,0.35914803,0.0065559973,0.044586778,
772193622435672,3,0.33658314,0.02122662,-0.002887547,
772193640776736,3,0.28565502,0.07748481,-0.0026615858,
772193659209352,3,0.38079643,-0.0025312721,-0.08179128,
772193682585818,3,0.48543835,0.005520225,0.038090646,
772193698515994,3,0.56083584,-0.030902795,-0.012439787,
772193718962771,3,0.40110302,-0.0090849325,-0.023292065,
