772158888701540,3,267.42938,0.07821594,85.717026,
772158905821900,3,267.4452,0.08622434,85.71773,
772158923918825,3,267.42767,0.08703201,85.68099,
772158946532351,3,267.43283,0.078274,85.67968,
772158965849978,3,267.47903,0.066649,85.70314,
772158984007937,3,267.43924,0.07245296,85.7273,
772159006651979,3,267.43304,0.087250575,85.73497,
772159025847535,3,267.42963,0.094217375,85.73389,
772159044097048,3,267.43182,0.09128039,85.74318,
772159069274051,3,267.41595,0.08768259,85.76108,
772159086058718,3,267.4313,0.090633236,85.76803,
772159104125123,3,267.43732,0.09644232,85.76804,
772159126708131,3,267.425,0.090534195,85.77325,
772159146056276,3,267.44724,0.082464315,85.79483,
772159164183718,3,267.43817,0.083061956,85.82255,
772159186705691,3,267.431,0.09048297,85.82744,
772159206084352,3,267.4344,0.09438643,85.803345,
772159224242310,3,267.46927,0.09448205,85.78306,
772159249205691,3,267.49084,0.091466516,85.79784,
772159266173464,3,267.5374,0.088310964,85.81685,
772159284300906,3,267.55588,0.08633021,85.82748,
772159307219607,3,267.54694,0.09509165,85.817894,
772159326201539,3,267.55954,0.1019338,85.812096,
772159344359498,3,267.56873,0.100784615,85.81771,
772159366881472,3,267.5712,0.09572344,85.808495,
772159386199099,3,267.61365,0.102613404,85.783,
772159404448611,3,267.5732,0.089231335,85.7554,
772159429228883,3,267.56223,0.08145345,85.709885,
772159446318726,3,267.59033,0.092164904,85.68223,
772159464446169,3,267.58902,0.09332945,85.67585,
772159487181765,3,267.5755,0.09578662,85.673775,
772159506377322,3,267.57916,0.09750612,85.672646,
772159524504763,3,267.57437,0.09430958,85.6759,
772159547453980,3,267.57748,0.12404145,85.717255,
772159566405397,3,267.57748,0.12404145,85.717255,
772159584563357,3,267.56393,0.13511321,85.7153,
772159609252079,3,267.5459,0.14339826,85.707886,
772159626463992,3,267.56732,0.14099404,85.70563,
772159644652467,3,267.56458,0.15230827,85.70928,
772159667235475,3,267.55194,0.19734333,85.70868,
772159686583620,3,267.5396,0.23104714,85.68786,
772159704680545,3,267.53235,0.23190264,85.65454,
772159727324587,3,267.48077,0.25056288,85.62109,
772159746550660,3,267.4331,0.27213794,85.60386,
772159764739137,3,267.39783,0.27561456,85.59606,
772159789946658,3,267.3869,0.27577507,85.599144,
772159806670290,3,267.3942,0.26326203,85.610435,
772159824797733,3,267.38104,0.24942906,85.638596,
772159847411257,3,267.3809,0.2464408,85.66953,
772159866728882,3,267.38287,0.24798958,85.66886,
772159884856325,3,267.37555,0.24980985,85.646065,
772159907408816,3,267.3573,0.26090047,85.60921,
772159926787478,3,267.36237,0.26004496,85.60021,
772159945067508,3,267.36774,0.25434,85.61259,
772159969908815,3,267.35193,0.2573026,85.6293,
772159986876588,3,267.3674,0.25534064,85.63378,
772160004912478,3,267.3638,0.26479882,85.625984,
772160027831179,3,267.35147,0.28434023,85.613365,
772160046843630,3,267.3562,0.27326667,85.60827,
772160065001588,3,267.36322,0.26222724,85.6269,
772160087554078,3,267.35318,0.264722,85.63767,
772160106902223,3,267.36395,0.2685777,85.62709,
772160125060183,3,267.36334,0.26067337,85.62008,
772160149901492,3,267.34363,0.2515464,85.62855,
772160167021852,3,267.403,0.25055435,85.643234,
772160185149293,3,267.36874,0.23522726,85.62494,
772160207915407,3,267.38132,0.19404776,85.58327,
772160227110964,3,267.39554,0.17407276,85.58637,
772160245207889,3,267.42203,0.20358446,85.61815,
772160268065554,3,267.41107,0.2300448,85.6234,
772160287078004,3,267.37897,0.22583397,85.59412,
772160305327516,3,267.38287,0.20825976,85.560646,
772160329985720,3,267.39072,0.17480871,85.5814,
772160347258670,3,267.40723,0.15817885,85.61337,
772160365355593,3,267.40146,0.16471706,85.63854,
772160387969117,3,267.39258,0.179595,85.64888,
772160407225709,3,267.39346,0.17547639,85.63532,
772160425353151,3,267.4048,0.16577405,85.63086,
772160447997195,3,267.4533,0.14398053,85.6372,
772160467223270,3,267.49622,0.13832171,85.65594,
772160485411745,3,267.5198,0.13673882,85.6707,
772160510436159,3,267.5573,0.13105096,85.675446,
772160527312379,3,267.5573,0.13105096,85.675446,
772160545439822,3,267.55795,0.124598116,85.67378,
772160568022830,3,267.56528,0.116309665,85.68006,
772160587370974,3,267.56696,0.115437105,85.68992,
772160605498415,3,267.57184,0.115391,85.69559,
772160628050904,3,267.5615,0.11759374,85.698555,
772160647429567,3,267.5751,0.11348026,85.70567,
772160665618045,3,267.58475,0.112556465,85.70937,
772160690428835,3,267.5639,0.11899905,85.71082,
772160707549195,3,267.586,0.1198665,85.713844,
772160725676637,3,267.58347,0.117282964,85.71394,
772160748595339,3,267.57288,0.11854485,85.71993,
772160767607790,3,267.6223,0.11656921,85.72928,
772160785735233,3,267.5832,0.11219446,85.72775,
772160808379274,3,267.5789,0.10791022,85.72408,
772160827605347,3,267.5866,0.09873897,85.71901,
772160845732790,3,267.5949,0.09455889,85.727974,
772160870635135,3,267.5923,0.08486514,85.7492,
772160887663943,3,267.60138,0.083034635,85.75743,
772160905791384,3,267.5922,0.08229186,85.74358,
772160928526979,3,267.58508,0.07765928,85.710266,
772160947722535,3,267.60196,0.07057636,85.69806,
772160965880495,3,267.60736,0.06408768,85.7125,
772160988738163,3,267.5973,0.06412525,85.73543,
772161007750613,3,267.6054,0.074998915,85.72946,
772161025908571,3,267.60114,0.08168055,85.71054,
772161050597292,3,267.5835,0.07464545,85.69181,
772161067870241,3,267.60394,0.0686178,85.7027,
772161085997683,3,267.6021,0.066538006,85.71559,
772161108580691,3,267.6005,0.06789038,85.72604,
772161127898317,3,267.607,0.06953988,85.71739,
772161146025758,3,267.60468,0.068802215,85.70192,
772161168669802,3,267.59863,0.063018754,85.701485,
772161187926394,3,267.60785,0.06541103,85.71593,
772161206084354,3,267.60776,0.06703832,85.71583,
772161231078249,3,267.5608,0.07570755,85.698326,
772161248015504,3,267.53464,0.075852685,85.689224,
772161266142946,3,267.50586,0.07512869,85.69664,
772161288725955,3,267.47366,0.07173579,85.713585,
772161308074099,3,267.46512,0.06698197,85.72139,
772161326201540,3,267.467,0.06395278,85.72615,
772161348754029,3,267.4541,0.06588402,85.73075,
772161368102174,3,267.4591,0.06691367,85.72907,
772161386260134,3,267.4578,0.06982846,85.732605,
772161411101444,3,267.44495,0.06925643,85.737335,
772161428252322,3,267.46368,0.07616004,85.73627,
772161446349245,3,267.4535,0.07247345,85.72643,
772161469298463,3,267.435,0.07873503,85.72803,
772161488341433,3,267.44394,0.08189741,85.73693,
772161506407839,3,267.4499,0.07895018,85.73899,
772161528929813,3,267.43527,0.086468525,85.744576,
772161548400027,3,267.44452,0.08458168,85.747345,
772161566466432,3,267.44742,0.08676563,85.74443,
772161591307741,3,267.42822,0.085795745,85.73936,
772161608428103,3,267.45203,0.08739913,85.74423,
772161626525027,3,267.44516,0.08629947,85.74814,
772161649230105,3,267.4356,0.084690966,85.75455,
772161668456178,3,267.45,0.08484806,85.756134,
772161686583619,3,267.45007,0.08852782,85.7503,
772161709441287,3,267.4369,0.08998608,85.74389,
772161728453739,3,267.4433,0.09418835,85.741585,
772161746611698,3,267.44394,0.09174485,85.744316,
772161771269899,3,267.42612,0.08613896,85.744995,
772161788542848,3,267.44803,0.081559315,85.75203,
772161806670290,3,267.44232,0.0798142,85.76203,
772161829253299,3,267.43805,0.080929235,85.77301,
772161848570927,3,267.4458,0.08021377,85.778244,
772161866789920,3,267.45172,0.079131186,85.775314,
772161889372926,3,267.4406,0.07962125,85.76609,
772161908599001,3,267.4439,0.082939014,85.76556,
772161926756960,3,267.45172,0.07417587,85.77703,
772161951811893,3,267.4419,0.060175687,85.803825,
772161968688113,3,267.4682,0.060547933,85.81223,
772161986815553,3,267.46484,0.06855633,85.79309,
772162009429080,3,267.49188,0.07000604,85.75704,
772162028777225,3,267.45532,0.06506098,85.75776,
772162046874148,3,267.45938,0.05457834,85.7723,
772162069457155,3,267.45343,0.05960195,85.78752,
772162088744266,3,267.46152,0.06655508,85.77089,
772162106963260,3,267.4539,0.066418484,85.742714,
772162131774050,3,267.449,0.054096814,85.74032,
772162148863894,3,267.4692,0.04863949,85.761185,
772162166991335,3,267.46024,0.048296276,85.77407,
772162189940555,3,267.5016,0.05228852,85.77093,
772162208922488,3,267.4615,0.048738528,85.75219,
772162227049928,3,267.47748,0.037431147,85.7586,
772162249602420,3,267.47525,0.041910045,85.77827,
772162268981083,3,267.46863,0.048052095,85.77266,
772162287108523,3,267.4631,0.048087955,85.74347,
772162311766726,3,267.45404,0.03969365,85.720116,
772162329070193,3,267.47864,0.031157617,85.73295,
772162347167117,3,267.47275,0.025572231,85.75693,
772162369902712,3,267.4651,0.027783504,85.77654,
772162389128786,3,267.47067,0.027669098,85.77561,
772162407225710,3,267.4737,0.024279615,85.776825,
772162430174930,3,267.4673,0.022546455,85.78446,
772162449126345,3,267.47424,0.02555857,85.79046,
772162467314821,3,267.47247,0.029325418,85.79065,
772162492125613,3,267.46637,0.029444946,85.78902,
772162509215458,3,267.48053,0.025647363,85.79134,
772162527342898,3,267.48126,0.027517127,85.79991,
772162549956423,3,267.473,0.032332413,85.80662,
772162569304568,3,267.47852,0.036464676,85.80082,
772162587432010,3,267.4731,0.039709017,85.79235,
772162610106570,3,267.46002,0.03385042,85.7952,
772162629302126,3,267.4681,0.036543224,85.809105,
772162647490603,3,267.46817,0.03667641,85.81962,
772162672484500,3,267.4631,0.03344061,85.81958,
772162689421755,3,267.47504,0.03601047,85.81522,
772162707518678,3,267.46976,0.04231644,85.81615,
772162730132205,3,267.45667,0.043009706,85.8164,
772162749480350,3,267.50543,0.04452259,85.81798,
772162767577273,3,267.4704,0.039939534,85.82181,
772162790129763,3,267.45764,0.035395753,85.82862,
772162809477908,3,267.46164,0.035581876,85.83144,
772162827635867,3,267.46603,0.03527964,85.83055,
772162852629763,3,267.46542,0.024556238,85.83602,
772162869567019,3,267.4755,0.02080305,85.8479,
772162887724978,3,267.47778,0.027875712,85.85518,
772162910643680,3,267.46478,0.023243135,85.84737,
772162929625613,3,267.4856,0.017555295,85.855484,
772162947753053,3,267.48053,0.016501738,85.86843,
772162970275027,3,267.47223,0.018808633,85.86779,
772162989653690,3,267.4817,0.021136021,85.831345,
772163007811648,3,267.4779,0.022011992,85.79999,
772163032652956,3,267.4724,0.010390425,85.79396,
772163049742801,3,267.47888,0.008990237,85.81418,
772163067870242,3,267.47842,0.009886699,85.82587,
772163090575320,3,267.47208,0.01370136,85.82543,
772163109801394,3,267.47345,0.011618152,85.82234,
772163127928835,3,267.48358,0.0059917835,85.81757,
772163150817020,3,267.47717,0.00343217,85.83749,
772163169829470,3,267.4765,0.0034577833,85.84288,
772163187987428,3,267.48093,0.009978906,85.84124,
772163212645633,3,267.4601,0.0062001045,85.82271,
772163229888065,3,267.4901,-8.537737E-6,85.826965,
772163248046023,3,267.48608,0.003141887,85.836784,
772163270598513,3,267.4784,0.01164035,85.83323,
772163289946658,3,267.48096,0.014514152,85.80612,
772163308104617,3,267.479,0.009452982,85.7956,
772163330748659,3,267.47614,0.004383274,85.81351,
772163350005251,3,267.47632,0.00432351,85.83207,
772163368163210,3,267.48386,0.0028720945,85.83828,
772163393218143,3,267.4755,0.0054078023,85.83388,
772163410094363,3,267.49243,0.006626991,85.82329,
772163428221803,3,267.49213,0.01054752,85.826675,
772163450804812,3,267.46954,0.0146917375,85.83008,
772163470152958,3,267.47528,0.016762992,85.827034,
772163488280398,3,267.4864,0.018714719,85.82195,
772163510832888,3,267.46884,0.02286235,85.81937,
772163530181033,3,267.47018,0.024364993,85.82121,
772163548338993,3,267.46594,0.022145182,85.82682,
772163573302370,3,267.46198,0.022191284,85.83888,
772163590270144,3,267.52234,0.022957973,85.84262,
772163609099490,3,267.54486,0.025319511,85.843796,
772163630248173,3,267.58646,0.029183691,85.847046,
772163653746706,3,267.57233,0.031135418,85.844795,
772163669768435,3,267.60736,0.02709707,85.84759,
772163690184695,3,267.60596,0.028213805,85.85036,
772163713835819,3,267.61148,0.027373692,85.851875,
772163732146365,3,267.62146,0.027552985,85.8627,
772163750243288,3,267.65106,0.025247794,85.864746,
772163773894412,3,267.60913,0.014058237,85.85893,
772163789916141,3,267.6265,0.010096727,85.85733,
772163810454470,3,267.62384,0.011566926,85.85234,
772163833983522,3,267.61804,0.012249945,85.84061,
772163849974734,3,267.63135,0.010701199,85.83749,
772163870696171,3,267.6619,0.0067960382,85.83514,
772163894011599,3,267.61722,0.0012618775,85.83081,
772163912322146,3,267.63254,-0.0027184153,85.8425,
772163930419070,3,267.63242,-0.0071119345,85.85664,
772163954100711,3,267.61713,-0.00712218,85.83783,
772163970061404,3,267.637,-0.006717491,85.81343,
772163990508181,3,267.62494,-0.0059866607,85.79187,
772164014159304,3,267.54526,-0.0049911607,85.804214,
772164030119999,3,267.5435,-0.008916812,85.82317,
772164050658328,3,267.51782,-0.011700114,85.83468,
772164074126345,3,267.50912,-0.006492095,85.82431,
772164092314822,3,267.50006,-0.010200888,85.81236,
772164110961063,3,267.4332,-0.009966954,85.81538,
772164134245974,3,267.38556,-0.0117684165,85.83024,
772164150267702,3,267.38824,-0.014329737,85.83512,
772164170683963,3,267.3662,-0.012666586,85.82595,
772164194335086,3,267.39877,-0.010132586,85.80522,
772164210295779,3,267.3638,-0.017702144,85.795265,
772164230681521,3,267.3566,-0.018777898,85.808716,
772164254302127,3,267.3482,-0.017169388,85.81422,
772164272673710,3,267.34644,-0.019505313,85.794815,
772164290892703,3,267.34778,-0.022964804,85.77772,
772164314421755,3,267.33987,-0.030676087,85.78901,
772164330443484,3,267.35745,-0.034565885,85.806946,
772164351225956,3,267.346,-0.03978927,85.82179,
772164374480349,3,267.34305,-0.038208082,85.82963,
772164390471560,3,267.35785,-0.036994018,85.82294,
772164410857303,3,267.35217,-0.038860366,85.81761,
772164434508426,3,267.35516,-0.04515097,85.822014,
772164452849490,3,267.36008,-0.049891125,85.82624,
772164470946413,3,267.41934,-0.050026022,85.82556,
772164493956668,3,267.446,-0.04740835,85.82345,
772164510588749,3,267.4707,-0.04967768,85.82343,
772164531157595,3,267.48737,-0.051318634,85.829796,
772164554625612,3,267.5033,-0.0520119,85.8276,
772164570647342,3,267.5177,-0.054008022,85.8232,
772164591399296,3,267.5653,-0.05918019,85.80976,
772164614684206,3,267.60178,-0.061814934,85.80529,
772164633025271,3,267.63403,-0.063855454,85.80082,
772164651122195,3,267.68866,-0.07049611,85.78972,
772164674803836,3,267.65814,-0.07209267,85.789665,
772164690795046,3,267.6833,-0.07608833,85.79395,
772164711241823,3,267.6834,-0.07624201,85.79593,
772164734862429,3,267.66937,-0.07481962,85.78309,
772164750823124,3,267.69522,-0.07284057,85.780014,
772164771361453,3,267.68723,-0.07343139,85.76797,
772164794859987,3,267.68695,-0.07532676,85.76711,
772164813201053,3,267.70157,-0.078673564,85.771645,
772164831633671,3,267.70096,-0.08411723,85.76901,
772164854979616,3,267.69598,-0.084066,85.76518,
772164870940310,3,267.70947,-0.083285645,85.76067,
772164891387088,3,267.6993,-0.08347689,85.756096,
772164915038211,3,267.70197,-0.08500857,85.76039,
772164930998904,3,267.71268,-0.0843597,85.77107,
772164951384646,3,267.70135,-0.08561816,85.76149,
772164975035769,3,267.69757,-0.08954381,85.717316,
772164993163211,3,267.70377,-0.09198732,85.68656,
772165011595828,3,267.69577,-0.091913894,85.69127,
772165035155397,3,267.68518,-0.09801326,85.72751,
772165051116092,3,267.70697,-0.09780835,85.74067,
772165071898563,3,267.6923,-0.09327823,85.738846,
772165095213991,3,267.68668,-0.095141165,85.726456,
772165111174685,3,267.70477,-0.104139954,85.7279,
772165131590945,3,267.7028,-0.109216504,85.743706,
772165155211551,3,267.69202,-0.106311955,85.76021,
772165173552615,3,267.70566,-0.1022497,85.76111,
772165191649538,3,267.70343,-0.09670869,85.74269,
772165215300662,3,267.6963,-0.10411605,85.72872,
772165231291873,3,267.71338,-0.10404263,85.74284,
772165251860719,3,267.7055,-0.09415932,85.75214,
772165275359255,3,267.69522,-0.08971628,85.734,
772165291350467,3,267.7035,-0.08310806,85.71409,
772165312132938,3,267.70505,-0.09243812,85.72239,
772165335387331,3,267.69623,-0.09514629,85.7426,
772165353697878,3,267.69772,-0.096563555,85.74692,
772165371825320,3,267.7025,-0.08970261,85.7421,
772165395476443,3,267.68506,-0.08204255,85.74321,
772165411467653,3,267.70398,-0.07838157,85.747185,
772165431914431,3,267.6866,-0.07282521,85.74781,
772165455535037,3,267.63223,-0.073262334,85.74163,
772165471526248,3,267.61856,-0.06957233,85.74208,
772165492034059,3,267.57422,-0.06740544,85.74135,
772165515563112,3,267.5544,-0.06706735,85.7404,
772165533873660,3,267.56134,-0.0659933,85.7471,
772165552367312,3,267.55252,-0.06481339,85.75041,
772165575682740,3,267.53864,-0.065342724,85.75735,
772165591643435,3,267.54993,-0.06652435,85.76264,
772165612059695,3,267.54437,-0.0633005,85.77317,
772165635710818,3,267.52972,-0.061236076,85.768906,
772165651671510,3,267.54987,-0.05878062,85.76545,
772165672057253,3,267.54022,-0.061014093,85.7641,
772165695738894,3,267.52374,-0.057788532,85.76686,
772165714018923,3,267.53308,-0.05635248,85.77886,
772165732268434,3,267.53928,-0.05719601,85.78805,
772165755828005,3,267.52124,-0.054779835,85.78119,
772165771819217,3,267.54434,-0.05313034,85.78713,
772165792601687,3,267.53162,-0.054694455,85.79461,
772165815917115,3,267.52786,-0.050201897,85.79936,
772165831877810,3,267.54416,-0.052223634,85.80371,
772165852263553,3,267.5329,-0.04916371,85.806114,
772165875914675,3,267.5102,-0.048272368,85.80807,
772165894194703,3,267.5295,-0.047737908,85.81284,
772165912322146,3,267.5334,-0.051334,85.82022,
772165935973269,3,267.5245,-0.054841306,85.8476,
772165951964480,3,267.57648,-0.052558314,85.858986,
772165972533327,3,267.53595,-0.048205774,85.84764,
772165996092897,3,267.5122,-0.048936605,85.8099,
772166012023074,3,267.547,-0.058888197,85.81457,
772166032775027,3,267.54633,-0.06676853,85.83768,
772166056090455,3,267.52338,-0.069929205,85.85611,
772166074401003,3,267.54642,-0.063129745,85.858406,
772166092497928,3,267.54614,-0.056115136,85.848305,
772166116149050,3,267.52686,-0.059076026,85.84468,
772166132140260,3,267.54437,-0.060812604,85.855194,
772166152587038,3,267.54272,-0.05789952,85.864456,
772166176238162,3,267.53775,-0.047895,85.85146,
772166192229373,3,267.58875,-0.0409043,85.83697,
772166212737184,3,267.60855,-0.03786828,85.83084,
772166236266237,3,267.61932,-0.03861277,85.83861,
772166254576785,3,267.65338,-0.02841188,85.8423,
772166273070437,3,267.65692,-0.018106831,85.82052,
772166296324830,3,267.6343,-0.017092548,85.787994,
772166312316042,3,267.6622,-0.027870588,85.79618,
772166332762820,3,267.66437,-0.03449246,85.824104,
772166356413943,3,267.6518,-0.035049118,85.84569,
772166372374635,3,267.67743,-0.034605157,85.84999,
772166392760378,3,267.67096,-0.032691,85.84497,
772166416411502,3,267.65912,-0.031401794,85.83865,
772166434722048,3,267.67157,-0.031999435,85.83843,
772166452971560,3,267.66455,-0.02643454,85.84284,
772166476500611,3,267.65112,-0.013125916,85.83962,
772166492491822,3,267.67166,-0.0055666044,85.83516,
772166513274294,3,267.65915,-0.0013711605,85.83719,
772166536589724,3,267.65564,6.9838687E-4,85.84218,
772166552550418,3,267.6676,0.0038317363,85.84404,
772166572936159,3,267.64908,0.0033092266,85.83884,
772166596587281,3,267.6446,0.00810402,85.84264,
772166614897828,3,267.65472,0.0038129531,85.83988,
772166632994753,3,267.67255,0.0010125756,85.849754,
772166656737429,3,267.64154,0.00729635,85.85348,
772166672667605,3,267.6602,0.008206473,85.85624,
772166693236452,3,267.65063,0.00845236,85.847855,
772166716734985,3,267.6429,0.010130879,85.84796,
772166732726197,3,267.66336,0.011741095,85.848434,
772166753447633,3,267.6562,0.016663954,85.85214,
772166776763064,3,267.6473,0.021305067,85.84869,
772166795073611,3,267.65375,0.028782418,85.844444,
772166813201052,3,267.64618,0.028900238,85.84159,
772166836852173,3,267.64676,0.023031399,85.8438,
772166852843385,3,267.65668,0.021229936,85.84634,
772166873290163,3,267.64606,0.023591474,85.84126,
772166896910769,3,267.63995,0.026596759,85.83796,
772166912901980,3,267.66275,0.022529379,85.84466,
772166933409791,3,267.6548,0.023232888,85.84918,
772166956938844,3,267.64197,0.02489604,85.840515,
772166975249391,3,267.6456,0.029805237,85.81343,
772166993712527,3,267.64117,0.028082322,85.789734,
772167017027956,3,267.65253,0.010190642,85.809074,
772167033019166,3,267.66528,0.0049194437,85.82919,
772167053465943,3,267.64728,0.0078905765,85.8405,
772167077056032,3,267.63882,0.014036039,85.84535,
772167093077761,3,267.66153,0.01617901,85.83847,
772167113463504,3,267.65958,0.010728519,85.83941,
772167140196901,3,267.64868,0.0049604247,85.86166,
772167155425171,3,267.66873,0.005293397,85.874054,
772167173644166,3,267.65936,0.014080435,85.866905,
772167197203737,3,267.6477,0.0106482655,85.84917,
772167213194949,3,267.66132,0.008688001,85.85047,
772167234007937,3,267.64825,0.014447558,85.861084,
772167257262330,3,267.6583,0.026313305,85.85205,
772167273253541,3,267.6557,0.027380522,85.82725,
772167293669802,3,267.65378,0.017666284,85.81826,
772167317320925,3,267.6473,0.0064101326,85.84011,
772167335631472,3,267.6515,0.013245445,85.85645,
772167353697877,3,267.65552,0.01629854,85.86137,
772167376769166,3,267.649,0.019049399,85.85063,
772167393401247,3,267.66418,0.018634465,85.8489,
772167413939578,3,267.69293,0.018103417,85.85215,
772167437377078,3,267.69373,0.01624902,85.85342,
772167453429323,3,267.64996,0.014046284,85.85508,
772167474150757,3,267.64496,0.018882059,85.86063,
772167497466188,3,267.6444,0.02257036,85.85864,
772167515776735,3,267.60535,0.024609173,85.85814,
772167533873660,3,267.6912,0.022498643,85.85719,
772167557585818,3,267.69162,0.021593643,85.859764,
772167573546510,3,267.69345,0.017352095,85.864525,
772167594023805,3,267.65637,0.016213162,85.87094,
772167617674928,3,267.64047,0.01582555,85.868576,
772167633605105,3,267.6935,0.017317945,85.86733,
772167654143435,3,267.64642,0.01951556,85.864204,
772167677672486,3,267.63373,0.019491652,85.86911,
772167695983033,3,267.64633,0.019163804,85.87202,
772167715392213,3,267.63986,0.02115651,85.87086,
772167737883669,3,267.64343,0.01957703,85.879486,
772167753691776,3,267.65997,0.018975973,85.87735,
772167774138552,3,267.6492,0.020813294,85.87477,
772167797148804,3,267.6377,0.021195784,85.8725,
772167813750368,3,267.65332,0.020152474,85.875694,
772167834136110,3,267.638,0.023094578,85.89537,
772167857787234,3,267.63702,0.02681874,85.90776,
772167876128298,3,267.65363,0.03401093,85.8998,
772167894377809,3,267.65448,0.0368318,85.869316,
772167917937379,3,267.64215,0.041131403,85.85143,
772167933928591,3,267.65497,0.03269441,85.86401,
772167954650027,3,267.64505,0.038196128,85.88579,
772167977965456,3,267.6278,0.044157177,85.89071,
772167993926149,3,267.64087,0.04449527,85.886635,
772168014311891,3,267.6339,0.04259477,85.88411,
772168037993532,3,267.63303,0.044421848,85.88887,
772168056273562,3,267.6415,0.04798038,85.89571,
772168074401004,3,267.64355,0.05625174,85.90315,
772168098082643,3,267.62848,0.063735925,85.89467,
772168114043336,3,267.64133,0.062009595,85.87962,
772168134612184,3,267.63412,0.05495742,85.88058,
772168158110720,3,267.62122,0.055426996,85.903145,
772168174101932,3,267.64838,0.05976929,85.910866,
772168194884402,3,267.6345,0.060003225,85.8792,
772168218138795,3,267.6379,0.050768804,85.87503,
772168236449342,3,267.64603,0.044003498,85.89264,
772168254546266,3,267.63354,0.043510016,85.906906,
772168278288943,3,267.6269,0.047876216,85.90825,
772168294219119,3,267.64648,0.05354869,85.90161,
772168314665895,3,267.63422,0.051567934,85.89693,
772168338286500,3,267.6272,0.045181707,85.90252,
772168354277712,3,267.65347,0.051468898,85.912285,
772168374785525,3,267.68115,0.06075796,85.905426,
772168398375613,3,267.5767,0.06541103,85.8963,
772168416655641,3,267.55615,0.06444626,85.89952,
772168435118775,3,267.53296,0.06502683,85.90247,
772168458342653,3,267.50867,0.06905494,85.8998,
772168474394900,3,267.5124,0.07780613,85.89393,
772168494841678,3,267.4821,0.07828595,85.88351,
772168518462283,3,267.4724,0.079235345,85.88955,
772168534453493,3,267.49252,0.08147053,85.88755,
772168554839235,3,267.4745,0.0850376,85.88456,
772168578459841,3,267.46942,0.08667343,85.88826,
772168596800906,3,267.4775,0.08877201,85.88202,
772168615050417,3,267.4803,0.09178583,85.880066,
772168638579469,3,267.45532,0.09274035,85.86764,
772168654570680,3,267.5088,0.09440692,85.86771,
772168675353151,3,267.45557,0.09372902,85.87096,
772168698638065,3,267.4598,0.0952163,85.869995,
772168714629276,3,267.47018,0.093898065,85.862595,
772168735015016,3,267.46265,0.09583955,85.86221,
772168758666139,3,267.45898,0.093746096,85.88096,
772168777007203,3,267.4685,0.09150921,85.896805,
772168795104128,3,267.4782,0.09698361,85.89083,
772168818755253,3,267.4997,0.1016623,85.852516,
772168834746463,3,267.54202,0.10039871,85.8301,
772168855315309,3,267.56134,0.08772357,85.83257,
772168878783327,3,267.56592,0.08463803,85.864204,
772168894805056,3,267.59644,0.09142383,85.87369,
772168915526492,3,267.593,0.10319738,85.86301,
772168938841921,3,267.58362,0.10072144,85.84492,
772168957152467,3,267.60687,0.09845893,85.84537,
772168975249391,3,267.60742,0.09778616,85.85638,
772168998931033,3,267.5998,0.10456343,85.8558,
772169014922244,3,267.61444,0.106132664,85.84308,
772169035369022,3,267.61243,0.1196394,85.81554,
772169058959108,3,267.59058,0.12072711,85.797615,
772169074950318,3,267.60498,0.119171515,85.80587,
772169095488649,3,267.60367,0.12762561,85.81356,
772169118987185,3,267.5968,0.13194913,85.78125,
772169137328250,3,267.60373,0.14375685,85.75059,
772169155821902,3,267.57944,0.1396536,85.73288,
772169179045777,3,267.5882,0.13030986,85.75027,
772169195098024,3,267.601,0.13351837,85.75416,
772169215514284,3,267.59213,0.1412109,85.7479,
772169239165409,3,267.5776,0.14538586,85.73931,
772169255187136,3,267.5877,0.14255814,85.73874,
772169275572877,3,267.587,0.13727157,85.74559,
772169299224001,3,267.5869,0.13865127,85.74863,
772169317534547,3,267.5931,0.1432702,85.74766,
772169335784060,3,267.59113,0.13989265,85.74014,
772169359282596,3,267.5794,0.14226274,85.73114,
772169375273806,3,267.5934,0.13961944,85.73269,
772169396056275,3,267.5871,0.13683955,85.74365,
772169419341189,3,267.5837,0.14286892,85.75161,
772169435332400,3,267.60144,0.14300382,85.747154,
772169455748660,3,267.59222,0.13909523,85.74021,
772169479369265,3,267.58643,0.13791361,85.74792,
772169497679811,3,267.59625,0.14201345,85.74918,
772169515807252,3,267.6059,0.14993991,85.75149,
772169539488894,3,267.58594,0.15146816,85.74602,
772169555449588,3,267.60004,0.15582071,85.74254,
772169576018435,3,267.59207,0.15533406,85.74154,
772169599516969,3,267.57535,0.15684867,85.72583,
772169615538697,3,267.59482,0.1558173,85.72193,
772169636260133,3,267.5877,0.16054381,85.73478,
772169659545047,3,267.57047,0.15760852,85.73618,
772169677855594,3,267.59518,0.15643373,85.7331,
772169696013552,3,267.58688,0.15499255,85.72539,
772169719664674,3,267.57617,0.15699893,85.72805,
772169735655885,3,267.5951,0.15615709,85.73758,
772169756102663,3,267.5853,0.15271638,85.75573,
772169779723270,3,267.59235,0.15137082,85.76714,
772169795714480,3,267.6077,0.15346088,85.75881,
772169816680055,3,267.59457,0.15392533,85.72253,
772169839720827,3,267.5883,0.14902808,85.69012,
772169858031374,3,267.59958,0.13823974,85.690544,
772169876494509,3,267.60345,0.13559987,85.70883,
772169899840456,3,267.57864,0.14039469,85.719536,
772169915801149,3,267.57864,0.14057226,85.71957,
772169936247926,3,267.58957,0.14573249,85.70224,
772169959899050,3,267.59286,0.14198953,85.70643,
772169975890261,3,267.6057,0.14288087,85.71653,
772169996306522,3,267.60266,0.14598691,85.72163,
772170019927126,3,267.58725,0.14763129,85.694,
772170038207154,3,267.58566,0.14713609,85.673134,
772170056456666,3,267.6067,0.13717766,85.677956,
772170080016238,3,267.5905,0.12424977,85.6906,
772170095976932,3,267.61426,0.12723629,85.68795,
772170116820437,3,267.5998,0.13208231,85.653946,
772170140074830,3,267.5922,0.13094851,85.63866,
772170156066041,3,267.61124,0.12870136,85.64684,
772170176421266,3,267.604,0.12997349,85.66538,
772170200072391,3,267.5888,0.13354568,85.66096,
772170218413454,3,267.598,0.13588846,85.6436,
772170236510377,3,267.6377,0.13474096,85.62954,
772170260192018,3,267.589,0.13238797,85.63322,
772170276152712,3,267.60474,0.1372101,85.64142,
772170296721560,3,267.58533,0.13984826,85.63863,
772170320220096,3,267.58594,0.14230372,85.64051,
772170336211306,3,267.59616,0.14029053,85.64057,
772170356963257,3,267.5955,0.13705984,85.64238,
772170380278689,3,267.58508,0.1381168,85.64461,
772170398589236,3,267.58704,0.13858467,85.64478,
772170416716678,3,267.59158,0.13755332,85.647545,
772170440337283,3,267.5844,0.13729036,85.650024,
772170456297975,3,267.6041,0.13796654,85.648186,
772170476714235,3,267.59222,0.14272378,85.64507,
772170500365359,3,267.5832,0.14739735,85.64811,
772170516356570,3,267.59555,0.14919199,85.6484,
772170536864382,3,267.57684,0.14727099,85.65531,
772170560393433,3,267.58057,0.14728807,85.6581,
772170578703981,3,267.5965,0.15184212,85.655914,
772170597167116,3,267.58838,0.15085685,85.650604,
772170620482547,3,267.58932,0.15538357,85.654945,
772170636473758,3,267.60028,0.15320304,85.659,
772170656920534,3,267.58487,0.1531262,85.66807,
772170680510621,3,267.57535,0.15494303,85.6707,
772170696501832,3,267.5979,0.14855336,85.672066,
772170716887575,3,267.58807,0.14944643,85.67778,
772170740538700,3,267.57907,0.15540406,85.66947,
772170758879763,3,267.586,0.1529247,85.66707,
772170777098756,3,267.58786,0.14664261,85.68069,
772170800688845,3,267.57397,0.14565054,85.70175,
772170816649538,3,267.5919,0.1510925,85.703125,
772170837432009,3,267.58643,0.15567899,85.67372,
772170860686403,3,267.6235,0.15320987,85.62361,
772170876708131,3,267.59695,0.14242154,85.62558,
772170897063355,3,267.5873,0.13019206,85.655464,
772170920683962,3,267.57172,0.13193035,85.67654,
772170939025028,3,267.5935,0.13540009,85.67518,
772170957152469,3,267.58624,0.13365838,85.6632,
772170980834108,3,267.58176,0.12993251,85.67044,
772170996794800,3,267.60522,0.1267394,85.68336,
772171017363649,3,267.59573,0.13211477,85.696106,
772171040862185,3,267.5893,0.14673312,85.682724,
772171056853396,3,267.59674,0.1506622,85.665405,
772171077635867,3,267.58334,0.14654529,85.660835,
772171100951295,3,267.58008,0.14707462,85.67542,
772171119231325,3,267.59442,0.1498494,85.672935,
772171137358766,3,267.5986,0.1540773,85.64113,
772171161009891,3,267.5695,0.15919995,85.59684,
772171177001101,3,267.58875,0.15387581,85.59564,
772171197478395,3,267.58057,0.14985624,85.60053,
772171221099001,3,267.56625,0.15128545,85.602066,
772171237090212,3,267.58344,0.14985794,85.6006,
772171257598025,3,267.57068,0.14708999,85.599365,
772171281157596,3,267.57016,0.13694543,85.61265,
772171299437624,3,267.60083,0.13231455,85.62265,
772171317870240,3,267.59302,0.1376182,85.62718,
772171341216189,3,267.62885,0.14021538,85.62376,
772171357207400,3,267.62714,0.13890399,85.62107,
772171377654178,3,267.62866,0.13161103,85.62036,
772171401335818,3,267.57184,0.12885503,85.630516,
772171417327028,3,267.6381,0.12754877,85.6386,
772171437712770,3,267.67197,0.12160649,85.65093,
772171461241824,3,267.68256,0.11282113,85.655106,
772171479552372,3,267.7174,0.11205786,85.6603,
772171497801882,3,267.72363,0.108036585,85.67231,
772171521361451,3,267.72415,0.10459587,85.691666,
772171537352662,3,267.75186,0.10086658,85.6981,
772171558135133,3,267.75372,0.09939979,85.70133,
772171581450565,3,267.74347,0.10161448,85.70133,
772171597380740,3,267.76324,0.10550429,85.697845,
772171617766481,3,267.7601,0.11188369,85.68429,
772171641417604,3,267.74707,0.11025128,85.6615,
772171659728152,3,267.76175,0.09867408,85.66358,
772171677855593,3,267.76413,0.095255576,85.67776,
772171701506717,3,267.74603,0.09360608,85.67819,
772171717467410,3,267.76624,0.09171924,85.682945,
772171738066774,3,267.76416,0.08443142,85.69248,
772171761565309,3,267.7589,0.076805495,85.70013,
772171777556520,3,267.7773,0.079219975,85.7058,
772171798308475,3,267.7621,0.07527383,85.72206,
772171821593386,3,267.76166,0.0763991,85.73849,
772171839751344,3,267.78995,0.085855514,85.74034,
772171858000855,3,267.78506,0.0921632,85.70486,
772171881713015,3,267.7649,0.091893405,85.654236,
772171897673708,3,267.74478,0.08301585,85.65672,
772171918120486,3,267.70718,0.0710357,85.67947,
772171941741090,3,267.66776,0.069953114,85.70681,
772171957732300,3,267.6714,0.07266641,85.720825,
772171978240114,3,267.65573,0.07641276,85.71324,
772172001738650,3,267.63293,0.07086323,85.71748,
772172020079716,3,267.6385,0.07328795,85.72935,
772172038603884,3,267.63852,0.073018156,85.74283,
772172061858277,3,267.63263,0.07816984,85.74994,
772172077849488,3,267.64008,0.086034805,85.74302,
772172098357303,3,267.6341,0.07684989,85.7348,
772172121916873,3,267.62878,0.07266299,85.75139,
772172137877566,3,267.67108,0.07709407,85.75936,
772172158354860,3,267.63428,0.08724716,85.7337,
772172181944949,3,267.62155,0.08181203,85.69992,
772172200072391,3,267.64044,0.070199,85.71344,
772172218474490,3,267.63626,0.06736446,85.73234,
772172242003542,3,267.61813,0.06813798,85.75199,
772172257994753,3,267.63565,0.06921887,85.7442,
772172278807743,3,267.6193,0.068802215,85.74461,
772172302062136,3,267.62283,0.06494316,85.760155,
772172318083863,3,267.63962,0.06312804,85.77449,
772172338469607,3,267.6267,0.06535126,85.77794,
772172362120731,3,267.6231,0.06450261,85.769325,
772172380278689,3,267.6315,0.06303924,85.75696,
772172398528200,3,267.62756,0.064306244,85.76683,
772172422179324,3,267.6195,0.066493616,85.78108,
772172438170535,3,267.64667,0.069905296,85.78514,
772172458739382,3,267.6311,0.06689147,85.7826,
772172482237917,3,267.62167,0.06620845,85.78615,
772172498351199,3,267.63235,0.066012084,85.79439,
772172518981083,3,267.631,0.06359078,85.80565,
772172541655642,3,267.636,0.06952793,85.8011,
772172560607058,3,267.63388,0.07125597,85.78743,
772172578703982,3,267.63483,0.06836167,85.78583,
772172602324588,3,267.62314,0.06719029,85.79311,
772172618346316,3,267.63818,0.06515148,85.80027,
772172638823610,3,267.6242,0.06598476,85.81001,
772172662413699,3,267.62,0.06270798,85.81376,
772172678404911,3,267.647,0.059021387,85.82171,
772172698943240,3,267.63382,0.065023415,85.82542,
772172722441774,3,267.62448,0.06332611,85.81978,
772172740569217,3,267.62772,0.06299314,85.81934,
772172759795292,3,267.63095,0.061924215,85.83254,
772172782530886,3,267.62585,0.06600184,85.8569,
772172798522097,3,267.64517,0.07196802,85.854935,
772172818968875,3,267.64005,0.0790663,85.82863,
772172842589481,3,267.62012,0.07568193,85.79352,
772172858580691,3,267.64703,0.069881395,85.80643,
772172878966433,3,267.63477,0.06314682,85.83242,
772172902617556,3,267.6754,0.06671901,85.84172,
772172920928104,3,267.64017,0.06606502,85.843254,
772172939177615,3,267.62973,0.06550665,85.843834,
772172962737184,3,267.61786,0.062439896,85.85971,
772172978697879,3,267.64313,0.0632561,85.87411,
772172999541385,3,267.6386,0.07141819,85.88064,
772173022765261,3,267.6214,0.07967248,85.87059,
772173038756472,3,267.632,0.07573145,85.85938,
772173059142215,3,267.67487,0.069095924,85.86523,
772173082762821,3,267.6238,0.070829086,85.88796,
772173100951296,3,267.62927,0.076014906,85.89359,
772173119200808,3,267.62585,0.07843109,85.8722,
772173142851931,3,267.62314,0.06646971,85.862854,
772173158873661,3,267.6537,0.059535358,85.874535,
772173179442507,3,267.63596,0.06059233,85.89177,
772173202971559,3,267.62915,0.06530345,85.885735,
772173218932254,3,267.64282,0.06777598,85.87682,
772173239653690,3,267.63287,0.06291289,85.87737,
772173262969118,3,267.63528,0.059402168,85.89143,
772173281279665,3,267.64612,0.05998103,85.90103,
772173299407107,3,267.64294,0.06577986,85.89514,
772173323058231,3,267.61786,0.0698387,85.87246,
772173339049441,3,267.63577,0.07328283,85.87101,
772173359496218,3,267.6282,0.07237954,85.88172,
772173383116824,3,267.6188,0.07041756,85.89153,
772173400267704,3,267.63153,0.06789038,85.894745,
772173419646365,3,267.6287,0.06903274,85.89995,
772173443144899,3,267.62723,0.06575937,85.9133,
772173461485965,3,267.64252,0.06433186,85.91893,
772173479918583,3,267.639,0.06652776,85.91902,
772173503234011,3,267.62958,0.068518765,85.91989,
772173519225222,3,267.63937,0.068336055,85.91149,
772173539672000,3,267.62582,0.067159556,85.91775,
772173563292606,3,267.62122,0.06391692,85.92978,
772173579283816,3,267.63702,0.060068112,85.93599,
772173600005251,3,267.62677,0.06109947,85.94622,
772173623351199,3,267.62677,0.063129745,85.95444,
772173641692264,3,267.6415,0.07068735,85.95179,
772173659911257,3,267.6292,0.06788014,85.94723,
772173683470827,3,267.62225,0.06431308,85.95792,
772173699431521,3,267.64917,0.05979832,85.969574,
772173720213993,3,267.63443,0.05676571,85.9898,
772173743498903,3,267.63962,0.060763083,85.986824,
772173759490114,3,267.6516,0.07009142,85.95736,
772173779875857,3,267.63358,0.06700588,85.93632,
772173803496463,3,267.62546,0.0567179,85.94928,
772173821837527,3,267.68362,0.052718822,85.97668,
772173839934450,3,267.6806,0.060486462,85.9871,
772173863585574,3,267.6789,0.06407914,85.973175,
772173879576786,3,267.64438,0.06660119,85.96161,
772173900145632,3,267.63483,0.064840704,85.96362,
772173923644167,3,267.62933,0.06495682,85.971405,
772173939635379,3,267.6493,0.07411611,85.979034,
772173960417850,3,267.63318,0.07555557,85.95955,
772173983641726,3,267.63315,0.076265916,85.95875,
772174001982790,3,267.63953,0.071817756,85.94371,
772174020079715,3,267.64105,0.074577145,85.95809,
772174043761356,3,267.62628,0.08184448,85.95738,
772174059722048,3,267.63934,0.08733596,85.93602,
772174080168825,3,267.6176,0.087453775,85.913765,
772174103789431,3,267.62592,0.07357141,85.93408,
772174119811161,3,267.64236,0.0766245,85.95218,
772174140318972,3,267.63495,0.086473644,85.950325,
772174163848024,3,267.6676,0.09003047,85.93939,
772174182158572,3,267.62878,0.08704909,85.937256,
772174200621708,3,267.6703,0.08360496,85.94096,
772174223876101,3,267.67224,0.078968965,85.942314,
772174239928347,3,267.6727,0.077959806,85.944405,
772174260375125,3,267.6734,0.07656474,85.95135,
772174283995731,3,267.67218,0.079558074,85.95256,
772174299956423,3,267.63776,0.08355544,85.95141,
772174320372683,3,267.59244,0.08413601,85.94533,
772174343993289,3,267.6261,0.09023367,85.940735,
772174362334354,3,267.62967,0.0879114,85.93434,
772174380553347,3,267.62302,0.08960699,85.94225,
772174404082399,3,267.6093,0.09462207,85.952126,
772174420073611,3,267.62744,0.093997106,85.95233,
772174440917118,3,267.66458,0.09813962,85.95512,
772174464110476,3,267.61462,0.09043174,85.96637,
772174480162722,3,267.6316,0.0876177,85.97436,
772174500517947,3,267.6117,0.0884083,85.979996,
772174524169071,3,267.60797,0.08925182,85.97751,
772174542479616,3,267.63428,0.08840317,85.97912,
772174560607058,3,267.6369,0.086652935,85.9843,
772174584258181,3,267.60938,0.08743158,85.99368,
772174600249393,3,267.63876,0.086313136,86.00217,
772174620818240,3,267.63226,0.09200952,85.998314,
772174644316774,3,267.61505,0.09266009,85.980934,
772174660307986,3,267.63144,0.08869516,85.983925,
772174681029423,3,267.63492,0.07997813,86.00269,
772174704344851,3,267.63028,0.08500686,86.022354,
772174722685915,3,267.64117,0.08844074,86.01551,
772174740752322,3,267.6418,0.09491577,85.985535,
772174764403446,3,267.6206,0.0946067,85.947014,
772174780425173,3,267.6358,0.08787383,85.94839,
772174800871950,3,267.67276,0.07920119,85.976944,
772174824462039,3,267.62585,0.083531536,85.99049,
772174840514286,3,267.63782,0.08510761,85.985176,
772174860991579,3,267.63037,0.082025476,85.97063,
772174884520632,3,267.62738,0.0705849,85.96844,
772174902648074,3,267.63916,0.07621127,85.982735,
772174921355350,3,267.63696,0.083473474,85.98991,
772174944609743,3,267.62427,0.09218198,85.97739,
772174960600954,3,267.63058,0.093372144,85.966034,
772174981047732,3,267.62686,0.086348996,85.96154,
772175004668338,3,267.61414,0.08919718,85.96981,
772175020659548,3,267.6339,0.09408419,85.96931,
772175041106325,3,267.62213,0.09446327,85.94625,
772175064726931,3,267.61737,0.096894816,85.91462,
772175083037479,3,267.6145,0.09402613,85.912605,
772175101225954,3,267.6166,0.087038845,85.92895,
772175124785524,3,267.61417,0.08441947,85.95003,
772175141081912,3,267.6282,0.087453775,85.94871,
772175161559208,3,267.61542,0.08709519,85.93985,
772175184844118,3,267.60934,0.082694836,85.93836,
772175200835329,3,267.6271,0.0808541,85.94217,
772175221221072,3,267.62518,0.08684076,85.94618,
772175244872196,3,267.60675,0.08768259,85.943474,
772175263030154,3,267.61786,0.08778504,85.94948,
772175281279665,3,267.62448,0.08685784,85.94761,
772175304961306,3,267.60797,0.08769113,85.94766,
772175320952518,3,267.62695,0.09218198,85.94497,
772175341521365,3,267.6097,0.09759492,85.93896,
772175365019899,3,267.6085,0.09316724,85.95012,
772175381011111,3,267.62323,0.09061104,85.957184,
772175401732547,3,267.61566,0.087677464,85.96554,
772175425017457,3,267.61038,0.08580599,85.95701,
772175443358522,3,267.6255,0.08958309,85.95114,
772175461485965,3,267.62457,0.08915278,85.951645,
772175485106570,3,267.60916,0.08601261,85.95616,
772175501097780,3,267.63324,0.08683394,85.95573,
772175521575075,3,267.61423,0.09329018,85.94314,
772175545226199,3,267.6115,0.097886905,85.92661,
772175561186892,3,267.65637,0.100035004,85.91525,
772175581694703,3,267.61298,0.10110564,85.913246,
772175605162722,3,267.59518,0.1032247,85.92479,
772175623503787,3,267.6187,0.10184159,85.929436,
772175641966922,3,267.61737,0.10203283,85.92492,
772175665282350,3,267.60376,0.10755505,85.91024,
772175681273562,3,267.61542,0.10377795,85.89974,
772175701720340,3,267.61667,0.08981703,85.91255,
772175725340945,3,267.61465,0.08394477,85.94315,
772175741332155,3,267.6305,0.08591357,85.95263,
772175761748415,3,267.62637,0.09364364,85.91695,
772175785369021,3,267.61057,0.098732136,85.86395,
772175803679568,3,267.62622,0.08802068,85.84582,
772175821929078,3,267.6294,0.08095484,85.87228,
772175845488649,3,267.6137,0.087489635,85.90066,
772175861449344,3,267.637,0.09250812,85.897644,
772175882292849,3,267.6068,0.09058372,85.87034,
772175905547242,3,267.6089,0.083949886,85.87003,
772175921507937,3,267.6318,0.075712666,85.883064,
772175941893680,3,267.61365,0.07273641,85.89284,
772175965575320,3,267.61844,0.07772246,85.89536,
772175983885865,3,267.62552,0.07597734,85.87645,
772176001952273,3,267.628,0.07050123,85.86247,
772176025633914,3,267.6199,0.06707759,85.88358,
772176041625125,3,267.64038,0.07187752,85.89433,
772176062193971,3,267.617,0.069036156,85.879036,
772176085692507,3,267.61276,0.069825046,85.85682,
772176101683719,3,267.64435,0.059388507,85.85817,
772176122405154,3,267.63782,0.05913238,85.882,
772176145690065,3,267.6325,0.0663997,85.89419,
772176163878542,3,267.64926,0.07270397,85.881966,
772176182158572,3,267.6372,0.074800834,85.865654,
772176205809696,3,267.62244,0.07675086,85.861115,
772176221800906,3,267.63406,0.08107608,85.86408,
772176242247683,3,267.6163,0.084404096,85.86204,
772176265868289,3,267.61285,0.08878225,85.857994,
772176281859500,3,267.66815,0.084308475,85.85864,
772176302397828,3,267.62747,0.08619702,85.86042,
772176325865847,3,267.57217,0.08828535,85.855835,
772176344206912,3,267.54706,0.090202935,85.851295,
772176362670047,3,267.5262,0.09095767,85.85131,
772176385985475,3,267.49524,0.08681857,85.856316,
772176401976687,3,267.50647,0.08373644,85.86002,
772176422423465,3,267.48578,0.081240006,85.86799,
772176446013552,3,267.4782,0.0852425,85.876755,
772176462065797,3,267.48975,0.08501881,85.87894,
772176482421023,3,267.47217,0.084807076,85.88132,
772176506072146,3,267.4702,0.08625508,85.89573,
772176524413210,3,267.48502,0.08771332,85.89532,
772176542632203,3,267.47867,0.09065543,85.88711,
772176566191774,3,267.46927,0.09207953,85.88081,
772176582152469,3,267.48163,0.093954414,85.88559,
772176602965457,3,267.4642,0.09519069,85.88213,
772176626219850,3,267.45422,0.09197878,85.87943,
772176642211060,3,267.4735,0.08959162,85.88756,
772176662596803,3,267.46146,0.0923903,85.896935,
772176686247926,3,267.46924,0.083231,85.90477,
772176704558474,3,267.4864,0.08256165,85.911415,
772176722655399,3,267.4743,0.083557144,85.917076,
772176746337038,3,267.4769,0.08823754,85.92496,
772176762328248,3,267.48325,0.09307503,85.90347,
772176782897096,3,267.47623,0.08939184,85.883606,
772176806456667,3,267.47787,0.08301244,85.88452,
772176822386844,3,267.49042,0.07966735,85.89848,
772176843169314,3,267.4674,0.08174032,85.90813,
772176866423707,3,267.4599,0.08329077,85.90848,
772176884551147,3,267.4817,0.077346794,85.90724,
772176902861695,3,267.48212,0.07477352,85.92464,
772176926512819,3,267.47595,0.069662824,85.9362,
772176942504031,3,267.48682,0.06960819,85.93959,
772176962950809,3,267.48288,0.082213305,85.92646,
772176986571413,3,267.46954,0.086010896,85.91489,
772177002562623,3,267.47946,0.08802922,85.92035,
772177023070436,3,267.48178,0.096193016,85.93783,
772177046568972,3,267.46982,0.09436935,85.92214,
772177064726931,3,267.47552,0.1016179,85.89755,
772177083342654,3,267.46677,0.099527866,85.89151,
772177106688600,3,267.47394,0.082001574,85.911545,
772177122679810,3,267.4818,0.080516,85.932686,
772177143096070,3,267.48065,0.08332321,85.941284,
772177166777711,3,267.4663,0.09208977,85.91973,
772177182738406,3,267.47195,0.0930682,85.91264,
772177203154666,3,267.48035,0.09091157,85.92437,
772177226775270,3,267.45844,0.092538856,85.921005,
772177244963746,3,267.46057,0.093168944,85.91789,
772177263365846,3,267.46716,0.09742928,85.912704,
772177286894899,3,267.45233,0.10079145,85.913864,
772177302886111,3,267.52,0.09932466,85.92146,
772177323668582,3,267.54654,0.10070948,85.93074,
772177346922975,3,267.56155,0.10230946,85.93706,
772177362914186,3,267.59433,0.104170695,85.93015,
772177383299929,3,267.5924,0.10551965,85.92785,
772177406920535,3,267.59872,0.103895776,85.9344,
772177425261599,3,267.61072,0.10553332,85.93531,
772177443358522,3,267.57474,0.104988605,85.93845,
772177467040162,3,267.65726,0.10633757,85.93753,
772177483031374,3,267.62253,0.10567504,85.93902,
772177503569704,3,267.65973,0.10828076,85.93599,
772177527098758,3,267.61157,0.10414849,85.93493,
772177543059450,3,267.63184,0.10228897,85.9371,
772177563811402,3,267.6265,0.10369257,85.944214,
772177587096315,3,267.61682,0.10574847,85.94421,
772177605376345,3,267.62378,0.10777874,85.93622,
772177623564822,3,267.62372,0.10454465,85.924706,
772177647246462,3,267.6093,0.10171352,85.92695,
772177663207155,3,267.63583,0.09622375,85.93744,
772177683653932,3,267.62576,0.10112101,85.95212,
772177707305055,3,267.62622,0.10479224,85.93357,
772177723265750,3,267.63098,0.105977274,85.898834,
772177743804079,3,267.6676,0.09415249,85.87503,
772177767272096,3,267.62396,0.08051259,85.89846,
772177785613160,3,267.63,0.07734851,85.916794,
772177804137331,3,267.63165,0.08434263,85.92534,
772177827330691,3,267.62146,0.08385768,85.919106,
772177843382938,3,267.639,0.078398645,85.916405,
772177863829714,3,267.62497,0.08140051,85.92053,
772177887419800,3,267.61447,0.07822789,85.93152,
772177903441530,3,267.6423,0.07997471,85.940735,
772177923857790,3,267.63074,0.08313026,85.93464,
772177947447879,3,267.6133,0.080988996,85.91548,
772177965788943,3,267.63538,0.0789536,85.91417,
772177984038453,3,267.6365,0.07771563,85.92971,
772178007567506,3,267.62866,0.08216379,85.93615,
772178023558718,3,267.64374,0.08773894,85.92143,
772178044341189,3,267.62347,0.087812364,85.90238,
772178067626101,3,267.6273,0.07974078,85.92359,
772178083617311,3,267.64697,0.07735704,85.93593,
772178104003053,3,267.62585,0.082778506,85.93778,
772178127654176,3,267.6696,0.09180632,85.92778,
772178145781618,3,267.6345,0.094256654,85.91582,
772178164061649,3,267.6356,0.09700752,85.91376,
772178187712770,3,267.6124,0.096635275,85.91312,
772178203765015,3,267.63153,0.101358354,85.91724,
772178224303346,3,267.61533,0.10778899,85.912224,
772178247801882,3,267.60815,0.10830979,85.90283,
772178263793094,3,267.62793,0.109914884,85.902916,
772178284514529,3,267.60867,0.10687032,85.90102,
772178307799440,3,267.60345,0.10291051,85.90615,
772178326140504,3,267.62805,0.10202601,85.90832,
772178344237429,3,267.6255,0.10483493,85.9105,
772178367888552,3,267.61487,0.108260274,85.91371,
772178383910281,3,267.6307,0.10744918,85.914795,
772178404357057,3,267.62274,0.10689423,85.917625,
772178427977662,3,267.61105,0.10123541,85.922325,
772178443938356,3,267.62912,0.10203625,85.92758,
772178464476687,3,267.60983,0.106052406,85.9312,
772178487975223,3,267.6045,0.101409584,85.93606,
772178506194216,3,267.6267,0.10087682,85.935814,
772178524779420,3,267.6277,0.09930929,85.94183,
772178548064332,3,267.62125,0.10414166,85.948044,
772178564055544,3,267.63504,0.10474955,85.94714,
772178584502322,3,267.61615,0.10522254,85.941826,
772178608122927,3,267.61566,0.1046027,85.9405,
772178624144655,3,267.63132,0.100286014,85.94341,
772178644530397,3,267.6211,0.09856992,85.95939,
772178668151003,3,267.62305,0.09698532,85.97934,
772178686339480,3,267.63788,0.10206186,85.97192,
772178704680544,3,267.626,0.10481956,85.94077,
772178728209596,3,267.61508,0.09814133,85.90718,
772178744231324,3,267.64066,0.08780553,85.91584,
772178765044313,3,267.63403,0.08081654,85.94562,
772178788329226,3,267.67255,0.085930645,85.95797,
772178804289920,3,267.6337,0.086982496,85.94558,
772178824675661,3,267.63083,0.07799225,85.94773,
772178848235230,3,267.6267,0.073959015,85.95487,
772178866637330,3,267.63388,0.07088372,85.964294,
772178884734255,3,267.63443,0.07654083,85.974686,
772178908415897,3,267.61566,0.07751072,85.97458,
772178924407107,3,267.64127,0.081579804,85.969315,
772178944945436,3,267.6319,0.07802299,85.96592,
772178968443972,3,267.62897,0.07914314,85.98351,
772178984435183,3,267.64853,0.08475073,85.98978,
772179005187136,3,267.63196,0.08761258,85.9725,
772179028533083,3,267.6174,0.090570055,85.95107,
772179046630006,3,267.6354,0.08271874,85.96177,
772179064910035,3,267.63452,0.080251336,85.974014,
772179088500124,3,267.62198,0.078530125,85.97937,
772179104582888,3,267.64227,0.08140905,85.975464,
772179125029666,3,267.6333,0.086057,85.96709,
772179148619753,3,267.62524,0.08881469,85.96983,
772179164610963,3,267.64044,0.0952385,85.96653,
772179185149293,3,267.62146,0.09694434,85.9588,
772179208586795,3,267.61215,0.09944248,85.95954,
772179226988894,3,267.61905,0.10144544,85.960915,
772179248839480,3,267.61523,0.10297882,85.96793,
772179268736940,3,267.61758,0.10068558,85.969215,
772179284728151,3,267.63135,0.10491518,85.967026,
772179305174929,3,267.61508,0.10730233,85.96191,
772179328765018,3,267.665,0.10470686,85.96866,
772179344786746,3,267.6281,0.104406334,85.97524,
772179365172486,3,267.62408,0.109575085,85.98568,
772179388854128,3,267.62012,0.11085233,85.99095,
772179407012086,3,267.62436,0.11253939,85.993256,
772179425414187,3,267.622,0.11577691,85.99375,
772179448943240,3,267.60138,0.12111642,85.99327,
772179464934450,3,267.6213,0.12221438,85.99359,
772179485747437,3,267.65704,0.12503183,85.99206,
772179509001833,3,267.65796,0.12291788,85.993774,
772179524993044,3,267.62192,0.122151196,86.001274,
772179545409305,3,267.6115,0.124854244,86.00911,
772179569029910,3,267.60245,0.12465958,86.00429,
772179587187867,3,267.61224,0.120050915,86.00688,
772179605467897,3,267.61688,0.1181282,86.004715,
772179629149539,3,267.60144,0.121457934,86.00666,
772179645110232,3,267.6183,0.118717305,86.018105,
772179665679079,3,267.6101,0.12332428,86.03338,
772179689208131,3,267.60037,0.13354911,86.02645,
772179705199342,3,267.6143,0.13661246,86.005936,
772179725981813,3,267.59952,0.13726474,85.97074,
772179749236209,3,267.59308,0.12722775,85.967476,
772179767516238,3,267.61917,0.120573424,85.98776,
772179785643679,3,267.6174,0.1247757,86.00354,
772179809233766,3,267.61078,0.1390423,85.9939,
772179825316530,3,267.61423,0.14518096,85.97564,
772179845702273,3,267.60135,0.1389313,85.96611,
772179869322880,3,267.59973,0.12989494,85.98552,
772179885314090,3,267.61493,0.12988128,85.999016,
772179905821901,3,267.6177,0.12976176,85.9985,
772179929350954,3,267.61606,0.1364861,85.96937,
772179947661501,3,267.65436,0.12865356,85.94953,
772179966124636,3,267.6185,0.12361286,85.96123,
772179989409548,3,267.60883,0.12973443,85.97358,
772180005431276,3,267.62555,0.13231796,85.95992,
772180025878053,3,267.60645,0.13383938,85.931755,
772180049498660,3,267.60184,0.1215638,85.93055,
772180065520388,3,267.62042,0.11290139,85.94473,
772180085906131,3,267.61,0.11474214,85.965775,
772180109496217,3,267.60724,0.12068954,85.97154,
772180127654175,3,267.6176,0.12646788,85.96455,
772180146086793,3,267.6118,0.12948854,85.95826,
772180169585330,3,267.61047,0.12557484,85.95727,
772180185607059,3,267.62158,0.12256443,85.95581,
772180206389529,3,267.6164,0.11590498,85.9615,
772180229643922,3,267.60757,0.12381606,85.95823,
772180245665651,3,267.61694,0.12573195,85.95484,
772180266051393,3,267.61078,0.12401926,85.95289,
772180289702518,3,267.6054,0.12324574,85.96086,
772180308013064,3,267.61642,0.12017556,85.96433,
772180326109986,3,267.6164,0.11609622,85.97164,
772180350829225,3,267.60028,0.12397315,85.97836,
772180365782839,3,267.62033,0.12307327,85.97559,
772180386351687,3,267.6158,0.123785324,85.9681,
772180409850223,3,267.60678,0.12142378,85.97113,
772180425841433,3,267.63156,0.121772125,85.97586,
772180446562867,3,267.60922,0.1254536,85.97114,
772180469878298,3,267.6062,0.12892164,85.964584,
772180488188845,3,267.6098,0.129953,85.96436,
772180506285769,3,267.6109,0.12543312,85.971245,
772180529936892,3,267.59827,0.11704049,85.979546,
772180545928102,3,267.62927,0.11954548,85.98366,
772180566374879,3,267.6184,0.12166967,85.97929,
772180589995486,3,267.60956,0.1166341,85.9746,
772180605986697,3,267.6305,0.11452528,85.98207,
772180626525027,3,267.6119,0.11010443,85.99699,
772180650054078,3,267.61224,0.1137381,85.99714,
772180668364626,3,267.62335,0.11613891,85.972084,
772180686858278,3,267.6198,0.11631308,85.94716,
772180710143192,3,267.61298,0.105920926,85.94596,
772180726134403,3,267.63168,0.10570066,85.965096,
772180746550661,3,267.61716,0.10481273,85.97756,
772180770171266,3,267.61133,0.10948117,85.97649,
772180786162477,3,267.66992,0.107833385,85.97491,
772180806578737,3,267.69843,0.10582018,85.98222,
772180830199344,3,267.71216,0.10378649,85.98547,
772180848357302,3,267.738,0.10808781,85.98998,
772180866759401,3,267.74576,0.10921138,85.99201,
772180890288454,3,267.74683,0.10375063,85.99472,
772180906279665,3,267.7636,0.09988474,85.99846,
772180927062136,3,267.76016,0.0975932,86.00432,
772180950377566,3,267.77234,0.103733554,85.98105,
772180966338258,3,267.77744,0.10478712,85.962776,
772180986754517,3,267.77728,0.095009685,85.96582,
772181010375124,3,267.76654,0.08877883,85.98955,
772181028685672,3,267.779,0.090301976,86.00317,
772181046813113,3,267.7794,0.09598128,85.99899,
772181070464235,3,267.76086,0.09859212,85.98437,
772181090209108,3,267.7728,0.09429251,85.98416,
772181107054811,3,267.78656,0.09710997,85.99664,
772181130522830,3,267.76776,0.100345775,86.00153,
772181146514041,3,267.77634,0.105657965,85.99982,
772181167265994,3,267.7651,0.1103025,85.99101,
772181190520387,3,267.7525,0.109670706,85.99875,
772181208678347,3,267.77234,0.11182564,86.00609,
772181226958376,3,267.7696,0.11257012,86.0091,
772181250640018,3,267.7149,0.11201005,86.004456,
772181266631228,3,267.70657,0.11476604,86.006645,
772181287108522,3,267.67758,0.112436935,86.011505,
772181310698610,3,267.64566,0.11216373,86.01605,
772181326689821,3,267.66046,0.112616226,86.019104,
772181347197634,3,267.63342,0.11309094,86.002174,
772181370726687,3,267.62357,0.116743386,86.00419,
772181389037233,3,267.62604,0.11947204,86.005516,
772181407500367,3,267.63364,0.12061953,86.01455,
772181430815798,3,267.61908,0.121490374,86.00613,
772181446807009,3,267.62912,0.119267136,85.99873,
772181467253787,3,267.62274,0.12214608,85.99024,
772181490935427,3,267.61035,0.11860802,85.97514,
772181506865602,3,267.62613,0.11482922,85.97955,
772181527251344,3,267.61737,0.11443478,85.99176,
772181555083376,3,267.61093,0.11491118,86.00589,
772181569029911,3,267.64206,0.11917835,85.99259,
772181587432009,3,267.62808,0.118024044,85.95999,
772181610991578,3,267.6135,0.10520205,85.94108,
772181626982789,3,267.63547,0.100946836,85.96095,
772181647795778,3,267.62958,0.093408,85.981766,
772181671050174,3,267.62128,0.09788861,85.97924,
772181687041385,3,267.63608,0.10268341,85.97128,
772181707457643,3,267.61935,0.10400847,85.97133,
772181731108766,3,267.61182,0.09737123,85.98633,
772181749266726,3,267.62955,0.09920001,85.99816,
772181767516237,3,267.63852,0.09518898,86.00491,
772181791167362,3,267.63574,0.09998207,85.987236,
772181807189090,3,267.63766,0.10090585,85.97495,
772181827757936,3,267.63327,0.094217375,85.98059,
772181851286989,3,267.62552,0.1015035,85.99665,
772181867217165,3,267.6422,0.10341766,85.99274,
772181887938601,3,267.62015,0.10402555,85.97329,
772181911223513,3,267.61462,0.10256047,85.96523,
772181929564576,3,267.6362,0.097405374,85.979515,
772181947661500,3,267.6383,0.092750594,85.99606,
772181971312624,3,267.63098,0.09444106,85.99223,
772181987334353,3,267.6781,0.09621522,85.98887,
772182007781131,3,267.62543,0.09190194,85.99244,
772182031371217,3,267.61658,0.090489805,86.003136,
772182047362427,3,267.6412,0.091236,86.00586,
772182067900758,3,267.633,0.094328366,86.00536,
772182091399295,3,267.62064,0.0964833,86.00535,
772182109557255,3,267.63873,0.09207953,86.00578,
772182128172976,3,267.637,0.08909815,86.00311,
772182151457887,3,267.62775,0.09122917,85.99801,
772182167479615,3,267.64325,0.08773381,85.99718,
772182187926393,3,267.64026,0.08867126,86.00588,
772182211577518,3,267.63382,0.08371766,86.00613,
772182227568728,3,267.64178,0.08191619,86.00713,
772182247923951,3,267.62976,0.079291694,86.01157,
772182276335817,3,267.6173,0.07283033,86.016846,
772182289733035,3,267.6531,0.07255712,86.0166,
772182308135134,3,267.637,0.07424247,86.01888,
772182331664187,3,267.62982,0.07623176,86.02536,
772182347685915,3,267.64804,0.08612701,86.02563,
772182368468386,3,267.6319,0.093121134,86.0221,
772182391722781,3,267.61755,0.0939732,86.0122,
772182407744510,3,267.63885,0.09639451,86.00868,
772182428130251,3,267.63068,0.09487308,86.017624,
772182451720339,3,267.62677,0.085536204,86.036674,
772182470061405,3,267.63666,0.08731888,86.053734,
772182488188846,3,267.64246,0.09590444,86.051056,
772182511809450,3,267.63287,0.10395383,86.000175,
772182527831178,3,267.63583,0.09984547,85.97464,
772182548400028,3,267.63034,0.09019781,85.99286,
772182571868045,3,267.62524,0.08699615,86.02441,
772182587889772,3,267.6427,0.09150067,86.02272,
772182608672244,3,267.62897,0.0965738,86.00205,
772182631926639,3,267.6245,0.10306932,85.9915,
772182650084598,3,267.62607,0.09898486,85.994026,
772182668364626,3,267.62625,0.09393563,85.999825,
772182692046267,3,267.63202,0.09761882,86.01579,
772182708037478,3,267.64075,0.10037139,86.00105,
772182728453738,3,267.61963,0.10438072,85.98026,
772182752074342,3,267.6159,0.10430046,85.985245,
772182768065553,3,267.62973,0.10605753,85.99697,
772182788573368,3,267.62643,0.115210004,85.99816,
772182812102420,3,267.6138,0.118030876,85.97419,
772182830443483,3,267.6176,0.1212018,85.95653,
772182848876101,3,267.62103,0.11167879,85.958336,
772182872191531,3,267.60452,0.11041008,85.97074,
772182888182742,3,267.6176,0.11256158,85.970055,
772182908629518,3,267.61176,0.11619184,85.96757,
772182932219607,3,267.60977,0.11366467,85.961266,
772182948302371,3,267.62216,0.11108456,85.96059,
772182968657596,3,267.61346,0.10794438,85.96502,
772182992247682,3,267.6083,0.11455431,85.971794,
772183010436160,3,267.61557,0.117498115,85.96656,
772183028838260,3,267.61676,0.118816346,85.96945,
772183052367312,3,267.60303,0.11948058,85.9684,
772183068358522,3,267.61993,0.124268554,85.9689,
772183089140994,3,267.6073,0.12742071,85.96879,
772183112425906,3,267.60455,0.13088362,85.9676,
772183128417117,3,267.61667,0.129772,85.969215,
772183148802858,3,267.61255,0.130496,85.968666,
772183172453982,3,267.59427,0.12691697,85.9686,
772183190764530,3,267.65646,0.12577975,85.972374,
772183208891971,3,267.61502,0.12996666,85.976204,
772183232512575,3,267.60843,0.13476488,85.97799,
772183248534304,3,267.6191,0.14049031,85.97721,
772183269103153,3,267.60483,0.1431797,85.97363,
772183292571170,3,267.5909,0.13802972,85.96768,
772183308592897,3,267.61758,0.1340938,85.9751,
772183329314334,3,267.6029,0.13391623,85.980034,
772183352019412,3,267.5935,0.14271694,85.98195,
772183370940311,3,267.6086,0.14004804,85.976006,
772183389037233,3,267.66248,0.14077547,85.97408,
772183412657839,3,267.68112,0.13778213,85.986176,
772183428710086,3,267.72134,0.14181878,85.99324,
772183449156863,3,267.76843,0.14692095,85.981155,
772183472716432,3,267.7271,0.14521681,85.93609,
772183488768679,3,267.74896,0.14173682,85.924,
772183509276493,3,267.76004,0.13251092,85.943985,
772183532775027,3,267.7531,0.12846573,85.966446,
772183550932985,3,267.77014,0.13649292,85.971725,
772183569609744,3,267.76785,0.1384549,85.96431,
772183592864139,3,267.75732,0.13227186,85.95996,
772183608885867,3,267.72723,0.13198158,85.96482,
772183629332643,3,267.6903,0.13763186,85.97712,
772183652861697,3,267.65924,0.13758747,85.987305,
772183668913944,3,267.66498,0.1411443,85.98529,
772183689330203,3,267.64746,0.14517413,85.98026,
772183712950807,3,267.59555,0.13518664,85.9774,
772183731108767,3,267.56528,0.13694714,85.987885,
772183749541385,3,267.54108,0.13971677,85.98625,
772183773039920,3,267.50552,0.14299357,85.95723,
772183789061647,3,267.5119,0.13878617,85.95241,
772183809844119,3,267.54373,0.12950903,85.97018,
772183833098514,3,267.48636,0.13084777,85.98672,
772183849120242,3,267.5074,0.1357194,85.99241,
772183869475466,3,267.4909,0.14062521,85.97459,
772183893126589,3,267.48193,0.14196563,85.96308,
772183911284549,3,267.48813,0.13939235,85.95901,
772183929564578,3,267.48004,0.13717595,85.95856,
772183953215700,3,267.4596,0.14145678,85.95567,
772183969206912,3,267.48315,0.13996778,85.955765,
772183989806278,3,267.46936,0.14030248,85.95493,
772184013304812,3,267.4715,0.1478362,85.96546,
772184029296022,3,267.47855,0.14676043,85.96395,
772184050017459,3,267.47357,0.14569834,85.963585,
772184073302371,3,267.467,0.14502898,85.96766,
772184091460330,3,267.4713,0.14394127,85.97849,
772184109740358,3,267.47302,0.14440913,85.97967,
772184133360964,3,267.45895,0.14067301,85.97711,
772184149413211,3,267.48398,0.13849075,85.98052,
772184169859988,3,267.4769,0.13924208,85.99052,
772184193450075,3,267.46075,0.14028369,85.992874,
772184209471804,3,267.48434,0.1425906,85.99343,
772184229979618,3,267.46637,0.1450546,85.9893,
772184253478152,3,267.46158,0.14246082,85.98845,
772184271636110,3,267.48236,0.13913108,85.99326,
772184290251834,3,267.47897,0.14066619,86.00433,
772184313567264,3,267.4614,0.15031385,86.00183,
772184329558475,3,267.47354,0.15052389,86.00205,
772184350005251,3,267.46973,0.14744346,86.015884,
772184373625857,3,267.456,0.15128033,86.03869,
772184389617069,3,267.4804,0.15459128,86.033936,
772184410002811,3,267.46692,0.16190131,85.98724,
772184433623415,3,267.49698,0.16147442,85.9552,
772184451964480,3,267.5509,0.15262076,85.96366,
772184470213993,3,267.56943,0.14898197,85.98339,
772184493712527,3,267.57202,0.15045217,86.00027,
772184509734255,3,267.63657,0.14977257,86.00304,
772184530577761,3,267.64304,0.14978111,86.00635,
772184553771121,3,267.6052,0.14729148,86.004654,
772184569792850,3,267.61737,0.14519973,86.00535,
772184590178591,3,267.61136,0.1463677,86.003624,
772184613799197,3,267.657,0.14268109,85.99104,
772184632140262,3,267.6167,0.14147386,85.986534,
772184650267703,3,267.61435,0.13978167,85.99078,
772184673918825,3,267.6067,0.14054495,85.99487,
772184689910037,3,267.6222,0.14121944,85.98649,
772184710478885,3,267.61182,0.13887154,85.9756,
772184733946902,3,267.60944,0.13508418,85.9755,
772184749968630,3,267.6284,0.12976517,85.9881,
772184770720584,3,267.6068,0.12922387,86.00143,
772184794005496,3,267.6112,0.13300952,86.00729,
772184812163455,3,267.61816,0.13791531,85.99567,
772184830443483,3,267.61948,0.13858296,85.99844,
772184854094607,3,267.62,0.13386329,86.017136,
772184870085819,3,267.63196,0.13193548,86.02258,
772184890532596,3,267.617,0.1368498,86.02156,
772184914153200,3,267.60715,0.13745598,86.01419,
772184930205447,3,267.6303,0.14127065,86.01155,
772184950652225,3,267.61646,0.14798987,86.01496,
772184974181277,3,267.6048,0.15081587,86.02108,
772184992308718,3,267.6165,0.14960864,86.02209,
772185010924441,3,267.66483,0.14542855,86.02532,
772185034270389,3,267.61163,0.14637111,86.02825,
772185050261600,3,267.62665,0.14666823,86.028885,
772185070708376,3,267.62302,0.14843725,86.020454,
772185094328982,3,267.6151,0.14570175,86.01782,
772185110320194,3,267.631,0.14558394,86.01859,
772185130705936,3,267.62378,0.1395392,86.0198,
772185154357057,3,267.60797,0.13627948,86.02051,
772185172667605,3,267.62253,0.13465388,86.021065,
772185190886600,3,267.62946,0.12962003,86.0171,
772185214415652,3,267.6283,0.11641041,86.02703,
772185230406862,3,267.64743,0.112254225,86.04457,
772185251219851,3,267.6373,0.11328731,86.05152,
772185274474246,3,267.64026,0.1216765,86.03267,
772185290465457,3,267.6437,0.12235098,85.999695,
772185310851198,3,267.63446,0.12006457,85.9867,
772185334471804,3,267.62726,0.11537393,86.00609,
772185352660282,3,267.63434,0.11379957,86.026764,
772185370940311,3,267.63873,0.12181823,86.036064,
772185394591432,3,267.62274,0.12221438,86.020004,
772185410582644,3,267.64294,0.11762789,86.01882,
772185431151493,3,267.63977,0.11427085,86.02112,
772185454650027,3,267.62262,0.11167196,86.0273,
772185470671755,3,267.63977,0.1121125,86.037125,
772185491423709,3,267.62946,0.11657092,86.01966,
772185514647586,3,267.6308,0.116372846,86.00512,
772185532836063,3,267.641,0.10690789,86.00843,
772185551116091,3,267.6369,0.10416386,86.02877,
772185574767214,3,267.64072,0.1056665,86.04345,
772185590788944,3,267.65277,0.10837468,86.01953,
772185611205202,3,267.6388,0.102469966,86.00338,
772185634825807,3,267.6448,0.084105276,86.02355,
772185650817019,3,267.66302,0.08199132,86.03781,
772185671324832,3,267.65045,0.09280524,86.03312,
772185694853884,3,267.63632,0.09851016,86.01472,
772185713194948,3,267.6443,0.0970929,86.00805,
772185731627566,3,267.6446,0.0963467,86.01617,
772185754942996,3,267.62527,0.0942225,86.02382,
772185770964724,3,267.6541,0.09568417,86.02347,
772185791380983,3,267.6446,0.10184159,86.01019,
772185815001589,3,267.633,0.099290505,85.99798,
772185830992801,3,267.64508,0.09689994,86.0044,
772185851378542,3,267.63095,0.093710236,86.005905,
772185875029665,3,267.6338,0.09833428,85.997086,
772185893340212,3,267.63608,0.0993332,85.982414,
772185911589725,3,267.64862,0.09593176,85.988976,
772185935118776,3,267.6444,0.09295891,85.993805,
772185951109987,3,267.6505,0.098520406,85.99611,
772185971922976,3,267.63336,0.096479885,85.99157,
772185995177371,3,267.68677,0.094268605,85.99952,
772186011199099,3,267.6512,0.10008452,86.00778,
772186031584841,3,267.68445,0.1005763,86.01403,
772186055235964,3,267.63367,0.1017989,86.01919,
772186073546512,3,267.6833,0.10345181,86.014,
772186091673952,3,267.63858,0.10603704,86.00619,
772186115355592,3,267.6302,0.09852724,86.01917,
772186131316287,3,267.65442,0.09829672,86.03487,
772186151885135,3,267.64618,0.10022796,86.03744,
772186175383669,3,267.63626,0.10350474,86.005974,
772186191344362,3,267.6514,0.10739113,85.97999,
772186212096316,3,267.64673,0.098949,85.964775,
772186235381229,3,267.6433,0.09538876,85.98707,
772186253691774,3,267.64276,0.09308698,85.99866,
772186271819216,3,267.6461,0.098660424,85.99657,
772186295470339,3,267.6333,0.102242865,85.9845,
772186311492069,3,267.65393,0.09517532,85.98501,
772186331908327,3,267.6137,0.08982386,85.99471,
772186355528932,3,267.63425,0.08831267,86.00702,
772186371520144,3,267.6576,0.09286329,86.007385,
772186392058475,3,267.64862,0.100695826,85.997345,
772186415587526,3,267.63565,0.096240826,85.9903,
772186433745485,3,267.68768,0.09180803,85.993484,
772186452391726,3,267.64923,0.097065575,86.00218,
772186475676639,3,267.64923,0.097065575,86.00218,
772186491637331,3,267.64572,0.1099866,85.96006,
772186512084108,3,267.63782,0.11099235,85.946625,
772186535704714,3,267.63202,0.10449683,85.96122,
772186551695926,3,267.65024,0.10088195,85.967026,
772186572081667,3,267.63852,0.10829784,85.96664,
772186595702272,3,267.62396,0.11415986,85.96397,
772186614043337,3,267.6364,0.11239254,85.96592,
772186632292850,3,267.64572,0.10971852,85.96509,
772186655821901,3,267.62268,0.11370053,85.964096,
772186671813112,3,267.6787,0.1124062,85.96414,
772186692595584,3,267.63077,0.10970998,85.96302,
772186715819461,3,267.67892,0.1115217,85.95717,
772186731871706,3,267.6421,0.11181198,85.95579,
772186752257448,3,267.62817,0.113782495,85.95334,
772186775878054,3,267.66534,0.11214153,85.95302,
772186794066532,3,267.70648,0.112074934,85.95768,
772186812316042,3,267.74182,0.116497494,85.96348,
772186836028199,3,267.7411,0.11651628,85.963806,
772186851988893,3,267.76105,0.11815211,85.96402,
772186872588259,3,267.80777,0.12211534,85.971985,
772186896086795,3,267.76105,0.12041633,85.96896,
772186912078005,3,267.7854,0.12068612,85.97074,
772186932799439,3,267.77118,0.12422416,85.96181,
772186956084352,3,267.76956,0.124379545,85.958244,
772186974455935,3,267.7837,0.12511891,85.95506,
772186992522342,3,267.77414,0.12525722,85.94602,
772187016203982,3,267.7539,0.12767172,85.94062,
772187032195192,3,267.78748,0.12619981,85.942024,
772187052641968,3,267.78745,0.11956597,85.95719,
772187076262574,3,267.78076,0.118935876,85.972046,
772187092223268,3,267.79327,0.123064734,85.96129,
772187112731081,3,267.78415,0.12382118,85.92308,
772187136229617,3,267.77954,0.11137826,85.89459,
772187154601198,3,267.75296,0.101023674,85.911736,
772187173033814,3,267.71417,0.09977375,85.93563,
772187196349244,3,267.68292,0.103306666,85.94857,
772187212370974,3,267.6878,0.107264765,85.93229,
772187232787234,3,267.66034,0.10436023,85.926285,
772187256468874,3,267.66644,0.09647647,85.93535,
772187272429567,3,267.6729,0.09392027,85.940636,
772187292815308,3,267.65924,0.08876005,85.9344,
772187316435914,3,267.64716,0.095081404,85.90839,
772187334776979,3,267.6527,0.099712275,85.89205,
772187352995974,3,267.65387,0.097232915,85.890564,
772187376555545,3,267.64355,0.09972253,85.90441,
772187392546755,3,267.65936,0.10187062,85.897606,
772187413481812,3,267.6473,0.10461295,85.8689,
772187436583619,3,267.63858,0.100250155,85.84054,
772187452574831,3,267.6543,0.091857545,85.8471,
772187472960574,3,267.64502,0.09390319,85.86475,
772187496581179,3,267.63992,0.09750612,85.8738,
772187514769655,3,267.6427,0.10321275,85.863266,
772187533049684,3,267.64243,0.102362394,85.853096,
772187556700807,3,267.6727,0.096034214,85.86159,
772187572722537,3,267.7256,0.094499126,85.87194,
772187593291384,3,267.7377,0.09622204,85.877144,
772187616728883,3,267.74768,0.09760687,85.880005,
772187632781129,3,267.77222,0.09872702,85.87526,
772187653502565,3,267.77496,0.10042091,85.8705,
772187676817995,3,267.7689,0.10325373,85.86856,
772187695128543,3,267.7802,0.103964075,85.87453,
772187713225466,3,267.7802,0.10425436,85.8745,
772187736907105,3,267.7792,0.11643431,85.86954,
772187752867799,3,267.78925,0.11857217,85.861694,
772187773314577,3,267.7803,0.113850795,85.861015,
772187796935183,3,267.7691,0.114887275,85.87549,
772187812926394,3,267.82562,0.11412571,85.878876,
772187833495241,3,267.77664,0.116500914,85.884186,
772187856963258,3,267.7869,0.12171406,85.882416,
772187875304323,3,267.73352,0.12266859,85.8736,
772187893736941,3,267.69763,0.12288715,85.86768,
772187917021853,3,267.66797,0.11881805,85.87002,
772187933043580,3,267.67505,0.117202714,85.87588,
772187953490357,3,267.642,0.11414108,85.874565,
772187977141481,3,267.63174,0.11028542,85.87384,
772187993102175,3,267.64664,0.1073621,85.88089,
772188013487918,3,267.6463,0.11844751,85.89175,
772188037108522,3,267.6728,0.12233049,85.88097,
772188055449585,3,267.62964,0.12740874,85.855995,
772188073668580,3,267.62805,0.12852548,85.84007,
772188097228151,3,267.6241,0.11144315,85.83937,
772188113219363,3,267.63855,0.10738942,85.85565,
772188134032351,3,267.62674,0.111368015,85.87253,
772188157256227,3,267.6273,0.12472106,85.86598,
772188173277955,3,267.63092,0.12745143,85.85488,
772188193694216,3,267.6199,0.123343065,85.85864,
772188217284304,3,267.66824,0.11790964,85.867805,
772188235625368,3,267.62152,0.114854835,85.86788,
772188253722291,3,267.6258,0.11456285,85.86786,
772188277403931,3,267.6233,0.112971395,85.858536,
772188293364626,3,267.63358,0.10901501,85.866,
772188313963992,3,267.6253,0.11181369,85.87318,
772188337798220,3,267.66858,0.11602963,85.85736,
772188353423221,3,267.63596,0.1172676,85.83479,
772188374205690,3,267.6245,0.11103333,85.83652,
772188397460084,3,267.6174,0.10576725,85.86504,
772188415801149,3,267.62964,0.10715549,85.8823,
772188433898074,3,267.62256,0.107292086,85.88882,
772188457518678,3,267.61093,0.104848586,85.89119,
772188473570924,3,267.6379,0.105338655,85.89093,
772188494017702,3,267.62305,0.105266936,85.89278,
772188517607791,3,267.6181,0.10665688,85.89742,
772188533629518,3,267.63184,0.109563135,85.89618,
772188554137330,3,267.62857,0.11254622,85.89604,
772188577635866,3,267.6228,0.11949936,85.89816,
772188595976931,3,267.62268,0.119668424,85.902596,
772188614440065,3,267.622,0.11999115,85.90498,
772188637724977,3,267.61847,0.1158657,85.915764,
772188653716189,3,267.64075,0.1155703,85.92273,
772188674162967,3,267.62592,0.115249276,85.92397,
772188697783571,3,267.6179,0.11336585,85.93174,
772188713774782,3,267.63568,0.11270331,85.93621,
772188734191042,3,267.62183,0.11469091,85.93803,
772188757811648,3,267.61456,0.110393,85.93911,
772188776152711,3,267.63004,0.11323608,85.94269,
772188794402223,3,267.62183,0.112409614,85.94994,
772188817931276,3,267.6217,0.11051936,85.95495,
772188833983523,3,267.63995,0.114926554,85.94951,
772188854704958,3,267.617,0.117633015,85.93829,
772188877959352,3,267.61877,0.11320364,85.94607,
772188893950564,3,267.63083,0.111934915,85.956696,
772188914336307,3,267.612,0.11256329,85.96631,
772188937987428,3,267.63004,0.11957792,85.96059,
772188956145387,3,267.62997,0.12250466,85.921295,
772188974425417,3,267.6299,0.117884025,85.89773,
772188998107058,3,267.62286,0.10396237,85.91591,
772189014098268,3,267.63898,0.10287466,85.93251,
772189034667116,3,267.63547,0.11771327,85.94103,
772189058165651,3,267.61078,0.13051648,85.92197,
772189074156863,3,267.6234,0.1288209,85.91438,
772189094847780,3,267.61957,0.12568754,85.92454,
772189118132692,3,267.61777,0.1272875,85.93723,
772189136473757,3,267.63495,0.13143857,85.94213,
772189154601199,3,267.63696,0.13679516,85.92489,
772189178313356,3,267.60547,0.14403859,85.89732,
772189194274049,3,267.6198,0.13906108,85.89832,
772189214720827,3,267.60876,0.1369864,85.91608,
772189238402468,3,267.61194,0.13912767,85.91988,
772189254363161,3,267.6295,0.14153363,85.89665,
772189274870973,3,267.66107,0.14368683,85.87441,
772189298491580,3,267.69678,0.1340238,85.88758,
772189316557986,3,267.71667,0.13200036,85.90471,
772189335234743,3,267.7289,0.13341933,85.914215,
772189358428103,3,267.73785,0.13387182,85.91176,
772189374419314,3,267.76215,0.13469657,85.90841,
772189394866092,3,267.7564,0.135967,85.90797,
772189418425661,3,267.7428,0.13555376,85.90849,
772189434477907,3,267.76834,0.13957505,85.91386,
772189454894167,3,267.7564,0.14436303,85.91199,
772189478545291,3,267.7429,0.1420937,85.9141,
772189496916872,3,267.76752,0.1399234,85.9223,
772189515135866,3,267.76675,0.14711902,85.92706,
772189538664920,3,267.7483,0.14781229,85.91989,
772189554656131,3,267.7601,0.14412569,85.917946,
772189580565553,3,267.7473,0.14439888,85.92985,
772189598662478,3,267.76877,0.14360487,85.94023,
772189614653689,3,267.77386,0.14428449,85.93984,
772189635069949,3,267.76965,0.15086026,85.93434,
772189658690553,3,267.75113,0.15715432,85.918655,
772189677031617,3,267.75977,0.1616486,85.90844,
772189695128542,3,267.79587,0.16542399,85.90954,
772189718779666,3,267.79346,0.17099917,85.90288,
772189734801393,3,267.79376,0.17404032,85.88714,
772189755339723,3,267.7485,0.17731711,85.87838,
772189778838260,3,267.7469,0.18057172,85.875206,
772189794859988,3,267.7924,0.18325087,85.86761,
772189815550905,3,267.7456,0.18324234,85.86763,
772189838835818,3,267.7381,0.18311597,85.88362,
772189857176882,3,267.79376,0.18353947,85.89479,
772189875273807,3,267.7599,0.1871424,85.8926,
772189898955446,3,267.7467,0.19103734,85.85062,
772189914946657,3,267.7543,0.19011524,85.83218,
772189935393435,3,267.74884,0.18563633,85.83991,
772189958983523,3,267.73492,0.17942083,85.85821,
772189975005251,3,267.75946,0.1801158,85.86746,
772189995513063,3,267.75372,0.18298449,85.86099,
772190019011600,3,267.746,0.189924,85.842926,
772190037352664,3,267.74945,0.18898655,85.84218,
772190055815797,3,267.75253,0.18778443,85.856674,
772190079131228,3,267.74268,0.19026722,85.865295,
772190095122439,3,267.7577,0.19248705,85.861885,
772190115538699,3,267.74213,0.19004865,85.84483,
772190139128786,3,267.73688,0.17992797,85.83693,
772190155150514,3,267.75284,0.17660849,85.85129,
772190175566775,3,267.75848,0.17921592,85.86774,
772190199217898,3,267.75244,0.18156211,85.84283,
772190217528444,3,267.75677,0.17756471,85.82633,
772190235747438,3,267.76227,0.1698073,85.832726,
772190259307010,3,267.7516,0.16471195,85.84604,
772190275298221,3,267.77075,0.16299243,85.84502,
772190296111208,3,267.75824,0.16391452,85.83711,
772190319335085,3,267.75183,0.1618791,85.84586,
772190335356814,3,267.7677,0.16231625,85.851875,
772190355742557,3,267.75494,0.16460608,85.85754,
772190379363161,3,267.7499,0.16846344,85.84942,
772190397704225,3,267.75797,0.17279893,85.845726,
772190415801150,3,267.76465,0.17307556,85.84509,
772190439421756,3,267.75262,0.17635235,85.84161,
772190455412965,3,267.76276,0.17908274,85.840004,
772190476012330,3,267.74414,0.18001164,85.839294,
772190499510867,3,267.74908,0.17798135,85.84487,
772190515502078,3,267.76123,0.17634553,85.84701,
772190536223512,3,267.75024,0.17394128,85.8538,
772190559538943,3,267.74457,0.17165315,85.85476,
772190577849489,3,267.75906,0.16861029,85.858894,
772190595946414,3,267.76593,0.16639902,85.86684,
772190619628053,3,267.75085,0.17004977,85.86831,
772190635588747,3,267.7637,0.17281088,85.85736,
772190656035525,3,267.7501,0.16824317,85.85188,
772190679656131,3,267.75253,0.1625553,85.86632,
772190695647340,3,267.76114,0.16679005,85.87389,
772190716155153,3,267.7535,0.1686359,85.87668,
772190739684207,3,267.75354,0.16807924,85.8711,
772190758025271,3,267.75815,0.17133555,85.86966,
772190776457887,3,267.75775,0.16937014,85.86946,
772190799773318,3,267.74994,0.16373181,85.87776,
772190815764528,3,267.76483,0.16180056,85.88575,
772190836211307,3,267.75076,0.16520543,85.89717,
772190859862428,3,267.7094,0.16755673,85.88998,
772190875884157,3,267.6897,0.16965361,85.859726,
772190896239382,3,267.65024,0.17243181,85.84055,
772190919798953,3,267.62897,0.16616166,85.850586,
772190938048463,3,267.63303,0.16765235,85.865005,
772190956450563,3,267.61646,0.17510924,85.86417,
772190979979617,3,267.6003,0.18034974,85.84824,
772190995970828,3,267.6024,0.18374948,85.8384,
772191016753297,3,267.59793,0.18803373,85.85032,
772191040007693,3,267.58228,0.1891334,85.857086,
772191056029421,3,267.5973,0.19098099,85.85063,
772191076445682,3,267.59174,0.19406141,85.83734,
772191099974733,3,267.59457,0.19035089,85.831856,
772191118376833,3,267.59857,0.18759319,85.838326,
772191136504275,3,267.63602,0.18830694,85.840675,
772191160124881,3,267.59247,0.18757953,85.82189,
772191176146608,3,267.60168,0.18750098,85.79598,
772191196715455,3,267.60016,0.17788573,85.80532,
772191220183475,3,267.59213,0.1630078,85.84317,
772191236205203,3,267.64636,0.16488783,85.86149,
772191257018190,3,267.59665,0.16860516,85.861176,
772191280242068,3,267.59088,0.16274484,85.85718,
772191298613650,3,267.61194,0.16141808,85.855736,
772191316649539,3,267.60995,0.16123025,85.8548,
772191340331178,3,267.59274,0.161401,85.8597,
772191358824831,3,267.60312,0.15552188,85.8662,
772191376769167,3,267.65158,0.15293154,85.87214,
772191400389773,3,267.6007,0.159772,85.871994,
772191416380983,3,267.6146,0.1622155,85.865944,
772191436888795,3,267.60333,0.16763017,85.862915,
772191460417850,3,267.64148,0.1647017,85.86484,
772191478789431,3,267.59494,0.162668,85.8732,
772191497191530,3,267.59412,0.16582185,85.87525,
772191520476443,3,267.58752,0.16148809,85.88576,
772191536498171,3,267.6121,0.16131903,85.89249,
772191556944949,3,267.594,0.15879527,85.89904,
772191580565553,3,267.59137,0.15879527,85.900116,
772191596556764,3,267.6117,0.1647905,85.8959,
772191616942507,3,267.60394,0.16761138,85.88942,
772191640563113,3,267.58386,0.1729953,85.88161,
772191658721071,3,267.59637,0.17863536,85.88146,
772191677123170,3,267.59546,0.18353604,85.8755,
772191700591189,3,267.58167,0.17807014,85.87628,
772191716643435,3,267.5971,0.17858925,85.8808,
772191737456422,3,267.58087,0.17989041,85.87947,
772191760680300,3,267.58377,0.17286383,85.8798,
772191776702028,3,267.6443,0.16978681,85.889305,
772191797118289,3,267.67096,0.17296627,85.892555,
772191820830446,3,267.73468,0.17703195,85.87599,
772191838896853,3,267.716,0.18364874,85.85144,
772191857176882,3,267.7145,0.18224,85.83551,
772191880828006,3,267.72333,0.17253597,85.855705,
772191896849733,3,267.74255,0.16766773,85.8695,
772191917418580,3,267.72778,0.16735867,85.8762,
772191940856082,3,267.7773,0.17040153,85.87437,
772191956877810,3,267.8301,0.16636316,85.87537,
772191977629762,3,267.84186,0.16668418,85.87953,
772192000945193,3,267.85236,0.16361058,85.88707,
772192019072635,3,267.88107,0.16791703,85.88427,
772192037352664,3,267.88422,0.17141409,85.868484,
772192061064821,3,267.87054,0.16607286,85.860634,
772192077025514,3,267.89215,0.16712815,85.86864,
772192097472292,3,267.89026,0.16797508,85.87154,
772192121123416,3,267.87805,0.16830464,85.845825,
772192137084108,3,267.89587,0.16842929,85.83231,
772192157591920,3,267.89438,0.1572192,85.84699,
772192181090457,3,267.89197,0.15343356,85.87445,
772192199431521,3,267.9104,0.15785782,85.87925,
772192217925172,3,267.90607,0.16087337,85.86437,
772192241179568,3,267.89355,0.15562947,85.845085,
772192257201296,3,267.91058,0.15330891,85.85567,
772192277648074,3,267.9041,0.15459298,85.866516,
772192301268678,3,267.84158,0.16021255,85.865204,
772192317290407,3,267.8345,0.16394013,85.861374,
772192337645632,3,267.78946,0.17123821,85.84657,
772192361296756,3,267.76538,0.17466699,85.8558,
772192379424196,3,267.76773,0.18921025,85.86538,
772192397826295,3,267.75198,0.21699563,85.86662,
772192421385867,3,267.72327,0.2557112,85.84869,
772192437346560,3,267.7303,0.26519498,85.83172,
772192458159547,3,267.70618,0.26076046,85.798706,
772192481474978,3,267.69986,0.28376818,85.82795,
772192497435671,3,267.70605,0.27842182,85.826836,
772192517821414,3,267.69897,0.2954104,85.80461,
772192541411500,3,267.6797,0.3066855,85.78244,
772192559783083,3,267.727,0.31183043,85.76938,
772192577880007,3,267.68283,0.34040326,85.75922,
772192601531131,3,267.66016,0.39084524,85.72492,
772192617552858,3,267.6369,0.40230316,85.673775,
772192638121705,3,267.59906,0.40668142,85.60354,
772192661559207,3,267.62106,0.4064065,85.51922,
772192677550418,3,267.64114,0.4028991,85.47156,
772192698393922,3,267.6846,0.39388302,85.43432,
772192721587282,3,267.63113,0.38376218,85.42435,
772192739745242,3,267.6485,0.37301466,85.428474,
772192758055789,3,267.65958,0.35707608,85.436295,
772192781706911,3,267.6423,0.3530069,85.44245,
772192797667604,3,267.66373,0.350326,85.43653,
772192818144900,3,267.6527,0.35094073,85.42483,
772192841734988,3,267.642,0.34195715,85.41756,
772192857726198,3,267.67197,0.32922548,85.42666,
772192878234010,3,267.66937,0.3140161,85.43657,
772192901763064,3,267.66452,0.30698603,85.4542,
772192920073611,3,267.67615,0.3072934,85.44675,
772192938536745,3,267.678,0.30364773,85.43302,
772192961821657,3,267.6822,0.28623906,85.430595,
772192977843386,3,267.695,0.2724163,85.44035,
772192998320682,3,267.73608,0.2577022,85.45279,
772193021910768,3,267.73846,0.25141323,85.43928,
772193037901979,3,267.7404,0.24668501,85.43749,
772193058348758,3,267.7485,0.22809991,85.451744,
772193081938845,3,267.75665,0.21005781,85.480354,
772193100279909,3,267.72876,0.20011984,85.49203,
772193118498904,3,267.72586,0.19372162,85.48348,
772193142058475,3,267.7036,0.19046871,85.47163,
772193158049685,3,267.72888,0.19333059,85.47997,
772193178862672,3,267.7194,0.19472907,85.49351,
772193202086550,3,267.72476,0.1908034,85.47932,
772193218108278,3,267.74115,0.18295376,85.47057,
772193238494021,3,267.72577,0.17720954,85.47504,
772193262114625,3,267.70688,0.1734956,85.492905,
772193280455691,3,267.72684,0.17083183,85.50334,
772193298522098,3,267.73666,0.16846003,85.49968,
772193322203738,3,267.7356,0.15944755,85.497986,
772193338194948,3,267.755,0.15660448,85.499504,
772193358763796,3,267.73224,0.1539424,85.49727,
772193382231814,3,267.73874,0.14436644,85.4962,
772193398314578,3,267.78555,0.1414158,85.484406,
772193418974977,3,267.7447,0.13808778,85.48504,
772193442259890,3,267.786,0.14088304,85.497116,
772193460631473,3,267.78476,0.14408128,85.501205,
772193478728396,3,267.7844,0.14479676,85.4981,
772193502410036,3,267.78687,0.13785554,85.475334,
772193518401247,3,267.78723,0.13683273,85.47123,
772193538786990,3,267.7511,0.12376483,85.4847,
772193562407595,3,267.73468,0.11815894,85.51217,
772193578398805,3,267.73877,0.114281096,85.47696,
772193598906619,3,267.62195,0.08026841,85.303406,
772193622435672,3,267.6305,0.012111633,84.80386,
772193640776736,3,267.8474,-0.03687961,84.36259,
772193659209352,3,267.8534,-0.03577141,84.1545,
772193682585818,3,267.91016,-0.016706644,84.33477,
772193698515994,3,267.86783,0.0012960284,84.70216,
772193718962771,3,267.8278,0.023856144,85.0493,
