772158888701540,3,0.49087107,-0.47037265,0.530195,
772158905821900,3,0.49111196,-0.47060975,0.5299525,
772158923918825,3,0.49109128,-0.47063747,0.529995,
772158946532351,3,0.49092242,-0.47047755,0.53015745,
772158965849978,3,0.49107188,-0.47051713,0.5299442,
772158984007937,3,0.49107924,-0.4705207,0.5299325,
772159006651979,3,0.49116805,-0.47064456,0.52986723,
772159025847535,3,0.49116474,-0.47072273,0.52991873,
772159044097048,3,0.4911453,-0.47073638,0.52995664,
772159069274051,3,0.4911943,-0.47076946,0.5298995,
772159086058718,3,0.49128073,-0.47083893,0.529806,
772159104125123,3,0.49130285,-0.47087845,0.5297951,
772159126708131,3,0.49129063,-0.47089964,0.5298269,
772159146056276,3,0.49133137,-0.47090837,0.5297683,
772159164183718,3,0.49145055,-0.47097877,0.5296244,
772159186705691,3,0.49157098,-0.47110778,0.529514,
772159206084352,3,0.4915737,-0.4711507,0.5295357,
772159224242310,3,0.49126226,-0.47125334,0.5294652,
772159249205691,3,0.49104115,-0.4712982,0.52940416,
772159266173464,3,0.49102575,-0.47145313,0.52921826,
772159284300906,3,0.4910534,-0.47159624,0.529049,
772159307219607,3,0.49105725,-0.47168773,0.5289495,
772159326201539,3,0.49096173,-0.47170204,0.52900326,
772159344359498,3,0.49089572,-0.47171423,0.52904093,
772159366881472,3,0.49090204,-0.47175354,0.5290038,
772159386199099,3,0.49072832,-0.47161287,0.5291545,
772159404448611,3,0.49073026,-0.47162065,0.5291341,
772159429228883,3,0.49063063,-0.4714628,0.5291784,
772159446318726,3,0.49044323,-0.47124344,0.5293271,
772159464446169,3,0.49028593,-0.4711504,0.52950937,
772159487181765,3,0.49025378,-0.47112274,0.5295375,
772159506377322,3,0.49023685,-0.47112003,0.5295587,
772159524504763,3,0.49022862,-0.47112572,0.52957255,
772159547453980,3,0.4903196,-0.47126505,0.5295123,
772159566405397,3,0.4903196,-0.47126505,0.5295123,
772159584563357,3,0.4903489,-0.47141135,0.5295553,
772159609252079,3,0.49032265,-0.47141647,0.52959913,
772159626463992,3,0.49026334,-0.47141495,0.52969104,
772159644652467,3,0.4902584,-0.4713999,0.52968925,
772159667235475,3,0.49023566,-0.47144946,0.52975523,
772159686583620,3,0.4901094,-0.47156876,0.5300223,
772159704680545,3,0.48993063,-0.47157225,0.53030163,
772159727324587,3,0.48997018,-0.47123557,0.53065205,
772159746550660,3,0.48988622,-0.47099367,0.5310684,
772159764739137,3,0.48983982,-0.47088227,0.5313755,
772159789946658,3,0.489887,-0.47078595,0.5314544,
772159806670290,3,0.48993,-0.4707523,0.53151447,
772159824797733,3,0.4900329,-0.47074506,0.5314471,
772159847411257,3,0.49022344,-0.4708157,0.5312605,
772159866728882,3,0.4903983,-0.4709144,0.5310948,
772159884856325,3,0.49039343,-0.47090763,0.5311319,
772159907408816,3,0.4902917,-0.47080863,0.5312549,
772159926787478,3,0.49010321,-0.47066912,0.53148186,
772159945067508,3,0.49006686,-0.47062072,0.5315211,
772159969908815,3,0.4901471,-0.47065347,0.5314236,
772159986876588,3,0.49022108,-0.47072974,0.53135955,
772160004912478,3,0.49023527,-0.47075456,0.5313562,
772160027831179,3,0.49017876,-0.47074395,0.53144073,
772160046843630,3,0.49008292,-0.47073814,0.5315886,
772160065001588,3,0.4900774,-0.47068384,0.5315661,
772160087554078,3,0.49016377,-0.47074118,0.53146666,
772160106902223,3,0.49023628,-0.47079718,0.53138775,
772160125060183,3,0.49019334,-0.47076726,0.53143734,
772160149901492,3,0.49016073,-0.47070038,0.53144854,
772160167021852,3,0.49029222,-0.47077662,0.53128934,
772160185149293,3,0.49029303,-0.47077847,0.5312893,
772160207915407,3,0.49026373,-0.47064385,0.5312546,
772160227110964,3,0.49019375,-0.47034836,0.5311865,
772160245207889,3,0.49030602,-0.47053018,0.5311207,
772160268065554,3,0.49025798,-0.47062883,0.53125477,
772160287078004,3,0.49025983,-0.4706314,0.53125346,
772160305327516,3,0.49014375,-0.4704849,0.5313467,
772160329985720,3,0.49003828,-0.47029108,0.53136647,
772160347258670,3,0.4902159,-0.47029588,0.5310726,
772160365355593,3,0.49039057,-0.4704064,0.53085303,
772160387969117,3,0.490488,-0.4705384,0.5307707,
772160407225709,3,0.49049228,-0.470627,0.53081036,
772160425353151,3,0.49044102,-0.47055495,0.5308423,
772160447997195,3,0.4902547,-0.47071308,0.53059804,
772160467223270,3,0.49020684,-0.4708187,0.5302954,
772160485411745,3,0.49021274,-0.4709872,0.5300789,
772160510436159,3,0.49019977,-0.4712062,0.5298634,
772160527312379,3,0.49019977,-0.4712062,0.5298634,
772160545439822,3,0.49017957,-0.4711999,0.5297886,
772160568022830,3,0.49016422,-0.47119936,0.52974033,
772160587370974,3,0.49020138,-0.47121844,0.5296435,
772160605498415,3,0.49023688,-0.47127414,0.5295864,
772160628050904,3,0.49025017,-0.47131008,0.5295627,
772160647429567,3,0.49025542,-0.4713325,0.52955073,
772160665618045,3,0.49029666,-0.4713536,0.52948695,
772160690428835,3,0.4903082,-0.47137272,0.52947205,
772160707549195,3,0.49030018,-0.4714012,0.5294959,
772160725676637,3,0.49030814,-0.47141322,0.52948654,
772160748595339,3,0.4903149,-0.47140986,0.52947104,
772160767607790,3,0.49038273,-0.47147664,0.5294035,
772160785735233,3,0.49038762,-0.47147265,0.529392,
772160808379274,3,0.4903903,-0.47145426,0.5293757,
772160827605347,3,0.49039105,-0.47143257,0.52936065,
772160845732790,3,0.4903877,-0.47138357,0.52933574,
772160870635135,3,0.49044293,-0.47140896,0.52926445,
772160887663943,3,0.49055907,-0.47147346,0.52912194,
772160905791384,3,0.49060008,-0.47151166,0.52908087,
772160928526979,3,0.4905403,-0.47144237,0.5291321,
772160947722535,3,0.4904032,-0.47128505,0.5292508,
772160965880495,3,0.49036843,-0.4712107,0.5292599,
772160988738163,3,0.49045217,-0.4712582,0.52915794,
772161007750613,3,0.49055722,-0.47135833,0.5290545,
772161025908571,3,0.4905003,-0.47136337,0.5291465,
772161050597292,3,0.49039656,-0.47129595,0.52926767,
772161067870241,3,0.49033514,-0.47119427,0.5293019,
772161085997683,3,0.4903949,-0.47122338,0.5292261,
772161108580691,3,0.4904539,-0.47128496,0.52914625,
772161127898317,3,0.49048984,-0.47134268,0.5291076,
772161146025758,3,0.4904402,-0.47131357,0.5291552,
772161168669802,3,0.49037015,-0.471244,0.52921385,
772161187926394,3,0.49038166,-0.4712267,0.5291794,
772161206084354,3,0.4904375,-0.47129533,0.5291296,
772161231078249,3,0.4906282,-0.47110054,0.52934396,
772161248015504,3,0.49065918,-0.4709065,0.529619,
772161266142946,3,0.49071202,-0.47076777,0.5297609,
772161288725955,3,0.49081692,-0.47073343,0.52979225,
772161308074099,3,0.49095234,-0.47074786,0.5297407,
772161326201540,3,0.49103138,-0.47073373,0.52971447,
772161348754029,3,0.4910818,-0.47072515,0.5297046,
772161368102174,3,0.49111193,-0.47073355,0.5297144,
772161386260134,3,0.49111474,-0.47071514,0.52973515,
772161411101444,3,0.49113047,-0.4707316,0.5297459,
772161428252322,3,0.4911553,-0.47074983,0.5297359,
772161446349245,3,0.49113807,-0.4707539,0.52977765,
772161469298463,3,0.4911059,-0.4707041,0.5298065,
772161488341433,3,0.49109823,-0.4707247,0.529837,
772161506407839,3,0.49113506,-0.47076786,0.52980983,
772161528929813,3,0.49114975,-0.47077504,0.52979416,
772161548400027,3,0.49115452,-0.47081715,0.5298142,
772161566466432,3,0.49117458,-0.47082362,0.5297883,
772161591307741,3,0.49115098,-0.4708174,0.52982235,
772161608428103,3,0.4911389,-0.4707937,0.52982765,
772161626525027,3,0.49115494,-0.47081983,0.52981883,
772161649230105,3,0.49117187,-0.47083625,0.5298027,
772161668456178,3,0.4912035,-0.47085693,0.5297661,
772161686583619,3,0.49121204,-0.4708621,0.529756,
772161709441287,3,0.49117664,-0.47084698,0.52980226,
772161728453739,3,0.4911453,-0.47082335,0.52983695,
772161746611698,3,0.49112108,-0.47082552,0.52987605,
772161771269899,3,0.4911413,-0.4708232,0.5298432,
772161788542848,3,0.49115956,-0.47081575,0.5298103,
772161806670290,3,0.49120346,-0.47083876,0.5297557,
772161829253299,3,0.4912555,-0.47087228,0.52969474,
772161848570927,3,0.49130103,-0.47092482,0.52965534,
772161866789920,3,0.4913261,-0.47094792,0.5296302,
772161889372926,3,0.4913174,-0.47093004,0.529633,
772161908599001,3,0.4912747,-0.47089434,0.52967805,
772161926756960,3,0.4912611,-0.4709082,0.5297076,
772161951811893,3,0.49133867,-0.47092536,0.529597,
772161968688113,3,0.4914963,-0.47100538,0.5293994,
772161986815553,3,0.49152994,-0.47104573,0.5293712,
772162009429080,3,0.49125347,-0.47082597,0.52967006,
772162028777225,3,0.49126172,-0.47082636,0.5296574,
772162046874148,3,0.49127868,-0.47081405,0.52962357,
772162069457155,3,0.4913689,-0.4708475,0.52950305,
772162088744266,3,0.4914206,-0.47093153,0.529473,
772162106963260,3,0.49132732,-0.47087517,0.5295845,
772162131774050,3,0.49120134,-0.47074884,0.5297049,
772162148863894,3,0.49122426,-0.47070324,0.5296417,
772162166991335,3,0.4913358,-0.47078225,0.5295153,
772162189940555,3,0.4913562,-0.4708471,0.529495,
772162208922488,3,0.4913541,-0.4708534,0.5294828,
772162227049928,3,0.49127877,-0.47076312,0.52953243,
772162249602420,3,0.49133036,-0.47076204,0.529442,
772162268981083,3,0.49140543,-0.47086406,0.5293798,
772162287108523,3,0.49136037,-0.47086084,0.5294434,
772162311766726,3,0.49122766,-0.47072983,0.52956814,
772162329070193,3,0.4911456,-0.47060558,0.529619,
772162347167117,3,0.49122578,-0.47063616,0.5295109,
772162369902712,3,0.49134958,-0.4707281,0.5293723,
772162389128786,3,0.4914299,-0.4708218,0.5293028,
772162407225710,3,0.49142832,-0.47081935,0.5293032,
772162430174930,3,0.4914423,-0.47081774,0.5292801,
772162449126345,3,0.4914804,-0.47084764,0.52923846,
772162467314821,3,0.49149868,-0.4708795,0.529229,
772162492125613,3,0.49148902,-0.47089407,0.5292526,
772162509215458,3,0.49148133,-0.4708821,0.52925736,
772162527342898,3,0.49150598,-0.4708841,0.5292201,
772162549956423,3,0.49153897,-0.47092623,0.52919394,
772162569304568,3,0.49155012,-0.47096977,0.52920264,
772162587432010,3,0.49151784,-0.4709545,0.5292437,
772162610106570,3,0.49146777,-0.4709244,0.5293036,
772162629302126,3,0.4914978,-0.47092995,0.52926016,
772162647490603,3,0.49155462,-0.47099185,0.5292089,
772162672484500,3,0.49160182,-0.4710429,0.529166,
772162689421755,3,0.49161613,-0.47101966,0.5291563,
772162707518678,3,0.49159703,-0.47100687,0.5291971,
772162730132205,3,0.49158904,-0.47102293,0.5292322,
772162749480350,3,0.49159208,-0.4710357,0.5292443,
772162767577273,3,0.49159053,-0.47103354,0.5292518,
772162790129763,3,0.49162722,-0.47103414,0.52919954,
772162809477908,3,0.49166822,-0.47104836,0.5291473,
772162827635867,3,0.49168465,-0.47106296,0.5291327,
772162852629763,3,0.4916888,-0.47105554,0.52912337,
772162869567019,3,0.4917358,-0.4710542,0.5290504,
772162887724978,3,0.49179915,-0.47109747,0.5289784,
772162910643680,3,0.49181825,-0.4711474,0.5289792,
772162929625613,3,0.49179345,-0.47110015,0.52898985,
772162947753053,3,0.49184325,-0.47112107,0.52892506,
772162970275027,3,0.49190328,-0.47117686,0.5288652,
772162989653690,3,0.49189305,-0.47117588,0.52888066,
772163007811648,3,0.49172342,-0.47101903,0.5290508,
772163032652956,3,0.4915795,-0.47088948,0.5291972,
772163049742801,3,0.49158728,-0.47082466,0.52914613,
772163067870242,3,0.49167824,-0.47090885,0.5290551,
772163090575320,3,0.49173015,-0.4709625,0.52900654,
772163109801394,3,0.49171796,-0.4709744,0.52903265,
772163127928835,3,0.4917114,-0.470953,0.52903,
772163150817020,3,0.49170235,-0.47091413,0.5290207,
772163169829470,3,0.49179915,-0.47099918,0.5289211,
772163187987428,3,0.49182266,-0.47102922,0.5289026,
772163212645633,3,0.49179748,-0.47103867,0.5289475,
772163229888065,3,0.49172655,-0.4709408,0.5289991,
772163248046023,3,0.49175903,-0.47094283,0.52894974,
772163270598513,3,0.49179548,-0.47099555,0.5289269,
772163289946658,3,0.49174958,-0.4710075,0.52898085,
772163308104617,3,0.49161857,-0.47090566,0.52910644,
772163330748659,3,0.4915803,-0.47084764,0.52911896,
772163350005251,3,0.49167073,-0.47091419,0.5290094,
772163368163210,3,0.49175283,-0.47099844,0.52892625,
772163393218143,3,0.4917815,-0.47102344,0.5288924,
772163410094363,3,0.49175712,-0.4710122,0.52892077,
772163428221803,3,0.49170643,-0.47096908,0.52897185,
772163450804812,3,0.49171206,-0.47099513,0.52897733,
772163470152958,3,0.49171233,-0.47101745,0.5289895,
772163488280398,3,0.4916899,-0.471016,0.529023,
772163510832888,3,0.4916641,-0.47099733,0.5290515,
772163530181033,3,0.49163833,-0.47100046,0.5290934,
772163548338993,3,0.4916437,-0.47101253,0.5290921,
772163573302370,3,0.4916811,-0.47102532,0.5290412,
772163590270144,3,0.49155334,-0.47126696,0.5288085,
772163609099490,3,0.49144223,-0.47141713,0.5286672,
772163630248173,3,0.49135816,-0.47153193,0.52858377,
772163653746706,3,0.49130157,-0.47160766,0.5285188,
772163669768435,3,0.49124372,-0.47165054,0.52849555,
772163690184695,3,0.4912419,-0.47167528,0.52844495,
772163713835819,3,0.49124026,-0.47170234,0.528416,
772163732146365,3,0.49124032,-0.4717223,0.5283944,
772163750243288,3,0.49129403,-0.47177812,0.52832067,
772163773894412,3,0.49128896,-0.4717816,0.5283142,
772163789916141,3,0.4912872,-0.4717312,0.5282745,
772163810454470,3,0.49129236,-0.4717137,0.5282476,
772163833983522,3,0.49126545,-0.4716976,0.52827424,
772163849974734,3,0.49120727,-0.47164685,0.5283304,
772163870696171,3,0.4911947,-0.47160846,0.52832377,
772163894011599,3,0.49120155,-0.47161236,0.52831346,
772163912322146,3,0.49119237,-0.47157693,0.5283048,
772163930419070,3,0.49125677,-0.47161797,0.5282279,
772163954100711,3,0.49132606,-0.47166666,0.5281484,
772163970061404,3,0.49123284,-0.4715939,0.5282204,
772163990508181,3,0.49120373,-0.4711996,0.52862024,
772164014159304,3,0.4913341,-0.47107238,0.52875435,
772164030119999,3,0.49146503,-0.47104454,0.5287921,
772164050658328,3,0.49161595,-0.47106043,0.52874684,
772164074126345,3,0.49171257,-0.47106513,0.5287252,
772164092314822,3,0.49183017,-0.4707351,0.5290674,
772164110961063,3,0.49199027,-0.47057593,0.5292284,
772164134245974,3,0.4921084,-0.4704757,0.5293382,
772164150267702,3,0.49225497,-0.47045332,0.52934396,
772164170683963,3,0.49232855,-0.47042382,0.5293567,
772164194335086,3,0.4922127,-0.47026905,0.52954584,
772164210295779,3,0.49224186,-0.4702483,0.52955884,
772164230681521,3,0.49222502,-0.47016445,0.5295842,
772164254302127,3,0.4922961,-0.47020945,0.5295352,
772164272673710,3,0.49232864,-0.4702312,0.5295219,
772164290892703,3,0.4922515,-0.47013152,0.52959913,
772164314421755,3,0.49219018,-0.4700451,0.5296545,
772164330443484,3,0.49226385,-0.470069,0.52956223,
772164351225956,3,0.49235883,-0.47013935,0.52946234,
772164374480349,3,0.49243706,-0.47018987,0.52937484,
772164390471560,3,0.49247187,-0.47022492,0.52934456,
772164410857303,3,0.49243692,-0.4701998,0.529386,
772164434508426,3,0.49242195,-0.4701685,0.5293918,
772164452849490,3,0.4924576,-0.47017252,0.52933955,
772164470946413,3,0.49227706,-0.47039986,0.5290652,
772164493956668,3,0.4921356,-0.47054195,0.52891684,
772164510588749,3,0.49201885,-0.47064385,0.5288417,
772164531157595,3,0.49196076,-0.47070774,0.5287473,
772164554625612,3,0.49194553,-0.47077954,0.52865785,
772164570647342,3,0.4919046,-0.47080243,0.5286258,
772164591399296,3,0.49166286,-0.47101444,0.5283897,
772164614684206,3,0.4914558,-0.47110322,0.5282469,
772164633025271,3,0.4913387,-0.47118974,0.52814436,
772164651122195,3,0.49121732,-0.47116557,0.52808183,
772164674803836,3,0.49116823,-0.47122112,0.52802616,
772164690795046,3,0.49113795,-0.47125447,0.5279773,
772164711241823,3,0.49114203,-0.47128895,0.52791023,
772164734862429,3,0.491131,-0.47131342,0.52788526,
772164750823124,3,0.49105573,-0.47127333,0.5279384,
772164771361453,3,0.49103132,-0.4712721,0.52794784,
772164794859987,3,0.49097648,-0.4712276,0.5279867,
772164813201053,3,0.4909695,-0.47121912,0.5279786,
772164831633671,3,0.49099252,-0.4712332,0.5279416,
772164854979616,3,0.49099386,-0.4712104,0.52791774,
772164870940310,3,0.4909759,-0.4711934,0.5279301,
772164891387088,3,0.49095488,-0.47117877,0.5279502,
772164915038211,3,0.4909341,-0.4711601,0.52796865,
772164930998904,3,0.49095467,-0.47117215,0.52794206,
772164951384646,3,0.49099502,-0.47121954,0.5279067,
772164975035769,3,0.49095705,-0.47117412,0.5279373,
772164993163211,3,0.490771,-0.47096542,0.5280998,
772165011595828,3,0.49063915,-0.47082317,0.52821815,
772165035155397,3,0.49065992,-0.47084463,0.52819854,
772165051116092,3,0.49084133,-0.4709911,0.52800465,
772165071898563,3,0.49089482,-0.47104558,0.5279542,
772165095213991,3,0.49087724,-0.47105289,0.52798605,
772165111174685,3,0.49083185,-0.4709939,0.5280208,
772165131590945,3,0.49085766,-0.4709738,0.52796817,
772165155211551,3,0.49094343,-0.47102982,0.52786845,
772165173552615,3,0.49100795,-0.4711108,0.5278172,
772165191649538,3,0.49100247,-0.47112787,0.52783614,
772165215300662,3,0.49090803,-0.47106257,0.52794373,
772165231291873,3,0.49085826,-0.4709752,0.527968,
772165251860719,3,0.49092308,-0.47103894,0.52790576,
772165275359255,3,0.49093866,-0.4711128,0.52792656,
772165291350467,3,0.49084616,-0.47104013,0.5280266,
772165312132938,3,0.4907403,-0.47097397,0.52815145,
772165335387331,3,0.4908011,-0.47098017,0.52806026,
772165353697878,3,0.4908977,-0.47106788,0.52796304,
772165371825320,3,0.49092335,-0.4710821,0.52793175,
772165395476443,3,0.4908825,-0.47107753,0.5279927,
772165411467653,3,0.4908673,-0.47110412,0.52803266,
772165431914431,3,0.49087453,-0.4711359,0.52804077,
772165455535037,3,0.49105197,-0.47095117,0.5282731,
772165471526248,3,0.49115762,-0.47078523,0.5284423,
772165492034059,3,0.49124467,-0.4707001,0.52855915,
772165515563112,3,0.49129632,-0.4706352,0.5286522,
772165533873660,3,0.49133357,-0.4705943,0.52869177,
772165552367312,3,0.49138725,-0.47060126,0.52869797,
772165575682740,3,0.49141806,-0.4705968,0.5287071,
772165591643435,3,0.4914598,-0.47061333,0.528694,
772165612059695,3,0.49149653,-0.47062558,0.5286734,
772165635710818,3,0.4915426,-0.47067225,0.52865034,
772165651671510,3,0.49151966,-0.47065437,0.52868956,
772165672057253,3,0.49150398,-0.47064644,0.5287193,
772165695738894,3,0.49150413,-0.47063223,0.52871746,
772165714018923,3,0.4915091,-0.4706544,0.528728,
772165732268434,3,0.49156263,-0.47071022,0.5286818,
772165755828005,3,0.4916033,-0.47074506,0.52864194,
772165771819217,3,0.4915698,-0.47071713,0.52867895,
772165792601687,3,0.49159357,-0.47075102,0.5286636,
772165815917115,3,0.49162832,-0.47078085,0.5286283,
772165831877810,3,0.49164042,-0.4708174,0.5286321,
772165852263553,3,0.49166957,-0.47082564,0.5285921,
772165875914675,3,0.491667,-0.47085062,0.5286114,
772165894194703,3,0.4916751,-0.4708574,0.52860314,
772165912322146,3,0.4916923,-0.4708844,0.5285927,
772165935973269,3,0.4917394,-0.47090334,0.5285309,
772165951964480,3,0.49191839,-0.4710739,0.52835506,
772165972533327,3,0.49191386,-0.47107056,0.5283601,
772165996092897,3,0.4918504,-0.47103423,0.528437,
772166012023074,3,0.49168608,-0.47086233,0.5285894,
772166032775027,3,0.4917384,-0.4708572,0.5285048,
772166056090455,3,0.49185967,-0.47093517,0.528363,
772166074401003,3,0.49195147,-0.4710104,0.5282654,
772166092497928,3,0.49194327,-0.47103727,0.5282944,
772166116149050,3,0.4918799,-0.4710165,0.5283805,
772166132140260,3,0.49186978,-0.47099137,0.52838117,
772166152587038,3,0.4919233,-0.47103688,0.52832526,
772166176238162,3,0.49195427,-0.47108567,0.5283064,
772166192229373,3,0.49169,-0.4712461,0.5282288,
772166212737184,3,0.49147975,-0.47133154,0.5281971,
772166236266237,3,0.49135605,-0.47140047,0.52814347,
772166254576785,3,0.49132696,-0.47149566,0.5280445,
772166273070437,3,0.49127334,-0.47158623,0.52804154,
772166296324830,3,0.49111742,-0.47155103,0.5281643,
772166312316042,3,0.49095303,-0.4714259,0.52827555,
772166332762820,3,0.49100134,-0.4714508,0.5281667,
772166356413943,3,0.4911346,-0.47157004,0.5279971,
772166372374635,3,0.4912266,-0.47166863,0.52788955,
772166392760378,3,0.49124002,-0.471695,0.5278679,
772166416411502,3,0.49120843,-0.47168052,0.5278968,
772166434722048,3,0.49117592,-0.47166452,0.5279296,
772166452971560,3,0.49116975,-0.47165862,0.52792996,
772166476500611,3,0.49117634,-0.47169966,0.5279405,
772166492491822,3,0.49112356,-0.4717218,0.52803344,
772166513274294,3,0.49108276,-0.47172764,0.52809864,
772166536589724,3,0.49108166,-0.47174665,0.5281105,
772166552550418,3,0.49109787,-0.47177374,0.5281006,
772166572936159,3,0.49109298,-0.47178861,0.5281166,
772166596587281,3,0.49107417,-0.47176197,0.52812934,
772166614897828,3,0.49107936,-0.47179657,0.5281419,
772166632994753,3,0.49108037,-0.47177228,0.52812535,
772166656737429,3,0.49112844,-0.4718129,0.5280748,
772166672667605,3,0.49113142,-0.47184375,0.5280887,
772166693236452,3,0.491139,-0.47185427,0.52808315,
772166716734985,3,0.49110335,-0.4718189,0.52811736,
772166732726197,3,0.4910936,-0.47182405,0.52813554,
772166753447633,3,0.49109343,-0.47183138,0.52814025,
772166776763064,3,0.4911007,-0.4718661,0.52814984,
772166795073611,3,0.49106863,-0.47185877,0.5281954,
772166813201052,3,0.49103022,-0.47186068,0.5282565,
772166836852173,3,0.4910178,-0.47185066,0.52826977,
772166852843385,3,0.4910453,-0.47184476,0.52822334,
772166873290163,3,0.49106157,-0.47184733,0.5281995,
772166896910769,3,0.49103415,-0.4718331,0.52823365,
772166912901980,3,0.49100786,-0.47182432,0.52826935,
772166933409791,3,0.49105,-0.47184977,0.528219,
772166956938844,3,0.49106377,-0.47186387,0.52820605,
772166975249391,3,0.4910193,-0.47183418,0.5282574,
772166993712527,3,0.49088103,-0.4717256,0.5284075,
772167017027956,3,0.4907879,-0.4716193,0.52848846,
772167033019166,3,0.49092272,-0.4716489,0.52829605,
772167053465943,3,0.49102643,-0.47173163,0.52818435,
772167077056032,3,0.491066,-0.47178444,0.52815455,
772167093077761,3,0.4910727,-0.4718264,0.52816945,
772167113463504,3,0.4910392,-0.47180083,0.52820635,
772167140196901,3,0.49106038,-0.47178698,0.52816486,
772167155425171,3,0.49117428,-0.4718713,0.52803826,
772167173644166,3,0.4912253,-0.47193512,0.5279972,
772167197203737,3,0.49117225,-0.47192594,0.5280744,
772167213194949,3,0.4911024,-0.4718338,0.5281277,
772167234007937,3,0.4911122,-0.4718372,0.5281144,
772167257262330,3,0.49114022,-0.4718974,0.5281071,
772167273253541,3,0.49106959,-0.47188875,0.52821195,
772167293669802,3,0.49095982,-0.47178087,0.52831805,
772167317320925,3,0.4909436,-0.4717144,0.5283031,
772167335631472,3,0.49107257,-0.47178537,0.5281449,
772167353697877,3,0.4911247,-0.47187465,0.5281176,
772167376769166,3,0.49114132,-0.47190496,0.52810997,
772167393401247,3,0.49108592,-0.4718602,0.5281693,
772167413939578,3,0.49109524,-0.4718689,0.52816004,
772167437377078,3,0.49110603,-0.47186935,0.52814347,
772167453429323,3,0.49110347,-0.471865,0.52814484,
772167474150757,3,0.49111915,-0.47187325,0.52812535,
772167497466188,3,0.49112967,-0.47190937,0.52813077,
772167515776735,3,0.4913013,-0.47171077,0.52836895,
772167533873660,3,0.49110618,-0.47190404,0.52816415,
772167557585818,3,0.4911203,-0.47191304,0.5281476,
772167573546510,3,0.49115342,-0.47192243,0.5281016,
772167594023805,3,0.49115446,-0.47191894,0.5280979,
772167617674928,3,0.4911886,-0.4719438,0.52805966,
772167633605105,3,0.49116626,-0.47193494,0.52808917,
772167654143435,3,0.4911658,-0.47193435,0.5280895,
772167677672486,3,0.4911474,-0.47192314,0.52811146,
772167695983033,3,0.49116886,-0.47194403,0.52809054,
772167715392213,3,0.49118254,-0.4719549,0.5280758,
772167737883669,3,0.49116856,-0.47195908,0.5281001,
772167753691776,3,0.4912178,-0.4719952,0.5280452,
772167774138552,3,0.49120745,-0.47198176,0.52805316,
772167797148804,3,0.4911911,-0.47197694,0.5280758,
772167813750368,3,0.49118012,-0.47196925,0.5280882,
772167834136110,3,0.49119592,-0.4719831,0.528072,
772167857787234,3,0.491276,-0.47207302,0.52800137,
772167876128298,3,0.4913136,-0.47213858,0.5279822,
772167894377809,3,0.49126586,-0.47212183,0.5280465,
772167917937379,3,0.49112117,-0.47199684,0.52819675,
772167933928591,3,0.49102935,-0.47193193,0.52830076,
772167954650027,3,0.49110648,-0.47196826,0.5282025,
772167977965456,3,0.49119234,-0.4720764,0.52813375,
772167993926149,3,0.4911979,-0.47211233,0.5281467,
772168014311891,3,0.4911826,-0.4720974,0.5281616,
772168037993532,3,0.49117336,-0.47207847,0.5281646,
772168056273562,3,0.49119452,-0.47210383,0.52814686,
772168074401004,3,0.4912096,-0.4721457,0.5281486,
772168098082643,3,0.49122223,-0.47220352,0.5281637,
772168114043336,3,0.4911644,-0.4721881,0.5282445,
772168134612184,3,0.4911006,-0.47211722,0.5283013,
772168158110720,3,0.49112344,-0.47209954,0.52825505,
772168174101932,3,0.49122372,-0.4722005,0.52815956,
772168194884402,3,0.49124116,-0.4722467,0.5281601,
772168218138795,3,0.4911045,-0.47210225,0.5282862,
772168236449342,3,0.49110973,-0.47206035,0.5282529,
772168254546266,3,0.49120957,-0.47212213,0.52813447,
772168278288943,3,0.4912738,-0.47218338,0.5280712,
772168294219119,3,0.4912652,-0.47220618,0.5280983,
772168314665895,3,0.4912178,-0.47219568,0.52813965,
772168338286500,3,0.4911942,-0.47217926,0.52814823,
772168354277712,3,0.49123156,-0.47219008,0.5280838,
772168374785525,3,0.49120054,-0.47225055,0.5281594,
772168398375613,3,0.49139357,-0.4720441,0.5283741,
772168416655641,3,0.49147674,-0.471875,0.52859026,
772168435118775,3,0.49159208,-0.47178474,0.52866936,
772168458342653,3,0.49167186,-0.47172916,0.5287307,
772168474394900,3,0.49169728,-0.47167823,0.5288138,
772168494841678,3,0.49167913,-0.47164473,0.52892905,
772168518462283,3,0.49165365,-0.47157767,0.5290036,
772168534453493,3,0.49169654,-0.47158635,0.52899456,
772168554839235,3,0.49168986,-0.47157377,0.52903414,
772168578459841,3,0.49167117,-0.47155884,0.52908,
772168596800906,3,0.49169034,-0.471577,0.529079,
772168615050417,3,0.49166268,-0.47154623,0.5291163,
772168638579469,3,0.49164757,-0.47154567,0.5291483,
772168654570680,3,0.49158728,-0.47149992,0.529221,
772168675353151,3,0.49158636,-0.47149658,0.5292247,
772168698638065,3,0.49160665,-0.4715037,0.52920043,
772168714629276,3,0.49160156,-0.4715044,0.52921087,
772168735015016,3,0.49157166,-0.47147122,0.52923906,
772168758666139,3,0.49156445,-0.47147304,0.5292524,
772168777007203,3,0.49165505,-0.47154602,0.52915573,
772168795104128,3,0.491726,-0.47161466,0.52908677,
772168818755253,3,0.4914978,-0.47179592,0.52894473,
772168834746463,3,0.4911946,-0.47176558,0.52900213,
772168855315309,3,0.4910115,-0.47175473,0.52900255,
772168878783327,3,0.4909999,-0.4717869,0.52884483,
772168894805056,3,0.4911058,-0.4719629,0.5286488,
772168915526492,3,0.49109864,-0.4720552,0.5286196,
772168938841921,3,0.49100223,-0.4720602,0.52870584,
772168957152467,3,0.49091434,-0.47199103,0.5287543,
772168975249391,3,0.49090925,-0.4719986,0.5287339,
772168998931033,3,0.49095544,-0.47205484,0.5286727,
772169014922244,3,0.4909283,-0.47207463,0.5287108,
772169035369022,3,0.49086052,-0.47202572,0.5287758,
772169058959108,3,0.49069908,-0.47194514,0.52897114,
772169074950318,3,0.49061587,-0.47187072,0.5290506,
772169095488649,3,0.49065283,-0.4718998,0.5290066,
772169118987185,3,0.49066132,-0.47195798,0.5290257,
772169137328250,3,0.4905026,-0.4718296,0.52919406,
772169155821902,3,0.4903349,-0.47172394,0.5293908,
772169179045777,3,0.49026942,-0.47163406,0.52943784,
772169195098024,3,0.49037293,-0.47168508,0.5293064,
772169215514284,3,0.4903795,-0.47170752,0.5293092,
772169239165409,3,0.49033016,-0.4717076,0.5293859,
772169255187136,3,0.490278,-0.47167543,0.52944773,
772169275572877,3,0.49028587,-0.47166505,0.529429,
772169299224001,3,0.49032855,-0.47168434,0.52937394,
772169317534547,3,0.4903365,-0.47170013,0.529371,
772169335784060,3,0.49032322,-0.4717093,0.5293972,
772169359282596,3,0.49029815,-0.4716614,0.52940744,
772169375273806,3,0.49025083,-0.47163227,0.52946365,
772169396056275,3,0.49025667,-0.47164285,0.5294324,
772169419341189,3,0.49030843,-0.47169206,0.52936137,
772169435332400,3,0.49032083,-0.47174704,0.5293612,
772169455748660,3,0.49029845,-0.47173083,0.52937657,
772169479369265,3,0.49027562,-0.47169098,0.52938133,
772169497679811,3,0.49031457,-0.4717252,0.52933645,
772169515807252,3,0.49030662,-0.47173986,0.5293543,
772169539488894,3,0.4902945,-0.4717762,0.52939266,
772169555449588,3,0.49026322,-0.47175398,0.52942646,
772169576018435,3,0.49023774,-0.47175348,0.5294647,
772169599516969,3,0.4902362,-0.47174516,0.5294613,
772169615538697,3,0.49015856,-0.47168073,0.52954304,
772169636260133,3,0.49014416,-0.47165808,0.52955145,
772169659545047,3,0.49018657,-0.4717294,0.5295279,
772169677855594,3,0.49020132,-0.47172695,0.5295033,
772169696013552,3,0.49019286,-0.47171435,0.52950877,
772169719664674,3,0.4901612,-0.47167647,0.52953523,
772169735655885,3,0.4901726,-0.4716942,0.52952814,
772169756102663,3,0.49021858,-0.47173268,0.5294795,
772169779723270,3,0.4903052,-0.47180307,0.52938676,
772169795714480,3,0.49035487,-0.47184998,0.5293375,
772169816680055,3,0.4903134,-0.47181785,0.52938277,
772169839720827,3,0.49015152,-0.47165295,0.529536,
772169858031374,3,0.49002117,-0.47150058,0.5296475,
772169876494509,3,0.49005213,-0.47146726,0.5295792,
772169899840456,3,0.49013817,-0.47154656,0.52949286,
772169915801149,3,0.490411,-0.47135767,0.5297366,
772169936247926,3,0.4901521,-0.4715987,0.5295025,
772169959899050,3,0.49008384,-0.47154158,0.5295745,
772169975890261,3,0.49011186,-0.4715525,0.5295374,
772169996306522,3,0.49015766,-0.4715966,0.52949256,
772170019927126,3,0.49016497,-0.47163266,0.5295028,
772170038207154,3,0.49004006,-0.47151253,0.5296253,
772170056456666,3,0.48994896,-0.471415,0.52970856,
772170080016238,3,0.48999876,-0.47141173,0.529629,
772170095976932,3,0.490084,-0.47142848,0.52950615,
772170116820437,3,0.49006298,-0.47142637,0.5295376,
772170140074830,3,0.48989722,-0.47129086,0.5297144,
772170156066041,3,0.4898337,-0.4712188,0.52976996,
772170176421266,3,0.48987645,-0.47124806,0.52972096,
772170200072391,3,0.48995277,-0.47133446,0.529654,
772170218413454,3,0.489925,-0.47132418,0.52969116,
772170236510377,3,0.4897779,-0.47118494,0.5298365,
772170260192018,3,0.48978478,-0.47118795,0.5298276,
772170276152712,3,0.48980883,-0.47119734,0.52979577,
772170296721560,3,0.48982677,-0.4712475,0.5297981,
772170320220096,3,0.48981088,-0.4712397,0.5298181,
772170336211306,3,0.4898103,-0.47125787,0.5298301,
772170356963257,3,0.48982,-0.47124875,0.52980936,
772170380278689,3,0.48983407,-0.4712498,0.529788,
772170398589236,3,0.48984239,-0.47126114,0.52978194,
772170416716678,3,0.4898393,-0.47126633,0.5297899,
772170440337283,3,0.48985556,-0.4712733,0.5297687,
772170456297975,3,0.48986736,-0.471284,0.5297568,
772170476714235,3,0.48985857,-0.47127673,0.52976614,
772170500365359,3,0.48983094,-0.47128123,0.529812,
772170516356570,3,0.4898352,-0.47130662,0.5298206,
772170536864382,3,0.48983082,-0.4713143,0.5298321,
772170560393433,3,0.4898632,-0.4713362,0.5297948,
772170578703981,3,0.48987618,-0.47134313,0.5297787,
772170597167116,3,0.48985645,-0.4713507,0.52981406,
772170620482547,3,0.48983324,-0.4713268,0.5298358,
772170636473758,3,0.48984265,-0.47135776,0.5298399,
772170656920534,3,0.48987356,-0.47136423,0.5298215,
772170680510621,3,0.48992252,-0.47139838,0.52978396,
772170696501832,3,0.48993382,-0.47140682,0.5297842,
772170716887575,3,0.48995727,-0.4713966,0.52975035,
772170740538700,3,0.48998913,-0.47142062,0.5297214,
772170758879763,3,0.4899367,-0.47139794,0.5297939,
772170777098756,3,0.48993295,-0.47138014,0.52979213,
772170800688845,3,0.49001083,-0.4714214,0.5296976,
772170816649538,3,0.49010357,-0.47151452,0.5296105,
772170837432009,3,0.49009505,-0.47153386,0.5296366,
772170860686403,3,0.48972684,-0.4711833,0.5300003,
772170876708131,3,0.48973274,-0.47118902,0.5299951,
772170897063355,3,0.48977146,-0.47116312,0.52991927,
772170920683962,3,0.48993763,-0.4712644,0.5297213,
772170939025028,3,0.4900305,-0.47136036,0.5296346,
772170957152469,3,0.4900147,-0.4713626,0.52966064,
772170980834108,3,0.48996493,-0.4713054,0.5297039,
772170996794800,3,0.49000895,-0.47133195,0.5296513,
772171017363649,3,0.49007446,-0.47137657,0.529576,
772171040862185,3,0.49011698,-0.47145075,0.5295545,
772171056853396,3,0.4900166,-0.47143212,0.5297,
772171077635867,3,0.48993602,-0.47136185,0.52978337,
772171100951295,3,0.48991987,-0.47133127,0.5297901,
772171119231325,3,0.4899815,-0.47139904,0.52973485,
772171137358766,3,0.48996067,-0.47139612,0.52976567,
772171161009891,3,0.48981047,-0.4712604,0.52991813,
772171177001101,3,0.48959526,-0.4710787,0.5301442,
772171197478395,3,0.48960376,-0.4710602,0.5301197,
772171221099001,3,0.48963565,-0.47107008,0.53007585,
772171237090212,3,0.4896392,-0.47107908,0.53007585,
772171257598025,3,0.4896372,-0.4710712,0.5300741,
772171281157596,3,0.489641,-0.47105914,0.5300608,
772171299437624,3,0.48972902,-0.47108766,0.5299406,
772171317870240,3,0.48978105,-0.47112256,0.5298805,
772171341216189,3,0.4897633,-0.4711467,0.5299229,
772171357207400,3,0.48976362,-0.4711216,0.5299364,
772171377654178,3,0.48978645,-0.4710913,0.5299028,
772171401335818,3,0.48979476,-0.47108644,0.52990115,
772171417327028,3,0.48964572,-0.47134012,0.52963036,
772171437712770,3,0.48954496,-0.47151053,0.52943045,
772171461241824,3,0.48952296,-0.47164938,0.52922636,
772171479552372,3,0.48949534,-0.47171912,0.52908576,
772171497801882,3,0.4894698,-0.4717917,0.5290115,
772171521361451,3,0.48950723,-0.4718734,0.5288918,
772171537352662,3,0.48957944,-0.4719678,0.5287588,
772171558135133,3,0.48960415,-0.47200543,0.5286888,
772171581450565,3,0.4896031,-0.4720339,0.52866966,
772171597380740,3,0.48958668,-0.47204283,0.5286741,
772171617766481,3,0.48955446,-0.47204813,0.5287091,
772171641417604,3,0.48947135,-0.4720096,0.52880263,
772171659728152,3,0.48937693,-0.4718986,0.5288734,
772171677855593,3,0.48941472,-0.47188497,0.52879953,
772171701506717,3,0.48948416,-0.4719402,0.5287201,
772171717467410,3,0.48949015,-0.47193608,0.5287051,
772171738066774,3,0.4895143,-0.4719538,0.528676,
772171761565309,3,0.48958007,-0.47197804,0.5285863,
772171777556520,3,0.48963618,-0.471995,0.5285078,
772171798308475,3,0.4896569,-0.47202438,0.5284926,
772171821593386,3,0.48973277,-0.4720912,0.5283898,
772171839751344,3,0.4897903,-0.47217402,0.52833295,
772171858000855,3,0.48976615,-0.47221062,0.52838075,
772171881713015,3,0.4895876,-0.47207075,0.5285661,
772171897673708,3,0.4895543,-0.4716479,0.5289716,
772171918120486,3,0.48972353,-0.47150138,0.52904534,
772171941741090,3,0.48994896,-0.47148088,0.52897966,
772171957732300,3,0.49013746,-0.47152773,0.52892286,
772171978240114,3,0.4902311,-0.47154993,0.5289364,
772172001738650,3,0.4902227,-0.4714933,0.5290175,
772172020079716,3,0.49028167,-0.47148234,0.5289905,
772172038603884,3,0.49033895,-0.47152218,0.52897537,
772172061858277,3,0.49041313,-0.471569,0.52892303,
772172077849488,3,0.49043888,-0.47161284,0.52893394,
772172098357303,3,0.49039945,-0.47159362,0.52900106,
772172121916873,3,0.4903853,-0.47152647,0.5289945,
772172137877566,3,0.49049598,-0.4716365,0.5288968,
772172158354860,3,0.49049324,-0.4716347,0.5289058,
772172181944949,3,0.49036038,-0.4715461,0.5290638,
772172200072391,3,0.49022192,-0.47137815,0.52918106,
772172218474490,3,0.49031335,-0.47140816,0.52905846,
772172242003542,3,0.4904049,-0.47148544,0.52896386,
772172257994753,3,0.49049303,-0.47157246,0.52888,
772172278807743,3,0.49045432,-0.47154114,0.52892214,
772172302062136,3,0.49045944,-0.47154352,0.528916,
772172318083863,3,0.49054202,-0.4715994,0.52882135,
772172338469607,3,0.49060735,-0.47165975,0.52875614,
772172362120731,3,0.490615,-0.47168165,0.52875763,
772172380278689,3,0.49058247,-0.47163922,0.5287828,
772172398528200,3,0.49052864,-0.47158366,0.5288333,
772172422179324,3,0.49057424,-0.4716264,0.52878803,
772172438170535,3,0.4906274,-0.4716992,0.52874917,
772172458739382,3,0.49064144,-0.47172663,0.52874386,
772172482237917,3,0.49063712,-0.47171092,0.5287411,
772172498351199,3,0.49065435,-0.47172263,0.52872133,
772172518981083,3,0.49068925,-0.47175634,0.52868724,
772172541655642,3,0.4907455,-0.47179908,0.52862537,
772172560607058,3,0.49071065,-0.47179815,0.5286792,
772172578703982,3,0.49064773,-0.47173783,0.5287409,
772172602324588,3,0.49064392,-0.47172222,0.5287374,
772172618346316,3,0.49068195,-0.47175375,0.52869713,
772172638823610,3,0.4907153,-0.4717804,0.52866113,
772172662413699,3,0.49076247,-0.47182375,0.5286138,
772172678404911,3,0.4907883,-0.47183052,0.5285775,
772172698943240,3,0.49083403,-0.4718583,0.52852297,
772172722441774,3,0.49083525,-0.471891,0.52854085,
772172740569217,3,0.49081647,-0.47186568,0.52855486,
772172759795292,3,0.49081448,-0.47186282,0.5285562,
772172782530886,3,0.49087524,-0.47191492,0.52849287,
772172798522097,3,0.4909726,-0.4720355,0.5284138,
772172818968875,3,0.49094477,-0.47204337,0.5284619,
772172842589481,3,0.49080536,-0.47194707,0.52862126,
772172858580691,3,0.49066365,-0.47178304,0.5287433,
772172878966433,3,0.49073586,-0.47181794,0.5286518,
772172902617556,3,0.49090403,-0.47197172,0.5284822,
772172920928104,3,0.4909013,-0.4719716,0.5284865,
772172939177615,3,0.49091023,-0.47197646,0.5284754,
772172962737184,3,0.490919,-0.47197843,0.52846295,
772172978697879,3,0.4909976,-0.47203693,0.5283756,
772172999541385,3,0.49105835,-0.47210672,0.52832294,
772173022765261,3,0.49106458,-0.4721617,0.5283463,
772173038756472,3,0.4909984,-0.47213766,0.52843505,
772173059142215,3,0.4910042,-0.4720842,0.52839386,
772173082762821,3,0.49100098,-0.47208464,0.5283991,
772173100951296,3,0.49109876,-0.47218934,0.52830964,
772173119200808,3,0.4911094,-0.4722313,0.5283183,
772173142851931,3,0.49101043,-0.47214442,0.5284203,
772173158873661,3,0.49100265,-0.47206604,0.5283853,
772173179442507,3,0.49107462,-0.4720936,0.5282897,
772173202971559,3,0.49114585,-0.47217244,0.5282261,
772173218932254,3,0.4911068,-0.47216222,0.5282808,
772173239653690,3,0.49106383,-0.47213155,0.5283293,
772173262969118,3,0.49107614,-0.4721202,0.5283033,
772173281279665,3,0.49114951,-0.47216922,0.52821845,
772173299407107,3,0.49118918,-0.47222084,0.5281901,
772173323058231,3,0.4911454,-0.47221112,0.5282543,
772173339049441,3,0.49103224,-0.4721168,0.52837527,
772173359496218,3,0.49101815,-0.4721172,0.5283984,
772173383116824,3,0.49107045,-0.4721599,0.52834314,
772173400267704,3,0.4911216,-0.47219905,0.52828735,
772173419646365,3,0.4911401,-0.4722108,0.5282658,
772173443144899,3,0.49116573,-0.47223902,0.52824295,
772173461485965,3,0.4912317,-0.47228423,0.5281673,
772173479918583,3,0.4912604,-0.4723084,0.52813715,
772173503234011,3,0.4912531,-0.47231534,0.5281529,
772173519225222,3,0.49125326,-0.47232458,0.5281583,
772173539672000,3,0.491215,-0.47228426,0.5281938,
772173563292606,3,0.4912479,-0.4723127,0.5281595,
772173579283816,3,0.49131036,-0.47235432,0.5280871,
772173600005251,3,0.49135137,-0.47236714,0.5280307,
772173623351199,3,0.49139342,-0.47242,0.527997,
772173641692264,3,0.49142486,-0.4724602,0.52797216,
772173659911257,3,0.49139482,-0.47247007,0.52802515,
772173683470827,3,0.4913785,-0.47244802,0.52803457,
772173699431521,3,0.49143842,-0.47248438,0.527961,
772173720213993,3,0.4915035,-0.472523,0.5278814,
772173743498903,3,0.49159795,-0.47260335,0.5277815,
772173759490114,3,0.49156997,-0.47260347,0.5278245,
772173779875857,3,0.49141803,-0.4725008,0.5279992,
772173803496463,3,0.49133223,-0.47239718,0.52807045,
772173821837527,3,0.49155408,-0.47253916,0.5278098,
772173839934450,3,0.49158013,-0.4726081,0.5278104,
772173863585574,3,0.4915072,-0.47255573,0.5278925,
772173879576786,3,0.49150428,-0.47254872,0.52789277,
772173900145632,3,0.4914471,-0.4725084,0.52795756,
772173923644167,3,0.4914563,-0.4725146,0.5279469,
772173939635379,3,0.4914936,-0.4725451,0.527907,
772173960417850,3,0.49150044,-0.47260985,0.52793515,
772173983641726,3,0.49157542,-0.47235182,0.5282067,
772174001982790,3,0.49130103,-0.47242618,0.5281356,
772174020079715,3,0.49134925,-0.4724453,0.528072,
772174043761356,3,0.49140576,-0.47251394,0.52802515,
772174059722048,3,0.49138093,-0.47252643,0.5280713,
772174080168825,3,0.4912698,-0.47245508,0.5282016,
772174103789431,3,0.4911764,-0.47235128,0.5282849,
772174119811161,3,0.4913049,-0.47240102,0.52811456,
772174140318972,3,0.49137935,-0.47248995,0.52805185,
772174163848024,3,0.49128324,-0.4724775,0.52819407,
772174182158572,3,0.49128494,-0.47247556,0.52819026,
772174200621708,3,0.49130788,-0.47246635,0.528149,
772174223876101,3,0.4913266,-0.47245926,0.52811563,
772174239928347,3,0.49133885,-0.4724658,0.5281005,
772174260375125,3,0.49137414,-0.47249308,0.52806187,
772174283995731,3,0.4913715,-0.47250703,0.5280743,
772174299956423,3,0.49136838,-0.4725063,0.5280788,
772174320372683,3,0.4914892,-0.472366,0.5282488,
772174343993289,3,0.49132538,-0.47248638,0.52813375,
772174362334354,3,0.49128816,-0.4724779,0.5281866,
772174380553347,3,0.49126455,-0.47244897,0.5282061,
772174404082399,3,0.49129245,-0.4724817,0.5281822,
772174420073611,3,0.49132603,-0.47254103,0.5281654,
772174440917118,3,0.4913324,-0.4725712,0.5281735,
772174464110476,3,0.49133202,-0.4725694,0.528173,
772174480162722,3,0.49140304,-0.47259668,0.5280788,
772174500517947,3,0.49144837,-0.47262642,0.528026,
772174524169071,3,0.4914685,-0.4726501,0.5280088,
772174542479616,3,0.49145523,-0.47264296,0.5280252,
772174560607058,3,0.49146754,-0.47265172,0.5280113,
772174584258181,3,0.49149218,-0.47266772,0.5279825,
772174600249393,3,0.49153233,-0.47271073,0.5279457,
772174620818240,3,0.49157482,-0.47274575,0.52790046,
772174644316774,3,0.49154297,-0.47274435,0.52794915,
772174660307986,3,0.4914648,-0.4726699,0.5280264,
772174681029423,3,0.49148765,-0.47267333,0.5279929,
772174704344851,3,0.4915953,-0.47273183,0.5278603,
772174722685915,3,0.49166444,-0.47283438,0.52781385,
772174740752322,3,0.49162254,-0.47281075,0.52786493,
772174764403446,3,0.491474,-0.47269532,0.52802724,
772174780425173,3,0.49130496,-0.47252178,0.5281867,
772174800871950,3,0.49148303,-0.47261566,0.52796566,
772174824462039,3,0.49148107,-0.47261608,0.52796894,
772174840514286,3,0.49152893,-0.4726845,0.5279353,
772174860991579,3,0.49150455,-0.47266954,0.5279643,
772174884520632,3,0.49144727,-0.47259238,0.5280074,
772174902648074,3,0.4914655,-0.4725549,0.52795655,
772174921355350,3,0.49151334,-0.47263038,0.5279273,
772174944609743,3,0.49152532,-0.4726836,0.5279404,
772174960600954,3,0.49145186,-0.4726424,0.5280568,
772174981047732,3,0.49140674,-0.4725886,0.5281136,
772175004668338,3,0.4914101,-0.47254896,0.5280978,
772175020659548,3,0.49144083,-0.47258607,0.5280813,
772175041106325,3,0.4914226,-0.47259626,0.52812225,
772175064726931,3,0.4913225,-0.4724935,0.52822125,
772175083037479,3,0.4911757,-0.47236001,0.5283731,
772175101225954,3,0.4911763,-0.47233963,0.52836215,
772175124785524,3,0.4912686,-0.47239625,0.5282538,
772175141081912,3,0.49137118,-0.47247946,0.52814496,
772175161559208,3,0.4913524,-0.4724788,0.5281746,
772175184844118,3,0.49132034,-0.47243655,0.5281997,
772175200835329,3,0.49132517,-0.47241786,0.5281813,
772175221221072,3,0.49134672,-0.47243088,0.5281558,
772175244872196,3,0.49134463,-0.47247005,0.52818274,
772175263030154,3,0.4913317,-0.47245827,0.528196,
772175281279665,3,0.49135986,-0.47248206,0.5281664,
772175304961306,3,0.4913541,-0.47247213,0.5281695,
772175320952518,3,0.491348,-0.47247684,0.5281819,
772175341521365,3,0.49132586,-0.47247893,0.5282177,
772175365019899,3,0.4912861,-0.47246715,0.5282727,
772175381011111,3,0.49135217,-0.47250253,0.5281909,
772175401732547,3,0.49138618,-0.47252774,0.528153,
772175425017457,3,0.49142903,-0.47255558,0.5281029,
772175443358522,3,0.49139586,-0.47251284,0.528129,
772175461485965,3,0.49136192,-0.47249973,0.52817404,
772175485106570,3,0.4913678,-0.47249842,0.5281641,
772175501097780,3,0.49139613,-0.47251302,0.5281287,
772175521575075,3,0.49138868,-0.4725146,0.52814126,
772175545226199,3,0.49131534,-0.4724714,0.52822965,
772175561186892,3,0.491174,-0.4723687,0.5283884,
772175581694703,3,0.49117142,-0.47236642,0.5283911,
772175605162722,3,0.49116138,-0.47236037,0.5284031,
772175623503787,3,0.4912078,-0.47241703,0.52836466,
772175641966922,3,0.49123067,-0.47243774,0.5283415,
772175665282350,3,0.49120983,-0.4724134,0.52835935,
772175681273562,3,0.49112976,-0.4723675,0.5284567,
772175701720340,3,0.49109468,-0.47231108,0.5284775,
772175725340945,3,0.49118966,-0.4723239,0.5283371,
772175741332155,3,0.49133787,-0.4724422,0.52817696,
772175761748415,3,0.49137086,-0.47249246,0.5281557,
772175785369021,3,0.49119267,-0.47235686,0.52835214,
772175803679568,3,0.49094644,-0.47213385,0.5286021,
772175821929078,3,0.4908952,-0.47202128,0.5286142,
772175845488649,3,0.49102896,-0.4721194,0.5284647,
772175861449344,3,0.49114016,-0.4722623,0.52837723,
772175882292849,3,0.49111414,-0.47226298,0.52841824,
772175905547242,3,0.4909988,-0.47213444,0.52852076,
772175921507937,3,0.4910138,-0.4721178,0.5284874,
772175941893680,3,0.49109107,-0.47215343,0.52838826,
772175965575320,3,0.49114206,-0.47218838,0.5283298,
772175983885865,3,0.49114138,-0.4722165,0.5283478,
772176001952273,3,0.49106276,-0.47212344,0.52841437,
772176025633914,3,0.4910143,-0.47204843,0.52844477,
772176041625125,3,0.49111673,-0.47212988,0.528334,
772176062193971,3,0.4911514,-0.4721883,0.5283151,
772176085692507,3,0.49108082,-0.4721246,0.52836096,
772176101683719,3,0.49097896,-0.4720301,0.52844477,
772176122405154,3,0.49100837,-0.47201413,0.52837664,
772176145690065,3,0.49111,-0.47212496,0.5282761,
772176163878542,3,0.49114424,-0.47220168,0.5282627,
772176182158572,3,0.49107412,-0.47216615,0.52834624,
772176205809696,3,0.4909942,-0.47209546,0.52842534,
772176221800906,3,0.4909676,-0.47208375,0.5284575,
772176242247683,3,0.4909667,-0.472111,0.52847385,
772176265868289,3,0.49094746,-0.4721116,0.5285032,
772176281859500,3,0.49093407,-0.47209647,0.5285142,
772176302397828,3,0.4909315,-0.4720962,0.52851754,
772176325865847,3,0.49112383,-0.4719156,0.52871615,
772176344206912,3,0.49122575,-0.47176123,0.5288892,
772176362670047,3,0.4912914,-0.47165456,0.52902,
772176385985475,3,0.4913531,-0.47159085,0.52909356,
772176401976687,3,0.49143374,-0.4715559,0.5290925,
772176422423465,3,0.49148992,-0.47152877,0.5290906,
772176446013552,3,0.49155268,-0.47153643,0.52906865,
772176462065797,3,0.49159306,-0.47156948,0.5290754,
772176482421023,3,0.49161863,-0.4715674,0.52906924,
772176506072146,3,0.4916368,-0.47157025,0.5290671,
772176524413210,3,0.49170086,-0.471631,0.5290207,
772176542632203,3,0.49169946,-0.47163332,0.5290363,
772176566191774,3,0.4916586,-0.471597,0.5290866,
772176582152469,3,0.49162883,-0.47157845,0.5291278,
772176602965457,3,0.4916468,-0.47159892,0.5291161,
772176626219850,3,0.49162897,-0.47158456,0.5291382,
772176642211060,3,0.4916278,-0.47156933,0.5291329,
772176662596803,3,0.49166915,-0.4715997,0.5290881,
772176686247926,3,0.4917091,-0.47163942,0.5290505,
772176704558474,3,0.49176648,-0.47165492,0.52897114,
772176722655399,3,0.49179876,-0.47168308,0.52893823,
772176746337038,3,0.49181816,-0.4717081,0.5289233,
772176762328248,3,0.49183983,-0.47175586,0.52891827,
772176782897096,3,0.4917353,-0.4716725,0.5290314,
772176806456667,3,0.49165285,-0.47157994,0.5291046,
772176822386844,3,0.49167475,-0.4715621,0.52905995,
772176843169314,3,0.49174473,-0.47161245,0.52898115,
772176866423707,3,0.4917851,-0.4716599,0.5289467,
772176884551147,3,0.49178174,-0.4716686,0.5289571,
772176902861695,3,0.49179313,-0.47164875,0.5289275,
772176926512819,3,0.49187815,-0.47171897,0.5288371,
772176942504031,3,0.49194592,-0.47175127,0.52875084,
772176962950809,3,0.4919559,-0.47177082,0.528747,
772176986571413,3,0.4918693,-0.4717493,0.52886903,
772177002562623,3,0.4918041,-0.4717064,0.52894497,
772177023070436,3,0.4918193,-0.47173384,0.52893764,
772177046568972,3,0.4918754,-0.47183594,0.52891123,
772177064726931,3,0.49181148,-0.47176254,0.52896696,
772177083342654,3,0.49168628,-0.47167474,0.52910954,
772177106688600,3,0.49166754,-0.47164088,0.5291184,
772177122679810,3,0.49180186,-0.47167793,0.52893144,
772177143096070,3,0.49191183,-0.47175908,0.5288381,
772177166777711,3,0.4919462,-0.4718021,0.528831,
772177182738406,3,0.49182978,-0.47172713,0.5289821,
772177203154666,3,0.49179962,-0.47169355,0.52901924,
772177226775270,3,0.4918604,-0.47173512,0.5289565,
772177244963746,3,0.49183884,-0.47172555,0.5289893,
772177263365846,3,0.49182156,-0.47171062,0.52901083,
772177286894899,3,0.49178833,-0.47169882,0.52905804,
772177302886111,3,0.49159157,-0.4719176,0.5288491,
772177323668582,3,0.49148834,-0.47209528,0.5286636,
772177346922975,3,0.4914284,-0.4722429,0.52852845,
772177362914186,3,0.49138528,-0.4723466,0.52843577,
772177383299929,3,0.49130103,-0.47237378,0.52842796,
772177406920535,3,0.49125496,-0.47239786,0.5284054,
772177425261599,3,0.49126324,-0.4724472,0.5283459,
772177443358522,3,0.49142945,-0.47228298,0.52852774,
772177467040162,3,0.4912452,-0.47249988,0.52831495,
772177483031374,3,0.49123195,-0.4725054,0.5283128,
772177503569704,3,0.4912193,-0.47251266,0.5283186,
772177527098758,3,0.4912173,-0.4725068,0.5283205,
772177543059450,3,0.49121663,-0.4725036,0.5282956,
772177563811402,3,0.49123082,-0.4725043,0.52826756,
772177587096315,3,0.49125713,-0.47254705,0.52824783,
772177605376345,3,0.4912497,-0.47255233,0.52825946,
772177623564822,3,0.4912109,-0.4725186,0.5282976,
772177647246462,3,0.491167,-0.47246277,0.52833104,
772177663207155,3,0.49118567,-0.47246435,0.52830184,
772177683653932,3,0.491244,-0.47249532,0.5282287,
772177707305055,3,0.49129248,-0.47257227,0.5281988,
772177723265750,3,0.49119985,-0.47250074,0.5282999,
772177743804079,3,0.4909684,-0.47221187,0.52848697,
772177767272096,3,0.49097055,-0.4722078,0.52848107,
772177785613160,3,0.49111313,-0.47227603,0.5282995,
772177804137331,3,0.49120012,-0.47235224,0.52820957,
772177827330691,3,0.4912231,-0.47240722,0.52820677,
772177843382938,3,0.4911965,-0.47237527,0.528229,
772177863829714,3,0.4911994,-0.4723562,0.52821296,
772177887419800,3,0.49120447,-0.4723786,0.52821857,
772177903441530,3,0.49126565,-0.4724164,0.5281458,
772177923857790,3,0.49129856,-0.47246563,0.5281241,
772177947447879,3,0.49126524,-0.4724454,0.52816385,
772177965788943,3,0.49118903,-0.4723564,0.52822924,
772177984038453,3,0.49118704,-0.47234565,0.52822584,
772178007567506,3,0.491255,-0.4724068,0.52815664,
772178023558718,3,0.49127173,-0.47245163,0.5281575,
772178044341189,3,0.49119478,-0.47239792,0.52824515,
772178067626101,3,0.49111217,-0.4723166,0.52832514,
772178083617311,3,0.4912294,-0.47238424,0.528183,
772178104003053,3,0.4912839,-0.47243765,0.5281301,
772178127654176,3,0.4912138,-0.47244275,0.52824247,
772178145781618,3,0.49121362,-0.4724396,0.52824086,
772178164061649,3,0.4911537,-0.47239244,0.528306,
772178187712770,3,0.49113706,-0.47239363,0.52833265,
772178203765015,3,0.49113312,-0.4723872,0.5283349,
772178224303346,3,0.49113816,-0.47242334,0.5283488,
772178247801882,3,0.4910982,-0.4724151,0.5284062,
772178263793094,3,0.49105504,-0.4723752,0.52844954,
772178284514529,3,0.4910479,-0.47237775,0.5284622,
772178307799440,3,0.49105263,-0.47236484,0.52844703,
772178326140504,3,0.49108624,-0.47237423,0.52840024,
772178344237429,3,0.4910944,-0.47238323,0.5283929,
772178367888552,3,0.4911018,-0.47239786,0.5283902,
772178383910281,3,0.49110466,-0.47242528,0.5284022,
772178404357057,3,0.4911141,-0.47242868,0.5283895,
772178427977662,3,0.4911271,-0.47243574,0.5283735,
772178443938356,3,0.49116012,-0.47244442,0.52832717,
772178464476687,3,0.4911849,-0.47247028,0.5283041,
772178487975223,3,0.4911903,-0.47249308,0.52830935,
772178506194216,3,0.49122244,-0.47250396,0.5282658,
772178524779420,3,0.49122578,-0.47250172,0.5282592,
772178548064332,3,0.49125454,-0.47252563,0.5282287,
772178564055544,3,0.49127275,-0.47256407,0.5282234,
772178584502322,3,0.49126416,-0.47256163,0.5282353,
772178608122927,3,0.4912427,-0.47254023,0.52825594,
772178624144655,3,0.4912369,-0.47253606,0.52826256,
772178644530397,3,0.49126342,-0.47253677,0.5282216,
772178668151003,3,0.49133545,-0.47259963,0.528147,
772178686339480,3,0.49142778,-0.47268435,0.5280538,
772178704680544,3,0.491379,-0.47266185,0.5281164,
772178728209596,3,0.4912378,-0.4725343,0.52826005,
772178744231324,3,0.4911049,-0.47236758,0.52836716,
772178765044313,3,0.49117002,-0.47237292,0.52826875,
772178788329226,3,0.49136662,-0.4725619,0.5280757,
772178804289920,3,0.49136874,-0.47255546,0.52806854,
772178824675661,3,0.49130765,-0.4725049,0.52813345,
772178848235230,3,0.49134254,-0.47249275,0.52807176,
772178866637330,3,0.49138013,-0.47251043,0.5280237,
772178884734255,3,0.491433,-0.472547,0.5279633,
772178908415897,3,0.49146357,-0.4726093,0.527953,
772178924407107,3,0.4914632,-0.47261426,0.52795655,
772178944945436,3,0.49143106,-0.47260025,0.52799827,
772178968443972,3,0.49142164,-0.47257602,0.52799845,
772178984435183,3,0.49149606,-0.4726551,0.52792984,
772179005187136,3,0.49150786,-0.4726987,0.5279376,
772179028533083,3,0.4914241,-0.47263348,0.528029,
772179046630006,3,0.4913233,-0.47253916,0.52812964,
772179064910035,3,0.49139065,-0.4725692,0.5280426,
772179088500124,3,0.49145076,-0.47261754,0.52797794,
772179104582888,3,0.49148107,-0.47263196,0.5279394,
772179125029666,3,0.49145642,-0.47262752,0.52797514,
772179148619753,3,0.49140856,-0.47259638,0.52803105,
772179164610963,3,0.4914122,-0.47262377,0.5280418,
772179185149293,3,0.49137926,-0.47262543,0.5280942,
772179208586795,3,0.4913375,-0.47259486,0.5281409,
772179226988894,3,0.4913363,-0.47260553,0.52814925,
772179248839480,3,0.49133357,-0.47261724,0.52816045,
772179268736940,3,0.49136487,-0.4726542,0.52813387,
772179284728151,3,0.4913772,-0.47265202,0.5281133,
772179305174929,3,0.49135357,-0.47265434,0.5281515,
772179328765018,3,0.491364,-0.47266313,0.5281405,
772179344786746,3,0.49136418,-0.47265866,0.52813756,
772179365172486,3,0.49138948,-0.47269118,0.5281176,
772179388854128,3,0.4914258,-0.47275388,0.5280985,
772179407012086,3,0.49144772,-0.47277594,0.5280776,
772179425414187,3,0.49145058,-0.47279498,0.5280845,
772179448943240,3,0.4914437,-0.47280303,0.5281,
772179464934450,3,0.49143043,-0.47281834,0.5281299,
772179485747437,3,0.49141467,-0.47282588,0.52815896,
772179509001833,3,0.49142823,-0.47282764,0.5281389,
772179524993044,3,0.49142715,-0.4728281,0.5281408,
772179545409305,3,0.4914621,-0.4728579,0.5281041,
772179569029910,3,0.49149624,-0.47288787,0.5280948,
772179587187867,3,0.49147987,-0.47285658,0.52811986,
772179605467897,3,0.49151188,-0.47285596,0.5280823,
772179629149539,3,0.49151182,-0.4728403,0.528082,
772179645110232,3,0.49151164,-0.47285685,0.5280984,
772179665679079,3,0.49157462,-0.47289428,0.528027,
772179689208131,3,0.4916206,-0.47297403,0.5280061,
772179705199342,3,0.49156624,-0.47297397,0.528093,
772179725981813,3,0.4914644,-0.47288632,0.5282009,
772179749236209,3,0.49131104,-0.4727339,0.52835,
772179767516238,3,0.49132353,-0.47269547,0.5283081,
772179785643679,3,0.49143213,-0.47276455,0.5281806,
772179809233766,3,0.49148837,-0.47284618,0.52814215,
772179825316530,3,0.49140474,-0.47285128,0.52824914,
772179845702273,3,0.49130002,-0.47279212,0.5283585,
772179869322880,3,0.49126613,-0.47273406,0.5283636,
772179885314090,3,0.49137625,-0.47279885,0.5282216,
772179905821901,3,0.49143246,-0.47286358,0.52816635,
772179929350954,3,0.49142894,-0.47286034,0.52816546,
772179947661501,3,0.49121365,-0.47264323,0.5283681,
772179966124636,3,0.49121192,-0.47264302,0.5283685,
772179989409548,3,0.49127337,-0.4726793,0.52829283,
772180005431276,3,0.49131417,-0.4727509,0.528271,
772180025878053,3,0.49124375,-0.47269937,0.5283492,
772180049498660,3,0.49111846,-0.47257194,0.5284678,
772180065520388,3,0.49114683,-0.47253466,0.5284008,
772180085906131,3,0.49122784,-0.47257835,0.5283004,
772180109496217,3,0.49132332,-0.47267568,0.5282097,
772180127654175,3,0.49132743,-0.47271648,0.52822757,
772180146086793,3,0.49128088,-0.47270197,0.52829134,
772180169585330,3,0.491251,-0.47268027,0.52832496,
772180185607059,3,0.49125248,-0.47266898,0.5283158,
772180206389529,3,0.49125507,-0.47265425,0.5283029,
772180229643922,3,0.49129453,-0.47266266,0.5282464,
772180245665651,3,0.49125975,-0.47267082,0.52830553,
772180266051393,3,0.4912412,-0.47265315,0.5283239,
772180289702518,3,0.49123868,-0.4726464,0.52832365,
772180308013064,3,0.4912768,-0.47267923,0.52828395,
772180326109986,3,0.49129978,-0.47268528,0.5282517,
772180350829225,3,0.49134073,-0.47270617,0.5282004,
772180365782839,3,0.49134955,-0.47275722,0.5282172,
772180386351687,3,0.49134326,-0.47274354,0.5282188,
772180409850223,3,0.49130774,-0.47271138,0.528255,
772180425841433,3,0.49132776,-0.47271618,0.52822655,
772180446562867,3,0.49134564,-0.47273964,0.5282128,
772180469878298,3,0.49131382,-0.47273168,0.5282576,
772180488188845,3,0.49127445,-0.4727061,0.5283037,
772180506285769,3,0.49127522,-0.4727132,0.52830666,
772180529936892,3,0.49131805,-0.4727325,0.5282515,
772180545928102,3,0.4913741,-0.47274506,0.52817166,
772180566374879,3,0.49138665,-0.47276482,0.52816385,
772180589995486,3,0.49136424,-0.47276077,0.5281964,
772180605986697,3,0.49135992,-0.47272465,0.52818155,
772180626525027,3,0.49139753,-0.47274473,0.52813494,
772180650054078,3,0.49147046,-0.47280076,0.5280548,
772180668364626,3,0.49146158,-0.47281262,0.5280757,
772180686858278,3,0.49134663,-0.47271094,0.52819407,
772180710143192,3,0.49123663,-0.47259915,0.5282986,
772180726134403,3,0.4912551,-0.47256655,0.5282502,
772180746550661,3,0.4913416,-0.4726511,0.528166,
772180770171266,3,0.49140412,-0.4726988,0.5280972,
772180786162477,3,0.491195,-0.472905,0.527928,
772180806578737,3,0.4910658,-0.47302672,0.52779645,
772180830199344,3,0.4910157,-0.47313932,0.52765745,
772180848357302,3,0.49097446,-0.47321546,0.52756786,
772180866759401,3,0.4909402,-0.47329262,0.5275278,
772180890288454,3,0.49091947,-0.47333577,0.5274881,
772180906279665,3,0.49092343,-0.47335464,0.52742463,
772180927062136,3,0.49093533,-0.47337088,0.5273678,
772180950377566,3,0.49095684,-0.47340405,0.52732056,
772180966338258,3,0.49082673,-0.47332722,0.5274538,
772180986754517,3,0.4907393,-0.47325397,0.52752966,
772181010375124,3,0.49077943,-0.4732471,0.5274513,
772181028685672,3,0.4908959,-0.47333536,0.5273146,
772181046813113,3,0.4909507,-0.47340187,0.52726346,
772181070464235,3,0.49091682,-0.47340322,0.52731323,
772181090209108,3,0.4908447,-0.47334632,0.52738875,
772181107054811,3,0.49085414,-0.47332907,0.52736163,
772181130522830,3,0.49089938,-0.47339693,0.5273305,
772181146514041,3,0.49091068,-0.47342443,0.52732855,
772181167265994,3,0.49089512,-0.47343427,0.52735806,
772181190520387,3,0.49083653,-0.47340727,0.5274328,
772181208678347,3,0.49086675,-0.47344926,0.5273858,
772181226958376,3,0.490891,-0.47348973,0.52735466,
772181250640018,3,0.4910889,-0.47331473,0.52753675,
772181266631228,3,0.49119505,-0.47316384,0.5276972,
772181287108522,3,0.4912876,-0.47308913,0.5277995,
772181310698610,3,0.4913777,-0.473038,0.52783203,
772181326689821,3,0.49144182,-0.47301197,0.52785915,
772181347197634,3,0.49148405,-0.47299755,0.5278845,
772181370726687,3,0.49143216,-0.47289893,0.5279762,
772181389037233,3,0.4914433,-0.47290123,0.52800906,
772181407500367,3,0.49145475,-0.47290376,0.52802694,
772181430815798,3,0.49149755,-0.47293922,0.52800536,
772181446807009,3,0.49146247,-0.47289598,0.5280509,
772181467253787,3,0.49144047,-0.47285372,0.52807164,
772181490935427,3,0.4913959,-0.47282186,0.52813035,
772181506865602,3,0.4913423,-0.47274914,0.52817607,
772181527251344,3,0.4913702,-0.4727501,0.5281372,
772181555083376,3,0.49142182,-0.47280523,0.52809256,
772181569029911,3,0.49148753,-0.47286877,0.5280301,
772181587432009,3,0.49141642,-0.47282135,0.52811396,
772181610991578,3,0.49127707,-0.4726729,0.5282433,
772181626982789,3,0.4912255,-0.4725547,0.5282535,
772181647795778,3,0.4913285,-0.47262833,0.52813756,
772181671050174,3,0.4914402,-0.47269884,0.528006,
772181687041385,3,0.49140868,-0.47270957,0.52803534,
772181707457643,3,0.49135512,-0.47269595,0.5280924,
772181731108766,3,0.49135116,-0.47269696,0.52808636,
772181749266726,3,0.49143,-0.4727541,0.5279888,
772181767516237,3,0.49147552,-0.47280928,0.5279447,
772181791167362,3,0.4915158,-0.4728313,0.5278908,
772181807189090,3,0.4914216,-0.4727715,0.52799857,
772181827757936,3,0.4913645,-0.47271827,0.5280535,
772181851286989,3,0.49140763,-0.47272274,0.5279876,
772181867217165,3,0.4914585,-0.47281405,0.52796185,
772181887938601,3,0.49143213,-0.47280443,0.5279964,
772181911223513,3,0.49134538,-0.47272134,0.52808136,
772181929564576,3,0.49131665,-0.4726785,0.52810013,
772181947661500,3,0.4913937,-0.47272918,0.52801025,
772181971312624,3,0.49148074,-0.47278824,0.5279098,
772181987334353,3,0.49144062,-0.47276956,0.52796096,
772182007781131,3,0.4914375,-0.47276872,0.52796525,
772182031371217,3,0.49146584,-0.4727712,0.5279225,
772182047362427,3,0.49152014,-0.4728144,0.5278638,
772182067900758,3,0.4915288,-0.47282895,0.527859,
772182091399295,3,0.4915151,-0.47283545,0.5278841,
772182109557255,3,0.49152023,-0.47283006,0.5278978,
772182128172976,3,0.49154112,-0.47281358,0.52787286,
772182151457887,3,0.49153817,-0.4727965,0.5278794,
772182167479615,3,0.49151376,-0.47277454,0.52791286,
772182187926393,3,0.49152422,-0.472756,0.52789146,
772182211577518,3,0.49155974,-0.47279605,0.5278643,
772182227568728,3,0.49157554,-0.47278145,0.5278338,
772182247923951,3,0.49157992,-0.47278386,0.5278305,
772182276335817,3,0.49161047,-0.47279915,0.52779347,
772182289733035,3,0.49165112,-0.47280544,0.52773494,
772182308135134,3,0.49165097,-0.4727998,0.5277325,
772182331664187,3,0.49165612,-0.47281608,0.5277347,
772182347685915,3,0.49168044,-0.4728504,0.52771777,
772182368468386,3,0.49165365,-0.47287685,0.52777547,
772182391722781,3,0.491622,-0.4728777,0.52782553,
772182407744510,3,0.4915764,-0.47283882,0.5278734,
772182428130251,3,0.4915561,-0.47283486,0.5279027,
772182451720339,3,0.49160174,-0.47287047,0.52785295,
772182470061405,3,0.49170932,-0.47292724,0.5277194,
772182488188846,3,0.49177703,-0.4730063,0.52766114,
772182511809450,3,0.49174035,-0.47301802,0.5277253,
772182527831178,3,0.49149337,-0.4728107,0.5279862,
772182548400028,3,0.491391,-0.47268838,0.52807254,
772182571868045,3,0.49149546,-0.47274426,0.5279432,
772182587889772,3,0.4916464,-0.4728773,0.52778757,
772182608672244,3,0.491629,-0.47287557,0.5278137,
772182631926639,3,0.49152124,-0.47279954,0.52793616,
772182650084598,3,0.49145964,-0.4727737,0.5280167,
772182668364626,3,0.4914818,-0.47276855,0.527979,
772182692046267,3,0.49152276,-0.47277912,0.52792156,
772182708037478,3,0.49158022,-0.4728677,0.52788496,
772182728453738,3,0.491516,-0.4728027,0.52797467,
772182752074342,3,0.4914209,-0.47271073,0.52808785,
772182768065553,3,0.49144223,-0.472729,0.52807957,
772182788573368,3,0.49149254,-0.47278112,0.52804214,
772182812102420,3,0.49147642,-0.4728094,0.52809113,
772182830443483,3,0.49136212,-0.47271004,0.5282147,
772182848876101,3,0.49128127,-0.47263914,0.5283018,
772182872191531,3,0.4913093,-0.4726191,0.5282483,
772182888182742,3,0.4913723,-0.47267267,0.52818376,
772182908629518,3,0.49136427,-0.47267267,0.5281975,
772182932219607,3,0.49134448,-0.4726649,0.5282245,
772182948302371,3,0.49132052,-0.47263408,0.52824396,
772182968657596,3,0.49132505,-0.47262427,0.52823144,
772182992247682,3,0.49135253,-0.4726396,0.528198,
772183010436160,3,0.49136665,-0.4726852,0.52820355,
772183028838260,3,0.49133,-0.47267053,0.5282521,
772183052367312,3,0.49134564,-0.4726877,0.52823806,
772183068358522,3,0.49133465,-0.47268584,0.5282542,
772183089140994,3,0.49132958,-0.47270375,0.5282729,
772183112425906,3,0.49131933,-0.47271132,0.52829355,
772183128417117,3,0.49130404,-0.47271025,0.52831674,
772183148802858,3,0.4913074,-0.4727289,0.5282972,
772183172453982,3,0.49129504,-0.472731,0.52829987,
772183190764530,3,0.49132308,-0.4727399,0.528249,
772183208891971,3,0.4913175,-0.47274038,0.52824926,
772183232512575,3,0.49132368,-0.47277623,0.52825505,
772183248534304,3,0.49131536,-0.4727954,0.5282752,
772183269103153,3,0.49130443,-0.47280124,0.5283177,
772183292571170,3,0.49128455,-0.47278664,0.5283554,
772183308592897,3,0.49127674,-0.47273856,0.5283496,
772183329314334,3,0.49132448,-0.4727596,0.5282953,
772183352019412,3,0.49134582,-0.47278333,0.52828145,
772183370940311,3,0.4913354,-0.4728098,0.52831733,
772183389037233,3,0.49111414,-0.47299063,0.52811426,
772183412657839,3,0.49096197,-0.47312853,0.5279744,
772183428710086,3,0.49091893,-0.47327444,0.527807,
772183449156863,3,0.49080774,-0.47335568,0.52780384,
772183472716432,3,0.4907526,-0.47340125,0.5277593,
772183488768679,3,0.4905254,-0.47322944,0.5279,
772183509276493,3,0.49045813,-0.47319207,0.52790505,
772183532775027,3,0.49055675,-0.4732735,0.52774584,
772183550932985,3,0.49065396,-0.47337344,0.5276163,
772183569609744,3,0.49065077,-0.4734273,0.52762717,
772183592864139,3,0.4905967,-0.47341424,0.5276591,
772183608885867,3,0.49077293,-0.4731907,0.5278293,
772183629332643,3,0.49091813,-0.47308648,0.52794516,
772183652861697,3,0.49104786,-0.47306582,0.52801365,
772183668913944,3,0.49113992,-0.4730576,0.52803266,
772183689330203,3,0.49116248,-0.4730232,0.5280939,
772183712950807,3,0.49134806,-0.47278792,0.5283669,
772183731108767,3,0.49150568,-0.4725884,0.52849346,
772183749541385,3,0.49165437,-0.47252992,0.52857035,
772183773039920,3,0.49171376,-0.47245294,0.52867216,
772183789061647,3,0.4916307,-0.47228068,0.52886695,
772183809844119,3,0.4917612,-0.4722638,0.52877134,
772183833098514,3,0.49178454,-0.4722355,0.52880037,
772183849120242,3,0.491874,-0.47229505,0.5287541,
772183869475466,3,0.4918977,-0.4723208,0.52877283,
772183893126589,3,0.491812,-0.47224584,0.52888983,
772183911284549,3,0.49176785,-0.47219008,0.52894515,
772183929564578,3,0.49176058,-0.47216147,0.5289533,
772183953215700,3,0.49176136,-0.47215065,0.52895534,
772183969206912,3,0.4917418,-0.472147,0.5289903,
772183989806278,3,0.4917431,-0.47214028,0.5289891,
772184013304812,3,0.49174172,-0.472136,0.528992,
772184029296022,3,0.49177125,-0.4722048,0.5289892,
772184050017459,3,0.4917682,-0.47219375,0.528989,
772184073302371,3,0.49176884,-0.47219297,0.5289887,
772184091460330,3,0.49178883,-0.47220773,0.5289672,
772184109740358,3,0.49184102,-0.47224888,0.528911,
772184133360964,3,0.49184555,-0.47226077,0.52891135,
772184149413211,3,0.4918447,-0.47223705,0.52889884,
772184169859988,3,0.4918665,-0.47224745,0.5288713,
772184193450075,3,0.4919085,-0.47229105,0.528832,
772184209471804,3,0.49191138,-0.47230223,0.5288342,
772184229979618,3,0.49191192,-0.47231787,0.52884275,
772184253478152,3,0.4918869,-0.47230324,0.5288697,
772184271636110,3,0.4918867,-0.4722945,0.5288625,
772184290251834,3,0.49191853,-0.47230515,0.5288178,
772184313567264,3,0.4919764,-0.47235218,0.52878094,
772184329558475,3,0.4919409,-0.47236413,0.5288607,
772184350005251,3,0.49194732,-0.47236422,0.52886313,
772184373625857,3,0.49202037,-0.4724102,0.52878547,
772184389617069,3,0.49210837,-0.47251692,0.5287178,
772184410002811,3,0.4920782,-0.47250697,0.52876294,
772184433623415,3,0.49166274,-0.4725125,0.5287959,
772184451964480,3,0.4913898,-0.4725121,0.5287882,
772184470213993,3,0.4913584,-0.47262108,0.52859956,
772184493712527,3,0.49139306,-0.4727634,0.5284185,
772184509734255,3,0.49144036,-0.4729003,0.5283041,
772184530577761,3,0.49142894,-0.47294268,0.5282614,
772184553771121,3,0.49140722,-0.47295892,0.5282449,
772184569792850,3,0.49139503,-0.4729546,0.52821934,
772184590178591,3,0.491394,-0.4729624,0.52819616,
772184613799197,3,0.4913321,-0.4729024,0.52823615,
772184632140262,3,0.49132562,-0.47290194,0.52823156,
772184650267703,3,0.4913067,-0.47288164,0.5282389,
772184673918825,3,0.49132487,-0.47289428,0.52821106,
772184689910037,3,0.49134532,-0.47292054,0.5281899,
772184710478885,3,0.49130338,-0.47288495,0.5282305,
772184733946902,3,0.4912597,-0.47283307,0.5282652,
772184749968630,3,0.49127042,-0.47282478,0.5282419,
772184770720584,3,0.4913395,-0.4728622,0.52815557,
772184794005496,3,0.4913995,-0.47292063,0.5280962,
772184812163455,3,0.49141532,-0.47296003,0.52809435,
772184830443483,3,0.49134952,-0.4729219,0.5281736,
772184854094607,3,0.4913631,-0.47293743,0.5281614,
772184870085819,3,0.49146128,-0.47300592,0.52804923,
772184890532596,3,0.49148598,-0.4730257,0.5280225,
772184914153200,3,0.49146724,-0.47303858,0.5280591,
772184930205447,3,0.49143437,-0.47299692,0.5280854,
772184950652225,3,0.49140432,-0.4730137,0.5281171,
772184974181277,3,0.491396,-0.47305092,0.52813464,
772184992308718,3,0.49141198,-0.47308978,0.5281206,
772185010924441,3,0.4914456,-0.47309992,0.5280659,
772185034270389,3,0.49144346,-0.47309813,0.5280622,
772185050261600,3,0.49145016,-0.47311705,0.5280588,
772185070708376,3,0.49145177,-0.47312346,0.52805716,
772185094328982,3,0.4914089,-0.47308698,0.5281001,
772185110320194,3,0.49140096,-0.47307095,0.52810156,
772185130705936,3,0.49141005,-0.4730753,0.528089,
772185154357057,3,0.49142975,-0.47306368,0.5280509,
772185172667605,3,0.49144495,-0.4730519,0.5280199,
772185190886600,3,0.4914464,-0.47305498,0.52801913,
772185214415652,3,0.49144477,-0.47302446,0.52800345,
772185230406862,3,0.491524,-0.47302985,0.5278835,
772185251219851,3,0.49161384,-0.4730947,0.5277824,
772185274474246,3,0.491638,-0.47312745,0.52776414,
772185290465457,3,0.4915347,-0.47306943,0.52789,
772185310851198,3,0.4913848,-0.47292492,0.5280372,
772185334471804,3,0.4913333,-0.4728598,0.5280785,
772185352660282,3,0.4914324,-0.47292992,0.5279662,
772185370940311,3,0.4915287,-0.47302037,0.52787036,
772185394591432,3,0.49155125,-0.47308135,0.5278713,
772185410582644,3,0.49147916,-0.47301483,0.52794385,
772185431151493,3,0.4914846,-0.4729966,0.5279246,
772185454650027,3,0.49150428,-0.4729957,0.5278936,
772185470671755,3,0.4915376,-0.4730169,0.52785444,
772185491423709,3,0.49158037,-0.47306082,0.52781403,
772185514647586,3,0.4914891,-0.47299874,0.5279189,
772185532836063,3,0.49142584,-0.47293198,0.5279776,
772185551116091,3,0.49146724,-0.47292006,0.52790636,
772185574767214,3,0.49156302,-0.47299898,0.5278044,
772185590788944,3,0.49162325,-0.47306776,0.5277516,
772185611205202,3,0.49151057,-0.47297442,0.5278712,
772185634825807,3,0.49145982,-0.47288147,0.52789503,
772185650817019,3,0.49159846,-0.4729239,0.5277051,
772185671324832,3,0.49166027,-0.47298083,0.5276429,
772185694853884,3,0.49161434,-0.47299296,0.5277212,
772185713194948,3,0.49151856,-0.47292656,0.52783054,
772185731627566,3,0.4914915,-0.47289026,0.52785105,
772185754942996,3,0.49152812,-0.4729284,0.52781683,
772185770964724,3,0.4915684,-0.4729547,0.5277699,
772185791380983,3,0.4915644,-0.4729582,0.5277782,
772185815001589,3,0.49148762,-0.47291043,0.527869,
772185830992801,3,0.4914393,-0.4728517,0.52790916,
772185851378542,3,0.49147436,-0.47287452,0.5278684,
772185875029665,3,0.49148723,-0.47286865,0.5278449,
772185893340212,3,0.49143788,-0.4728425,0.527906,
772185911589725,3,0.49137154,-0.47278297,0.52797365,
772185935118776,3,0.4914055,-0.47280145,0.5279319,
772185951109987,3,0.49143657,-0.47281164,0.5278898,
772185971922976,3,0.4914333,-0.47284192,0.52791274,
772185995177371,3,0.49146256,-0.47284478,0.52786905,
772186011199099,3,0.49145734,-0.472846,0.52787393,
772186031584841,3,0.49151102,-0.47292793,0.52784306,
772186055235964,3,0.49150676,-0.47292235,0.52784646,
772186073546512,3,0.49150303,-0.47293597,0.5278602,
772186091673952,3,0.49150443,-0.47293544,0.5278577,
772186115355592,3,0.49146152,-0.4729082,0.5279082,
772186131316287,3,0.4915404,-0.47294235,0.52780604,
772186151885135,3,0.49160403,-0.47301316,0.5277492,
772186175383669,3,0.49161017,-0.47302684,0.52774775,
772186191344362,3,0.49146178,-0.47289953,0.5279026,
772186212096316,3,0.49133968,-0.47279263,0.52802885,
772186235381229,3,0.49129015,-0.47270256,0.5280523,
772186253691774,3,0.49140307,-0.4727924,0.5279303,
772186271819216,3,0.49145737,-0.47283736,0.52787274,
772186295470339,3,0.49143162,-0.47284138,0.527915,
772186311492069,3,0.49137524,-0.47279656,0.527976,
772186331908327,3,0.4915259,-0.47264224,0.52808136,
772186355528932,3,0.49145117,-0.47280753,0.5278647,
772186371520144,3,0.49150652,-0.4728584,0.5278089,
772186392058475,3,0.49149898,-0.47287932,0.527833,
772186415587526,3,0.49143377,-0.4728505,0.5279171,
772186433745485,3,0.4914419,-0.47281063,0.52788085,
772186452391726,3,0.49161738,-0.4727083,0.52803504,
772186475676639,3,0.49161738,-0.4727083,0.52803504,
772186491637331,3,0.4913742,-0.47283322,0.5279993,
772186512084108,3,0.49123996,-0.47271118,0.52813536,
772186535704714,3,0.4911774,-0.4726554,0.5281993,
772186551695926,3,0.4912596,-0.47269723,0.52809656,
772186572081667,3,0.49129307,-0.47271824,0.5280571,
772186595702272,3,0.49127108,-0.47273204,0.52809936,
772186614043337,3,0.4912468,-0.47274214,0.52814305,
772186632292850,3,0.4912563,-0.47274226,0.5281284,
772186655821901,3,0.49126226,-0.4727348,0.52811474,
772186671813112,3,0.49125263,-0.47273728,0.5281311,
772186692595584,3,0.49125054,-0.4727328,0.5281317,
772186715819461,3,0.49122342,-0.47270337,0.52815634,
772186731871706,3,0.49122247,-0.4726997,0.5281557,
772186752257448,3,0.49121454,-0.47270083,0.5281687,
772186775878054,3,0.49100238,-0.47289157,0.52798504,
772186794066532,3,0.49087936,-0.47301903,0.52783716,
772186812316042,3,0.49081472,-0.47313315,0.52771467,
772186836028199,3,0.49076608,-0.4732359,0.5276476,
772186851988893,3,0.4907205,-0.4732837,0.5276041,
772186872588259,3,0.49071294,-0.4733696,0.527567,
772186896086795,3,0.4906876,-0.4733875,0.52754706,
772186912078005,3,0.49066678,-0.47338566,0.5275293,
772186932799439,3,0.49066398,-0.47340727,0.52751213,
772186956084352,3,0.49060336,-0.47338358,0.5275682,
772186974455935,3,0.49058226,-0.47337642,0.5275799,
772186992522342,3,0.49056026,-0.47336525,0.52759564,
772187016203982,3,0.49052066,-0.47333097,0.52762854,
772187032195192,3,0.4904898,-0.47331545,0.52766144,
772187052641968,3,0.49049905,-0.4733207,0.5276462,
772187076262574,3,0.49057895,-0.4733689,0.5275479,
772187092223268,3,0.49064362,-0.47343078,0.52748233,
772187112731081,3,0.4905782,-0.47340328,0.52754134,
772187136229617,3,0.49040043,-0.47323954,0.52770174,
772187154601198,3,0.49049366,-0.47288617,0.52794933,
772187173033814,3,0.49072725,-0.47279805,0.52795565,
772187196349244,3,0.4909316,-0.47280777,0.527939,
772187212370974,3,0.49103844,-0.47280625,0.5279784,
772187232787234,3,0.49100623,-0.4726947,0.5281066,
772187256468874,3,0.49101508,-0.47263533,0.5281585,
772187272429567,3,0.4910992,-0.47262645,0.52809334,
772187292815308,3,0.4911485,-0.47262463,0.5280652,
772187316435914,3,0.4911401,-0.4725773,0.52808475,
772187334776979,3,0.49101204,-0.47247165,0.528245,
772187352995974,3,0.49093783,-0.4724077,0.52833915,
772187376555545,3,0.4909365,-0.47238693,0.52834076,
772187392546755,3,0.49099168,-0.47245267,0.5283025,
772187413481812,3,0.49095964,-0.4724249,0.5283416,
772187436583619,3,0.4908248,-0.47230446,0.5284834,
772187452574831,3,0.4907115,-0.47216243,0.52857757,
772187472960574,3,0.49076384,-0.47217235,0.5285042,
772187496581179,3,0.4908347,-0.47225252,0.5284433,
772187514769655,3,0.49087295,-0.4722942,0.52843475,
772187533049684,3,0.4908197,-0.47225925,0.5285149,
772187556700807,3,0.4905902,-0.47240525,0.5283572,
772187572722537,3,0.490516,-0.47255552,0.5281407,
772187593291384,3,0.49047485,-0.47269475,0.5279926,
772187616728883,3,0.49042898,-0.47278452,0.52791077,
772187632781129,3,0.4903965,-0.47284967,0.5278554,
772187653502565,3,0.49034262,-0.47286388,0.5278463,
772187676817995,3,0.4902909,-0.47287506,0.5278623,
772187695128543,3,0.49026018,-0.47289002,0.5278694,
772187713225466,3,0.4904568,-0.47273827,0.5280328,
772187736907105,3,0.49028894,-0.47298172,0.52782035,
772187752867799,3,0.49020657,-0.472955,0.5279154,
772187773314577,3,0.4901605,-0.4729288,0.5279595,
772187796935183,3,0.49016473,-0.47291413,0.52793574,
772187812926394,3,0.4902458,-0.47299734,0.52785367,
772187833495241,3,0.49024525,-0.47299793,0.52785075,
772187856963258,3,0.4902531,-0.47303805,0.5278361,
772187875304323,3,0.49042606,-0.47284237,0.5280868,
772187893736941,3,0.4905207,-0.47266358,0.52827793,
772187917021853,3,0.49059054,-0.47253662,0.5284048,
772187933043580,3,0.49068388,-0.47246417,0.5284341,
772187953490357,3,0.49076158,-0.4724431,0.52845305,
772187977141481,3,0.49079338,-0.47238743,0.528477,
772187993102175,3,0.49082437,-0.4723569,0.52848524,
772188013487918,3,0.49087885,-0.47236073,0.5284551,
772188037108522,3,0.49084958,-0.4723901,0.5285545,
772188055449585,3,0.4908536,-0.47238132,0.5285686,
772188073668580,3,0.49073318,-0.47227585,0.5287108,
772188097228151,3,0.49066958,-0.47220582,0.5287804,
772188113219363,3,0.49071553,-0.47215456,0.52868724,
772188134032351,3,0.49079663,-0.4722101,0.5286005,
772188157256227,3,0.49086514,-0.47229642,0.5285498,
772188173277955,3,0.49080232,-0.47230527,0.5286556,
772188193694216,3,0.49074572,-0.4722601,0.5287187,
772188217284304,3,0.49082717,-0.47229213,0.52861273,
772188235625368,3,0.490826,-0.47229177,0.5286154,
772188253722291,3,0.49083668,-0.47228327,0.5285945,
772188277403931,3,0.49083647,-0.47228155,0.52859426,
772188293364626,3,0.49080062,-0.47223392,0.528622,
772188313963992,3,0.4908447,-0.47225422,0.5285659,
772188337798220,3,0.49078584,-0.47223875,0.52864826,
772188353423221,3,0.49078467,-0.47223905,0.52865034,
772188374205690,3,0.4906809,-0.47213626,0.5287504,
772188397460084,3,0.49070698,-0.47213343,0.5287083,
772188415801149,3,0.49085033,-0.47224545,0.52855235,
772188433898074,3,0.4909256,-0.47232574,0.5284832,
772188457518678,3,0.49095163,-0.47235614,0.5284609,
772188473570924,3,0.4909704,-0.47235927,0.5284337,
772188494017702,3,0.49096912,-0.47235873,0.52843535,
772188517607791,3,0.49097478,-0.47237045,0.5284335,
772188533629518,3,0.49099094,-0.47239417,0.5284226,
772188554137330,3,0.49098045,-0.47239345,0.5284384,
772188577635866,3,0.49097246,-0.47240233,0.5284561,
772188595976931,3,0.4909612,-0.4724326,0.5284916,
772188614440065,3,0.49097827,-0.47245145,0.52847624,
772188637724977,3,0.49099144,-0.47245887,0.5284602,
772188653716189,3,0.4910534,-0.4724989,0.5283878,
772188674162967,3,0.49108428,-0.4725297,0.52835816,
772188697783571,3,0.4910898,-0.47253656,0.52835363,
772188713774782,3,0.49112508,-0.47256413,0.5283152,
772188734191042,3,0.49115387,-0.47258383,0.5282822,
772188757811648,3,0.49115607,-0.47259656,0.52828634,
772188776152711,3,0.49117336,-0.47259015,0.5282557,
772188794402223,3,0.49117795,-0.4726143,0.5282629,
772188817931276,3,0.49121162,-0.47264293,0.5282276,
772188833983523,3,0.49123818,-0.47265944,0.52819616,
772188854704958,3,0.4912075,-0.47265047,0.5282384,
772188877959352,3,0.49115226,-0.4726085,0.52829933,
772188893950564,3,0.49119848,-0.4726302,0.52824044,
772188914336307,3,0.49124613,-0.4726697,0.5281899,
772188937987428,3,0.4912842,-0.47271815,0.52815956,
772188956145387,3,0.4912379,-0.4727099,0.5282265,
772188974425417,3,0.4910546,-0.47254425,0.5284128,
772188998107058,3,0.49096897,-0.4724244,0.5284746,
772189014098268,3,0.49108413,-0.47247216,0.5283242,
772189034667116,3,0.49116164,-0.47254005,0.52824414,
772189058165651,3,0.49115983,-0.47261688,0.5282926,
772189074156863,3,0.49104047,-0.4725673,0.52844846,
772189094847780,3,0.49101096,-0.47253114,0.5284728,
772189118132692,3,0.4910643,-0.4725623,0.52840847,
772189136473757,3,0.49111933,-0.47262943,0.5283629,
772189154601199,3,0.4911279,-0.472658,0.5283665,
772189178313356,3,0.49103126,-0.47260168,0.52848315,
772189194274049,3,0.49089393,-0.4724996,0.5286358,
772189214720827,3,0.49091035,-0.4724867,0.52860266,
772189238402468,3,0.49099046,-0.47256133,0.52852255,
772189254363161,3,0.49100316,-0.4725815,0.5285148,
772189274870973,3,0.49070394,-0.4726836,0.5284279,
772189298491580,3,0.4904687,-0.47272566,0.52838945,
772189316557986,3,0.4904672,-0.47284943,0.52818954,
772189335234743,3,0.49049455,-0.47298145,0.5280322,
772189358428103,3,0.49048775,-0.47306883,0.52795917,
772189374419314,3,0.49044657,-0.47308752,0.5279394,
772189394866092,3,0.490412,-0.4731003,0.52793413,
772189418425661,3,0.49039233,-0.47311935,0.5279295,
772189434477907,3,0.4903793,-0.47312477,0.5279203,
772189454894167,3,0.4903894,-0.4731707,0.52790916,
772189478545291,3,0.49036255,-0.47318286,0.5279422,
772189496916872,3,0.4903748,-0.47319016,0.5279163,
772189515135866,3,0.49041396,-0.47322333,0.5278673,
772189538664920,3,0.49041647,-0.4732635,0.5278819,
772189554656131,3,0.49038163,-0.47323525,0.5279154,
772189580565553,3,0.49037898,-0.4732171,0.527906,
772189598662478,3,0.49043617,-0.47326937,0.5278464,
772189614653689,3,0.4904782,-0.47331557,0.52780724,
772189635069949,3,0.4904758,-0.47331616,0.5278104,
772189658690553,3,0.49043378,-0.4733105,0.5278717,
772189677031617,3,0.49034452,-0.47325674,0.527978,
772189695128542,3,0.49028242,-0.4732416,0.52806526,
772189718779666,3,0.4902369,-0.47322747,0.5281274,
772189734801393,3,0.4901497,-0.47317308,0.52820593,
772189755339723,3,0.4901426,-0.47317743,0.5282023,
772189778838260,3,0.49009162,-0.47314778,0.5282518,
772189794859988,3,0.49002436,-0.47312328,0.5283333,
772189815550905,3,0.49002573,-0.473127,0.52832747,
772189838835818,3,0.4900245,-0.47312602,0.52832466,
772189857176882,3,0.49014276,-0.4732507,0.5282122,
772189875273807,3,0.4901414,-0.47325054,0.52821225,
772189898955446,3,0.49011955,-0.47324365,0.5282407,
772189914946657,3,0.48991743,-0.47307408,0.5284528,
772189935393435,3,0.4898397,-0.47298887,0.5285222,
772189958983523,3,0.4898922,-0.47301233,0.528454,
772189975005251,3,0.48998773,-0.4730708,0.5283401,
772189995513063,3,0.490028,-0.47311616,0.5283043,
772190019011600,3,0.48999208,-0.47309786,0.52834904,
772190037352664,3,0.4898916,-0.47303423,0.5284672,
772190055815797,3,0.48988992,-0.47302657,0.52846515,
772190079131228,3,0.48995996,-0.47309175,0.5283951,
772190095122439,3,0.48998883,-0.47313693,0.52837706,
772190115538699,3,0.48996624,-0.47312695,0.5284062,
772190139128786,3,0.48989934,-0.47304463,0.52846116,
772190155150514,3,0.48989207,-0.47298265,0.5284355,
772190175566775,3,0.48996544,-0.47303236,0.52835107,
772190199217898,3,0.49002963,-0.47311226,0.52829885,
772190217528444,3,0.48991245,-0.4730082,0.528419,
772190235747438,3,0.4898482,-0.4729244,0.5284689,
772190259307010,3,0.4898975,-0.47293273,0.52839726,
772190275298221,3,0.48997256,-0.47297782,0.52830756,
772190296111208,3,0.48997325,-0.47297087,0.5283023,
772190319335085,3,0.4899352,-0.47293502,0.52834004,
772190335356814,3,0.48998287,-0.47297353,0.52828896,
772190355742557,3,0.49000216,-0.47299933,0.52827436,
772190379363161,3,0.49002102,-0.4730296,0.5282631,
772190397704225,3,0.48997656,-0.47300532,0.5283212,
772190415801150,3,0.48995146,-0.47299862,0.52835876,
772190439421756,3,0.48995078,-0.47299612,0.52836007,
772190455412965,3,0.4899248,-0.4729916,0.5283991,
772190476012330,3,0.48990455,-0.47298855,0.5284297,
772190499510867,3,0.48990357,-0.47299534,0.528436,
772190515502078,3,0.4899384,-0.47300336,0.52838683,
772190536223512,3,0.48995352,-0.47301102,0.5283682,
772190559538943,3,0.48998547,-0.4730397,0.5283358,
772190577849489,3,0.48999804,-0.47303322,0.52831244,
772190595946414,3,0.49002334,-0.4730455,0.52828044,
772190619628053,3,0.4900639,-0.47307512,0.528235,
772190635588747,3,0.4900577,-0.47308806,0.52825254,
772190656035525,3,0.49000698,-0.47305083,0.52830935,
772190679656131,3,0.4899958,-0.47301325,0.52830416,
772190695647340,3,0.4900746,-0.47306585,0.52821285,
772190716155153,3,0.49009803,-0.47310537,0.52820015,
772190739684207,3,0.49010324,-0.47312057,0.52820116,
772190758025271,3,0.490081,-0.47309947,0.52822316,
772190776457887,3,0.49006668,-0.4731007,0.5282463,
772190799773318,3,0.49006963,-0.47309613,0.5282389,
772190815764528,3,0.490125,-0.4731149,0.5281638,
772190836211307,3,0.49015924,-0.4731452,0.5281286,
772190859862428,3,0.49039957,-0.4729989,0.5283116,
772190875884157,3,0.49050188,-0.47282758,0.52850103,
772190896239382,3,0.49045828,-0.47260287,0.5287504,
772190919798953,3,0.49043345,-0.47245657,0.5289227,
772190938048463,3,0.49054372,-0.4724295,0.5288893,
772190956450563,3,0.49063468,-0.47246596,0.5288777,
772190979979617,3,0.4906378,-0.47245458,0.52894187,
772190995970828,3,0.4905667,-0.4723835,0.5290633,
772191016753297,3,0.49052417,-0.4723367,0.5291388,
772191040007693,3,0.49057215,-0.47239652,0.5291258,
772191056029421,3,0.49059796,-0.47242764,0.52909726,
772191076445682,3,0.490562,-0.47241023,0.5291381,
772191099974733,3,0.49049342,-0.47235847,0.5292106,
772191118376833,3,0.4904796,-0.47232363,0.5292089,
772191136504275,3,0.49052286,-0.47235838,0.5291606,
772191160124881,3,0.49051866,-0.47235516,0.5291641,
772191176146608,3,0.49043795,-0.472271,0.5292387,
772191196715455,3,0.4903252,-0.47215286,0.52934307,
772191220183475,3,0.4903975,-0.47217253,0.52924174,
772191236205203,3,0.49068004,-0.47238687,0.52892953,
772191257018190,3,0.49067748,-0.4723849,0.52893215,
772191280242068,3,0.4906705,-0.47239253,0.5289474,
772191298613650,3,0.4906692,-0.47236103,0.5289306,
772191316649539,3,0.49066612,-0.4723495,0.5289284,
772191340331178,3,0.490656,-0.47234356,0.52894056,
772191358824831,3,0.49067992,-0.47236618,0.5289168,
772191376769167,3,0.49076068,-0.4724011,0.5288119,
772191400389773,3,0.49076772,-0.47239414,0.52882344,
772191416380983,3,0.49075374,-0.47240642,0.52887136,
772191436888795,3,0.4907241,-0.47238198,0.52891606,
772191460417850,3,0.49071643,-0.47237986,0.528936,
772191478789431,3,0.49071756,-0.47237736,0.5289392,
772191497191530,3,0.49076253,-0.47240862,0.5288923,
772191520476443,3,0.49076262,-0.47242504,0.5289052,
772191536498171,3,0.49082404,-0.47245914,0.5288321,
772191556944949,3,0.49085826,-0.4724866,0.52879673,
772191580565553,3,0.49089256,-0.4725084,0.5287574,
772191596556764,3,0.49089718,-0.47251534,0.52875507,
772191616942507,3,0.49085745,-0.47251055,0.52881473,
772191640563113,3,0.49082464,-0.4724923,0.5288553,
772191658721071,3,0.49077547,-0.4724731,0.52892077,
772191677123170,3,0.4907594,-0.4724883,0.5289551,
772191700591189,3,0.4907221,-0.4724737,0.5290047,
772191716643435,3,0.49074027,-0.4724621,0.52896947,
772191737456422,3,0.4907526,-0.47248578,0.5289645,
772191760680300,3,0.490752,-0.47247893,0.5289613,
772191776702028,3,0.4905822,-0.47265813,0.52872294,
772191797118289,3,0.4904995,-0.47282562,0.52852476,
772191820830446,3,0.49032885,-0.47288483,0.52852714,
772191838896853,3,0.4902605,-0.4729493,0.5284627,
772191857176882,3,0.4900908,-0.47290498,0.5285541,
772191880828006,3,0.48999208,-0.47286612,0.5285819,
772191896849733,3,0.49009496,-0.47294483,0.5284217,
772191917418580,3,0.49015924,-0.47299808,0.5283204,
772191940856082,3,0.48998928,-0.4732349,0.52808386,
772191956877810,3,0.48983902,-0.47337985,0.52795416,
772191977629762,3,0.48975047,-0.47347453,0.52783304,
772192000945193,3,0.48970732,-0.47356072,0.5277307,
772192019072635,3,0.48969823,-0.4736355,0.52763486,
772192037352664,3,0.4896412,-0.47367027,0.5276363,
772192061064821,3,0.48953897,-0.473632,0.5276967,
772192077025514,3,0.48950005,-0.4735996,0.52768457,
772192097472292,3,0.48952016,-0.473653,0.52764815,
772192121123416,3,0.4895237,-0.4736752,0.52763,
772192137084108,3,0.48939967,-0.47356448,0.5277384,
772192157591920,3,0.48933828,-0.4735097,0.52778834,
772192181090457,3,0.48943487,-0.4735521,0.52765405,
772192199431521,3,0.48956206,-0.47366256,0.52751595,
772192217925172,3,0.48956925,-0.4736936,0.5275192,
772192241179568,3,0.4894953,-0.47364116,0.5275999,
772192257201296,3,0.4894255,-0.47354138,0.5276463,
772192277648074,3,0.48947188,-0.47358754,0.5275773,
772192301268678,3,0.48971,-0.47343987,0.5277599,
772192317290407,3,0.4898293,-0.47330752,0.5279436,
772192337645632,3,0.48989588,-0.4731989,0.5280887,
772192361296756,3,0.48988393,-0.47307825,0.52825457,
772192379424196,3,0.48995852,-0.47308195,0.5282943,
772192397826295,3,0.4899999,-0.47313228,0.52836764,
772192421385867,3,0.48992106,-0.47319913,0.5285813,
772192437346560,3,0.4897646,-0.47321787,0.5288717,
772192458159547,3,0.48967037,-0.47317016,0.52901006,
772192481474978,3,0.4895341,-0.47299874,0.529134,
772192497435671,3,0.4896076,-0.47318456,0.5291398,
772192517821414,3,0.4896149,-0.47317058,0.5291269,
772192541411500,3,0.48947275,-0.47311184,0.5293176,
772192559783083,3,0.4892699,-0.4730009,0.5295703,
772192577880007,3,0.489261,-0.4729981,0.5295847,
772192601531131,3,0.48914257,-0.47303602,0.52979267,
772192617552858,3,0.4888535,-0.4730206,0.53023356,
772192638121705,3,0.48859522,-0.47282186,0.5305182,
772192661559207,3,0.48825985,-0.4725181,0.53086,
772192677550418,3,0.48787174,-0.4721332,0.5312352,
772192698393922,3,0.4875281,-0.47171637,0.5315215,
772192721587282,3,0.4875276,-0.47171512,0.5315219,
772192739745242,3,0.48751405,-0.47164184,0.5314989,
772192758055789,3,0.48757055,-0.4716193,0.5314226,
772192781706911,3,0.48765066,-0.4716073,0.5313082,
772192797667604,3,0.48769394,-0.47161648,0.5312586,
772192818144900,3,0.48767552,-0.47158188,0.53127515,
772192841734988,3,0.48762348,-0.47152779,0.5313298,
772192857726198,3,0.48761812,-0.47147188,0.5313087,
772192878234010,3,0.48769578,-0.47147325,0.5311913,
772192901763064,3,0.48778227,-0.47147638,0.5310603,
772192920073611,3,0.4878816,-0.47153842,0.5309442,
772192938536745,3,0.4878507,-0.47150388,0.5309726,
772192961821657,3,0.48779732,-0.47143176,0.5310131,
772192977843386,3,0.48783195,-0.47136852,0.5309212,
772192998320682,3,0.48800865,-0.4713891,0.5306583,
772193021910768,3,0.48796442,-0.47131014,0.5306797,
772193037901979,3,0.48796925,-0.4712887,0.5306593,
772193058348758,3,0.48808464,-0.4713007,0.53048664,
772193081938845,3,0.48826385,-0.4713791,0.53025466,
772193100279909,3,0.48826286,-0.47137666,0.5302548,
772193118498904,3,0.48834825,-0.47140437,0.53013843,
772193142058475,3,0.48832148,-0.47134778,0.5301459,
772193158049685,3,0.48827696,-0.47128594,0.5301779,
772193178862672,3,0.4883057,-0.4713312,0.5301605,
772193202086550,3,0.4883645,-0.4713944,0.5301071,
772193218108278,3,0.48831746,-0.47131968,0.53013515,
772193238494021,3,0.48829794,-0.47126004,0.53012943,
772193262114625,3,0.48833072,-0.47126016,0.53007835,
772193280455691,3,0.48841974,-0.4713336,0.52998406,
772193298522098,3,0.48847598,-0.47137105,0.5299191,
772193322203738,3,0.48846576,-0.47134948,0.5299219,
772193338194948,3,0.48848367,-0.47131854,0.52987516,
772193358763796,3,0.48849848,-0.47131693,0.5298511,
772193382231814,3,0.48849326,-0.47129667,0.5298469,
772193398314578,3,0.48846918,-0.47120354,0.5298279,
772193418974977,3,0.48847124,-0.47120532,0.5298261,
772193442259890,3,0.48852843,-0.47125947,0.5297695,
772193460631473,3,0.48853827,-0.47128695,0.5297708,
772193478728396,3,0.48852223,-0.47127497,0.52978855,
772193502410036,3,0.48843762,-0.47115254,0.5298461,
772193518401247,3,0.48842174,-0.4711311,0.5298578,
772193538786990,3,0.48842472,-0.4711316,0.52985346,
772193562407595,3,0.48852068,-0.47115225,0.5297163,
772193578398805,3,0.48860747,-0.471228,0.529627,
772193598906619,3,0.48849663,-0.47109464,0.5296915,
772193622435672,3,0.48779494,-0.4702165,0.5302305,
772193640776736,3,0.48380747,-0.4656328,0.5335831,
772193659209352,3,0.48381528,-0.4656463,0.5335702,
772193682585818,3,0.48284957,-0.46469727,0.53447115,
772193698515994,3,0.48362526,-0.4655968,0.5338033,
772193718962771,3,0.48525664,-0.4673205,0.53232056,
