772158888701540,2,-39.013,-4.937,-116.67,
772158905821900,2,-39.013,-4.937,-116.67,
772158923918825,2,-39.013,-4.937,-116.67,
772158946532351,2,-39.013,-4.937,-116.67,
772158965849978,2,-39.013,-4.937,-116.67,
772158984007937,2,-39.013,-4.937,-116.67,
772159006651979,2,-39.013,-4.937,-116.67,
772159025847535,2,-39.013,-4.937,-116.67,
772159044097048,2,-39.013,-4.937,-116.67,
772159069274051,2,-39.013,-4.937,-116.67,
772159086058718,2,-39.013,-4.937,-116.67,
772159104125123,2,-39.013,-4.937,-116.67,
772159126708131,2,-39.013,-4.937,-116.67,
772159146056276,2,-39.013,-4.937,-116.67,
772159164183718,2,-39.013,-4.937,-116.67,
772159186705691,2,-39.013,-4.937,-116.67,
772159206084352,2,-39.013,-4.937,-116.67,
772159224242310,2,-39.013,-4.632,-116.67,
772159249205691,2,-39.013,-4.632,-116.67,
772159266173464,2,-39.013,-4.632,-116.67,
772159284300906,2,-39.013,-4.632,-116.67,
772159307219607,2,-39.013,-4.632,-116.67,
772159326201539,2,-39.013,-4.632,-116.67,
772159344359498,2,-39.013,-4.632,-116.67,
772159366881472,2,-39.013,-4.632,-116.67,
772159386199099,2,-39.013,-4.632,-116.67,
772159404448611,2,-39.318,-4.632,-116.67,
772159429228883,2,-39.318,-4.632,-116.67,
772159446318726,2,-39.318,-4.632,-116.67,
772159464446169,2,-39.318,-4.632,-116.67,
772159487181765,2,-39.318,-4.632,-116.67,
772159506377322,2,-39.318,-4.632,-116.67,
772159524504763,2,-39.318,-4.632,-116.67,
772159547453980,2,-39.318,-4.632,-116.67,
772159566405397,2,-39.318,-4.632,-116.67,
772159584563357,2,-39.318,-4.632,-116.67,
772159609252079,2,-39.318,-4.632,-116.67,
772159626463992,2,-39.318,-4.632,-116.67,
772159644652467,2,-39.318,-4.632,-116.67,
772159667235475,2,-39.318,-4.632,-116.67,
772159686583620,2,-38.983,-4.632,-116.67,
772159704680545,2,-38.983,-4.632,-116.67,
772159727324587,2,-38.983,-4.936,-116.67,
772159746550660,2,-38.983,-4.936,-116.67,
772159764739137,2,-38.983,-4.936,-116.67,
772159789946658,2,-38.983,-4.936,-116.67,
772159806670290,2,-38.983,-4.936,-116.67,
772159824797733,2,-38.667,-4.936,-116.67,
772159847411257,2,-38.667,-4.936,-116.67,
772159866728882,2,-38.667,-4.936,-116.67,
772159884856325,2,-38.667,-4.936,-116.67,
772159907408816,2,-38.667,-4.936,-116.67,
772159926787478,2,-38.667,-4.936,-116.67,
772159945067508,2,-38.667,-4.936,-116.67,
772159969908815,2,-38.667,-4.936,-116.67,
772159986876588,2,-38.667,-4.936,-116.67,
772160004912478,2,-38.667,-4.936,-116.67,
772160027831179,2,-38.667,-4.936,-116.67,
772160046843630,2,-38.667,-4.936,-116.67,
772160065001588,2,-38.667,-4.936,-116.67,
772160087554078,2,-38.667,-4.936,-116.67,
772160106902223,2,-38.667,-4.936,-116.67,
772160125060183,2,-38.667,-4.936,-116.67,
772160149901492,2,-38.667,-4.936,-116.67,
772160167021852,2,-38.667,-4.936,-116.67,
772160185149293,2,-38.667,-4.936,-116.67,
772160207915407,2,-38.667,-4.936,-116.67,
772160227110964,2,-38.667,-4.936,-116.67,
772160245207889,2,-38.667,-4.936,-116.67,
772160268065554,2,-38.667,-4.936,-116.67,
772160287078004,2,-38.667,-4.936,-116.67,
772160305327516,2,-38.667,-4.936,-116.67,
772160329985720,2,-38.667,-4.936,-116.984,
772160347258670,2,-38.667,-4.936,-116.984,
772160365355593,2,-38.667,-4.936,-116.984,
772160387969117,2,-38.667,-4.936,-116.984,
772160407225709,2,-38.667,-4.936,-116.984,
772160425353151,2,-38.667,-4.936,-116.984,
772160447997195,2,-38.667,-4.626,-116.984,
772160467223270,2,-38.667,-4.626,-116.984,
772160485411745,2,-38.667,-4.626,-116.984,
772160510436159,2,-38.667,-4.626,-116.984,
772160527312379,2,-38.667,-4.626,-116.984,
772160545439822,2,-38.967,-4.626,-116.984,
772160568022830,2,-38.967,-4.626,-116.984,
772160587370974,2,-38.967,-4.626,-116.984,
772160605498415,2,-38.967,-4.626,-116.984,
772160628050904,2,-38.967,-4.626,-116.984,
772160647429567,2,-38.967,-4.626,-116.984,
772160665618045,2,-38.967,-4.626,-116.984,
772160690428835,2,-38.967,-4.626,-116.984,
772160707549195,2,-38.967,-4.626,-116.984,
772160725676637,2,-38.967,-4.626,-116.984,
772160748595339,2,-38.967,-4.626,-116.984,
772160767607790,2,-38.967,-4.626,-116.984,
772160785735233,2,-38.967,-4.626,-116.984,
772160808379274,2,-38.967,-4.626,-116.984,
772160827605347,2,-38.967,-4.626,-116.984,
772160845732790,2,-38.967,-4.626,-116.984,
772160870635135,2,-38.967,-4.626,-116.984,
772160887663943,2,-38.967,-4.626,-116.984,
772160905791384,2,-38.967,-4.626,-116.984,
772160928526979,2,-38.967,-4.626,-116.984,
772160947722535,2,-38.967,-4.626,-116.984,
772160965880495,2,-38.967,-4.626,-116.984,
772160988738163,2,-38.967,-4.626,-116.984,
772161007750613,2,-38.967,-4.626,-116.984,
772161025908571,2,-38.967,-4.626,-116.984,
772161050597292,2,-38.967,-4.626,-116.984,
772161067870241,2,-38.967,-4.626,-116.984,
772161085997683,2,-38.967,-4.626,-116.984,
772161108580691,2,-38.967,-4.626,-117.286,
772161127898317,2,-38.967,-4.626,-117.286,
772161146025758,2,-38.967,-4.626,-117.286,
772161168669802,2,-38.967,-4.626,-117.286,
772161187926394,2,-38.967,-4.626,-117.286,
772161206084354,2,-38.967,-4.626,-117.286,
772161231078249,2,-38.967,-4.939,-117.286,
772161248015504,2,-38.967,-4.939,-117.286,
772161266142946,2,-38.967,-4.939,-117.286,
772161288725955,2,-38.967,-4.939,-117.286,
772161308074099,2,-38.967,-4.939,-117.286,
772161326201540,2,-38.967,-4.939,-117.286,
772161348754029,2,-38.967,-4.939,-117.286,
772161368102174,2,-38.967,-4.939,-117.286,
772161386260134,2,-38.967,-4.939,-117.286,
772161411101444,2,-38.967,-4.939,-117.286,
772161428252322,2,-38.967,-4.939,-117.286,
772161446349245,2,-38.967,-4.939,-117.286,
772161469298463,2,-38.967,-4.939,-117.286,
772161488341433,2,-38.967,-4.939,-117.286,
772161506407839,2,-38.967,-4.939,-117.286,
772161528929813,2,-38.967,-4.939,-117.286,
772161548400027,2,-38.967,-4.939,-117.286,
772161566466432,2,-38.967,-4.939,-117.286,
772161591307741,2,-38.967,-4.939,-117.286,
772161608428103,2,-38.967,-4.939,-117.286,
772161626525027,2,-38.967,-4.939,-117.286,
772161649230105,2,-38.967,-4.939,-117.286,
772161668456178,2,-38.967,-4.939,-117.286,
772161686583619,2,-38.967,-4.939,-117.286,
772161709441287,2,-38.967,-4.939,-117.286,
772161728453739,2,-38.967,-4.939,-117.286,
772161746611698,2,-38.967,-4.939,-117.286,
772161771269899,2,-38.967,-4.939,-117.286,
772161788542848,2,-38.967,-4.939,-117.286,
772161806670290,2,-38.967,-4.939,-117.286,
772161829253299,2,-38.967,-4.939,-117.286,
772161848570927,2,-38.967,-4.939,-117.286,
772161866789920,2,-38.967,-4.939,-117.286,
772161889372926,2,-38.967,-4.939,-117.286,
772161908599001,2,-38.967,-4.939,-117.286,
772161926756960,2,-38.967,-4.939,-117.286,
772161951811893,2,-38.967,-4.939,-117.286,
772161968688113,2,-38.967,-4.939,-117.286,
772161986815553,2,-38.967,-4.939,-117.286,
772162009429080,2,-38.967,-4.939,-117.286,
772162028777225,2,-38.967,-4.939,-117.286,
772162046874148,2,-38.967,-4.939,-117.286,
772162069457155,2,-38.967,-4.939,-117.286,
772162088744266,2,-38.967,-4.939,-117.286,
772162106963260,2,-38.967,-4.939,-117.286,
772162131774050,2,-38.967,-4.939,-117.286,
772162148863894,2,-38.967,-4.939,-117.286,
772162166991335,2,-38.967,-4.939,-117.286,
772162189940555,2,-38.967,-4.939,-117.601,
772162208922488,2,-38.967,-4.939,-117.601,
772162227049928,2,-38.967,-4.939,-117.601,
772162249602420,2,-38.967,-4.939,-117.601,
772162268981083,2,-38.967,-4.939,-117.601,
772162287108523,2,-38.967,-4.939,-117.601,
772162311766726,2,-38.967,-4.939,-117.601,
772162329070193,2,-38.967,-4.939,-117.601,
772162347167117,2,-38.967,-4.939,-117.601,
772162369902712,2,-38.967,-4.939,-117.601,
772162389128786,2,-38.967,-4.939,-117.601,
772162407225710,2,-38.967,-4.939,-117.601,
772162430174930,2,-38.967,-4.939,-117.601,
772162449126345,2,-38.967,-4.939,-117.601,
772162467314821,2,-38.967,-4.939,-117.601,
772162492125613,2,-38.967,-4.939,-117.601,
772162509215458,2,-38.967,-4.939,-117.601,
772162527342898,2,-38.967,-4.939,-117.601,
772162549956423,2,-38.967,-4.939,-117.601,
772162569304568,2,-38.967,-4.939,-117.601,
772162587432010,2,-38.967,-4.939,-117.601,
772162610106570,2,-38.967,-4.939,-117.601,
772162629302126,2,-38.967,-4.939,-117.601,
772162647490603,2,-38.967,-4.939,-117.601,
772162672484500,2,-38.967,-4.939,-117.601,
772162689421755,2,-38.967,-4.939,-117.295,
772162707518678,2,-38.967,-4.939,-117.295,
772162730132205,2,-38.967,-4.939,-117.295,
772162749480350,2,-38.967,-4.939,-117.295,
772162767577273,2,-38.967,-4.939,-117.295,
772162790129763,2,-38.967,-4.939,-117.295,
772162809477908,2,-38.967,-4.939,-117.295,
772162827635867,2,-38.967,-4.939,-117.295,
772162852629763,2,-38.967,-4.939,-117.295,
772162869567019,2,-38.967,-4.939,-117.295,
772162887724978,2,-38.967,-4.939,-117.295,
772162910643680,2,-38.967,-4.939,-117.295,
772162929625613,2,-38.967,-4.939,-117.295,
772162947753053,2,-38.967,-4.939,-117.295,
772162970275027,2,-38.967,-4.939,-117.295,
772162989653690,2,-38.967,-4.939,-117.295,
772163007811648,2,-38.967,-4.939,-117.295,
772163032652956,2,-38.967,-4.939,-117.295,
772163049742801,2,-38.967,-4.939,-117.295,
772163067870242,2,-38.967,-4.939,-117.295,
772163090575320,2,-38.967,-4.939,-117.295,
772163109801394,2,-38.967,-4.939,-117.295,
772163127928835,2,-38.967,-4.939,-117.295,
772163150817020,2,-38.967,-4.939,-117.295,
772163169829470,2,-38.967,-4.939,-117.295,
772163187987428,2,-38.967,-4.939,-117.295,
772163212645633,2,-38.967,-4.939,-117.295,
772163229888065,2,-38.967,-4.939,-117.295,
772163248046023,2,-38.967,-4.939,-117.295,
772163270598513,2,-39.314,-4.939,-117.295,
772163289946658,2,-39.314,-4.939,-117.599,
772163308104617,2,-39.314,-4.939,-117.599,
772163330748659,2,-39.314,-4.939,-117.599,
772163350005251,2,-39.314,-4.939,-117.599,
772163368163210,2,-39.314,-4.939,-117.599,
772163393218143,2,-39.314,-4.939,-117.599,
772163410094363,2,-39.314,-4.939,-117.599,
772163428221803,2,-39.314,-4.939,-117.599,
772163450804812,2,-39.314,-4.939,-117.599,
772163470152958,2,-39.314,-4.939,-117.599,
772163488280398,2,-39.314,-4.939,-117.599,
772163510832888,2,-39.314,-4.939,-117.599,
772163530181033,2,-39.314,-4.939,-117.599,
772163548338993,2,-39.314,-4.939,-117.599,
772163573302370,2,-39.314,-4.939,-117.599,
772163590270144,2,-39.314,-4.637,-117.247,
772163609099490,2,-39.314,-4.637,-117.247,
772163630248173,2,-39.314,-4.637,-117.247,
772163653746706,2,-39.314,-4.637,-117.247,
772163669768435,2,-39.314,-4.637,-117.247,
772163690184695,2,-39.314,-4.637,-116.893,
772163713835819,2,-39.314,-4.637,-116.893,
772163732146365,2,-39.314,-4.637,-116.893,
772163750243288,2,-39.314,-4.637,-116.893,
772163773894412,2,-39.314,-4.637,-116.893,
772163789916141,2,-39.314,-4.637,-116.893,
772163810454470,2,-39.314,-4.637,-116.893,
772163833983522,2,-39.314,-4.637,-116.893,
772163849974734,2,-39.314,-4.637,-116.893,
772163870696171,2,-39.314,-4.637,-116.893,
772163894011599,2,-39.314,-4.637,-116.893,
772163912322146,2,-39.314,-4.637,-116.893,
772163930419070,2,-39.314,-4.637,-116.893,
772163954100711,2,-39.314,-4.637,-116.893,
772163970061404,2,-39.314,-4.637,-117.245,
772163990508181,2,-39.314,-4.94,-117.245,
772164014159304,2,-39.314,-4.94,-117.245,
772164030119999,2,-39.314,-4.94,-117.608,
772164050658328,2,-39.314,-4.94,-117.608,
772164074126345,2,-39.314,-4.94,-117.608,
772164092314822,2,-39.314,-5.256,-117.608,
772164110961063,2,-39.314,-5.256,-117.608,
772164134245974,2,-39.314,-5.256,-117.608,
772164150267702,2,-39.314,-5.256,-117.608,
772164170683963,2,-39.314,-5.256,-117.918,
772164194335086,2,-39.314,-5.256,-117.918,
772164210295779,2,-39.314,-5.256,-117.918,
772164230681521,2,-39.314,-5.256,-117.918,
772164254302127,2,-39.314,-5.256,-117.918,
772164272673710,2,-39.314,-5.256,-117.918,
772164290892703,2,-39.314,-5.256,-117.918,
772164314421755,2,-39.314,-5.256,-117.918,
772164330443484,2,-39.314,-5.256,-117.918,
772164351225956,2,-39.314,-5.256,-117.918,
772164374480349,2,-39.314,-5.256,-117.918,
772164390471560,2,-39.314,-5.256,-117.918,
772164410857303,2,-39.314,-5.256,-117.918,
772164434508426,2,-39.314,-5.256,-117.918,
772164452849490,2,-39.314,-5.256,-117.918,
772164470946413,2,-39.314,-4.91,-117.918,
772164493956668,2,-39.314,-4.91,-117.57,
772164510588749,2,-39.314,-4.91,-117.57,
772164531157595,2,-39.314,-4.91,-117.57,
772164554625612,2,-39.314,-4.91,-117.57,
772164570647342,2,-39.314,-4.91,-117.57,
772164591399296,2,-39.314,-4.58,-117.57,
772164614684206,2,-39.314,-4.58,-117.57,
772164633025271,2,-39.314,-4.58,-117.251,
772164651122195,2,-39.314,-4.58,-117.251,
772164674803836,2,-39.314,-4.58,-117.251,
772164690795046,2,-39.314,-4.58,-117.251,
772164711241823,2,-39.314,-4.58,-117.251,
772164734862429,2,-39.314,-4.58,-117.251,
772164750823124,2,-39.314,-4.58,-117.251,
772164771361453,2,-39.314,-4.58,-117.251,
772164794859987,2,-39.314,-4.58,-117.251,
772164813201053,2,-39.314,-4.58,-117.251,
772164831633671,2,-39.314,-4.58,-117.251,
772164854979616,2,-39.009,-4.58,-117.251,
772164870940310,2,-39.009,-4.58,-117.251,
772164891387088,2,-39.009,-4.58,-117.251,
772164915038211,2,-39.009,-4.58,-117.251,
772164930998904,2,-39.009,-4.58,-117.251,
772164951384646,2,-39.009,-4.58,-117.251,
772164975035769,2,-39.009,-4.58,-117.251,
772164993163211,2,-39.009,-4.58,-117.251,
772165011595828,2,-39.009,-4.58,-117.251,
772165035155397,2,-39.009,-4.58,-117.251,
772165051116092,2,-39.009,-4.58,-117.251,
772165071898563,2,-39.009,-4.58,-117.251,
772165095213991,2,-39.009,-4.58,-117.251,
772165111174685,2,-39.009,-4.58,-117.251,
772165131590945,2,-39.009,-4.58,-117.251,
772165155211551,2,-39.009,-4.58,-117.251,
772165173552615,2,-39.009,-4.58,-117.251,
772165191649538,2,-39.009,-4.58,-117.251,
772165215300662,2,-39.009,-4.58,-117.251,
772165231291873,2,-39.009,-4.58,-117.251,
772165251860719,2,-39.009,-4.58,-117.251,
772165275359255,2,-39.009,-4.58,-117.251,
772165291350467,2,-39.009,-4.58,-117.251,
772165312132938,2,-39.009,-4.58,-117.251,
772165335387331,2,-39.009,-4.58,-117.251,
772165353697878,2,-39.009,-4.58,-117.251,
772165371825320,2,-39.009,-4.58,-117.251,
772165395476443,2,-39.009,-4.58,-117.251,
772165411467653,2,-39.009,-4.58,-117.251,
772165431914431,2,-39.009,-4.58,-117.251,
772165455535037,2,-39.009,-4.887,-117.251,
772165471526248,2,-39.009,-4.887,-117.251,
772165492034059,2,-39.009,-4.887,-117.251,
772165515563112,2,-39.009,-4.887,-117.251,
772165533873660,2,-39.009,-4.887,-117.564,
772165552367312,2,-39.009,-4.887,-117.564,
772165575682740,2,-39.009,-4.887,-117.564,
772165591643435,2,-39.009,-4.887,-117.564,
772165612059695,2,-39.009,-4.887,-117.564,
772165635710818,2,-39.009,-4.887,-117.564,
772165651671510,2,-39.009,-4.887,-117.564,
772165672057253,2,-39.009,-4.887,-117.564,
772165695738894,2,-39.009,-4.887,-117.564,
772165714018923,2,-39.009,-4.887,-117.564,
772165732268434,2,-39.009,-4.887,-117.564,
772165755828005,2,-39.009,-4.887,-117.564,
772165771819217,2,-39.009,-4.887,-117.564,
772165792601687,2,-39.009,-4.887,-117.564,
772165815917115,2,-39.009,-4.887,-117.564,
772165831877810,2,-39.009,-4.887,-117.564,
772165852263553,2,-39.009,-4.887,-117.564,
772165875914675,2,-39.009,-4.887,-117.564,
772165894194703,2,-39.009,-4.887,-117.564,
772165912322146,2,-39.009,-4.887,-117.564,
772165935973269,2,-39.009,-4.887,-117.564,
772165951964480,2,-39.009,-4.887,-117.564,
772165972533327,2,-39.009,-4.887,-117.564,
772165996092897,2,-39.009,-4.887,-117.564,
772166012023074,2,-39.009,-4.887,-117.564,
772166032775027,2,-39.009,-4.887,-117.564,
772166056090455,2,-39.009,-4.887,-117.564,
772166074401003,2,-39.009,-4.887,-117.564,
772166092497928,2,-39.009,-4.887,-117.564,
772166116149050,2,-39.009,-4.887,-117.564,
772166132140260,2,-39.009,-4.887,-117.564,
772166152587038,2,-39.009,-4.887,-117.564,
772166176238162,2,-39.009,-4.887,-117.564,
772166192229373,2,-39.009,-4.583,-117.257,
772166212737184,2,-39.009,-4.583,-117.257,
772166236266237,2,-39.009,-4.583,-117.257,
772166254576785,2,-39.009,-4.583,-117.257,
772166273070437,2,-39.009,-4.583,-117.257,
772166296324830,2,-39.009,-4.583,-117.257,
772166312316042,2,-39.009,-4.583,-117.257,
772166332762820,2,-39.009,-4.583,-117.257,
772166356413943,2,-39.009,-4.583,-117.257,
772166372374635,2,-39.009,-4.583,-117.257,
772166392760378,2,-39.009,-4.583,-117.257,
772166416411502,2,-39.009,-4.583,-117.257,
772166434722048,2,-39.009,-4.583,-117.257,
772166452971560,2,-39.009,-4.583,-117.257,
772166476500611,2,-39.009,-4.583,-117.257,
772166492491822,2,-39.009,-4.583,-117.257,
772166513274294,2,-39.009,-4.583,-117.257,
772166536589724,2,-39.009,-4.583,-117.257,
772166552550418,2,-39.009,-4.583,-117.257,
772166572936159,2,-39.009,-4.583,-117.257,
772166596587281,2,-39.009,-4.583,-117.257,
772166614897828,2,-39.009,-4.583,-117.257,
772166632994753,2,-39.009,-4.583,-117.257,
772166656737429,2,-39.009,-4.583,-117.257,
772166672667605,2,-39.009,-4.583,-117.257,
772166693236452,2,-39.009,-4.583,-117.257,
772166716734985,2,-39.009,-4.583,-117.257,
772166732726197,2,-39.009,-4.583,-117.257,
772166753447633,2,-39.009,-4.583,-117.257,
772166776763064,2,-39.009,-4.583,-117.257,
772166795073611,2,-39.009,-4.583,-117.257,
772166813201052,2,-39.009,-4.583,-117.257,
772166836852173,2,-39.009,-4.583,-117.257,
772166852843385,2,-39.009,-4.583,-117.257,
772166873290163,2,-39.009,-4.583,-117.257,
772166896910769,2,-39.009,-4.583,-117.257,
772166912901980,2,-39.009,-4.583,-117.257,
772166933409791,2,-39.009,-4.583,-117.257,
772166956938844,2,-39.009,-4.583,-117.257,
772166975249391,2,-39.009,-4.583,-117.257,
772166993712527,2,-39.009,-4.583,-117.257,
772167017027956,2,-39.009,-4.583,-117.257,
772167033019166,2,-39.009,-4.583,-117.257,
772167053465943,2,-39.009,-4.583,-117.257,
772167077056032,2,-39.009,-4.583,-117.257,
772167093077761,2,-39.009,-4.583,-117.257,
772167113463504,2,-39.009,-4.583,-117.257,
772167140196901,2,-39.009,-4.583,-117.257,
772167155425171,2,-39.009,-4.583,-117.257,
772167173644166,2,-39.009,-4.583,-117.257,
772167197203737,2,-39.009,-4.583,-117.257,
772167213194949,2,-39.009,-4.583,-117.257,
772167234007937,2,-39.009,-4.583,-117.257,
772167257262330,2,-39.009,-4.583,-117.257,
772167273253541,2,-39.009,-4.583,-117.257,
772167293669802,2,-39.009,-4.583,-117.257,
772167317320925,2,-39.009,-4.583,-117.257,
772167335631472,2,-39.009,-4.583,-117.257,
772167353697877,2,-39.009,-4.583,-117.257,
772167376769166,2,-39.009,-4.583,-117.257,
772167393401247,2,-39.009,-4.583,-117.257,
772167413939578,2,-39.009,-4.583,-117.257,
772167437377078,2,-39.009,-4.583,-117.257,
772167453429323,2,-39.009,-4.583,-117.257,
772167474150757,2,-39.009,-4.583,-117.257,
772167497466188,2,-39.009,-4.583,-117.257,
772167515776735,2,-39.009,-4.583,-117.257,
772167533873660,2,-39.009,-4.583,-117.257,
772167557585818,2,-39.009,-4.583,-117.257,
772167573546510,2,-39.009,-4.583,-117.257,
772167594023805,2,-39.009,-4.583,-117.257,
772167617674928,2,-39.009,-4.583,-117.257,
772167633605105,2,-39.009,-4.583,-117.257,
772167654143435,2,-39.009,-4.583,-117.257,
772167677672486,2,-39.009,-4.583,-117.257,
772167695983033,2,-39.009,-4.583,-117.257,
772167715392213,2,-39.009,-4.583,-117.257,
772167737883669,2,-39.009,-4.583,-117.257,
772167753691776,2,-39.009,-4.583,-117.257,
772167774138552,2,-39.009,-4.583,-117.257,
772167797148804,2,-39.009,-4.583,-117.257,
772167813750368,2,-39.009,-4.583,-117.257,
772167834136110,2,-39.009,-4.583,-117.257,
772167857787234,2,-39.009,-4.583,-117.257,
772167876128298,2,-39.009,-4.583,-117.257,
772167894377809,2,-39.009,-4.583,-117.257,
772167917937379,2,-39.009,-4.583,-117.257,
772167933928591,2,-39.009,-4.583,-117.257,
772167954650027,2,-39.009,-4.583,-117.257,
772167977965456,2,-39.009,-4.583,-117.257,
772167993926149,2,-39.009,-4.583,-117.257,
772168014311891,2,-39.009,-4.583,-117.257,
772168037993532,2,-39.009,-4.583,-117.257,
772168056273562,2,-39.009,-4.583,-117.257,
772168074401004,2,-39.009,-4.583,-117.257,
772168098082643,2,-39.009,-4.583,-117.257,
772168114043336,2,-39.009,-4.583,-117.257,
772168134612184,2,-39.009,-4.583,-117.257,
772168158110720,2,-39.009,-4.583,-117.257,
772168174101932,2,-39.009,-4.583,-117.257,
772168194884402,2,-39.009,-4.583,-117.257,
772168218138795,2,-39.009,-4.583,-117.257,
772168236449342,2,-39.009,-4.583,-117.257,
772168254546266,2,-39.009,-4.583,-117.257,
772168278288943,2,-39.009,-4.583,-117.257,
772168294219119,2,-39.009,-4.583,-117.257,
772168314665895,2,-39.009,-4.583,-117.579,
772168338286500,2,-39.009,-4.583,-117.579,
772168354277712,2,-39.009,-4.583,-117.579,
772168374785525,2,-39.009,-4.583,-117.579,
772168398375613,2,-39.009,-4.904,-117.579,
772168416655641,2,-39.009,-4.904,-117.579,
772168435118775,2,-39.009,-4.904,-117.579,
772168458342653,2,-39.009,-4.904,-117.579,
772168474394900,2,-39.009,-4.904,-117.579,
772168494841678,2,-39.009,-4.904,-117.579,
772168518462283,2,-39.009,-4.904,-117.579,
772168534453493,2,-39.009,-4.904,-117.579,
772168554839235,2,-39.009,-4.904,-117.579,
772168578459841,2,-39.009,-4.904,-117.579,
772168596800906,2,-39.009,-4.904,-117.579,
772168615050417,2,-39.009,-4.904,-117.579,
772168638579469,2,-39.009,-4.904,-117.579,
772168654570680,2,-39.009,-4.904,-117.579,
772168675353151,2,-39.009,-4.904,-117.579,
772168698638065,2,-39.009,-4.904,-117.579,
772168714629276,2,-39.009,-4.904,-117.579,
772168735015016,2,-39.009,-4.904,-117.579,
772168758666139,2,-39.009,-4.904,-117.579,
772168777007203,2,-39.009,-4.904,-117.579,
772168795104128,2,-39.009,-4.904,-117.579,
772168818755253,2,-39.009,-4.602,-117.579,
772168834746463,2,-39.009,-4.602,-117.253,
772168855315309,2,-39.009,-4.602,-117.253,
772168878783327,2,-39.009,-4.602,-117.253,
772168894805056,2,-39.009,-4.602,-117.253,
772168915526492,2,-39.009,-4.602,-117.253,
772168938841921,2,-39.009,-4.602,-117.253,
772168957152467,2,-39.009,-4.602,-117.253,
772168975249391,2,-39.009,-4.602,-117.253,
772168998931033,2,-39.009,-4.602,-117.253,
772169014922244,2,-39.009,-4.602,-117.253,
772169035369022,2,-39.009,-4.602,-117.253,
772169058959108,2,-39.009,-4.602,-117.253,
772169074950318,2,-39.009,-4.602,-117.253,
772169095488649,2,-39.009,-4.602,-117.253,
772169118987185,2,-39.009,-4.602,-117.253,
772169137328250,2,-39.009,-4.602,-117.253,
772169155821902,2,-39.009,-4.602,-117.253,
772169179045777,2,-39.009,-4.602,-117.253,
772169195098024,2,-39.009,-4.602,-117.253,
772169215514284,2,-39.009,-4.602,-117.253,
772169239165409,2,-39.009,-4.602,-117.253,
772169255187136,2,-39.009,-4.602,-117.253,
772169275572877,2,-39.009,-4.602,-117.253,
772169299224001,2,-39.009,-4.602,-117.253,
772169317534547,2,-39.009,-4.602,-117.253,
772169335784060,2,-39.009,-4.602,-117.253,
772169359282596,2,-39.009,-4.602,-117.253,
772169375273806,2,-39.009,-4.602,-117.253,
772169396056275,2,-39.009,-4.602,-117.597,
772169419341189,2,-39.009,-4.602,-117.597,
772169435332400,2,-39.009,-4.602,-117.597,
772169455748660,2,-39.009,-4.602,-117.597,
772169479369265,2,-39.009,-4.602,-117.597,
772169497679811,2,-39.009,-4.602,-117.597,
772169515807252,2,-39.009,-4.602,-117.597,
772169539488894,2,-39.009,-4.602,-117.597,
772169555449588,2,-39.009,-4.602,-117.597,
772169576018435,2,-39.009,-4.602,-117.597,
772169599516969,2,-39.009,-4.602,-117.597,
772169615538697,2,-39.009,-4.602,-117.597,
772169636260133,2,-39.009,-4.602,-117.597,
772169659545047,2,-39.009,-4.602,-117.597,
772169677855594,2,-39.009,-4.602,-117.597,
772169696013552,2,-39.009,-4.602,-117.597,
772169719664674,2,-39.009,-4.602,-117.597,
772169735655885,2,-39.009,-4.602,-117.597,
772169756102663,2,-39.009,-4.602,-117.597,
772169779723270,2,-39.009,-4.602,-117.597,
772169795714480,2,-39.009,-4.602,-117.597,
772169816680055,2,-39.009,-4.602,-117.597,
772169839720827,2,-39.009,-4.602,-117.597,
772169858031374,2,-39.009,-4.602,-117.597,
772169876494509,2,-39.009,-4.602,-117.597,
772169899840456,2,-39.009,-4.602,-117.597,
772169915801149,2,-39.009,-4.602,-117.597,
772169936247926,2,-39.009,-4.602,-117.597,
772169959899050,2,-39.009,-4.602,-117.597,
772169975890261,2,-39.009,-4.602,-117.597,
772169996306522,2,-39.009,-4.602,-117.597,
772170019927126,2,-39.009,-4.602,-117.597,
772170038207154,2,-39.009,-4.602,-117.597,
772170056456666,2,-39.009,-4.602,-117.597,
772170080016238,2,-39.009,-4.602,-117.597,
772170095976932,2,-39.009,-4.602,-117.597,
772170116820437,2,-39.009,-4.602,-117.597,
772170140074830,2,-39.009,-4.602,-117.597,
772170156066041,2,-39.009,-4.602,-117.597,
772170176421266,2,-39.009,-4.602,-117.597,
772170200072391,2,-39.009,-4.602,-117.597,
772170218413454,2,-39.009,-4.602,-117.597,
772170236510377,2,-39.009,-4.602,-117.597,
772170260192018,2,-39.009,-4.602,-117.597,
772170276152712,2,-39.009,-4.602,-117.597,
772170296721560,2,-39.009,-4.602,-117.597,
772170320220096,2,-39.009,-4.602,-117.597,
772170336211306,2,-39.009,-4.602,-117.597,
772170356963257,2,-39.009,-4.602,-117.597,
772170380278689,2,-39.009,-4.602,-117.597,
772170398589236,2,-39.009,-4.602,-117.597,
772170416716678,2,-39.009,-4.602,-117.597,
772170440337283,2,-39.009,-4.602,-117.597,
772170456297975,2,-39.009,-4.602,-117.597,
772170476714235,2,-39.009,-4.602,-117.597,
772170500365359,2,-39.009,-4.602,-117.597,
772170516356570,2,-39.009,-4.602,-117.597,
772170536864382,2,-39.009,-4.602,-117.597,
772170560393433,2,-39.009,-4.602,-117.597,
772170578703981,2,-39.009,-4.602,-117.597,
772170597167116,2,-39.009,-4.602,-117.597,
772170620482547,2,-39.009,-4.602,-117.597,
772170636473758,2,-39.009,-4.602,-117.597,
772170656920534,2,-39.009,-4.602,-117.283,
772170680510621,2,-39.009,-4.602,-117.283,
772170696501832,2,-39.009,-4.602,-117.283,
772170716887575,2,-39.009,-4.602,-117.283,
772170740538700,2,-39.009,-4.602,-117.283,
772170758879763,2,-39.009,-4.602,-117.283,
772170777098756,2,-39.009,-4.602,-117.283,
772170800688845,2,-39.009,-4.602,-117.283,
772170816649538,2,-39.009,-4.602,-117.283,
772170837432009,2,-39.009,-4.602,-117.283,
772170860686403,2,-39.009,-4.602,-117.283,
772170876708131,2,-39.009,-4.602,-117.283,
772170897063355,2,-39.009,-4.602,-117.283,
772170920683962,2,-39.009,-4.602,-117.283,
772170939025028,2,-39.009,-4.602,-117.283,
772170957152469,2,-39.009,-4.602,-117.283,
772170980834108,2,-39.009,-4.602,-117.283,
772170996794800,2,-39.009,-4.602,-117.283,
772171017363649,2,-39.009,-4.602,-117.283,
772171040862185,2,-39.009,-4.602,-117.283,
772171056853396,2,-39.009,-4.602,-117.283,
772171077635867,2,-39.009,-4.602,-117.283,
772171100951295,2,-39.009,-4.602,-117.283,
772171119231325,2,-39.009,-4.602,-117.283,
772171137358766,2,-39.009,-4.602,-117.283,
772171161009891,2,-39.009,-4.602,-117.283,
772171177001101,2,-39.009,-4.602,-117.283,
772171197478395,2,-39.009,-4.602,-117.283,
772171221099001,2,-39.009,-4.602,-117.283,
772171237090212,2,-39.009,-4.602,-117.283,
772171257598025,2,-39.009,-4.602,-117.283,
772171281157596,2,-39.009,-4.602,-117.283,
772171299437624,2,-39.009,-4.602,-117.283,
772171317870240,2,-39.009,-4.602,-117.283,
772171341216189,2,-39.009,-4.602,-117.283,
772171357207400,2,-39.009,-4.602,-116.932,
772171377654178,2,-39.009,-4.602,-116.932,
772171401335818,2,-39.009,-4.602,-116.932,
772171417327028,2,-39.009,-4.273,-116.932,
772171437712770,2,-39.009,-4.273,-116.932,
772171461241824,2,-39.009,-4.273,-116.932,
772171479552372,2,-39.009,-4.273,-116.932,
772171497801882,2,-39.009,-4.273,-116.932,
772171521361451,2,-39.009,-4.273,-116.932,
772171537352662,2,-39.009,-4.273,-116.932,
772171558135133,2,-39.009,-4.273,-116.932,
772171581450565,2,-39.009,-4.273,-116.932,
772171597380740,2,-39.009,-4.273,-116.932,
772171617766481,2,-39.009,-4.273,-116.932,
772171641417604,2,-39.009,-4.273,-116.932,
772171659728152,2,-39.009,-4.273,-116.932,
772171677855593,2,-39.009,-4.273,-116.932,
772171701506717,2,-39.009,-4.273,-116.932,
772171717467410,2,-39.009,-4.273,-116.932,
772171738066774,2,-39.009,-4.273,-116.932,
772171761565309,2,-39.009,-4.273,-116.932,
772171777556520,2,-39.009,-4.273,-116.932,
772171798308475,2,-39.009,-4.273,-116.932,
772171821593386,2,-39.009,-4.273,-117.248,
772171839751344,2,-39.009,-4.273,-117.248,
772171858000855,2,-39.009,-4.273,-117.248,
772171881713015,2,-39.009,-4.273,-117.248,
772171897673708,2,-39.009,-4.577,-117.248,
772171918120486,2,-39.009,-4.577,-117.248,
772171941741090,2,-39.009,-4.577,-117.248,
772171957732300,2,-39.009,-4.577,-117.248,
772171978240114,2,-39.009,-4.577,-117.248,
772172001738650,2,-39.009,-4.577,-117.248,
772172020079716,2,-39.009,-4.577,-117.248,
772172038603884,2,-39.009,-4.577,-117.248,
772172061858277,2,-39.009,-4.577,-117.248,
772172077849488,2,-39.009,-4.577,-117.248,
772172098357303,2,-39.009,-4.577,-117.248,
772172121916873,2,-39.009,-4.577,-117.248,
772172137877566,2,-39.009,-4.577,-117.248,
772172158354860,2,-39.009,-4.577,-117.248,
772172181944949,2,-39.009,-4.577,-117.248,
772172200072391,2,-39.009,-4.577,-117.248,
772172218474490,2,-39.009,-4.577,-117.248,
772172242003542,2,-39.009,-4.577,-117.248,
772172257994753,2,-39.009,-4.577,-117.248,
772172278807743,2,-39.009,-4.577,-117.248,
772172302062136,2,-39.009,-4.577,-117.248,
772172318083863,2,-39.009,-4.577,-117.248,
772172338469607,2,-39.009,-4.577,-117.248,
772172362120731,2,-39.009,-4.577,-117.248,
772172380278689,2,-39.009,-4.577,-117.248,
772172398528200,2,-39.009,-4.577,-117.248,
772172422179324,2,-39.009,-4.577,-117.248,
772172438170535,2,-39.009,-4.577,-117.248,
772172458739382,2,-39.009,-4.577,-117.248,
772172482237917,2,-39.009,-4.577,-117.248,
772172498351199,2,-39.009,-4.577,-117.248,
772172518981083,2,-39.009,-4.577,-117.248,
772172541655642,2,-39.009,-4.577,-117.248,
772172560607058,2,-39.009,-4.577,-117.248,
772172578703982,2,-39.009,-4.577,-117.248,
772172602324588,2,-39.009,-4.577,-117.248,
772172618346316,2,-39.009,-4.577,-117.248,
772172638823610,2,-39.009,-4.577,-117.248,
772172662413699,2,-39.009,-4.577,-117.248,
772172678404911,2,-39.009,-4.577,-117.248,
772172698943240,2,-39.009,-4.577,-117.248,
772172722441774,2,-39.009,-4.577,-117.248,
772172740569217,2,-39.009,-4.577,-117.248,
772172759795292,2,-39.009,-4.577,-117.248,
772172782530886,2,-39.009,-4.577,-117.248,
772172798522097,2,-39.009,-4.577,-117.248,
772172818968875,2,-39.009,-4.577,-117.248,
772172842589481,2,-39.009,-4.577,-117.248,
772172858580691,2,-39.009,-4.577,-117.248,
772172878966433,2,-39.009,-4.577,-117.248,
772172902617556,2,-39.009,-4.577,-117.248,
772172920928104,2,-39.009,-4.577,-117.248,
772172939177615,2,-39.009,-4.577,-117.248,
772172962737184,2,-39.009,-4.577,-117.248,
772172978697879,2,-39.009,-4.577,-117.248,
772172999541385,2,-39.009,-4.577,-117.248,
772173022765261,2,-39.009,-4.577,-117.248,
772173038756472,2,-39.009,-4.577,-117.248,
772173059142215,2,-39.009,-4.577,-117.248,
772173082762821,2,-39.009,-4.577,-117.248,
772173100951296,2,-39.009,-4.577,-117.248,
772173119200808,2,-39.009,-4.577,-117.248,
772173142851931,2,-39.009,-4.577,-117.248,
772173158873661,2,-39.009,-4.577,-117.248,
772173179442507,2,-39.009,-4.577,-117.248,
772173202971559,2,-39.009,-4.577,-117.248,
772173218932254,2,-39.009,-4.577,-117.248,
772173239653690,2,-39.009,-4.577,-117.248,
772173262969118,2,-39.009,-4.577,-117.248,
772173281279665,2,-39.009,-4.577,-117.248,
772173299407107,2,-39.312,-4.577,-117.248,
772173323058231,2,-39.312,-4.577,-117.248,
772173339049441,2,-39.312,-4.577,-117.248,
772173359496218,2,-39.312,-4.577,-117.248,
772173383116824,2,-39.312,-4.577,-117.248,
772173400267704,2,-39.312,-4.577,-117.248,
772173419646365,2,-39.312,-4.577,-117.248,
772173443144899,2,-39.312,-4.577,-117.248,
772173461485965,2,-39.312,-4.577,-117.248,
772173479918583,2,-39.312,-4.577,-117.248,
772173503234011,2,-39.312,-4.577,-117.248,
772173519225222,2,-39.312,-4.577,-117.248,
772173539672000,2,-39.312,-4.577,-117.248,
772173563292606,2,-39.312,-4.577,-117.248,
772173579283816,2,-39.312,-4.577,-117.248,
772173600005251,2,-39.312,-4.577,-117.248,
772173623351199,2,-39.312,-4.577,-117.248,
772173641692264,2,-39.312,-4.577,-117.248,
772173659911257,2,-39.312,-4.577,-117.248,
772173683470827,2,-38.975,-4.577,-117.248,
772173699431521,2,-38.975,-4.577,-117.248,
772173720213993,2,-38.975,-4.577,-117.248,
772173743498903,2,-38.975,-4.577,-117.248,
772173759490114,2,-38.975,-4.577,-117.248,
772173779875857,2,-38.975,-4.577,-117.248,
772173803496463,2,-38.975,-4.577,-117.248,
772173821837527,2,-38.975,-4.577,-117.248,
772173839934450,2,-38.975,-4.577,-117.248,
772173863585574,2,-38.975,-4.577,-117.248,
772173879576786,2,-38.975,-4.577,-117.248,
772173900145632,2,-38.975,-4.577,-117.248,
772173923644167,2,-38.975,-4.577,-117.248,
772173939635379,2,-38.975,-4.577,-117.248,
772173960417850,2,-38.975,-4.577,-117.248,
772173983641726,2,-38.975,-4.577,-117.248,
772174001982790,2,-38.975,-4.577,-117.248,
772174020079715,2,-38.975,-4.577,-117.248,
772174043761356,2,-38.975,-4.577,-117.248,
772174059722048,2,-38.975,-4.577,-117.248,
772174080168825,2,-38.975,-4.577,-117.248,
772174103789431,2,-38.975,-4.577,-117.248,
772174119811161,2,-38.975,-4.577,-117.248,
772174140318972,2,-38.975,-4.577,-117.248,
772174163848024,2,-38.975,-4.577,-117.248,
772174182158572,2,-38.975,-4.577,-117.248,
772174200621708,2,-38.975,-4.577,-117.248,
772174223876101,2,-38.975,-4.577,-117.248,
772174239928347,2,-38.975,-4.577,-117.248,
772174260375125,2,-38.975,-4.577,-117.248,
772174283995731,2,-38.975,-4.577,-117.248,
772174299956423,2,-38.975,-4.577,-117.248,
772174320372683,2,-38.975,-4.577,-117.248,
772174343993289,2,-38.975,-4.577,-117.248,
772174362334354,2,-38.975,-4.577,-117.248,
772174380553347,2,-38.975,-4.577,-117.248,
772174404082399,2,-38.975,-4.577,-117.248,
772174420073611,2,-38.975,-4.577,-117.248,
772174440917118,2,-38.975,-4.577,-117.248,
772174464110476,2,-38.975,-4.577,-117.248,
772174480162722,2,-38.975,-4.577,-117.248,
772174500517947,2,-38.975,-4.577,-117.248,
772174524169071,2,-38.975,-4.577,-117.248,
772174542479616,2,-38.975,-4.577,-117.248,
772174560607058,2,-38.975,-4.577,-117.248,
772174584258181,2,-38.975,-4.577,-117.248,
772174600249393,2,-38.975,-4.577,-117.248,
772174620818240,2,-38.975,-4.577,-117.248,
772174644316774,2,-38.975,-4.577,-117.248,
772174660307986,2,-38.975,-4.577,-117.248,
772174681029423,2,-38.975,-4.577,-117.248,
772174704344851,2,-38.975,-4.577,-117.248,
772174722685915,2,-38.975,-4.577,-117.248,
772174740752322,2,-38.975,-4.577,-117.248,
772174764403446,2,-38.975,-4.577,-117.248,
772174780425173,2,-38.975,-4.577,-117.248,
772174800871950,2,-38.975,-4.577,-117.248,
772174824462039,2,-38.975,-4.577,-117.248,
772174840514286,2,-38.975,-4.577,-117.248,
772174860991579,2,-38.975,-4.577,-117.248,
772174884520632,2,-38.975,-4.577,-117.248,
772174902648074,2,-38.975,-4.577,-117.248,
772174921355350,2,-38.975,-4.577,-117.248,
772174944609743,2,-38.975,-4.577,-117.248,
772174960600954,2,-38.975,-4.577,-116.921,
772174981047732,2,-38.975,-4.577,-116.921,
772175004668338,2,-38.975,-4.577,-116.921,
772175020659548,2,-38.975,-4.577,-116.921,
772175041106325,2,-38.975,-4.577,-116.921,
772175064726931,2,-38.975,-4.577,-116.921,
772175083037479,2,-38.975,-4.577,-116.921,
772175101225954,2,-38.975,-4.577,-116.921,
772175124785524,2,-38.975,-4.577,-116.921,
772175141081912,2,-38.975,-4.577,-116.921,
772175161559208,2,-38.975,-4.577,-116.921,
772175184844118,2,-38.975,-4.577,-116.921,
772175200835329,2,-38.975,-4.577,-116.921,
772175221221072,2,-38.975,-4.577,-116.921,
772175244872196,2,-38.975,-4.577,-116.921,
772175263030154,2,-38.975,-4.577,-116.921,
772175281279665,2,-38.975,-4.577,-116.921,
772175304961306,2,-38.975,-4.577,-116.921,
772175320952518,2,-38.975,-4.577,-116.921,
772175341521365,2,-38.975,-4.577,-116.921,
772175365019899,2,-38.975,-4.577,-116.921,
772175381011111,2,-38.975,-4.577,-116.921,
772175401732547,2,-38.975,-4.577,-116.921,
772175425017457,2,-38.975,-4.577,-116.921,
772175443358522,2,-38.975,-4.577,-116.921,
772175461485965,2,-38.975,-4.577,-116.921,
772175485106570,2,-38.975,-4.577,-116.921,
772175501097780,2,-38.975,-4.577,-116.921,
772175521575075,2,-38.975,-4.577,-116.921,
772175545226199,2,-38.975,-4.577,-116.921,
772175561186892,2,-38.975,-4.577,-116.921,
772175581694703,2,-38.975,-4.577,-116.921,
772175605162722,2,-38.975,-4.577,-116.921,
772175623503787,2,-38.975,-4.577,-116.921,
772175641966922,2,-38.975,-4.577,-116.921,
772175665282350,2,-38.975,-4.577,-116.921,
772175681273562,2,-38.975,-4.577,-116.921,
772175701720340,2,-38.975,-4.577,-116.921,
772175725340945,2,-38.975,-4.577,-116.921,
772175741332155,2,-38.975,-4.577,-116.921,
772175761748415,2,-38.975,-4.577,-116.921,
772175785369021,2,-38.975,-4.577,-116.921,
772175803679568,2,-38.975,-4.577,-116.921,
772175821929078,2,-38.975,-4.577,-116.921,
772175845488649,2,-38.975,-4.577,-116.921,
772175861449344,2,-38.975,-4.577,-116.921,
772175882292849,2,-38.975,-4.577,-116.921,
772175905547242,2,-38.975,-4.577,-116.921,
772175921507937,2,-38.975,-4.577,-116.921,
772175941893680,2,-38.975,-4.577,-116.921,
772175965575320,2,-38.975,-4.577,-116.921,
772175983885865,2,-38.975,-4.577,-116.921,
772176001952273,2,-38.975,-4.577,-116.921,
772176025633914,2,-38.975,-4.577,-116.921,
772176041625125,2,-38.975,-4.577,-116.921,
772176062193971,2,-38.975,-4.577,-116.921,
772176085692507,2,-38.975,-4.577,-117.237,
772176101683719,2,-38.975,-4.577,-117.237,
772176122405154,2,-38.975,-4.577,-117.237,
772176145690065,2,-38.975,-4.577,-117.237,
772176163878542,2,-38.975,-4.577,-117.237,
772176182158572,2,-38.975,-4.577,-117.237,
772176205809696,2,-38.975,-4.577,-117.237,
772176221800906,2,-38.975,-4.577,-117.237,
772176242247683,2,-38.975,-4.577,-117.237,
772176265868289,2,-38.975,-4.577,-117.237,
772176281859500,2,-38.975,-4.577,-117.237,
772176302397828,2,-38.975,-4.577,-117.237,
772176325865847,2,-38.975,-4.878,-117.237,
772176344206912,2,-38.975,-4.878,-117.237,
772176362670047,2,-38.975,-4.878,-117.237,
772176385985475,2,-38.975,-4.878,-117.237,
772176401976687,2,-38.975,-4.878,-117.237,
772176422423465,2,-38.975,-4.878,-117.237,
772176446013552,2,-38.975,-4.878,-117.237,
772176462065797,2,-38.975,-4.878,-117.237,
772176482421023,2,-38.975,-4.878,-117.237,
772176506072146,2,-38.975,-4.878,-117.237,
772176524413210,2,-38.975,-4.878,-117.237,
772176542632203,2,-38.975,-4.878,-117.237,
772176566191774,2,-38.975,-4.878,-117.237,
772176582152469,2,-38.975,-4.878,-117.237,
772176602965457,2,-38.975,-4.878,-117.237,
772176626219850,2,-38.975,-4.878,-117.237,
772176642211060,2,-38.975,-4.878,-117.237,
772176662596803,2,-38.975,-4.878,-117.237,
772176686247926,2,-38.975,-4.878,-117.237,
772176704558474,2,-38.975,-4.878,-117.237,
772176722655399,2,-38.975,-4.878,-117.237,
772176746337038,2,-38.975,-4.878,-117.237,
772176762328248,2,-38.975,-4.878,-117.237,
772176782897096,2,-38.975,-4.878,-117.237,
772176806456667,2,-38.975,-4.878,-117.237,
772176822386844,2,-38.975,-4.878,-117.237,
772176843169314,2,-38.975,-4.878,-117.237,
772176866423707,2,-38.975,-4.878,-117.237,
772176884551147,2,-38.975,-4.878,-117.237,
772176902861695,2,-38.975,-4.878,-117.237,
772176926512819,2,-38.975,-4.878,-117.237,
772176942504031,2,-38.975,-4.878,-117.237,
772176962950809,2,-38.975,-4.878,-117.237,
772176986571413,2,-38.975,-4.878,-117.237,
772177002562623,2,-38.975,-4.878,-117.237,
772177023070436,2,-38.975,-4.878,-117.237,
772177046568972,2,-38.975,-4.878,-117.237,
772177064726931,2,-38.975,-4.878,-117.237,
772177083342654,2,-38.975,-4.878,-117.237,
772177106688600,2,-38.975,-4.878,-117.237,
772177122679810,2,-38.975,-4.878,-117.237,
772177143096070,2,-38.975,-4.878,-116.897,
772177166777711,2,-38.975,-4.878,-116.897,
772177182738406,2,-38.975,-4.878,-116.897,
772177203154666,2,-38.975,-4.878,-116.897,
772177226775270,2,-38.975,-4.878,-116.897,
772177244963746,2,-38.975,-4.878,-116.897,
772177263365846,2,-38.975,-4.878,-116.897,
772177286894899,2,-38.975,-4.878,-116.897,
772177302886111,2,-38.975,-4.557,-116.897,
772177323668582,2,-38.975,-4.557,-116.897,
772177346922975,2,-38.975,-4.557,-116.897,
772177362914186,2,-38.975,-4.557,-116.897,
772177383299929,2,-38.975,-4.557,-116.897,
772177406920535,2,-38.975,-4.557,-116.897,
772177425261599,2,-38.975,-4.557,-116.897,
772177443358522,2,-38.975,-4.557,-116.897,
772177467040162,2,-38.975,-4.557,-116.897,
772177483031374,2,-38.975,-4.557,-116.897,
772177503569704,2,-38.975,-4.557,-116.897,
772177527098758,2,-38.975,-4.557,-116.897,
772177543059450,2,-38.975,-4.557,-116.897,
772177563811402,2,-38.975,-4.557,-116.897,
772177587096315,2,-38.975,-4.557,-116.897,
772177605376345,2,-38.975,-4.557,-116.897,
772177623564822,2,-38.975,-4.557,-116.897,
772177647246462,2,-38.975,-4.557,-116.897,
772177663207155,2,-38.975,-4.557,-116.897,
772177683653932,2,-38.975,-4.557,-116.897,
772177707305055,2,-38.975,-4.557,-116.897,
772177723265750,2,-38.975,-4.557,-116.897,
772177743804079,2,-38.975,-4.557,-116.897,
772177767272096,2,-38.975,-4.557,-116.897,
772177785613160,2,-38.975,-4.557,-116.897,
772177804137331,2,-38.975,-4.557,-116.897,
772177827330691,2,-38.975,-4.557,-116.897,
772177843382938,2,-38.975,-4.557,-116.897,
772177863829714,2,-38.975,-4.557,-116.897,
772177887419800,2,-38.975,-4.557,-116.897,
772177903441530,2,-38.975,-4.557,-116.897,
772177923857790,2,-38.975,-4.557,-116.897,
772177947447879,2,-38.975,-4.557,-116.897,
772177965788943,2,-38.975,-4.557,-116.897,
772177984038453,2,-38.975,-4.557,-116.897,
772178007567506,2,-38.975,-4.557,-116.897,
772178023558718,2,-38.975,-4.557,-116.897,
772178044341189,2,-38.975,-4.557,-116.897,
772178067626101,2,-38.975,-4.557,-116.897,
772178083617311,2,-38.975,-4.557,-116.897,
772178104003053,2,-38.975,-4.557,-116.897,
772178127654176,2,-38.975,-4.557,-116.897,
772178145781618,2,-38.975,-4.557,-116.897,
772178164061649,2,-38.975,-4.557,-116.897,
772178187712770,2,-38.975,-4.557,-116.897,
772178203765015,2,-38.975,-4.557,-116.897,
772178224303346,2,-38.975,-4.557,-116.897,
772178247801882,2,-38.975,-4.557,-116.897,
772178263793094,2,-38.975,-4.557,-116.897,
772178284514529,2,-38.975,-4.557,-116.897,
772178307799440,2,-38.975,-4.557,-116.897,
772178326140504,2,-38.975,-4.557,-116.897,
772178344237429,2,-38.975,-4.557,-116.897,
772178367888552,2,-38.975,-4.557,-116.897,
772178383910281,2,-38.975,-4.557,-116.897,
772178404357057,2,-38.975,-4.557,-116.897,
772178427977662,2,-38.975,-4.557,-116.897,
772178443938356,2,-38.975,-4.557,-116.897,
772178464476687,2,-38.975,-4.557,-116.897,
772178487975223,2,-38.975,-4.557,-116.897,
772178506194216,2,-38.975,-4.557,-116.897,
772178524779420,2,-38.975,-4.557,-116.897,
772178548064332,2,-38.975,-4.557,-116.897,
772178564055544,2,-38.975,-4.557,-116.897,
772178584502322,2,-38.975,-4.557,-116.897,
772178608122927,2,-38.975,-4.557,-116.897,
772178624144655,2,-38.975,-4.557,-116.897,
772178644530397,2,-38.975,-4.557,-116.897,
772178668151003,2,-38.975,-4.557,-116.897,
772178686339480,2,-38.975,-4.557,-116.897,
772178704680544,2,-38.975,-4.557,-116.897,
772178728209596,2,-38.975,-4.557,-116.897,
772178744231324,2,-38.975,-4.557,-116.897,
772178765044313,2,-38.975,-4.557,-116.897,
772178788329226,2,-38.975,-4.557,-116.897,
772178804289920,2,-38.975,-4.557,-116.897,
772178824675661,2,-38.975,-4.557,-116.897,
772178848235230,2,-38.975,-4.557,-116.897,
772178866637330,2,-38.975,-4.557,-116.897,
772178884734255,2,-38.975,-4.557,-116.897,
772178908415897,2,-38.975,-4.557,-116.897,
772178924407107,2,-38.975,-4.557,-116.897,
772178944945436,2,-38.975,-4.557,-116.897,
772178968443972,2,-38.975,-4.557,-116.897,
772178984435183,2,-38.975,-4.557,-116.897,
772179005187136,2,-38.975,-4.557,-116.897,
772179028533083,2,-38.975,-4.557,-116.897,
772179046630006,2,-38.975,-4.557,-116.897,
772179064910035,2,-38.975,-4.557,-116.897,
772179088500124,2,-38.975,-4.557,-116.897,
772179104582888,2,-38.975,-4.557,-116.897,
772179125029666,2,-38.975,-4.557,-116.897,
772179148619753,2,-38.975,-4.557,-116.897,
772179164610963,2,-38.975,-4.557,-116.897,
772179185149293,2,-38.975,-4.557,-116.897,
772179208586795,2,-38.975,-4.557,-116.897,
772179226988894,2,-38.975,-4.557,-116.897,
772179248839480,2,-38.975,-4.557,-116.897,
772179268736940,2,-38.975,-4.557,-116.897,
772179284728151,2,-38.975,-4.557,-116.897,
772179305174929,2,-38.975,-4.557,-116.897,
772179328765018,2,-38.975,-4.557,-116.897,
772179344786746,2,-38.975,-4.557,-116.897,
772179365172486,2,-38.975,-4.557,-116.897,
772179388854128,2,-38.975,-4.557,-116.897,
772179407012086,2,-38.975,-4.557,-116.897,
772179425414187,2,-38.975,-4.557,-116.897,
772179448943240,2,-38.975,-4.557,-116.897,
772179464934450,2,-38.975,-4.557,-116.897,
772179485747437,2,-38.975,-4.557,-116.897,
772179509001833,2,-38.975,-4.557,-116.897,
772179524993044,2,-38.975,-4.557,-116.897,
772179545409305,2,-38.975,-4.557,-116.897,
772179569029910,2,-38.975,-4.557,-116.581,
772179587187867,2,-38.975,-4.557,-116.581,
772179605467897,2,-38.975,-4.557,-116.581,
772179629149539,2,-38.975,-4.557,-116.581,
772179645110232,2,-38.975,-4.557,-116.581,
772179665679079,2,-38.975,-4.557,-116.581,
772179689208131,2,-38.975,-4.557,-116.581,
772179705199342,2,-38.975,-4.557,-116.581,
772179725981813,2,-38.975,-4.557,-116.581,
772179749236209,2,-38.975,-4.557,-116.581,
772179767516238,2,-38.975,-4.557,-116.581,
772179785643679,2,-38.975,-4.557,-116.581,
772179809233766,2,-38.975,-4.557,-116.581,
772179825316530,2,-38.975,-4.557,-116.905,
772179845702273,2,-38.975,-4.557,-116.905,
772179869322880,2,-38.975,-4.557,-116.905,
772179885314090,2,-38.975,-4.557,-116.905,
772179905821901,2,-38.975,-4.557,-116.905,
772179929350954,2,-38.975,-4.557,-116.905,
772179947661501,2,-38.975,-4.557,-116.905,
772179966124636,2,-38.975,-4.557,-116.905,
772179989409548,2,-38.975,-4.557,-116.905,
772180005431276,2,-38.975,-4.557,-116.905,
772180025878053,2,-38.975,-4.557,-116.905,
772180049498660,2,-38.975,-4.557,-116.905,
772180065520388,2,-38.975,-4.557,-116.905,
772180085906131,2,-38.975,-4.557,-116.905,
772180109496217,2,-38.975,-4.557,-116.905,
772180127654175,2,-38.975,-4.557,-116.905,
772180146086793,2,-38.975,-4.557,-116.905,
772180169585330,2,-38.975,-4.557,-116.905,
772180185607059,2,-38.975,-4.557,-116.905,
772180206389529,2,-38.975,-4.557,-116.905,
772180229643922,2,-38.975,-4.557,-116.905,
772180245665651,2,-38.975,-4.557,-116.905,
772180266051393,2,-38.975,-4.557,-116.905,
772180289702518,2,-38.975,-4.557,-116.905,
772180308013064,2,-38.975,-4.557,-116.905,
772180326109986,2,-38.975,-4.557,-116.905,
772180350829225,2,-38.975,-4.557,-116.905,
772180365782839,2,-38.975,-4.557,-116.905,
772180386351687,2,-38.975,-4.557,-116.905,
772180409850223,2,-38.975,-4.557,-116.905,
772180425841433,2,-38.975,-4.557,-116.905,
772180446562867,2,-38.975,-4.557,-116.905,
772180469878298,2,-38.975,-4.557,-116.905,
772180488188845,2,-38.975,-4.557,-116.905,
772180506285769,2,-38.975,-4.557,-116.905,
772180529936892,2,-38.975,-4.557,-116.905,
772180545928102,2,-38.975,-4.557,-116.905,
772180566374879,2,-38.975,-4.557,-116.905,
772180589995486,2,-38.975,-4.557,-116.905,
772180605986697,2,-38.975,-4.557,-116.905,
772180626525027,2,-38.975,-4.557,-116.905,
772180650054078,2,-38.975,-4.557,-116.905,
772180668364626,2,-38.975,-4.557,-116.905,
772180686858278,2,-38.975,-4.557,-116.905,
772180710143192,2,-38.975,-4.557,-116.905,
772180726134403,2,-38.975,-4.557,-116.905,
772180746550661,2,-38.975,-4.557,-116.905,
772180770171266,2,-38.975,-4.557,-116.905,
772180786162477,2,-38.975,-4.251,-116.905,
772180806578737,2,-38.975,-4.251,-116.56,
772180830199344,2,-38.975,-4.251,-116.56,
772180848357302,2,-38.975,-4.251,-116.56,
772180866759401,2,-38.975,-4.251,-116.56,
772180890288454,2,-38.975,-4.251,-116.56,
772180906279665,2,-38.975,-4.251,-116.56,
772180927062136,2,-38.975,-4.251,-116.56,
772180950377566,2,-38.975,-4.251,-116.56,
772180966338258,2,-38.975,-4.251,-116.56,
772180986754517,2,-38.975,-4.251,-116.56,
772181010375124,2,-38.975,-4.251,-116.56,
772181028685672,2,-38.975,-4.251,-116.56,
772181046813113,2,-38.975,-4.251,-116.56,
772181070464235,2,-38.975,-4.251,-116.56,
772181090209108,2,-38.975,-4.251,-116.56,
772181107054811,2,-38.975,-4.251,-116.56,
772181130522830,2,-38.975,-4.251,-116.56,
772181146514041,2,-38.975,-4.251,-116.56,
772181167265994,2,-38.975,-4.251,-116.56,
772181190520387,2,-38.975,-4.251,-116.56,
772181208678347,2,-38.975,-4.251,-116.882,
772181226958376,2,-38.975,-4.251,-116.882,
772181250640018,2,-38.975,-4.551,-116.882,
772181266631228,2,-38.975,-4.551,-116.882,
772181287108522,2,-38.975,-4.551,-116.882,
772181310698610,2,-38.975,-4.551,-116.882,
772181326689821,2,-38.975,-4.551,-116.882,
772181347197634,2,-38.975,-4.551,-116.882,
772181370726687,2,-38.975,-4.551,-116.882,
772181389037233,2,-38.975,-4.551,-116.882,
772181407500367,2,-38.975,-4.551,-116.882,
772181430815798,2,-38.975,-4.551,-116.882,
772181446807009,2,-38.975,-4.551,-116.882,
772181467253787,2,-38.975,-4.551,-116.882,
772181490935427,2,-38.975,-4.551,-116.882,
772181506865602,2,-38.975,-4.551,-116.882,
772181527251344,2,-38.975,-4.551,-116.882,
772181555083376,2,-38.975,-4.551,-116.882,
772181569029911,2,-38.975,-4.551,-116.882,
772181587432009,2,-38.975,-4.551,-116.882,
772181610991578,2,-38.975,-4.551,-116.882,
772181626982789,2,-38.975,-4.551,-116.882,
772181647795778,2,-38.975,-4.551,-116.882,
772181671050174,2,-38.975,-4.551,-116.882,
772181687041385,2,-38.975,-4.551,-117.205,
772181707457643,2,-38.975,-4.551,-117.205,
772181731108766,2,-38.975,-4.551,-117.205,
772181749266726,2,-38.975,-4.551,-117.205,
772181767516237,2,-38.975,-4.551,-117.205,
772181791167362,2,-38.975,-4.551,-117.205,
772181807189090,2,-38.975,-4.551,-117.205,
772181827757936,2,-38.975,-4.551,-117.205,
772181851286989,2,-38.975,-4.551,-117.205,
772181867217165,2,-38.975,-4.551,-117.205,
772181887938601,2,-38.975,-4.551,-117.205,
772181911223513,2,-38.975,-4.551,-117.205,
772181929564576,2,-38.975,-4.551,-117.205,
772181947661500,2,-38.975,-4.551,-117.205,
772181971312624,2,-38.975,-4.551,-117.205,
772181987334353,2,-38.975,-4.551,-117.205,
772182007781131,2,-38.975,-4.551,-117.205,
772182031371217,2,-38.975,-4.551,-117.205,
772182047362427,2,-38.975,-4.551,-117.205,
772182067900758,2,-38.975,-4.551,-117.205,
772182091399295,2,-38.975,-4.551,-117.205,
772182109557255,2,-38.975,-4.551,-116.899,
772182128172976,2,-38.975,-4.551,-116.899,
772182151457887,2,-38.975,-4.551,-116.899,
772182167479615,2,-38.975,-4.551,-116.899,
772182187926393,2,-38.975,-4.551,-116.899,
772182211577518,2,-38.975,-4.551,-116.899,
772182227568728,2,-38.975,-4.551,-116.899,
772182247923951,2,-38.975,-4.551,-116.899,
772182276335817,2,-38.975,-4.551,-116.899,
772182289733035,2,-38.975,-4.551,-116.899,
772182308135134,2,-38.975,-4.551,-116.899,
772182331664187,2,-38.975,-4.551,-116.899,
772182347685915,2,-38.975,-4.551,-116.899,
772182368468386,2,-38.975,-4.551,-116.899,
772182391722781,2,-38.975,-4.551,-116.899,
772182407744510,2,-38.975,-4.551,-116.899,
772182428130251,2,-38.975,-4.551,-116.899,
772182451720339,2,-38.975,-4.551,-116.899,
772182470061405,2,-38.975,-4.551,-116.899,
772182488188846,2,-38.975,-4.551,-116.899,
772182511809450,2,-38.975,-4.551,-116.899,
772182527831178,2,-38.975,-4.551,-116.899,
772182548400028,2,-38.975,-4.551,-116.899,
772182571868045,2,-38.975,-4.551,-116.899,
772182587889772,2,-38.975,-4.551,-116.899,
772182608672244,2,-38.975,-4.551,-116.899,
772182631926639,2,-38.975,-4.551,-116.899,
772182650084598,2,-38.975,-4.551,-116.899,
772182668364626,2,-38.975,-4.551,-116.899,
772182692046267,2,-38.975,-4.551,-116.899,
772182708037478,2,-38.975,-4.551,-116.899,
772182728453738,2,-38.975,-4.551,-116.551,
772182752074342,2,-38.975,-4.551,-116.551,
772182768065553,2,-38.975,-4.551,-116.551,
772182788573368,2,-38.975,-4.551,-116.551,
772182812102420,2,-38.975,-4.551,-116.551,
772182830443483,2,-38.975,-4.551,-116.551,
772182848876101,2,-38.975,-4.551,-116.551,
772182872191531,2,-38.975,-4.551,-116.551,
772182888182742,2,-38.975,-4.551,-116.551,
772182908629518,2,-38.975,-4.551,-116.551,
772182932219607,2,-38.975,-4.551,-116.551,
772182948302371,2,-38.975,-4.551,-116.551,
772182968657596,2,-38.975,-4.551,-116.551,
772182992247682,2,-38.975,-4.551,-116.551,
772183010436160,2,-38.975,-4.551,-116.551,
772183028838260,2,-38.975,-4.551,-116.551,
772183052367312,2,-38.975,-4.551,-116.551,
772183068358522,2,-38.975,-4.551,-116.551,
772183089140994,2,-38.975,-4.551,-116.551,
772183112425906,2,-38.975,-4.551,-116.551,
772183128417117,2,-38.975,-4.551,-116.551,
772183148802858,2,-38.975,-4.551,-116.86,
772183172453982,2,-38.975,-4.551,-116.86,
772183190764530,2,-38.975,-4.551,-116.86,
772183208891971,2,-38.975,-4.551,-116.86,
772183232512575,2,-38.975,-4.551,-116.86,
772183248534304,2,-38.975,-4.551,-116.86,
772183269103153,2,-38.975,-4.551,-116.557,
772183292571170,2,-38.975,-4.551,-116.557,
772183308592897,2,-38.975,-4.551,-116.557,
772183329314334,2,-38.975,-4.551,-116.557,
772183352019412,2,-38.975,-4.551,-116.557,
772183370940311,2,-38.975,-4.551,-116.557,
772183389037233,2,-38.975,-4.226,-116.557,
772183412657839,2,-38.975,-4.226,-116.557,
772183428710086,2,-38.975,-4.226,-116.557,
772183449156863,2,-38.975,-4.226,-116.557,
772183472716432,2,-38.975,-4.226,-116.557,
772183488768679,2,-38.975,-4.226,-116.557,
772183509276493,2,-38.975,-4.226,-116.557,
772183532775027,2,-38.975,-4.226,-116.557,
772183550932985,2,-38.975,-4.226,-116.557,
772183569609744,2,-38.975,-4.226,-116.557,
772183592864139,2,-38.975,-4.226,-116.894,
772183608885867,2,-38.975,-4.527,-116.894,
772183629332643,2,-38.975,-4.527,-116.894,
772183652861697,2,-38.975,-4.527,-116.894,
772183668913944,2,-38.975,-4.527,-117.272,
772183689330203,2,-38.975,-4.527,-117.272,
772183712950807,2,-38.975,-4.835,-117.272,
772183731108767,2,-38.975,-4.835,-117.272,
772183749541385,2,-38.975,-4.835,-117.272,
772183773039920,2,-38.975,-4.835,-117.272,
772183789061647,2,-38.975,-4.835,-117.272,
772183809844119,2,-38.975,-4.835,-117.272,
772183833098514,2,-38.975,-4.835,-117.272,
772183849120242,2,-38.975,-4.835,-117.272,
772183869475466,2,-38.975,-4.835,-117.272,
772183893126589,2,-38.975,-4.835,-117.272,
772183911284549,2,-38.975,-4.835,-117.272,
772183929564578,2,-38.975,-4.835,-117.272,
772183953215700,2,-38.975,-4.835,-117.272,
772183969206912,2,-38.975,-4.835,-117.272,
772183989806278,2,-38.975,-4.835,-117.272,
772184013304812,2,-38.975,-4.835,-117.272,
772184029296022,2,-38.975,-4.835,-117.272,
772184050017459,2,-38.975,-4.835,-117.272,
772184073302371,2,-38.975,-4.835,-117.272,
772184091460330,2,-38.975,-4.835,-117.272,
772184109740358,2,-38.975,-4.835,-117.272,
772184133360964,2,-38.975,-4.835,-117.272,
772184149413211,2,-38.975,-4.835,-117.272,
772184169859988,2,-38.975,-4.835,-117.272,
772184193450075,2,-38.975,-4.835,-117.272,
772184209471804,2,-38.975,-4.835,-117.272,
772184229979618,2,-38.975,-4.835,-117.272,
772184253478152,2,-38.674,-4.835,-117.272,
772184271636110,2,-38.674,-4.835,-117.272,
772184290251834,2,-38.674,-4.835,-117.272,
772184313567264,2,-38.674,-4.835,-116.967,
772184329558475,2,-38.674,-4.835,-116.967,
772184350005251,2,-38.674,-4.835,-116.967,
772184373625857,2,-38.674,-4.835,-116.967,
772184389617069,2,-38.674,-4.835,-116.967,
772184410002811,2,-38.674,-4.835,-116.967,
772184433623415,2,-38.674,-4.527,-116.967,
772184451964480,2,-38.674,-4.527,-116.967,
772184470213993,2,-38.674,-4.527,-116.967,
772184493712527,2,-38.674,-4.527,-116.967,
772184509734255,2,-38.674,-4.527,-116.65,
772184530577761,2,-38.674,-4.527,-116.65,
772184553771121,2,-38.674,-4.527,-116.65,
772184569792850,2,-38.674,-4.527,-116.65,
772184590178591,2,-38.674,-4.527,-116.65,
772184613799197,2,-38.674,-4.527,-116.65,
772184632140262,2,-38.674,-4.527,-116.65,
772184650267703,2,-38.674,-4.527,-116.65,
772184673918825,2,-38.674,-4.527,-116.65,
772184689910037,2,-38.674,-4.527,-116.65,
772184710478885,2,-38.674,-4.527,-116.65,
772184733946902,2,-38.674,-4.527,-116.65,
772184749968630,2,-38.674,-4.527,-116.65,
772184770720584,2,-38.674,-4.527,-116.65,
772184794005496,2,-38.674,-4.527,-116.65,
772184812163455,2,-38.674,-4.527,-116.65,
772184830443483,2,-38.674,-4.527,-116.65,
772184854094607,2,-38.674,-4.527,-116.65,
772184870085819,2,-38.674,-4.527,-116.65,
772184890532596,2,-38.674,-4.527,-116.65,
772184914153200,2,-38.674,-4.527,-116.65,
772184930205447,2,-38.674,-4.527,-116.65,
772184950652225,2,-38.674,-4.527,-116.954,
772184974181277,2,-38.674,-4.527,-116.954,
772184992308718,2,-38.674,-4.527,-116.954,
772185010924441,2,-38.674,-4.527,-116.954,
772185034270389,2,-38.674,-4.527,-116.954,
772185050261600,2,-38.674,-4.527,-116.954,
772185070708376,2,-38.674,-4.527,-116.954,
772185094328982,2,-38.674,-4.527,-116.954,
772185110320194,2,-38.674,-4.527,-116.954,
772185130705936,2,-38.674,-4.527,-116.954,
772185154357057,2,-38.674,-4.527,-116.954,
772185172667605,2,-38.674,-4.527,-116.954,
772185190886600,2,-38.674,-4.527,-116.954,
772185214415652,2,-38.674,-4.527,-116.954,
772185230406862,2,-38.674,-4.527,-116.954,
772185251219851,2,-38.674,-4.527,-116.954,
772185274474246,2,-38.674,-4.527,-116.954,
772185290465457,2,-38.674,-4.527,-116.954,
772185310851198,2,-38.674,-4.527,-116.954,
772185334471804,2,-38.674,-4.527,-116.954,
772185352660282,2,-38.674,-4.527,-116.954,
772185370940311,2,-38.674,-4.527,-116.954,
772185394591432,2,-38.674,-4.527,-116.954,
772185410582644,2,-38.674,-4.527,-116.954,
772185431151493,2,-38.674,-4.527,-116.954,
772185454650027,2,-38.674,-4.527,-116.954,
772185470671755,2,-38.674,-4.527,-116.954,
772185491423709,2,-38.674,-4.527,-116.954,
772185514647586,2,-38.674,-4.527,-116.954,
772185532836063,2,-38.674,-4.527,-116.954,
772185551116091,2,-38.674,-4.527,-116.954,
772185574767214,2,-38.674,-4.527,-116.954,
772185590788944,2,-38.674,-4.527,-116.954,
772185611205202,2,-38.674,-4.527,-116.954,
772185634825807,2,-38.674,-4.527,-116.954,
772185650817019,2,-38.674,-4.527,-116.954,
772185671324832,2,-38.674,-4.527,-116.954,
772185694853884,2,-38.674,-4.527,-116.954,
772185713194948,2,-38.674,-4.527,-116.954,
772185731627566,2,-38.674,-4.527,-116.954,
772185754942996,2,-38.674,-4.527,-116.954,
772185770964724,2,-38.674,-4.527,-116.954,
772185791380983,2,-38.674,-4.527,-116.954,
772185815001589,2,-38.674,-4.527,-116.954,
772185830992801,2,-38.674,-4.527,-116.954,
772185851378542,2,-38.674,-4.527,-116.954,
772185875029665,2,-38.674,-4.527,-116.954,
772185893340212,2,-38.674,-4.527,-116.954,
772185911589725,2,-38.674,-4.527,-116.954,
772185935118776,2,-38.674,-4.527,-116.954,
772185951109987,2,-38.674,-4.527,-116.954,
772185971922976,2,-38.674,-4.527,-116.954,
772185995177371,2,-38.674,-4.527,-116.954,
772186011199099,2,-38.674,-4.527,-116.954,
772186031584841,2,-38.674,-4.527,-116.954,
772186055235964,2,-38.674,-4.527,-116.954,
772186073546512,2,-38.674,-4.527,-116.954,
772186091673952,2,-38.674,-4.527,-116.954,
772186115355592,2,-38.674,-4.527,-116.954,
772186131316287,2,-38.674,-4.527,-116.954,
772186151885135,2,-38.674,-4.527,-116.954,
772186175383669,2,-38.674,-4.527,-116.954,
772186191344362,2,-38.674,-4.527,-116.954,
772186212096316,2,-38.674,-4.527,-116.954,
772186235381229,2,-38.674,-4.527,-116.954,
772186253691774,2,-38.674,-4.527,-116.954,
772186271819216,2,-38.674,-4.527,-116.954,
772186295470339,2,-38.674,-4.527,-116.954,
772186311492069,2,-38.674,-4.527,-116.954,
772186331908327,2,-38.674,-4.527,-116.954,
772186355528932,2,-38.674,-4.527,-116.954,
772186371520144,2,-38.674,-4.527,-116.954,
772186392058475,2,-38.674,-4.527,-116.954,
772186415587526,2,-38.674,-4.527,-116.954,
772186433745485,2,-38.674,-4.527,-116.954,
772186452391726,2,-38.674,-4.527,-116.954,
772186475676639,2,-38.674,-4.527,-116.954,
772186491637331,2,-38.674,-4.527,-116.954,
772186512084108,2,-38.674,-4.527,-116.954,
772186535704714,2,-38.674,-4.527,-116.954,
772186551695926,2,-38.674,-4.527,-116.954,
772186572081667,2,-38.674,-4.527,-116.954,
772186595702272,2,-38.674,-4.527,-116.954,
772186614043337,2,-38.674,-4.527,-116.954,
772186632292850,2,-38.674,-4.527,-116.954,
772186655821901,2,-38.674,-4.527,-116.954,
772186671813112,2,-38.674,-4.527,-116.954,
772186692595584,2,-38.674,-4.527,-116.954,
772186715819461,2,-38.674,-4.527,-116.954,
772186731871706,2,-38.674,-4.527,-116.954,
772186752257448,2,-38.674,-4.527,-116.954,
772186775878054,2,-38.674,-4.216,-116.954,
772186794066532,2,-38.674,-4.216,-116.648,
772186812316042,2,-38.674,-4.216,-116.648,
772186836028199,2,-38.674,-4.216,-116.648,
772186851988893,2,-38.674,-4.216,-116.648,
772186872588259,2,-38.674,-4.216,-116.648,
772186896086795,2,-38.674,-4.216,-116.648,
772186912078005,2,-38.674,-4.216,-116.648,
772186932799439,2,-38.674,-4.216,-116.648,
772186956084352,2,-38.674,-4.216,-116.648,
772186974455935,2,-38.674,-4.216,-116.648,
772186992522342,2,-38.674,-4.216,-116.648,
772187016203982,2,-38.674,-4.216,-116.648,
772187032195192,2,-38.674,-4.216,-116.648,
772187052641968,2,-38.674,-4.216,-116.648,
772187076262574,2,-38.674,-4.216,-116.648,
772187092223268,2,-38.674,-4.216,-116.648,
772187112731081,2,-38.674,-4.216,-116.973,
772187136229617,2,-38.674,-4.216,-116.973,
772187154601198,2,-38.674,-4.521,-116.973,
772187173033814,2,-38.674,-4.521,-116.973,
772187196349244,2,-38.674,-4.521,-116.973,
772187212370974,2,-38.674,-4.521,-116.973,
772187232787234,2,-38.674,-4.521,-116.973,
772187256468874,2,-38.674,-4.521,-116.973,
772187272429567,2,-38.674,-4.521,-116.973,
772187292815308,2,-38.674,-4.521,-116.973,
772187316435914,2,-38.674,-4.521,-116.973,
772187334776979,2,-38.674,-4.521,-116.973,
772187352995974,2,-38.674,-4.521,-116.973,
772187376555545,2,-38.674,-4.521,-116.973,
772187392546755,2,-38.674,-4.521,-116.973,
772187413481812,2,-38.674,-4.521,-116.973,
772187436583619,2,-38.674,-4.521,-116.973,
772187452574831,2,-38.674,-4.521,-116.973,
772187472960574,2,-38.674,-4.521,-116.973,
772187496581179,2,-38.674,-4.521,-116.973,
772187514769655,2,-38.674,-4.521,-116.664,
772187533049684,2,-38.674,-4.521,-116.664,
772187556700807,2,-38.674,-4.217,-116.664,
772187572722537,2,-38.674,-4.217,-116.664,
772187593291384,2,-38.674,-4.217,-116.664,
772187616728883,2,-38.674,-4.217,-116.664,
772187632781129,2,-38.674,-4.217,-116.664,
772187653502565,2,-38.674,-4.217,-116.664,
772187676817995,2,-38.674,-4.217,-116.664,
772187695128543,2,-38.674,-4.217,-116.664,
772187713225466,2,-38.674,-4.217,-116.664,
772187736907105,2,-38.674,-4.217,-116.664,
772187752867799,2,-38.674,-4.217,-116.664,
772187773314577,2,-38.674,-4.217,-116.664,
772187796935183,2,-38.674,-4.217,-116.664,
772187812926394,2,-38.674,-4.217,-116.664,
772187833495241,2,-38.674,-4.217,-116.664,
772187856963258,2,-38.674,-4.217,-116.973,
772187875304323,2,-38.674,-4.541,-116.973,
772187893736941,2,-38.674,-4.541,-116.973,
772187917021853,2,-38.674,-4.541,-116.973,
772187933043580,2,-38.674,-4.541,-116.973,
772187953490357,2,-38.674,-4.541,-116.973,
772187977141481,2,-38.674,-4.541,-116.973,
772187993102175,2,-38.674,-4.541,-116.973,
772188013487918,2,-38.674,-4.541,-116.973,
772188037108522,2,-38.674,-4.541,-116.973,
772188055449585,2,-38.674,-4.541,-116.973,
772188073668580,2,-38.674,-4.541,-116.973,
772188097228151,2,-38.674,-4.541,-116.973,
772188113219363,2,-38.674,-4.541,-116.973,
772188134032351,2,-38.674,-4.541,-116.973,
772188157256227,2,-38.674,-4.541,-116.973,
772188173277955,2,-38.674,-4.541,-116.973,
772188193694216,2,-38.674,-4.541,-116.973,
772188217284304,2,-38.674,-4.541,-116.973,
772188235625368,2,-38.674,-4.541,-116.973,
772188253722291,2,-38.674,-4.541,-116.973,
772188277403931,2,-38.674,-4.541,-116.973,
772188293364626,2,-38.674,-4.541,-116.973,
772188313963992,2,-38.674,-4.541,-116.973,
772188337798220,2,-38.674,-4.541,-116.973,
772188353423221,2,-38.674,-4.541,-116.973,
772188374205690,2,-38.674,-4.541,-116.973,
772188397460084,2,-38.674,-4.541,-116.973,
772188415801149,2,-38.674,-4.541,-116.973,
772188433898074,2,-38.674,-4.541,-116.973,
772188457518678,2,-38.674,-4.541,-116.973,
772188473570924,2,-38.674,-4.541,-116.973,
772188494017702,2,-38.674,-4.541,-116.973,
772188517607791,2,-38.674,-4.541,-116.973,
772188533629518,2,-38.674,-4.541,-116.973,
772188554137330,2,-38.674,-4.541,-116.973,
772188577635866,2,-38.674,-4.541,-116.973,
772188595976931,2,-38.674,-4.541,-116.973,
772188614440065,2,-38.674,-4.541,-116.973,
772188637724977,2,-38.674,-4.541,-116.973,
772188653716189,2,-38.674,-4.541,-116.973,
772188674162967,2,-38.674,-4.541,-116.973,
772188697783571,2,-38.674,-4.541,-116.973,
772188713774782,2,-38.674,-4.541,-116.973,
772188734191042,2,-38.674,-4.541,-116.973,
772188757811648,2,-38.674,-4.541,-116.973,
772188776152711,2,-38.674,-4.541,-116.973,
772188794402223,2,-38.674,-4.541,-116.973,
772188817931276,2,-38.674,-4.541,-116.973,
772188833983523,2,-38.674,-4.541,-116.973,
772188854704958,2,-38.674,-4.541,-116.973,
772188877959352,2,-38.674,-4.541,-116.973,
772188893950564,2,-38.674,-4.541,-116.973,
772188914336307,2,-38.674,-4.541,-116.973,
772188937987428,2,-38.674,-4.541,-116.973,
772188956145387,2,-38.674,-4.541,-116.973,
772188974425417,2,-38.674,-4.541,-116.973,
772188998107058,2,-38.674,-4.541,-116.973,
772189014098268,2,-38.674,-4.541,-116.973,
772189034667116,2,-38.674,-4.541,-116.973,
772189058165651,2,-38.674,-4.541,-116.973,
772189074156863,2,-38.674,-4.541,-116.973,
772189094847780,2,-38.674,-4.541,-116.973,
772189118132692,2,-38.674,-4.541,-116.973,
772189136473757,2,-38.674,-4.541,-116.973,
772189154601199,2,-38.674,-4.541,-116.973,
772189178313356,2,-38.674,-4.541,-116.973,
772189194274049,2,-38.674,-4.541,-116.973,
772189214720827,2,-38.674,-4.541,-116.973,
772189238402468,2,-38.674,-4.541,-116.973,
772189254363161,2,-38.674,-4.541,-116.973,
772189274870973,2,-38.674,-4.237,-116.973,
772189298491580,2,-38.674,-4.237,-116.973,
772189316557986,2,-38.674,-4.237,-116.662,
772189335234743,2,-38.674,-4.237,-116.662,
772189358428103,2,-38.674,-4.237,-116.662,
772189374419314,2,-38.674,-4.237,-116.662,
772189394866092,2,-38.674,-4.237,-116.662,
772189418425661,2,-38.674,-4.237,-116.662,
772189434477907,2,-38.674,-4.237,-116.662,
772189454894167,2,-38.674,-4.237,-116.662,
772189478545291,2,-38.674,-4.237,-116.662,
772189496916872,2,-38.674,-4.237,-116.662,
772189515135866,2,-38.674,-4.237,-116.662,
772189538664920,2,-38.674,-4.237,-116.662,
772189554656131,2,-38.674,-4.237,-116.662,
772189580565553,2,-38.674,-4.237,-116.662,
772189598662478,2,-38.674,-4.237,-116.662,
772189614653689,2,-38.674,-4.237,-116.662,
772189635069949,2,-38.674,-4.237,-116.662,
772189658690553,2,-38.674,-4.237,-116.662,
772189677031617,2,-38.674,-4.237,-116.662,
772189695128542,2,-38.674,-4.237,-116.662,
772189718779666,2,-38.674,-4.237,-116.662,
772189734801393,2,-38.674,-4.237,-116.979,
772189755339723,2,-38.674,-4.237,-116.979,
772189778838260,2,-38.674,-4.237,-116.979,
772189794859988,2,-38.674,-4.237,-116.979,
772189815550905,2,-38.674,-4.237,-116.979,
772189838835818,2,-38.674,-4.237,-116.979,
772189857176882,2,-38.674,-4.237,-116.979,
772189875273807,2,-38.674,-4.237,-116.979,
772189898955446,2,-38.674,-4.237,-116.979,
772189914946657,2,-38.674,-4.237,-116.979,
772189935393435,2,-38.674,-4.237,-116.979,
772189958983523,2,-38.674,-4.237,-116.979,
772189975005251,2,-38.674,-4.237,-116.979,
772189995513063,2,-38.674,-4.237,-116.979,
772190019011600,2,-38.674,-4.237,-116.979,
772190037352664,2,-38.674,-4.237,-116.979,
772190055815797,2,-38.674,-4.237,-116.979,
772190079131228,2,-38.674,-4.237,-116.979,
772190095122439,2,-38.674,-4.237,-116.979,
772190115538699,2,-38.674,-4.237,-116.979,
772190139128786,2,-38.674,-4.237,-116.979,
772190155150514,2,-38.674,-4.237,-116.979,
772190175566775,2,-38.674,-4.237,-116.979,
772190199217898,2,-38.674,-4.237,-116.979,
772190217528444,2,-38.674,-4.237,-116.979,
772190235747438,2,-38.674,-4.237,-116.979,
772190259307010,2,-38.674,-4.237,-116.979,
772190275298221,2,-38.674,-4.237,-116.979,
772190296111208,2,-38.674,-4.237,-116.979,
772190319335085,2,-38.674,-4.237,-116.979,
772190335356814,2,-38.674,-4.237,-116.979,
772190355742557,2,-38.674,-4.237,-116.979,
772190379363161,2,-38.674,-4.237,-116.979,
772190397704225,2,-38.98,-4.237,-116.979,
772190415801150,2,-38.98,-4.237,-116.979,
772190439421756,2,-38.98,-4.237,-116.979,
772190455412965,2,-38.98,-4.237,-116.979,
772190476012330,2,-38.98,-4.237,-116.979,
772190499510867,2,-38.98,-4.237,-116.979,
772190515502078,2,-38.98,-4.237,-116.979,
772190536223512,2,-38.98,-4.237,-116.979,
772190559538943,2,-38.98,-4.237,-116.979,
772190577849489,2,-38.98,-4.237,-116.979,
772190595946414,2,-38.98,-4.237,-116.979,
772190619628053,2,-38.98,-4.237,-116.979,
772190635588747,2,-38.98,-4.237,-116.979,
772190656035525,2,-38.98,-4.237,-116.979,
772190679656131,2,-38.98,-4.237,-116.979,
772190695647340,2,-38.98,-4.237,-116.979,
772190716155153,2,-38.98,-4.237,-116.979,
772190739684207,2,-38.98,-4.237,-116.979,
772190758025271,2,-38.98,-4.237,-116.979,
772190776457887,2,-38.98,-4.237,-116.979,
772190799773318,2,-38.98,-4.237,-116.979,
772190815764528,2,-38.98,-4.237,-116.979,
772190836211307,2,-38.98,-4.237,-116.979,
772190859862428,2,-38.98,-4.556,-116.979,
772190875884157,2,-38.98,-4.556,-116.979,
772190896239382,2,-38.98,-4.556,-116.979,
772190919798953,2,-38.98,-4.556,-116.979,
772190938048463,2,-38.98,-4.556,-116.979,
772190956450563,2,-38.98,-4.556,-116.979,
772190979979617,2,-38.98,-4.556,-116.979,
772190995970828,2,-38.98,-4.556,-116.979,
772191016753297,2,-38.98,-4.556,-116.979,
772191040007693,2,-38.98,-4.556,-116.979,
772191056029421,2,-38.98,-4.556,-117.283,
772191076445682,2,-38.98,-4.556,-117.283,
772191099974733,2,-38.98,-4.556,-117.283,
772191118376833,2,-38.98,-4.556,-117.283,
772191136504275,2,-38.98,-4.556,-117.283,
772191160124881,2,-38.98,-4.556,-117.283,
772191176146608,2,-38.98,-4.556,-117.283,
772191196715455,2,-38.98,-4.556,-117.283,
772191220183475,2,-38.98,-4.556,-117.283,
772191236205203,2,-38.98,-4.556,-117.283,
772191257018190,2,-38.98,-4.556,-117.283,
772191280242068,2,-38.98,-4.556,-117.283,
772191298613650,2,-38.98,-4.556,-117.283,
772191316649539,2,-38.98,-4.556,-117.283,
772191340331178,2,-38.98,-4.556,-117.283,
772191358824831,2,-38.98,-4.556,-117.283,
772191376769167,2,-38.98,-4.556,-117.283,
772191400389773,2,-38.98,-4.556,-116.957,
772191416380983,2,-38.98,-4.556,-116.957,
772191436888795,2,-38.98,-4.556,-116.957,
772191460417850,2,-38.98,-4.556,-116.957,
772191478789431,2,-38.98,-4.556,-116.957,
772191497191530,2,-38.98,-4.556,-116.957,
772191520476443,2,-38.98,-4.556,-116.957,
772191536498171,2,-38.98,-4.556,-116.957,
772191556944949,2,-38.98,-4.556,-116.957,
772191580565553,2,-38.98,-4.556,-116.957,
772191596556764,2,-38.98,-4.556,-116.957,
772191616942507,2,-38.98,-4.556,-116.957,
772191640563113,2,-38.98,-4.556,-116.957,
772191658721071,2,-38.98,-4.556,-116.957,
772191677123170,2,-38.98,-4.556,-116.957,
772191700591189,2,-38.98,-4.556,-116.957,
772191716643435,2,-38.98,-4.556,-116.957,
772191737456422,2,-38.98,-4.556,-116.957,
772191760680300,2,-38.98,-4.556,-116.957,
772191776702028,2,-38.98,-4.254,-116.957,
772191797118289,2,-38.98,-4.254,-116.957,
772191820830446,2,-38.98,-4.254,-116.957,
772191838896853,2,-38.98,-4.254,-116.957,
772191857176882,2,-38.98,-4.254,-116.957,
772191880828006,2,-38.98,-4.254,-116.957,
772191896849733,2,-38.98,-4.254,-116.638,
772191917418580,2,-38.98,-4.254,-116.638,
772191940856082,2,-38.98,-3.948,-116.638,
772191956877810,2,-38.98,-3.948,-116.638,
772191977629762,2,-38.98,-3.948,-116.638,
772192000945193,2,-38.98,-3.948,-116.638,
772192019072635,2,-38.98,-3.948,-116.638,
772192037352664,2,-38.98,-3.948,-116.638,
772192061064821,2,-38.98,-3.948,-116.638,
772192077025514,2,-38.98,-3.948,-116.638,
772192097472292,2,-38.98,-3.948,-116.638,
772192121123416,2,-38.98,-3.948,-116.638,
772192137084108,2,-38.98,-3.948,-116.638,
772192157591920,2,-38.98,-3.948,-116.638,
772192181090457,2,-38.98,-3.948,-116.638,
772192199431521,2,-38.98,-3.948,-116.638,
772192217925172,2,-38.98,-3.948,-116.638,
772192241179568,2,-38.98,-3.948,-116.638,
772192257201296,2,-38.98,-3.948,-116.638,
772192277648074,2,-38.98,-3.948,-116.955,
772192301268678,2,-38.98,-4.273,-116.955,
772192317290407,2,-38.98,-4.273,-116.955,
772192337645632,2,-38.98,-4.273,-116.955,
772192361296756,2,-38.98,-4.273,-116.955,
772192379424196,2,-38.98,-4.273,-116.955,
772192397826295,2,-38.98,-4.273,-116.955,
772192421385867,2,-38.98,-4.273,-117.274,
772192437346560,2,-38.98,-4.273,-117.274,
772192458159547,2,-38.677,-4.273,-117.274,
772192481474978,2,-38.677,-4.273,-117.274,
772192497435671,2,-38.677,-4.273,-117.274,
772192517821414,2,-38.677,-4.273,-117.274,
772192541411500,2,-38.677,-4.273,-117.274,
772192559783083,2,-38.677,-4.273,-117.274,
772192577880007,2,-38.677,-4.273,-117.274,
772192601531131,2,-38.677,-4.273,-117.274,
772192617552858,2,-38.677,-4.273,-117.274,
772192638121705,2,-38.677,-4.273,-117.274,
772192661559207,2,-38.677,-4.273,-117.274,
772192677550418,2,-38.677,-4.273,-117.274,
772192698393922,2,-38.677,-4.273,-117.274,
772192721587282,2,-38.677,-4.273,-117.274,
772192739745242,2,-38.677,-4.273,-117.274,
772192758055789,2,-38.677,-4.273,-116.96,
772192781706911,2,-38.677,-4.273,-116.96,
772192797667604,2,-38.677,-4.273,-116.96,
772192818144900,2,-38.677,-4.273,-116.96,
772192841734988,2,-38.677,-4.273,-116.96,
772192857726198,2,-38.677,-4.273,-116.96,
772192878234010,2,-38.677,-4.273,-116.96,
772192901763064,2,-38.677,-4.273,-116.96,
772192920073611,2,-38.677,-4.273,-116.96,
772192938536745,2,-38.677,-4.273,-116.96,
772192961821657,2,-38.677,-4.273,-116.96,
772192977843386,2,-38.677,-4.273,-116.96,
772192998320682,2,-38.677,-4.273,-116.96,
772193021910768,2,-38.677,-4.273,-116.96,
772193037901979,2,-38.677,-4.273,-116.96,
772193058348758,2,-38.677,-4.273,-116.96,
772193081938845,2,-38.677,-4.273,-116.96,
772193100279909,2,-38.677,-4.273,-116.96,
772193118498904,2,-38.677,-4.273,-116.96,
772193142058475,2,-38.677,-4.273,-116.96,
772193158049685,2,-38.677,-4.273,-116.96,
772193178862672,2,-38.677,-4.273,-116.96,
772193202086550,2,-38.677,-4.273,-116.96,
772193218108278,2,-38.677,-4.273,-116.96,
772193238494021,2,-38.677,-4.273,-116.96,
772193262114625,2,-38.677,-4.273,-116.96,
772193280455691,2,-38.677,-4.273,-116.96,
772193298522098,2,-38.677,-4.273,-116.96,
772193322203738,2,-38.677,-4.273,-116.96,
772193338194948,2,-38.677,-4.273,-116.96,
772193358763796,2,-38.677,-4.273,-116.96,
772193382231814,2,-38.677,-4.273,-116.96,
772193398314578,2,-38.677,-4.273,-116.96,
772193418974977,2,-38.677,-4.273,-116.96,
772193442259890,2,-38.677,-4.273,-116.96,
772193460631473,2,-38.677,-4.273,-116.96,
772193478728396,2,-38.677,-4.273,-116.96,
772193502410036,2,-38.677,-4.273,-116.96,
772193518401247,2,-38.677,-4.273,-116.96,
772193538786990,2,-38.677,-4.273,-116.96,
772193562407595,2,-38.677,-4.273,-116.96,
772193578398805,2,-38.677,-4.273,-116.96,
772193598906619,2,-38.677,-4.273,-117.311,
772193622435672,2,-38.677,-4.273,-117.311,
772193640776736,2,-38.677,-4.273,-117.311,
772193659209352,2,-38.677,-4.273,-117.311,
772193682585818,2,-38.677,-4.273,-117.311,
772193698515994,2,-38.677,-4.273,-117.614,
772193718962771,2,-38.677,-4.273,-117.614,
