14383029270000,3,-29.151,18.38,-17.202,
14383048496000,3,-29.151,18.38,-17.202,
14383069218000,3,-29.151,18.38,-17.202,
14384970646000,3,-29.455,18.725,-17.25,
14384992466000,3,-29.455,18.725,-17.25,
14385010380000,3,-29.455,18.725,-17.25,
14385030369000,3,-29.455,18.725,-17.25,
14385051426000,3,-29.455,18.725,-17.25,
14385070499000,3,-29.455,18.725,-17.25,
14385090549000,3,-29.455,18.725,-17.25,
14385111301000,3,-29.455,18.725,-17.25,
14385130680000,3,-29.455,18.725,-17.25,
14385150578000,3,-29.455,18.725,-17.25,
14385172306000,3,-29.455,18.725,-17.25,
14385190586000,3,-29.455,18.725,-17.25,
14385210667000,3,-29.455,18.725,-17.25,
14385231388000,3,-29.455,18.725,-17.25,
14385256016000,3,-29.455,18.725,-17.25,
14385269962000,3,-29.455,18.725,-17.25,
14385290470000,3,-29.455,18.725,-17.25,
14385311954000,3,-29.455,18.725,-17.25,
14385330112000,3,-29.455,18.725,-17.25,
14385350864000,3,-29.455,18.725,-17.25,
14385372044000,3,-29.455,18.725,-17.25,
14385390202000,3,-29.455,18.725,-17.25,
14385410923000,3,-29.455,18.725,-17.25,
14385432011000,3,-29.455,18.725,-17.25,
14385450169000,3,-29.455,18.725,-17.25,
14385470585000,3,-29.455,18.725,-17.25,
14385492130000,3,-29.455,18.725,-17.25,
14385510136000,3,-29.455,18.725,-17.25,
14385530735000,3,-29.455,18.725,-17.25,
14385552189000,3,-29.455,18.725,-17.25,
14385570286000,3,-29.455,18.725,-17.25,
14385591892000,3,-29.455,18.725,-17.25,
14385612461000,3,-29.455,18.725,-17.25,
14385630558000,3,-29.455,18.725,-17.25,
14385650913000,3,-29.455,18.725,-17.25,
14385672489000,3,-29.455,18.725,-17.25,
14385690556000,3,-29.455,18.725,-17.25,
14385711033000,3,-29.455,18.725,-17.25,
14385732548000,3,-29.455,18.725,-17.25,
14385750614000,3,-29.455,18.725,-17.25,
14385771458000,3,-29.455,18.725,-17.25,
14385792423000,3,-29.455,18.725,-17.25,
14385810459000,3,-29.455,18.725,-17.25,
14385831242000,3,-29.455,18.725,-17.25,
14385852512000,3,-29.455,18.725,-17.25,
14385870609000,3,-29.455,18.725,-17.25,
14385891056000,3,-29.455,18.725,-17.25,
14385912510000,3,-29.455,18.725,-17.25,
14385930607000,3,-29.455,18.725,-17.25,
14385951481000,3,-29.455,18.725,-17.25,
14385972568000,3,-29.455,18.725,-17.25,
14385990726000,3,-29.455,18.725,-17.25,
14386011112000,3,-29.455,18.725,-17.25,
14386032536000,3,-29.455,18.725,-17.25,
14386050663000,3,-29.455,18.725,-17.25,
14386071506000,3,-29.455,18.725,-17.25,
14386092655000,3,-29.455,18.725,-17.25,
14386111546000,3,-29.455,18.725,-17.25,
14386131596000,3,-29.455,18.725,-17.25,
14386152744000,3,-29.455,18.725,-17.25,
14386170902000,3,-29.455,18.725,-17.25,
14386191288000,3,-29.455,18.725,-17.25,
14386212772000,3,-29.455,18.725,-17.25,
14386230930000,3,-29.455,18.725,-17.25,
14386251469000,3,-29.455,18.725,-17.25,
14386272800000,3,-29.455,18.725,-17.25,
14386290897000,3,-29.455,18.725,-17.25,
14386312107000,3,-29.455,18.725,-17.25,
14386332890000,3,-29.455,18.725,-17.25,
14386351047000,3,-29.455,18.725,-17.25,
14386371342000,3,-29.455,18.725,-17.25,
14386392887000,3,-29.455,18.725,-17.25,
14386411045000,3,-29.455,18.725,-17.25,
14386431461000,3,-29.455,18.725,-17.25,
14386452915000,3,-29.455,18.725,-17.25,
14386471104000,3,-29.455,18.725,-17.25,
14386491978000,3,-29.455,18.725,-17.25,
14386521946000,3,-29.455,18.725,-17.25,
14386532688000,3,-29.455,18.725,-17.25,
14386552464000,3,-29.455,18.725,-17.25,
14386573063000,3,-29.455,18.725,-17.25,
14386591282000,3,-29.455,18.725,-17.25,
14386611759000,3,-29.455,18.725,-17.25,
14386633244000,3,-29.455,18.725,-17.25,
14386651371000,3,-29.455,18.725,-17.25,
14386672092000,3,-29.455,18.725,-17.25,
14386693241000,3,-29.455,18.725,-17.25,
14386711369000,3,-29.455,18.725,-17.25,
14386731968000,3,-29.455,18.725,-17.25,
14386753330000,3,-29.455,18.725,-17.25,
14386771458000,3,-29.455,18.725,-17.25,
14386792332000,3,-29.455,18.725,-17.25,
14386813816000,3,-29.455,18.725,-17.25,
14386831394000,3,-29.455,18.725,-17.25,
14386852238000,3,-29.455,18.725,-17.25,
14386873386000,3,-29.455,18.725,-17.25,
14386891483000,3,-29.455,18.725,-17.25,
14386911869000,3,-29.455,18.725,-17.25,
14386933414000,3,-29.455,18.725,-17.25,
14386951542000,3,-29.455,18.725,-17.25,
14386972202000,3,-29.455,18.725,-17.25,
14386993473000,3,-29.455,18.725,-17.25,
14387011600000,3,-29.455,18.725,-17.25,
14387032780000,3,-29.455,18.725,-17.25,
14387053501000,3,-29.455,18.725,-17.25,
14387071629000,3,-29.455,18.725,-17.25,
14387092075000,3,-29.455,18.725,-17.25,
14387113651000,3,-29.455,18.725,-17.25,
14387131748000,3,-29.455,18.725,-17.25,
14387152287000,3,-29.455,18.725,-17.25,
14387173618000,3,-29.455,18.725,-17.25,
14387191715000,3,-29.455,18.725,-17.25,
14387212742000,3,-29.455,18.725,-17.25,
14387233707000,3,-29.455,18.725,-17.25,
14387251865000,3,-29.455,18.725,-17.25,
14387272587000,3,-29.455,18.725,-17.25,
14387293766000,3,-29.455,18.725,-17.25,
14387311893000,3,-29.455,18.725,-17.25,
14387332371000,3,-29.455,18.725,-17.25,
14387353855000,3,-29.455,18.725,-17.25,
14387371922000,3,-29.455,18.725,-17.25,
14387392857000,3,-29.455,18.725,-17.25,
14387413944000,3,-29.455,18.725,-17.25,
14387432072000,3,-29.455,18.725,-17.25,
14387452671000,3,-29.455,18.725,-17.25,
14387474033000,3,-29.455,18.725,-17.25,
14387492130000,3,-29.455,18.725,-17.25,
14387513370000,3,-29.455,18.725,-17.25,
14387534153000,3,-29.455,18.725,-17.25,
14387552311000,3,-29.455,18.725,-17.25,
14387573124000,3,-29.455,18.725,-17.25,
14387597233000,3,-29.455,18.725,-17.25,
14387612949000,3,-29.455,18.725,-17.25,
14387633274000,3,-29.455,18.725,-17.25,
14387655094000,3,-29.455,18.725,-17.25,
14387673069000,3,-29.455,18.725,-17.25,
14387693485000,3,-29.455,18.725,-17.25,
14387713047000,3,-29.455,18.725,-17.25,
14387733005000,3,-29.455,18.725,-17.25,
14387754185000,3,-29.455,18.725,-17.25,
14387773075000,3,-29.455,18.725,-17.25,
14387793064000,3,-29.455,18.725,-17.25,
14387813480000,3,-29.455,18.725,-17.25,
14387834446000,3,-29.455,18.725,-17.25,
14387853153000,3,-29.455,18.725,-17.25,
14387873478000,3,-29.455,18.725,-17.25,
14387893192000,3,-29.455,18.725,-17.25,
14387913212000,3,-29.455,18.725,-17.25,
14387934086000,3,-29.455,18.725,-17.25,
14387953220000,3,-29.455,18.725,-17.25,
14387973240000,3,-29.455,18.725,-17.25,
14387998844000,3,-29.455,18.725,-17.25,
14388014530000,3,-29.455,18.725,-17.25,
14388033176000,3,-29.455,18.725,-17.25,
14388053623000,3,-29.455,18.725,-17.25,
14388073215000,3,-29.455,18.725,-17.25,
14388093296000,3,-29.455,18.725,-17.25,
14388114933000,3,-29.455,18.725,-17.25,
14388133549000,3,-29.455,18.725,-17.25,
14388153507000,3,-29.455,18.725,-17.25,
14388173893000,3,-29.455,18.725,-17.25,
14388194767000,3,-29.455,18.725,-17.25,
14388213444000,3,-29.455,19.052,-17.25,
14388234165000,3,-29.455,19.052,-17.25,
14388253422000,3,-29.455,19.052,-17.25,
14388273502000,3,-29.455,19.052,-17.25,
14388294254000,3,-29.455,19.052,-17.25,
14388313663000,3,-29.798,19.052,-17.25,
14388333561000,3,-29.798,19.052,-17.25,
14388354008000,3,-29.798,19.052,-17.25,
14388414188000,3,-29.798,19.052,-17.25,
14388433689000,3,-29.798,19.052,-17.25,
14388453831000,3,-29.798,19.052,-17.25,
14388475407000,3,-29.798,19.052,-17.25,
14388493839000,3,-29.798,19.052,-17.25,
14388513767000,3,-29.798,19.052,-17.25,
14388534092000,3,-29.798,19.052,-17.25,
14388555149000,3,-29.798,19.052,-17.25,
14388573856000,3,-29.798,19.052,-17.25,
14388594212000,3,-29.798,19.052,-17.25,
14388613834000,3,-29.798,19.052,-17.25,
14388633884000,3,-29.798,19.052,-17.25,
14388654850000,3,-29.46,19.052,-17.568,
14388675846000,3,-29.46,18.739,-17.568,
14388694126000,3,-29.46,18.739,-17.568,
14388714664000,3,-29.46,18.739,-17.568,
14388735416000,3,-29.46,18.739,-17.568,
14388754124000,3,-29.46,18.739,-17.568,
14388774631000,3,-29.46,18.739,-17.568,
14388794193000,3,-29.46,18.739,-17.568,
14388814152000,3,-29.46,18.739,-17.568,
14388834934000,3,-29.46,18.739,-17.568,
14388854038000,3,-29.46,18.739,-17.568,
14388874119000,3,-29.46,18.739,-17.568,
14388894596000,3,-29.46,18.739,-17.568,
14388915440000,3,-29.46,18.739,-17.568,
14388934086000,3,-29.46,18.739,-17.568,
14388954868000,3,-29.46,18.739,-17.568,
14388974155000,3,-29.46,18.739,-17.568,
14388994266000,3,-29.46,18.739,-17.568,
14389014927000,3,-29.46,18.739,-17.568,
14389034214000,3,-29.46,18.739,-17.568,
14389054234000,3,-29.46,18.739,-17.568,
14389074619000,3,-29.46,18.739,-17.568,
14389095615000,3,-29.46,18.739,-17.568,
14389114292000,3,-29.46,18.739,-17.568,
14389134830000,3,-29.46,18.739,-17.568,
14389154331000,3,-29.46,18.739,-17.568,
14389174351000,3,-29.46,18.739,-17.568,
14389195499000,3,-29.46,18.739,-17.568,
14389214390000,3,-29.46,18.739,-17.568,
14389234409000,3,-29.46,18.739,-17.568,
14389254703000,3,-29.46,18.739,-17.568,
14389275791000,3,-29.46,18.739,-17.568,
14389294468000,3,-29.46,18.739,-17.568,
14389314915000,3,-29.46,18.739,-17.568,
14389334507000,3,-29.46,18.739,-17.568,
14389354557000,3,-29.46,18.739,-17.568,
14389375492000,3,-29.46,18.739,-17.568,
14389394627000,3,-29.46,18.739,-17.568,
14389414677000,3,-29.46,18.739,-17.568,
14389435825000,3,-29.46,18.739,-17.568,
14389455997000,3,-29.46,18.739,-17.568,
14389474735000,3,-29.46,18.739,-17.568,
14389495151000,3,-29.46,18.739,-17.568,
14389514744000,3,-29.46,18.739,-17.568,
14389534733000,3,-29.46,18.739,-17.568,
14389555485000,3,-29.46,18.739,-17.568,
14389579105000,3,-29.46,18.739,-17.234,
14389594730000,3,-29.46,18.739,-17.234,
14389615269000,3,-29.46,18.739,-17.234,
14389636204000,3,-29.46,18.739,-17.234,
14389654850000,3,-29.46,18.739,-17.234,
14389675571000,3,-29.46,19.085,-17.234,
14389694920000,3,-29.46,19.085,-16.918,
14389714848000,3,-29.46,19.085,-16.918,
14389735630000,3,-29.46,19.085,-16.918,
14389754917000,3,-29.46,19.085,-16.918,
14389774967000,3,-29.46,19.085,-16.543,
14389795292000,3,-29.46,19.425,-16.543,
14389816227000,3,-29.46,19.425,-16.543,
14389834995000,3,-29.46,19.425,-16.543,
14389855625000,3,-29.46,19.425,-16.218,
14389875126000,3,-29.46,19.425,-16.218,
14389895115000,3,-29.46,19.819,-16.218,
14389916203000,3,-29.46,19.819,-15.913,
14389935154000,3,-29.46,19.819,-15.913,
14389955173000,3,-29.46,19.819,-15.913,
14389975529000,3,-29.46,19.819,-15.913,
14389996525000,3,-29.46,20.184,-15.576,
14390015202000,3,-29.46,20.184,-15.576,
14390035557000,3,-29.46,20.184,-15.576,
14390055241000,3,-29.46,20.184,-15.576,
14390075169000,3,-29.46,20.184,-15.576,
14390096104000,3,-29.46,20.184,-15.576,
14390115330000,3,-29.46,20.501,-15.223,
14390135319000,3,-29.46,20.501,-15.223,
14390156010000,3,-29.46,20.501,-15.223,
14390176701000,3,-29.46,20.501,-15.223,
14390195377000,3,-29.46,20.501,-15.223,
14390215794000,3,-29.46,20.501,-15.223,
14390235386000,3,-29.46,20.501,-15.223,
14390255405000,3,-29.46,20.501,-15.223,
14390276188000,3,-29.46,20.501,-15.223,
14390295444000,3,-29.46,20.501,-14.915,
14390315525000,3,-29.46,20.805,-14.915,
14390336002000,3,-29.46,20.805,-14.915,
14390356785000,3,-29.46,20.805,-14.915,
14390375523000,3,-29.46,20.805,-14.915,
14390396763000,3,-29.46,20.805,-14.595,
14390415562000,3,-29.46,21.105,-14.595,
14390435642000,3,-29.46,21.105,-14.595,
14390456333000,3,-29.46,21.105,-14.595,
14390475559000,3,-29.46,21.105,-14.595,
14390495609000,3,-29.46,21.105,-14.595,
14390516056000,3,-29.46,21.105,-14.595,
14390537022000,3,-29.46,21.105,-14.595,
14390555729000,3,-29.46,21.105,-14.244,
14390576267000,3,-29.46,21.105,-14.244,
14390595798000,3,-29.46,21.105,-14.244,
14390615787000,3,-29.46,21.414,-14.244,
14390636814000,3,-29.46,21.414,-14.244,
14390655827000,3,-29.46,21.414,-14.244,
14390675816000,3,-29.46,21.414,-14.244,
14390696201000,3,-29.46,21.414,-14.244,
14390721470000,3,-29.46,21.414,-14.244,
14390735752000,3,-29.46,21.414,-14.244,
14390756229000,3,-29.46,21.414,-13.938,
14390775913000,3,-29.46,21.414,-13.938,
14390795902000,3,-29.46,21.414,-13.938,
14390816868000,3,-29.46,21.414,-13.938,
14390836002000,3,-29.46,21.414,-13.938,
14390855961000,3,-29.46,21.414,-13.938,
14390876652000,3,-29.46,21.414,-13.938,
14390897404000,3,-29.46,21.414,-13.938,
14390916019000,3,-29.46,21.414,-13.938,
14390936466000,3,-29.46,21.414,-13.938,
14390956089000,3,-29.46,21.414,-13.938,
14390976139000,3,-29.46,21.414,-13.938,
14390996952000,3,-29.46,21.414,-13.938,
14391016148000,3,-29.46,21.726,-13.938,
14391036106000,3,-29.46,21.726,-13.594,
14391056644000,3,-29.46,21.726,-13.594,
14391077518000,3,-29.46,21.726,-13.594,
14391096195000,3,-29.46,21.726,-13.594,
14391117039000,3,-29.46,21.726,-13.594,
14391136875000,3,-29.46,21.726,-13.594,
14391156376000,3,-29.46,22.056,-13.594,
14391177036000,3,-29.46,22.056,-13.255,
14391196323000,3,-29.46,22.056,-13.255,
14391216312000,3,-29.46,22.056,-13.255,
14391242039000,3,-29.46,22.056,-13.255,
14391255650000,3,-29.46,22.056,-13.255,
14391275669000,3,-29.46,22.056,-13.255,
14391298161000,3,-29.46,22.056,-13.255,
14391315739000,3,-29.46,22.056,-13.255,
14391335758000,3,-29.46,22.366,-13.255,
14391359196000,3,-29.46,22.366,-12.908,
14391375889000,3,-29.46,22.366,-12.908,
14391395817000,3,-29.46,22.366,-12.908,
14391418125000,3,-29.46,22.366,-12.908,
14391435886000,3,-29.46,22.366,-12.908,
14391455906000,3,-29.46,22.366,-12.908,
14391478245000,3,-29.46,22.366,-12.608,
14391495945000,3,-29.46,22.366,-12.608,
14391515903000,3,-29.46,22.366,-12.608,
14391539219000,3,-29.46,22.366,-12.608,
14391555973000,3,-29.46,22.366,-12.608,
14391575993000,3,-29.46,22.677,-12.608,
14391598637000,3,-29.46,22.677,-12.608,
14391615940000,3,-29.46,22.677,-12.608,
14391635990000,3,-29.46,22.677,-12.304,
14391658298000,3,-29.46,22.677,-12.304,
14391675999000,3,-29.46,22.677,-12.304,
14391696018000,3,-29.46,22.677,-12.304,
14391718784000,3,-29.46,22.677,-12.304,
14391736118000,3,-29.46,22.677,-12.304,
14391756107000,3,-29.46,22.677,-12.304,
14391778599000,3,-29.46,22.677,-12.304,
14391796207000,3,-29.46,22.677,-12.304,
14391816532000,3,-29.46,22.677,-12.304,
14391838871000,3,-29.46,22.677,-12.304,
14391856205000,3,-29.46,22.677,-12.304,
14391876255000,3,-29.46,22.677,-12.304,
14391898930000,3,-29.46,22.677,-12.304,
14391916264000,3,-29.46,22.677,-12.304,
14391936314000,3,-29.46,22.677,-12.304,
14391958591000,3,-29.46,22.677,-12.304,
14391976353000,3,-29.46,22.677,-12.304,
14391996403000,3,-29.46,22.677,-12.304,
14392018833000,3,-29.46,22.677,-12.304,
14392036381000,3,-29.46,22.677,-12.304,
14392056400000,3,-29.46,22.677,-12.304,
14392079502000,3,-29.46,22.677,-12.651,
14392096470000,3,-29.46,22.677,-12.651,
14392116459000,3,-29.46,22.677,-12.651,
14392138767000,3,-29.46,22.677,-12.651,
14392156498000,3,-29.46,22.677,-12.651,
14392176517000,3,-29.46,22.677,-12.651,
14392198856000,3,-29.46,22.677,-12.651,
14392216587000,3,-29.46,22.677,-12.651,
14392236607000,3,-29.46,22.677,-12.651,
14392259403000,3,-29.46,22.677,-12.651,
14392276585000,3,-29.46,22.677,-12.651,
14392296604000,3,-29.46,22.677,-12.651,
14392319767000,3,-29.46,22.677,-12.651,
14392336735000,3,-29.46,22.677,-12.651,
14392356815000,3,-29.46,22.677,-12.651,
14392379093000,3,-29.46,22.37,-12.651,
14392396732000,3,-29.46,22.37,-12.651,
14392416782000,3,-29.46,22.37,-12.651,
14392439518000,3,-29.46,22.37,-12.651,
14392456821000,3,-29.46,22.37,-12.651,
14392476841000,3,-29.46,22.37,-12.651,
14392499271000,3,-29.46,22.37,-12.651,
14392516880000,3,-29.46,22.37,-12.651,
14392536900000,3,-29.46,22.37,-12.651,
14392559544000,3,-29.46,22.37,-12.651,
14392576878000,3,-29.46,22.37,-12.651,
14392596867000,3,-29.46,22.37,-12.651,
14392619602000,3,-29.46,22.37,-12.651,
14392636936000,3,-29.46,22.37,-12.651,
14392657017000,3,-29.46,22.37,-12.651,
14392679295000,3,-29.46,22.37,-12.651,
14392697025000,3,-29.46,22.37,-12.651,
14392717106000,3,-29.46,22.37,-12.651,
14392739536000,3,-29.46,22.37,-12.651,
14392757023000,3,-29.46,22.37,-12.651,
14392777042000,3,-29.46,22.37,-12.651,
14392800114000,3,-29.46,22.37,-12.651,
14392817051000,3,-29.46,22.37,-12.651,
14392837101000,3,-29.46,22.37,-12.651,
14392859318000,3,-29.46,22.37,-12.651,
14392877171000,3,-29.46,22.37,-12.651,
14392897160000,3,-29.46,22.37,-12.651,
14392923740000,3,-29.46,22.37,-12.651,
14392943363000,3,-29.46,22.37,-12.651,
14392957218000,3,-29.46,22.37,-12.651,
14392978184000,3,-29.46,22.37,-12.651,
14392999210000,3,-29.46,22.37,-12.651,
14393017338000,3,-29.46,22.37,-12.651,
14393038090000,3,-29.46,22.37,-12.651,
14393060184000,3,-29.46,22.37,-12.651,
14393239628000,3,-29.46,22.37,-12.327,
14393278873000,3,-29.46,22.37,-12.327,
14393299595000,3,-29.46,22.37,-12.327,
14393317631000,3,-29.46,22.691,-12.327,
14393338413000,3,-29.46,22.691,-12.019,
14393359592000,3,-29.46,22.691,-12.019,
14393377659000,3,-29.46,22.691,-12.019,
14393398075000,3,-29.46,22.691,-12.019,
14393419651000,3,-29.46,22.691,-11.674,
14393437748000,3,-29.46,22.691,-11.674,
14393458317000,3,-29.46,23.049,-11.674,
14393479740000,3,-29.46,23.049,-11.335,
14393497837000,3,-29.46,23.049,-11.335,
14393518955000,3,-29.46,23.049,-11.335,
14393539707000,3,-29.779,23.049,-11.335,
14393557835000,3,-29.779,23.049,-11.013,
14393578312000,3,-29.779,23.049,-11.013,
14393599827000,3,-29.779,23.361,-11.013,
14393617954000,3,-29.779,23.361,-11.013,
14393638401000,3,-29.779,23.361,-11.013,
14393659794000,3,-29.779,23.361,-10.69,
14393677952000,3,-29.779,23.361,-10.69,
14393698856000,3,-29.779,23.361,-10.69,
14393719913000,3,-29.779,23.361,-10.69,
14393738010000,3,-29.779,23.361,-10.69,
14393758762000,3,-29.779,23.361,-10.69,
14393780094000,3,-29.779,23.361,-10.69,
14393798069000,3,-29.779,23.361,-10.386,
14393818516000,3,-29.779,23.361,-10.386,
14393840122000,3,-29.779,23.361,-10.386,
14393858158000,3,-29.779,23.361,-10.386,
14393878971000,3,-29.779,23.361,-10.386,
14393900181000,3,-29.779,23.361,-10.386,
14393918217000,3,-29.779,23.361,-10.012,
14393938755000,3,-29.779,23.692,-10.012,
14393960178000,3,-29.779,23.692,-10.012,
14393978306000,3,-29.779,23.692,-10.012,
14393999088000,3,-29.779,23.692,-9.634,
14394020206000,3,-29.779,23.692,-9.634,
14394038303000,3,-29.779,24.002,-9.634,
14394059116000,3,-29.779,24.002,-9.306,
14394080265000,3,-29.779,24.002,-9.306,
14394098362000,3,-29.779,24.002,-9.306,
14394118809000,3,-29.779,24.002,-8.941,
14394140293000,3,-29.779,24.336,-8.941,
14394158421000,3,-29.779,24.336,-8.941,
14394178989000,3,-29.779,24.336,-8.561,
14394200382000,3,-29.779,24.336,-8.561,
14394218479000,3,-29.779,24.336,-8.561,
14394240147000,3,-29.779,24.687,-8.187,
14394260410000,3,-29.779,24.687,-8.187,
14394278507000,3,-29.779,24.687,-8.187,
14394298923000,3,-29.779,24.687,-7.757,
14394320499000,3,-29.779,24.989,-7.757,
14394338627000,3,-29.779,24.989,-7.757,
14394359043000,3,-29.779,24.989,-7.406,
14394380527000,3,-29.779,24.989,-7.406,
14394398624000,3,-29.779,24.989,-7.406,
14394419590000,3,-29.779,24.989,-7.028,
14394440647000,3,-29.779,25.317,-7.028,
14394458744000,3,-29.779,25.317,-7.028,
14394479465000,3,-29.779,25.317,-6.581,
14394500706000,3,-29.779,25.317,-6.581,
14394518803000,3,-29.779,25.639,-6.581,
14394539249000,3,-29.779,25.639,-6.172,
14394560642000,3,-29.779,25.639,-6.172,
14394578770000,3,-29.779,25.639,-6.172,
14394599583000,3,-29.779,25.639,-5.754,
14394620731000,3,-29.779,25.639,-5.754,
14394638798000,3,-29.779,25.639,-5.754,
14394659428000,3,-29.779,25.952,-5.754,
14394680881000,3,-29.779,25.952,-5.348,
14394698978000,3,-29.779,25.952,-5.348,
14394719822000,3,-29.779,25.952,-5.348,
14394740940000,3,-29.779,25.952,-4.983,
14394759037000,3,-29.779,25.952,-4.983,
14394779850000,3,-29.779,25.952,-4.983,
14394800999000,3,-29.779,25.952,-4.594,
14394819065000,3,-29.779,25.952,-4.594,
14394839481000,3,-29.779,25.952,-4.594,
14394861027000,3,-29.779,25.952,-4.594,
14394879185000,3,-29.779,25.952,-4.594,
14394899754000,3,-29.779,25.952,-4.209,
14394921085000,3,-29.779,25.952,-4.209,
14394939182000,3,-29.779,25.952,-4.209,
14394960392000,3,-29.779,25.952,-4.209,
14394981266000,3,-29.779,25.952,-3.861,
14394999302000,3,-29.779,25.952,-3.861,
14395019657000,3,-29.779,25.952,-3.861,
14395041172000,3,-29.779,26.272,-3.861,
14395059299000,3,-29.779,26.272,-3.483,
14395079746000,3,-29.779,26.272,-3.483,
14395101261000,3,-29.779,26.272,-3.483,
14395119419000,3,-29.779,26.272,-3.169,
14395140354000,3,-29.779,26.272,-3.169,
14395161381000,3,-29.779,26.272,-3.169,
14395179478000,3,-29.779,26.272,-2.824,
14395200657000,3,-29.779,26.272,-2.824,
14395221470000,3,-29.779,26.272,-2.824,
14395239506000,3,-29.779,26.272,-2.51,
14395259922000,3,-29.779,26.272,-2.51,
14395281345000,3,-29.779,26.272,-2.51,
14395299503000,3,-29.779,26.272,-2.51,
14395320377000,3,-29.779,26.272,-2.16,
14395341557000,3,-29.779,26.272,-2.16,
14395359562000,3,-29.779,26.272,-2.16,
14395380375000,3,-29.779,26.272,-1.814,
14395401615000,3,-29.779,26.272,-1.814,
14395419712000,3,-29.779,26.272,-1.814,
14395440464000,3,-29.779,26.272,-1.814,
14395461643000,3,-29.779,26.272,-1.481,
14395479740000,3,-29.779,26.272,-1.481,
14395500553000,3,-29.779,26.272,-1.481,
14395521702000,3,-29.779,26.272,-1.481,
14395539799000,3,-29.779,26.272,-1.147,
14395560184000,3,-29.779,26.272,-1.147,
14395581730000,3,-29.779,26.272,-1.147,
14395599827000,3,-29.779,26.272,-1.147,
14395620457000,3,-29.779,26.272,-1.147,
14395641880000,3,-29.779,26.272,-1.147,
14395664494000,3,-29.779,26.272,-1.147,
14395681034000,3,-29.779,26.272,-1.147,
14395701786000,3,-29.779,26.272,-0.805,
14395719883000,3,-29.779,26.272,-0.805,
14395740299000,3,-29.779,26.272,-0.805,
14395761936000,3,-29.779,26.272,-0.805,
14395780064000,3,-29.779,26.272,-0.805,
14395800449000,3,-29.779,26.272,-0.451,
14395821903000,3,-29.779,26.272,-0.451,
14395840061000,3,-29.779,26.272,-0.451,
14395860996000,3,-29.779,26.272,-0.451,
14395881992000,3,-29.779,26.272,-0.12,
14395900181000,3,-29.779,26.272,-0.12,
14395920780000,3,-29.779,26.272,-0.12,
14395942020000,3,-29.779,26.573,-0.12,
14395960148000,3,-29.779,26.573,0.184,
14395980595000,3,-29.779,26.573,0.184,
14396002201000,3,-29.779,26.573,0.184,
14396020237000,3,-29.779,26.573,0.524,
14396041050000,3,-29.779,26.573,0.524,
14396062229000,3,-29.779,26.573,0.524,
14396080357000,3,-29.779,26.573,0.915,
14396100864000,3,-29.779,26.573,0.915,
14396122288000,3,-29.779,26.573,0.915,
14396140415000,3,-29.779,26.573,0.915,
14396161716000,3,-29.779,26.573,1.274,
14396182285000,3,-29.779,26.573,1.274,
14396200474000,3,-29.779,26.573,1.274,
14396221409000,3,-29.779,26.573,1.274,
14396242466000,3,-29.779,26.573,1.274,
14396260471000,3,-29.779,26.573,1.638,
14396280857000,3,-29.779,26.573,1.638,
14396302433000,3,-29.779,26.573,1.638,
14396320530000,3,-29.779,26.573,1.94,
14396341160000,3,-29.779,26.573,1.94,
14396362522000,3,-29.779,26.573,1.94,
14396380558000,3,-29.779,26.573,2.247,
14396401707000,3,-29.779,26.573,2.247,
14396422642000,3,-29.779,26.573,2.247,
14396440678000,3,-29.779,26.573,2.247,
14396461094000,3,-29.779,26.573,2.597,
14396482670000,3,-29.779,26.573,2.597,
14396500706000,3,-29.779,26.573,2.597,
14396521244000,3,-29.779,26.269,2.911,
14396542698000,3,-29.779,26.269,2.911,
14396560734000,3,-29.779,26.269,2.911,
14396581760000,3,-29.779,26.269,2.911,
14396602726000,3,-29.779,26.269,3.277,
14396620914000,3,-29.779,26.269,3.277,
14396641605000,3,-29.779,26.269,3.277,
14396662693000,3,-29.779,26.269,3.619,
14396680820000,3,-29.779,26.269,3.619,
14396701298000,3,-29.779,26.269,3.619,
14396722843000,3,-29.779,26.269,3.988,
14396740910000,3,-29.779,26.269,3.988,
14396761784000,3,-29.779,26.269,3.988,
14396782902000,3,-29.779,26.269,4.344,
14396801029000,3,-29.779,26.269,4.344,
14396821934000,3,-29.779,26.269,4.344,
14396842869000,3,-29.779,26.269,4.678,
14396861057000,3,-29.779,26.269,4.678,
14396881779000,3,-29.779,26.269,4.678,
14396902958000,3,-29.779,26.269,4.991,
14396921146000,3,-29.779,26.269,4.991,
14396941959000,3,-29.779,26.269,4.991,
14396963047000,3,-29.779,26.269,5.349,
14396981144000,3,-29.779,25.965,5.349,
14397001560000,3,-29.779,25.965,5.349,
14397023167000,3,-29.779,25.965,5.677,
14397041264000,3,-29.779,25.965,5.677,
14397061771000,3,-29.779,25.965,5.677,
14397083164000,3,-29.779,25.965,6.019,
14397101292000,3,-29.779,25.965,6.019,
14397122898000,3,-29.779,25.965,6.019,
14397143253000,3,-29.779,25.636,6.019,
14397302555000,3,-29.779,25.334,7.209,
14397323582000,3,-29.779,25.334,7.209,
14397341709000,3,-29.779,25.334,7.209,
14397362461000,3,-29.779,25.334,7.58,
14397383640000,3,-29.779,25.334,7.58,
14397401737000,3,-29.779,25.334,7.882,
14397422031000,3,-29.779,25.016,7.882,
14397443546000,3,-29.779,25.016,7.882,
14397461613000,3,-29.779,25.016,8.2,
14397482395000,3,-29.779,25.016,8.2,
14397503513000,3,-29.779,25.016,8.2,
14397521641000,3,-29.779,25.016,8.555,
14397542210000,3,-29.779,25.016,8.555,
14397563633000,3,-29.779,25.016,8.555,
14397581730000,3,-29.779,24.653,8.912,
14397602512000,3,-29.779,24.653,8.912,
14397623722000,3,-29.779,24.653,8.912,
14397641758000,3,-29.779,24.653,9.268,
14397662571000,3,-29.779,24.653,9.268,
14397683689000,3,-29.779,24.653,9.268,
14397701817000,3,-29.779,24.342,9.597,
14397722202000,3,-29.779,24.342,9.597,
14397743778000,3,-29.779,24.342,9.597,
14397761875000,3,-29.779,24.342,9.962,
14397782474000,3,-29.779,24.342,9.962,
14397803837000,3,-29.779,24.342,9.962,
14397821964000,3,-29.779,24.026,10.292,
14397843082000,3,-29.779,24.026,10.292,
14397863895000,3,-29.779,24.026,10.292,
14397882053000,3,-29.779,24.026,10.661,
14397902378000,3,-29.779,24.026,10.661,
14397923923000,3,-29.472,23.669,10.661,
14397942081000,3,-29.472,23.669,11.007,
14397962620000,3,-29.472,23.669,11.007,
14397984043000,3,-29.472,23.669,11.317,
14398002323000,3,-29.472,23.669,11.317,
14398023258000,3,-29.472,23.669,11.317,
14398044193000,3,-29.472,23.669,11.694,
14398062290000,3,-29.472,23.669,11.694,
14398083347000,3,-29.472,23.315,11.694,
14398104069000,3,-29.472,23.315,11.694,
14398122257000,3,-29.472,23.315,12.062,
14398142643000,3,-29.472,23.315,12.062,
14398164188000,3,-29.472,23.315,12.062,
14398182316000,3,-29.472,23.315,12.416,
14398203190000,3,-29.472,23.315,12.416,
14398224339000,3,-29.472,22.972,12.416,
14398242405000,3,-29.472,22.972,12.805,
14398263035000,3,-29.472,22.972,12.805,
14398284489000,3,-29.472,22.972,12.805,
14398302677000,3,-29.472,22.972,13.107,
14398323551000,3,-29.472,22.972,13.107,
14398345066000,3,-29.472,22.972,13.107,
14398362736000,3,-29.472,22.972,13.107,
14398383396000,3,-29.472,22.972,13.491,
14398404484000,3,-29.791,22.972,13.491,
14398422581000,3,-29.791,22.644,13.491,
14398442936000,3,-29.791,22.644,13.8,
14398464451000,3,-29.791,22.644,13.8,
14398482578000,3,-29.791,22.644,13.8,
14398503330000,3,-29.791,22.644,13.8,
14398524570000,3,-29.791,22.277,14.187,
14398542667000,3,-29.791,22.277,14.187,
14398563786000,3,-29.791,22.277,14.187,
14398584568000,3,-29.791,22.277,14.187,
14398602695000,3,-29.791,22.277,14.567,
14398623112000,3,-29.791,21.946,14.567,
14398644627000,3,-29.791,21.946,14.567,
14398662876000,3,-29.791,21.946,14.567,
14398684330000,3,-29.791,21.946,14.955,
14398704716000,3,-29.791,21.618,14.955,
14398722843000,3,-29.791,21.618,14.955,
14398743778000,3,-29.791,21.618,15.296,
14398764927000,3,-29.791,21.618,15.296,
14398782993000,3,-29.791,21.243,15.296,
14398803684000,3,-29.791,21.243,15.296,
14398825138000,3,-29.447,21.243,15.692,
14398843021000,3,-29.447,21.243,15.692,
14398863438000,3,-29.447,21.243,15.692,
14398884983000,3,-29.447,20.89,15.995,
14398903080000,3,-29.447,20.89,15.995,
14398923893000,3,-29.447,20.89,15.995,
14398945042000,3,-29.447,20.89,16.313,
14398963016000,3,-29.447,20.89,16.313,
14398983555000,3,-29.447,20.571,16.313,
14399005009000,3,-29.447,20.571,16.313,
14399023075000,3,-29.447,20.571,16.679,
14399044346000,3,-29.447,20.571,16.679,
14399065098000,3,-29.447,20.571,16.679,
14399083195000,3,-29.447,20.228,16.679,
14399104008000,3,-29.447,20.228,16.983,
14399125095000,3,-29.447,20.228,16.983,
14399143192000,3,-29.447,20.228,16.983,
14399163609000,3,-29.447,20.228,16.983,
14399185184000,3,-29.447,20.228,17.317,
14399203251000,3,-29.447,20.228,17.317,
14399223850000,3,-29.447,20.228,17.317,
14399245182000,3,-29.447,20.228,17.317,
14399263493000,3,-29.447,20.228,17.317,
14399284519000,3,-29.447,20.228,17.633,
14399305241000,3,-29.447,20.228,17.633,
14399323368000,3,-29.447,20.228,17.633,
14399343754000,3,-29.447,20.228,17.633,
14399365299000,3,-29.447,20.228,17.633,
14399383427000,3,-29.447,20.228,17.633,
14399545780000,3,-29.447,20.228,17.633,
14399563938000,3,-29.447,20.228,17.633,
14399584293000,3,-29.447,20.228,17.633,
14399605869000,3,-29.447,20.228,17.633,
14399623753000,3,-29.447,20.228,17.633,
14399644566000,3,-29.447,20.228,17.633,
14399665745000,3,-29.447,20.228,17.633,
14399683781000,3,-29.447,20.228,17.633,
14399704441000,3,-29.447,20.228,17.633,
14399725834000,3,-29.447,20.228,17.633,
14399743961000,3,-29.447,20.228,17.633,
14399764683000,3,-29.447,20.228,17.633,
14399785831000,3,-29.447,20.228,17.633,
14399803867000,3,-29.447,20.228,17.633,
14399824650000,3,-29.447,20.228,17.633,
14399845798000,3,-29.447,20.228,17.633,
14399863865000,3,-29.447,20.228,17.633,
14399884312000,3,-29.447,20.228,17.633,
14399905796000,3,-29.447,20.228,17.633,
14399923985000,3,-29.447,20.228,17.633,
14399944553000,3,-29.447,20.228,17.633,
14399965977000,3,-29.447,20.228,17.318,
14399984074000,3,-29.447,20.228,17.318,
14400005589000,3,-29.447,20.228,17.318,
14400025974000,3,-29.447,19.906,17.318,
14400044193000,3,-29.447,19.906,17.318,
14400064548000,3,-29.447,19.906,17.318,
14400086063000,3,-29.447,19.906,17.318,
14400104588000,3,-29.447,19.906,17.318,
14400124516000,3,-29.447,19.906,17.318,
14400146061000,3,-29.447,19.906,17.318,
14400164188000,3,-29.447,19.906,17.318,
14400185093000,3,-29.447,19.906,17.318,
14400206120000,3,-29.447,19.906,17.318,
14400224216000,3,-29.447,19.906,17.318,
14400244968000,3,-29.447,19.906,17.318,
14400266178000,3,-29.447,19.906,17.318,
14400284306000,3,-29.447,19.906,17.318,
14400304783000,3,-29.447,19.906,17.318,
14400326206000,3,-29.447,19.906,17.318,
14400344425000,3,-29.447,19.906,17.318,
14400365238000,3,-29.447,19.906,17.318,
14400386356000,3,-29.447,19.906,17.318,
14400404423000,3,-29.447,19.906,17.318,
14400424961000,3,-29.447,20.223,17.318,
14400446354000,3,-29.447,20.223,17.318,
14400464573000,3,-29.447,20.223,17.318,
14400485325000,3,-29.447,20.223,17.318,
14400506535000,3,-29.447,20.223,17.318,
14400525578000,3,-29.447,20.223,17.318,
14400545475000,3,-29.447,20.223,17.318,
14400566471000,3,-29.447,20.223,17.318,
14400584599000,3,-29.447,20.223,17.318,
14400604984000,3,-29.447,20.223,17.318,
14400626560000,3,-29.447,20.223,17.318,
14400644718000,3,-29.447,20.223,17.318,
14400665195000,3,-29.447,20.223,17.318,
14400686588000,3,-29.447,20.223,17.318,
14400704746000,3,-29.447,20.223,17.318,
14400725925000,3,-29.447,20.223,17.318,
14400746708000,3,-29.447,19.914,17.318,
14400764805000,3,-29.447,19.914,17.318,
14400785191000,3,-29.447,19.914,17.318,
14400806675000,3,-29.447,19.914,17.318,
14400824802000,3,-29.447,19.914,17.318,
14400845249000,3,-29.447,19.914,17.318,
14400866734000,3,-29.447,19.914,17.318,
14400884922000,3,-29.447,19.914,17.318,
14400905918000,3,-29.447,19.914,17.318,
14400926853000,3,-29.447,19.914,17.318,
14400945072000,3,-29.447,19.914,17.318,
14400966282000,3,-29.447,19.914,17.318,
14400987034000,3,-29.447,19.914,17.318,
14401005039000,3,-29.447,19.914,17.016,
14401025455000,3,-29.447,19.914,17.016,
14401046970000,3,-29.447,19.914,17.016,
14401065037000,3,-29.447,19.914,17.016,
14401085819000,3,-29.447,19.914,17.016,
14401106968000,3,-29.447,19.914,17.016,
14401125126000,3,-29.447,19.914,17.016,
14401145664000,3,-29.447,19.914,17.016,
14401167057000,3,-29.447,19.914,17.016,
14401185123000,3,-29.447,19.914,17.016,
14401205936000,3,-29.447,19.914,17.016,
14401227116000,3,-29.447,19.914,17.016,
14401245213000,3,-29.447,19.914,17.016,
14401266026000,3,-29.447,19.914,17.016,
14401287144000,3,-29.447,19.914,17.016,
14401305271000,3,-29.447,19.914,17.016,
14401325657000,3,-29.447,19.914,17.016,
14401347202000,3,-29.447,19.914,17.016,
14401365391000,3,-29.447,19.914,17.016,
14401385960000,3,-29.447,19.914,17.016,
14401407291000,3,-29.447,19.914,17.016,
14401425388000,3,-29.447,19.914,17.016,
14401446537000,3,-29.447,19.914,17.016,
14401467350000,3,-29.447,19.914,17.016,
14401485477000,3,-29.447,19.914,17.016,
14401505924000,3,-29.447,19.914,17.016,
14401527439000,3,-29.447,19.914,17.355,
14401545536000,3,-29.447,19.914,17.355,
14401565983000,3,-29.447,19.914,17.355,
14401587467000,3,-29.447,19.914,17.355,
14401605747000,3,-29.447,19.914,17.355,
14401626682000,3,-29.447,19.914,17.355,
14401647678000,3,-29.447,20.236,17.355,
14401665623000,3,-29.447,20.236,17.355,
14401686344000,3,-29.447,20.236,17.716,
14401712467000,3,-29.447,20.236,17.716,
14401725620000,3,-29.447,20.236,17.716,
14401746037000,3,-29.447,20.236,17.716,
14401767551000,3,-29.447,20.236,17.716,
14401785648000,3,-29.447,20.236,17.716,
14401806522000,3,-29.447,20.236,17.716,
14401827702000,3,-29.447,20.236,17.716,
14401845798000,3,-29.447,20.236,17.716,
14401866276000,3,-29.447,20.236,17.716,
14401887699000,3,-29.447,20.236,17.716,
14401905888000,3,-29.447,20.236,17.716,
14401927128000,3,-29.447,20.236,17.716,
14401947819000,3,-29.447,20.236,17.716,
14401966099000,3,-29.447,20.236,17.716,
14401986912000,3,-29.447,20.236,17.716,
14402008060000,3,-29.447,20.236,17.716,
14402026157000,3,-29.447,20.236,17.716,
14402046574000,3,-29.447,20.236,17.716,
14402067905000,3,-29.447,20.236,17.716,
14402086063000,3,-29.447,20.236,17.375,
14402106632000,3,-29.447,20.236,17.375,
14402127964000,3,-29.447,20.236,17.375,
14402146091000,3,-29.447,20.236,17.375,
14402167210000,3,-29.447,20.236,17.375,
14402467045000,3,-29.447,19.927,17.375,
14402488499000,3,-29.447,19.927,17.375,
14402506687000,3,-29.447,19.927,17.375,
14402532383000,3,-29.447,19.927,17.375,
14402549168000,3,-29.447,19.927,17.375,
14402566471000,3,-29.447,19.927,17.375,
14402587009000,3,-29.447,19.927,17.375,
14402608433000,3,-29.447,19.927,17.375,
14402626560000,3,-29.447,19.927,17.375,
14402647343000,3,-29.447,19.927,17.375,
14402668430000,3,-29.447,19.927,17.375,
14402686588000,3,-29.447,19.927,17.375,
14402707462000,3,-29.447,19.927,17.375,
14402728550000,3,-29.447,19.927,17.375,
14402746647000,3,-29.447,19.927,17.375,
14402767094000,3,-29.447,19.927,17.375,
14402788578000,3,-29.447,19.927,17.375,
14402806766000,3,-29.447,19.927,17.375,
14402827305000,3,-29.447,20.251,17.375,
14402848698000,3,-29.447,20.251,17.375,
14402866825000,3,-29.447,20.251,17.375,
14402888462000,3,-29.447,20.251,17.375,
14402908695000,3,-29.447,20.251,17.375,
14402926792000,3,-29.447,20.251,17.375,
14402947178000,3,-29.447,20.251,17.375,
14402968754000,3,-29.447,20.251,17.375,
14402986881000,3,-29.447,20.251,17.686,
14403007359000,3,-29.447,20.251,17.686,
14403028843000,3,-29.447,20.251,17.686,
14403047001000,3,-29.447,20.251,17.686,
14403067875000,3,-29.447,20.251,17.686,
14403088963000,3,-29.447,20.251,17.686,
14403107059000,3,-29.447,20.251,17.686,
14403127842000,3,-29.447,20.251,17.686,
14403148991000,3,-29.447,20.251,17.686,
14403167118000,3,-29.447,20.251,17.686,
14403187473000,3,-29.447,20.251,17.686,
14403209049000,3,-29.447,20.251,17.686,
14403227177000,3,-29.447,20.251,17.686,
14403247990000,3,-29.447,19.943,17.686,
14403269108000,3,-29.447,19.943,17.686,
14403287205000,3,-29.447,19.943,17.686,
14403307743000,3,-29.447,19.943,17.686,
14403329136000,3,-29.447,19.943,17.994,
14403347233000,3,-29.447,19.943,17.994,
14403368046000,3,-29.447,19.943,17.994,
14403389225000,3,-29.447,19.943,17.994,
14403407322000,3,-29.447,19.943,17.994,
14403428165000,3,-29.447,19.639,17.994,
14403449284000,3,-29.447,19.639,17.994,
14403467686000,3,-29.447,19.639,17.994,
14403493443000,3,-29.447,19.639,18.412,
14403509251000,3,-29.447,19.639,18.412,
14403527439000,3,-29.447,19.639,18.412,
14403547947000,3,-29.447,19.639,18.412,
14403569340000,3,-29.447,19.639,18.736,
14403587406000,3,-29.447,19.326,18.736,
14403608646000,3,-29.447,19.326,18.736,
14403629398000,3,-29.447,19.326,19.071,
14403647526000,3,-29.447,19.326,19.071,
14403667942000,3,-29.447,19.326,19.071,
14403689457000,3,-29.447,19.326,19.071,
14403707615000,3,-29.447,19.326,19.071,
14403727940000,3,-29.447,19.013,19.398,
14403749454000,3,-29.447,19.013,19.398,
14403767551000,3,-29.447,19.013,19.398,
14403788517000,3,-29.447,19.013,19.398,
14403809574000,3,-29.447,19.013,19.398,
14403827702000,3,-29.447,18.673,19.398,
14403848881000,3,-29.447,18.673,19.725,
14403869663000,3,-29.447,18.673,19.725,
14403887791000,3,-29.447,18.673,19.725,
14403908176000,3,-29.447,18.673,19.725,
14403929722000,3,-29.447,18.333,19.725,
14403947849000,3,-29.447,18.333,19.725,
14403968601000,3,-29.447,18.333,19.725,
14403989750000,3,-29.447,18.333,20.028,
14404007816000,3,-29.447,18.333,20.028,
14404028355000,3,-29.447,18.333,20.028,
14404049778000,3,-29.447,17.979,20.028,
14404067905000,3,-29.447,17.979,20.028,
14404088657000,3,-29.447,17.979,20.028,
14404109837000,3,-29.447,17.979,20.028,
14404127964000,3,-29.447,17.979,20.028,
14404148807000,3,-29.447,17.979,20.028,
14404170078000,3,-29.447,17.633,20.028,
14404188114000,3,-29.139,17.633,20.028,
14404208439000,3,-29.139,17.633,20.028,
14404230015000,3,-29.139,17.633,20.388,
14404248081000,3,-29.139,17.633,20.388,
14404268681000,3,-29.139,17.633,20.388,
14404448948000,3,-29.139,17.318,21.009,
14404470524000,3,-29.139,16.986,21.009,
14404488651000,3,-29.139,16.986,21.009,
14404509220000,3,-29.139,16.986,21.009,
14404530247000,3,-29.139,16.986,21.359,
14404548374000,3,-29.139,16.986,21.359,
14404569126000,3,-29.139,16.986,21.359,
14404590305000,3,-29.139,16.635,21.684,
14404608433000,3,-29.139,16.635,21.684,
14404628910000,3,-29.139,16.635,21.684,
14404650394000,3,-29.139,16.635,21.684,
14404668522000,3,-29.139,16.635,21.989,
14404689274000,3,-29.139,16.23,21.989,
14404710392000,3,-29.139,16.23,21.989,
14404728519000,3,-29.139,16.23,21.989,
14404753574000,3,-29.139,15.913,21.989,
14404771641000,3,-29.139,15.913,22.3,
14404788609000,3,-29.139,15.913,22.3,
14404809788000,3,-29.139,15.913,22.3,
14404830479000,3,-29.139,15.913,22.3,
14404848606000,3,-29.139,15.55,22.634,
14404869480000,3,-29.139,15.55,22.634,
14404890629000,3,-29.139,15.55,22.634,
14404908695000,3,-29.139,15.55,22.634,
14404929172000,3,-29.139,15.158,22.634,
14404950718000,3,-29.139,15.158,22.634,
14404968815000,3,-29.139,15.158,22.634,
14404989323000,3,-29.139,14.799,22.634,
14405010746000,3,-29.139,14.799,22.634,
14405028843000,3,-29.139,14.799,22.943,
14405049961000,3,-29.139,14.382,22.943,
14405070744000,3,-29.139,14.382,22.943,
14405088840000,3,-29.139,14.382,22.943,
14405109318000,3,-29.139,14.076,22.943,
14405130833000,3,-29.139,14.076,23.246,
14405148991000,3,-29.139,14.076,23.246,
14405169376000,3,-29.139,14.076,23.246,
14405190922000,3,-29.139,13.671,23.246,
14405209019000,3,-29.139,13.671,23.246,
14405229923000,3,-29.139,13.671,23.246,
14405250950000,3,-29.139,13.671,23.246,
14405269047000,3,-29.139,13.301,23.246,
14405289829000,3,-29.139,13.301,23.246,
14405311069000,3,-29.139,13.301,23.246,
14405329136000,3,-29.139,12.985,23.246,
14405349552000,3,-29.139,12.985,23.628,
14405371128000,3,-29.139,12.985,23.628,
14405389164000,3,-29.139,12.985,23.628,
14405409916000,3,-29.139,12.985,23.628,
14405431095000,3,-29.139,12.985,23.628,
14405449223000,3,-29.139,12.635,23.948,
14405469761000,3,-29.139,12.635,23.948,
14405491184000,3,-29.139,12.635,23.948,
14405509281000,3,-29.139,12.635,23.948,
14405530155000,3,-29.139,12.635,23.948,
14405551243000,3,-29.139,12.245,23.948,
14405569340000,3,-29.139,12.245,23.948,
14405590122000,3,-29.139,12.245,24.293,
14405611332000,3,-29.139,11.904,24.293,
14405629398000,3,-29.139,11.904,24.293,
14405649815000,3,-29.139,11.904,24.293,
14405671329000,3,-29.139,11.564,24.293,
14405689487000,3,-29.139,11.564,24.293,
14405710056000,3,-29.139,11.564,24.293,
14405731419000,3,-29.139,11.25,24.293,
14405749516000,3,-29.139,11.25,24.293,
14405771152000,3,-29.139,11.25,24.293,
14405791508000,3,-29.139,10.91,24.293,
14405809574000,3,-29.139,10.91,24.293,
14405830082000,3,-29.139,10.91,24.293,
14405851871000,3,-29.139,10.539,24.293,
14405869663000,3,-29.139,10.539,24.6,
14405890110000,3,-29.139,10.539,24.6,
14405911655000,3,-29.139,10.18,24.6,
14405929752000,3,-29.139,10.18,24.6,
14405950687000,3,-29.139,10.18,24.6,
14405971653000,3,-29.139,9.838,24.6,
14405989750000,3,-29.139,9.838,24.6,
14406010532000,3,-29.139,9.838,24.6,
14406031712000,3,-29.139,9.489,24.932,
14406049808000,3,-29.139,9.489,24.932,
14406070316000,3,-29.139,9.489,24.932,
14406091862000,3,-29.139,9.184,24.932,
14406109837000,3,-29.139,9.184,24.932,
14406130619000,3,-29.139,9.184,25.292,
14406151768000,3,-29.139,8.857,25.292,
14406169895000,3,-29.139,8.857,25.292,
14406190433000,3,-29.139,8.857,25.292,
14406211887000,3,-29.139,8.477,25.292,
14406229984000,3,-29.139,8.477,25.642,
14406250767000,3,-29.139,8.477,25.642,
14406271885000,3,-29.139,8.09,25.642,
14406290073000,3,-29.139,8.09,25.642,
14406310795000,3,-29.139,8.09,25.642,
14406331913000,3,-29.139,7.728,25.642,
14406350071000,3,-29.139,7.728,25.971,
14406370487000,3,-29.139,7.728,25.971,
14406392033000,3,-29.139,7.397,25.971,
14406410160000,3,-29.139,7.397,25.971,
14406430729000,3,-29.139,7.397,26.29,
14406452061000,3,-29.139,7.008,26.29,
14406470188000,3,-29.139,7.008,26.29,
14406493443000,3,-29.139,7.008,26.29,
14406512150000,3,-29.139,6.565,26.29,
14406530308000,3,-29.447,6.565,26.29,
14406550693000,3,-29.447,6.216,26.29,
14406572239000,3,-29.447,6.216,26.29,
14406590366000,3,-29.447,5.836,26.29,
14406610783000,3,-29.447,5.836,26.29,
14406632297000,3,-29.447,5.346,26.29,
14406650394000,3,-29.447,5.346,26.29,
14406671360000,3,-29.447,4.87,26.29,
14406695560000,3,-29.447,4.87,26.29,
14406710484000,3,-29.447,4.35,26.29,
14406733067000,3,-29.447,4.35,26.29,
14406752415000,3,-29.447,4.35,26.29,
14406770542000,3,-29.447,3.968,26.29,
14406790958000,3,-29.447,3.968,26.29,
14406812443000,3,-29.447,3.646,26.29,
14406830509000,3,-29.447,3.646,26.29,
14406851353000,3,-29.127,3.259,26.29,
14406872562000,3,-29.127,3.259,26.29,
14406890629000,3,-29.127,2.865,26.29,
14406911228000,3,-29.127,2.865,26.29,
14406932621000,3,-29.127,2.471,26.29,
14406950687000,3,-29.127,2.471,26.29,
14406971561000,3,-29.127,2.114,26.29,
14406992649000,3,-29.127,2.114,26.29,
14407010715000,3,-29.127,1.744,26.615,
14407031528000,3,-29.127,1.744,26.615,
14407052708000,3,-29.127,1.397,26.615,
14407070774000,3,-29.127,1.397,26.615,
14407091190000,3,-29.127,1.039,26.615,
14407112705000,3,-29.127,1.039,26.615,
14407130802000,3,-29.127,0.692,26.615,
14407151401000,3,-29.127,0.692,26.615,
14407172794000,3,-29.127,0.387,26.615,
14407190952000,3,-29.127,0.387,26.976,
14407212101000,3,-29.127,0.08,26.976,
14407232883000,3,-29.127,0.08,26.976,
14407250980000,3,-29.127,0.08,26.976,
14407271336000,3,-29.127,-0.325,26.976,
14407292850000,3,-29.127,-0.325,26.976,
14407311039000,3,-29.127,-0.325,27.317,
14407331516000,3,-29.127,-0.701,27.317,
14407352970000,3,-29.127,-0.701,27.317,
14407371067000,3,-29.127,-0.701,27.317,
14407392002000,3,-29.127,-1.121,27.317,
14407413029000,3,-29.127,-1.121,27.317,
14407431126000,3,-29.127,-1.121,27.317,
14407451939000,3,-29.127,-1.586,27.317,
14407473148000,3,-29.127,-1.586,27.317,
14407491245000,3,-29.127,-1.94,27.317,
14407511600000,3,-29.127,-1.94,27.317,
14407533115000,3,-29.127,-2.337,27.317,
14407551243000,3,-29.127,-2.337,27.317,
14407572056000,3,-29.127,-2.69,27.317,
14407593143000,3,-29.127,-2.69,27.317,
14407611362000,3,-29.127,-2.69,27.317,
14407632023000,3,-29.127,-3.114,27.317,
14407653233000,3,-29.127,-3.114,26.933,
14407671360000,3,-29.127,-3.469,26.933,
14407692600000,3,-29.127,-3.469,26.933,
14407713291000,3,-29.127,-3.822,26.933,
14407731358000,3,-29.127,-3.822,26.933,
14407752171000,3,-29.127,-4.139,26.588,
14407773411000,3,-29.127,-4.139,26.588,
14407791965000,3,-29.127,-4.447,26.588,
14407811832000,3,-29.127,-4.447,26.588,
14407833378000,3,-29.127,-4.447,26.588,
14407851505000,3,-29.127,-4.835,26.588,
14407872105000,3,-29.127,-4.835,26.588,
14407893467000,3,-29.127,-4.835,26.588,
14407911564000,3,-29.127,-5.235,26.269,
14407932743000,3,-29.127,-5.235,26.269,
14407953587000,3,-29.127,-5.235,26.269,
14407971653000,3,-29.127,-5.619,26.269,
14407992069000,3,-29.127,-5.619,26.269,
14408013615000,3,-29.127,-5.952,26.269,
14408032566000,3,-29.127,-5.952,26.269,
14408052219000,3,-29.127,-6.285,26.269,
14408073734000,3,-29.127,-6.285,26.269,
14408091801000,3,-29.127,-6.626,25.95,
14408112705000,3,-29.127,-6.626,25.95,
14408133701000,3,-29.127,-6.962,25.95,
14408151829000,3,-29.127,-6.962,25.95,
14408172581000,3,-29.127,-7.293,25.95,
14408193790000,3,-29.127,-7.293,25.95,
14408211948000,3,-29.127,-7.67,25.95,
14408232365000,3,-29.127,-7.67,25.63,
14408253788000,3,-29.127,-8.07,25.63,
14408271915000,3,-29.127,-8.07,25.63,
14408292759000,3,-29.127,-8.439,25.63,
14408313908000,3,-29.127,-8.439,25.63,
14408332035000,3,-29.127,-8.824,25.63,
14408352543000,3,-29.127,-8.824,25.63,
14408373936000,3,-29.127,-9.259,25.309,
14408392124000,3,-29.127,-9.259,25.309,
14408412846000,3,-29.127,-9.617,25.309,
14408433994000,3,-29.127,-9.617,25.309,
14408452122000,3,-29.127,-9.924,25.309,
14408472935000,3,-29.127,-9.924,25.309,
14408494053000,3,-29.127,-10.238,25.309,
14408512180000,3,-29.127,-10.238,25.309,
14408532566000,3,-29.127,-10.551,25.309,
14408554172000,3,-29.127,-10.551,25.006,
14408572269000,3,-29.127,-10.864,25.006,
14408592808000,3,-29.127,-10.864,25.006,
14408614140000,3,-29.127,-10.864,25.006,
14408632236000,3,-29.127,-11.303,25.006,
14408654362000,3,-29.127,-11.303,25.006,
14408674198000,3,-29.127,-11.303,24.629,
14408692356000,3,-29.127,-11.749,24.629,
14408712711000,3,-29.127,-11.749,24.629,
14408734257000,3,-29.127,-11.749,24.629,
14408752415000,3,-29.127,-12.11,24.316,
14408772800000,3,-29.127,-12.11,24.316,
14408794315000,3,-29.127,-12.11,24.316,
14408812504000,3,-29.127,-12.501,24.316,
14408833439000,3,-29.127,-12.501,24.316,
14408854374000,3,-29.127,-12.501,23.956,
14408872501000,3,-29.127,-12.901,23.956,
14408893284000,3,-29.127,-12.901,23.956,
14408914494000,3,-29.127,-12.901,23.956,
14408932621000,3,-29.127,-13.296,23.617,
14408953007000,3,-29.127,-13.296,23.617,
14408974552000,3,-29.127,-13.296,23.617,
14408992649000,3,-29.127,-13.655,23.617,
14409013462000,3,-29.127,-13.655,23.617,
14409034550000,3,-29.127,-13.655,23.304,
14409052677000,3,-29.127,-14.021,23.304,
14409073246000,3,-29.127,-14.021,23.304,
14409094669000,3,-29.127,-14.021,23.304,
14409112858000,3,-29.127,-14.433,23.304,
14409133549000,3,-29.127,-14.433,22.966,
14409154728000,3,-29.127,-14.749,22.966,
14409172825000,3,-29.127,-14.749,22.966,
14409193607000,3,-29.127,-14.749,22.966,
14409214725000,3,-29.127,-15.188,22.579,
14409232853000,3,-29.127,-15.188,22.579,
14409253452000,3,-29.127,-15.545,22.579,
14409274815000,3,-29.127,-15.545,22.21,
14409293308000,3,-29.127,-15.876,22.21,
14409313541000,3,-29.127,-15.876,22.21,
14409334904000,3,-29.127,-15.876,21.903,
14409352970000,3,-29.127,-16.348,21.903,
14409374119000,3,-29.127,-16.348,21.903,
14409394962000,3,-29.127,-16.667,21.549,
14409413029000,3,-29.127,-16.667,21.549,
14409433445000,3,-29.127,-16.667,21.549,
14409454960000,3,-29.127,-17.065,21.549,
14409473148000,3,-29.127,-17.065,21.549,
14409493504000,3,-29.127,-17.065,21.192,
14409514988000,3,-29.127,-17.414,21.192,
14409533085000,3,-29.127,-17.414,21.192,
14409554142000,3,-29.127,-17.414,21.192,
14409575108000,3,-29.127,-17.756,21.192,
14409593266000,3,-29.127,-17.756,20.883,
14409614445000,3,-29.127,-17.756,20.883,
14409635166000,3,-29.127,-18.101,20.883,
14409653324000,3,-29.127,-18.101,20.883,
14409673740000,3,-29.127,-18.101,20.533,
14409695225000,3,-29.127,-18.441,20.533,
14409713291000,3,-29.127,-18.441,20.533,
14409735355000,3,-29.127,-18.441,20.124,
14409755894000,3,-29.127,-18.855,20.124,
14409773441000,3,-29.127,-18.855,19.816,
14409794285000,3,-29.127,-19.158,19.816,
14409815372000,3,-29.127,-19.158,19.482,
14409834324000,3,-29.127,-19.158,19.482,
14409855167000,3,-29.127,-19.598,19.137,
14409875370000,3,-29.127,-19.598,19.137,
14409893772000,3,-29.127,-19.598,18.559,
14409914280000,3,-29.127,-20.028,18.205,
14409936314000,3,-29.127,-20.028,18.205,
14409953587000,3,-29.127,-20.028,18.205,
14409975071000,3,-29.127,-20.457,18.205,
14409996983000,3,-29.127,-20.457,17.752,
14410013554000,3,-29.127,-20.457,17.752,
14410034641000,3,-29.127,-20.825,17.399,
14410056675000,3,-29.127,-20.825,17.399,
14410073673000,3,-29.428,-20.825,17.399,
14410094791000,3,-29.428,-21.145,16.973,
14410115574000,3,-29.428,-21.145,16.973,
14410133793000,3,-29.428,-21.145,16.665,
14410154118000,3,-29.428,-21.145,16.665,
14410175632000,3,-29.428,-21.472,16.665,
14410193821000,3,-29.428,-21.472,16.299,
14410214237000,3,-29.428,-21.472,16.299,
14410236820000,3,-29.428,-21.472,15.966,
14410253849000,3,-29.428,-21.777,15.966,
14410274784000,3,-29.428,-21.777,15.966,
14410297276000,3,-29.428,-21.777,15.621,
14410314365000,3,-29.428,-21.777,15.621,
14410334782000,3,-29.428,-21.777,15.621,
14410355900000,3,-29.428,-22.097,15.621,
14410374577000,3,-29.428,-22.097,15.295,
14410395786000,3,-29.428,-22.097,15.295,
14410415836000,3,-29.428,-22.097,15.295,
14410435307000,3,-29.428,-22.097,15.295,
14410454807000,3,-29.428,-22.097,15.295,
14410476566000,3,-29.428,-22.097,14.991,
14410494053000,3,-29.428,-22.097,14.991,
14410514622000,3,-29.428,-22.097,14.991,
14410537785000,3,-29.428,-22.097,14.991,
14410554111000,3,-29.428,-22.097,14.991,
14410575565000,3,-29.428,-22.097,14.991,
14410597172000,3,-29.428,-22.436,14.643,
14410614292000,3,-29.428,-22.436,14.643,
14410635014000,3,-29.428,-22.436,14.643,
14410656223000,3,-29.428,-22.436,14.643,
14410674229000,3,-29.428,-22.436,14.643,
14410694645000,3,-29.428,-22.436,14.643,
14410717045000,3,-29.428,-22.436,14.643,
14410734318000,3,-29.428,-22.436,14.643,
14410754887000,3,-29.428,-22.436,14.643,
14410776218000,3,-29.428,-22.758,14.643,
14410794407000,3,-29.428,-22.758,14.297,
14410815586000,3,-29.428,-22.758,14.297,
14410843693000,3,-29.428,-22.758,14.297,
14410854526000,3,-29.428,-22.758,14.297,
14410874912000,3,-29.428,-22.758,14.297,
14410896458000,3,-29.428,-22.758,14.297,
14410914585000,3,-29.428,-22.758,14.297,
14410935001000,3,-29.428,-23.071,14.297,
14410956516000,3,-29.428,-23.071,14.297,
14410974613000,3,-29.428,-23.071,14.297,
14410995579000,3,-29.428,-23.071,14.297,
14411016575000,3,-29.428,-23.071,14.297,
14411034672000,3,-29.428,-23.071,14.297,
14411055271000,3,-29.428,-23.071,14.297,
14411076450000,3,-29.428,-23.071,14.297,
14411094608000,3,-29.428,-23.071,14.297,
14411115086000,3,-29.428,-23.071,14.297,
14411136631000,3,-29.428,-23.071,14.297,
14411154819000,3,-29.428,-23.071,14.297,
14411175632000,3,-29.428,-23.071,14.297,
14411196751000,3,-29.428,-23.071,14.297,
14411214878000,3,-29.428,-23.071,14.297,
14411235477000,3,-29.428,-23.071,14.297,
14411256809000,3,-29.428,-23.071,14.297,
14411274906000,3,-29.428,-23.071,14.297,
14411295780000,3,-29.428,-23.071,14.297,
14411316868000,3,-29.428,-23.071,14.297,
14411334995000,3,-29.428,-23.071,14.297,
14411355747000,3,-29.428,-23.071,14.297,
14411376896000,3,-29.428,-23.071,14.297,
14411394993000,3,-29.428,-23.071,14.297,
14411415379000,3,-29.428,-23.071,14.297,
14411436924000,3,-29.428,-23.071,14.297,
14411454990000,3,-29.428,-23.071,14.297,
14411475529000,3,-29.428,-23.071,14.297,
14411496922000,3,-29.428,-23.071,14.297,
14411515110000,3,-29.428,-23.071,14.297,
14411536747000,3,-29.428,-23.071,14.297,
14411557041000,3,-29.428,-23.071,14.613,
14411575199000,3,-29.428,-23.071,14.613,
14411595615000,3,-29.428,-23.071,14.613,
14411617069000,3,-29.428,-23.071,14.613,
14411635258000,3,-29.428,-23.071,14.613,
14411655674000,3,-29.428,-23.071,14.613,
14411677158000,3,-29.428,-23.071,14.613,
14411695286000,3,-29.428,-23.071,14.613,
14411716190000,3,-29.428,-23.071,14.613,
14411737247000,3,-29.428,-23.071,14.613,
14411755283000,3,-29.428,-23.071,14.613,
14411776035000,3,-29.428,-23.071,14.613,
14411797245000,3,-29.428,-23.071,14.613,
14411815403000,3,-29.428,-23.071,14.613,
14411835850000,3,-29.428,-23.071,14.613,
14411857334000,3,-29.428,-23.071,14.613,
14411875431000,3,-29.428,-23.071,14.613,
14411896671000,3,-29.428,-23.071,14.276,
14411917332000,3,-29.428,-23.071,14.276,
14411935490000,3,-29.428,-23.071,14.276,
14411955936000,3,-29.428,-23.071,14.276,
14411977329000,3,-29.428,-23.071,14.276,
14411995487000,3,-29.428,-23.071,14.276,
14412016270000,3,-29.428,-23.071,14.276,
14412037449000,3,-29.428,-23.071,14.276,
14412055607000,3,-29.428,-23.071,13.948,
14412076389000,3,-29.428,-23.071,13.948,
14412097477000,3,-29.428,-23.071,13.948,
14412115604000,3,-29.428,-23.071,13.948,
14412136082000,3,-29.428,-23.387,13.948,
14412157536000,3,-29.428,-23.387,13.948,
14412175663000,3,-29.428,-23.387,13.587,
14412196201000,3,-29.428,-23.387,13.587,
14412217625000,3,-29.428,-23.387,13.587,
14412235783000,3,-29.428,-23.387,13.587,
14412256931000,3,-29.428,-23.387,13.587,
14412277653000,3,-29.428,-23.387,13.191,
14412295780000,3,-29.428,-23.716,13.191,
14412316196000,3,-29.428,-23.716,13.191,
14412337711000,3,-29.428,-23.716,13.191,
14412355839000,3,-29.428,-23.716,12.808,
14412376255000,3,-29.428,-23.716,12.808,
14412397770000,3,-29.428,-23.716,12.808,
14412415897000,3,-29.428,-23.716,12.808,
14412436832000,3,-29.428,-24.028,12.507,
14412457828000,3,-29.428,-24.028,12.507,
14412475925000,3,-29.428,-24.028,12.507,
14412497196000,3,-29.428,-24.028,12.507,
14412517887000,3,-29.428,-24.028,12.162,
14412536015000,3,-29.428,-24.028,12.162,
14412556431000,3,-29.428,-24.028,12.162,
14412577946000,3,-29.428,-24.36,12.162,
14412596043000,3,-29.428,-24.36,11.761,
14412616886000,3,-29.428,-24.36,11.761,
14412638035000,3,-29.428,-24.36,11.761,
14412656132000,3,-29.428,-24.36,11.358,
14412676701000,3,-29.428,-24.681,11.358,
14412698063000,3,-29.428,-24.681,11.358,
14412716190000,3,-29.428,-24.681,10.984,
14412736973000,3,-29.428,-24.681,10.984,
14412758152000,3,-29.428,-24.681,10.984,
14412776249000,3,-29.428,-24.681,10.639,
14412797092000,3,-29.428,-25.03,10.639,
14412818180000,3,-29.428,-25.03,10.639,
14412836338000,3,-29.428,-25.03,10.249,
14412856754000,3,-29.428,-25.03,10.249,
14412878300000,3,-29.428,-25.03,10.249,
14412896427000,3,-29.428,-25.03,9.861,
14412916965000,3,-29.428,-25.03,9.861,
14412938358000,3,-29.428,-25.03,9.861,
14412956455000,3,-29.428,-25.03,9.471,
14412977634000,3,-29.428,-25.334,9.471,
14412998447000,3,-29.428,-25.334,9.471,
14413016544000,3,-29.428,-25.334,9.092,
14413036930000,3,-29.428,-25.334,9.092,
14413058475000,3,-29.428,-25.334,9.092,
14413076572000,3,-29.428,-25.334,8.764,
14413097019000,3,-29.428,-25.334,8.764,
14413118504000,3,-29.428,-25.334,8.764,
14413136600000,3,-29.428,-25.334,8.317,
14413157566000,3,-29.428,-25.334,8.317,
14413178623000,3,-29.428,-25.334,8.0,
14413196690000,3,-29.428,-25.334,8.0,
14413217380000,3,-29.428,-25.334,8.0,
14413238621000,3,-29.428,-25.334,7.6,
14413256748000,3,-29.428,-25.662,7.6,
14413277195000,3,-29.428,-25.662,7.293,
14413298740000,3,-29.428,-25.662,7.293,
14413316807000,3,-29.428,-25.662,7.293,
14413337650000,3,-29.428,-25.662,6.909,
14413358677000,3,-29.428,-25.662,6.909,
14413376896000,3,-29.428,-25.662,6.909,
14413397404000,3,-29.428,-25.97,6.565,
14413418827000,3,-29.428,-25.97,6.565,
14413436954000,3,-29.428,-25.97,6.565,
14413458195000,3,-29.428,-25.97,6.565,
14413478886000,3,-29.428,-25.97,6.198,
14413496983000,3,-29.428,-25.97,6.198,
14413517796000,3,-29.428,-25.97,6.198,
14413538944000,3,-29.428,-25.97,6.198,
14413557041000,3,-29.428,-25.97,6.198,
14413577457000,3,-29.428,-25.97,6.198,
14413599033000,3,-29.428,-25.97,5.755,
14413617039000,3,-29.428,-25.97,5.755,
14413637638000,3,-29.428,-25.97,5.755,
14413659122000,3,-29.428,-25.97,5.43,
14413677219000,3,-29.428,-25.97,5.43,
14413698307000,3,-29.733,-25.97,5.43,
14413719181000,3,-29.733,-25.97,5.43,
14413737308000,3,-29.733,-25.97,5.43,
14413757633000,3,-29.733,-25.97,5.044,
14413779118000,3,-29.733,-25.97,5.044,
14413797214000,3,-29.733,-25.97,5.044,
14413817722000,3,-29.733,-25.97,5.044,
14413839207000,3,-29.733,-25.97,4.684,
14413857426000,3,-29.733,-25.97,4.684,
14413880955000,3,-29.733,-25.97,4.319,
14413899235000,3,-29.733,-25.97,4.319,
14413917332000,3,-29.733,-25.97,3.981,
14413938084000,3,-29.733,-25.97,3.981,
14413959324000,3,-29.733,-25.97,3.674,
14413977421000,3,-29.733,-25.97,3.674,
14413997868000,3,-29.733,-25.97,3.674,
14414019352000,3,-29.733,-25.97,3.35,
14414037449000,3,-29.733,-25.97,3.35,
14414058292000,3,-29.733,-25.97,3.35,
14414079411000,3,-29.733,-25.97,3.021,
14414097507000,3,-29.733,-25.97,3.021,
14414118046000,3,-29.733,-25.97,3.021,
14414139469000,3,-29.733,-25.97,2.555,
14414157627000,3,-29.733,-26.312,2.555,
14414178410000,3,-29.733,-26.312,2.191,
14414358555000,3,-29.733,-26.312,1.104,
14414379948000,3,-29.733,-26.637,0.796,
14414398106000,3,-29.733,-26.637,0.796,
14414419682000,3,-29.733,-26.637,0.796,
14414439976000,3,-29.733,-26.637,0.494,
14414458134000,3,-29.733,-26.637,0.494,
14414478519000,3,-29.733,-26.637,0.494,
14414500156000,3,-29.733,-26.637,0.093,
14414518162000,3,-29.733,-26.637,0.093,
14414538578000,3,-29.733,-26.637,0.093,
14414559849000,3,-29.733,-26.637,-0.218,
14414577946000,3,-29.733,-26.637,-0.218,
14414598881000,3,-29.733,-26.637,-0.218,
14414619968000,3,-29.733,-26.637,-0.57,
14414638096000,3,-29.733,-26.637,-0.57,
14414658756000,3,-29.733,-26.637,-0.57,
14414679996000,3,-29.733,-26.637,-0.999,
14414698032000,3,-29.733,-26.637,-0.999,
14414718601000,3,-29.733,-26.637,-0.999,
14414740177000,3,-29.733,-26.637,-1.348,
14414758213000,3,-29.733,-26.637,-1.348,
14414778934000,3,-29.733,-26.637,-1.348,
14414800144000,3,-29.733,-26.637,-1.73,
14414818241000,3,-29.733,-26.637,-1.73,
14414838810000,3,-29.733,-26.637,-1.73,
14414860233000,3,-29.733,-26.637,-2.172,
14414878330000,3,-29.733,-26.637,-2.172,
14414899113000,3,-29.733,-26.637,-2.532,
14414920200000,3,-29.733,-26.637,-2.532,
14414938328000,3,-29.733,-26.637,-2.925,
14414959171000,3,-29.733,-26.637,-2.925,
14414980320000,3,-29.733,-26.637,-3.352,
14414998447000,3,-29.733,-26.637,-3.352,
14415018803000,3,-29.733,-26.637,-3.701,
14415040318000,3,-29.733,-26.637,-3.701,
14415058506000,3,-29.733,-26.637,-4.1,
14415079105000,3,-29.733,-26.637,-4.1,
14415100437000,3,-29.733,-26.637,-4.1,
14415118534000,3,-29.733,-26.637,-4.412,
14415139744000,3,-29.733,-26.637,-4.412,
14415160465000,3,-29.733,-26.637,-4.769,
14415178532000,3,-29.733,-26.637,-4.769,
14415198917000,3,-29.733,-26.637,-5.163,
14415220554000,3,-29.733,-26.637,-5.163,
14415238651000,3,-29.733,-26.637,-5.535,
14415259098000,3,-29.733,-26.637,-5.535,
14415280613000,3,-29.733,-26.329,-5.873,
14415298710000,3,-29.733,-26.329,-5.873,
14415319706000,3,-29.423,-26.329,-5.873,
14415340702000,3,-29.423,-26.329,-6.248,
14415358707000,3,-29.423,-26.329,-6.248,
14415379917000,3,-29.423,-26.329,-6.248,
14415400730000,3,-29.423,-26.329,-6.617,
14415418827000,3,-29.423,-25.999,-6.617,
14415439243000,3,-29.423,-25.999,-6.617,
14415460758000,3,-29.423,-25.999,-7.006,
14415478825000,3,-29.423,-25.999,-7.006,
14415499638000,3,-29.423,-25.999,-7.006,
14415521641000,3,-29.423,-25.662,-7.435,
14415538914000,3,-29.423,-25.662,-7.435,
14415559483000,3,-29.423,-25.662,-7.435,
14415580936000,3,-29.423,-25.662,-7.836,
14415599033000,3,-29.423,-25.662,-7.836,
14415619816000,3,-29.423,-25.662,-7.836,
14415640964000,3,-29.423,-25.328,-8.166,
14415659092000,3,-29.423,-25.328,-8.166,
14415679905000,3,-29.423,-25.328,-8.166,
14415701023000,3,-29.423,-25.328,-8.489,
14415719181000,3,-29.423,-25.328,-8.489,
14415739597000,3,-29.423,-25.328,-8.489,
14415761082000,3,-29.423,-25.016,-8.872,
14415779209000,3,-29.423,-25.016,-8.872,
14415799747000,3,-29.423,-25.016,-8.872,
14415821171000,3,-29.423,-25.016,-9.309,
14415839237000,3,-29.423,-25.016,-9.309,
14415860477000,3,-29.423,-25.016,-9.645,
14415881290000,3,-29.423,-25.016,-9.645,
14415899326000,3,-29.423,-25.016,-10.014,
14415919804000,3,-29.423,-24.707,-10.014,
14415941410000,3,-29.423,-24.707,-10.014,
14415959324000,3,-29.423,-24.707,-10.366,
14415979771000,3,-29.423,-24.707,-10.366,
14416001286000,3,-29.423,-24.707,-10.366,
14416019443000,3,-29.423,-24.707,-10.751,
14416040379000,3,-29.423,-24.707,-10.751,
14416061222000,3,-29.423,-24.707,-10.751,
14416079411000,3,-29.423,-24.395,-11.128,
14416100285000,3,-29.423,-24.395,-11.128,
14416121555000,3,-29.423,-24.395,-11.128,
14416139591000,3,-29.423,-24.395,-11.436,
14416159946000,3,-29.423,-24.395,-11.436,
14416181492000,3,-29.423,-24.07,-11.436,
14416199589000,3,-29.423,-24.07,-11.805,
14416220341000,3,-29.423,-24.07,-11.805,
14416241520000,3,-29.423,-24.07,-11.805,
14416259647000,3,-29.423,-24.07,-11.805,
14416440067000,3,-29.423,-23.396,-12.844,
14416460148000,3,-29.423,-23.039,-12.844,
14416481693000,3,-29.423,-23.039,-12.844,
14416499851000,3,-29.423,-23.039,-13.2,
14416520390000,3,-29.423,-23.039,-13.2,
14416541752000,3,-29.423,-22.703,-13.2,
14416559940000,3,-29.423,-22.703,-13.2,
14416581120000,3,-29.423,-22.703,-13.2,
14416601932000,3,-29.423,-22.703,-13.578,
14416619938000,3,-29.423,-22.294,-13.578,
14416640324000,3,-29.423,-22.294,-13.578,
14416661900000,3,-29.423,-22.294,-13.578,
14416679966000,3,-29.423,-22.294,-13.919,
14416700474000,3,-29.423,-21.945,-13.919,
14416721989000,3,-29.423,-21.945,-13.919,
14416740177000,3,-29.423,-21.945,-13.919,
14416760960000,3,-29.423,-21.623,-13.919,
14416781956000,3,-29.423,-21.623,-14.276,
14416800144000,3,-29.423,-21.623,-14.276,
14416821079000,3,-29.423,-21.623,-14.276,
14416842289000,3,-29.423,-21.293,-14.648,
14416860172000,3,-29.423,-21.293,-14.648,
14416880589000,3,-29.423,-21.293,-14.648,
14416902073000,3,-29.423,-21.293,-14.967,
14416924778000,3,-29.423,-20.922,-14.967,
14416941074000,3,-29.423,-20.922,-14.967,
14416962162000,3,-29.423,-20.922,-15.278,
14416980289000,3,-29.423,-20.922,-15.278,
14417000797000,3,-29.423,-20.523,-15.278,
14417022251000,3,-29.423,-20.523,-15.589,
14417040379000,3,-29.423,-20.523,-15.589,
14417061161000,3,-29.423,-20.523,-15.589,
14417082310000,3,-29.423,-20.202,-15.969,
14417100407000,3,-29.423,-20.202,-15.969,
14417121281000,3,-29.423,-20.202,-16.299,
14417142429000,3,-29.423,-20.202,-16.299,
14417160435000,3,-29.423,-20.202,-16.299,
14417180881000,3,-29.423,-20.202,-16.299,
14417202427000,3,-29.423,-20.202,-16.673,
14417220585000,3,-29.423,-20.202,-16.673,
14417241123000,3,-29.423,-20.202,-16.673,
14417262577000,3,-29.423,-20.202,-16.673,
14417280613000,3,-29.423,-20.202,-16.978,
14417302250000,3,-29.423,-20.202,-16.978,
14417322483000,3,-29.423,-20.202,-16.978,
14417340641000,3,-29.423,-20.202,-16.978,
14417361088000,3,-29.423,-20.202,-16.978,
14417382603000,3,-29.423,-20.202,-16.978,
14417400730000,3,-29.423,-20.202,-17.337,
14417421177000,3,-29.423,-20.202,-17.337,
14417442600000,3,-29.423,-20.202,-17.337,
14417460758000,3,-29.423,-20.202,-17.337,
14417481724000,3,-29.423,-20.202,-17.337,
14417502720000,3,-29.423,-20.202,-17.337,
14417520786000,3,-29.423,-20.202,-17.337,
14417541569000,3,-29.423,-20.202,-17.337,
14417562748000,3,-29.423,-20.202,-17.337,
14417580845000,3,-29.423,-20.202,-17.337,
14417601322000,3,-29.423,-20.202,-17.337,
14417622807000,3,-29.423,-20.202,-17.337,
14417640934000,3,-29.423,-20.202,-17.337,
14417661716000,3,-29.423,-20.202,-17.337,
14417682926000,3,-29.423,-20.202,-17.337,
14417701023000,3,-29.423,-20.202,-17.337,
14417721622000,3,-29.423,-20.202,-17.337,
14417742985000,3,-29.423,-20.202,-17.337,
14417761112000,3,-29.423,-20.202,-17.337,
14417781864000,3,-29.423,-20.202,-17.337,
14417803043000,3,-29.423,-20.202,-17.337,
14417821140000,3,-29.423,-20.202,-17.337,
14417841953000,3,-29.423,-20.202,-17.337,
14417863071000,3,-29.423,-20.202,-17.337,
14417881199000,3,-29.423,-20.202,-17.337,
14417901615000,3,-29.423,-20.202,-17.337,
14417923099000,3,-29.423,-20.202,-17.337,
14417941288000,3,-29.423,-20.202,-17.337,
14417961826000,3,-29.423,-20.202,-17.337,
14417983219000,3,-29.423,-20.202,-17.337,
14418001286000,3,-29.423,-20.202,-17.337,
14418022434000,3,-29.423,-20.202,-17.337,
14418043247000,3,-29.423,-20.202,-17.337,
14418061314000,3,-29.423,-20.202,-17.337,
14418081699000,3,-29.423,-20.202,-17.337,
14418103550000,3,-29.423,-20.202,-17.337,
14418121464000,3,-29.423,-20.202,-17.337,
14418141941000,3,-29.423,-20.202,-17.337,
14418163334000,3,-29.423,-20.202,-17.337,
14418181431000,3,-29.423,-20.202,-17.337,
14418202366000,3,-29.423,-20.202,-17.337,
14418223484000,3,-29.423,-20.202,-17.337,
14418241581000,3,-29.423,-20.202,-17.337,
14418262730000,3,-29.423,-20.202,-17.337,
14418283512000,3,-29.423,-20.202,-17.337,
14418301670000,3,-29.423,-20.202,-17.337,
14418322147000,3,-29.423,-20.202,-17.337,
14418343540000,3,-29.423,-20.202,-17.337,
14418361607000,3,-29.423,-20.202,-17.337,
14418382389000,3,-29.423,-20.202,-17.337,
14418403538000,3,-29.423,-20.202,-17.337,
14418421726000,3,-29.423,-20.202,-17.337,
14418442234000,3,-29.423,-20.202,-17.337,
14418463627000,3,-29.423,-20.202,-17.337,
14418481785000,3,-29.423,-19.891,-17.337,
14418502628000,3,-29.423,-19.891,-17.337,
14418523777000,3,-29.423,-19.891,-17.337,
14418541843000,3,-29.423,-19.891,-17.337,
14418562626000,3,-29.423,-19.891,-17.337,
14418583805000,3,-29.423,-19.891,-17.337,
14418601871000,3,-29.423,-19.891,-17.337,
14418622227000,3,-29.423,-19.891,-17.337,
14418643772000,3,-29.423,-19.891,-17.337,
14418661869000,3,-29.423,-19.891,-17.337,
14418682590000,3,-29.423,-19.891,-17.337,
14418703861000,3,-29.423,-19.891,-17.337,
14418722019000,3,-29.423,-19.891,-17.337,
14418743168000,3,-29.423,-19.891,-17.337,
14418763950000,3,-29.423,-19.891,-17.337,
14418786320000,3,-29.423,-19.891,-17.337,
14418802402000,3,-29.423,-19.891,-17.337,
14418824039000,3,-29.423,-19.891,-17.337,
14418842197000,3,-29.423,-19.891,-17.337,
14418862583000,3,-29.423,-19.891,-17.337,
14418884068000,3,-29.423,-19.891,-17.337,
14418902195000,3,-29.423,-19.891,-17.337,
14418923038000,3,-29.423,-19.891,-17.337,
14418944035000,3,-29.423,-19.891,-17.337,
14418962223000,3,-29.423,-19.891,-17.337,
14418982944000,3,-29.423,-19.891,-17.337,
14419004154000,3,-29.423,-19.891,-17.337,
14419022282000,3,-29.423,-19.891,-17.337,
14419042667000,3,-29.423,-19.891,-17.337,
14419064182000,3,-29.423,-19.891,-17.337,
14419082279000,3,-29.423,-19.891,-17.337,
14419103153000,3,-29.423,-19.891,-17.337,
14419124271000,3,-29.423,-19.891,-17.337,
14419142399000,3,-29.423,-19.546,-17.337,
14419162998000,3,-29.423,-19.546,-17.337,
14419184360000,3,-29.423,-19.546,-17.337,
14419202549000,3,-29.423,-19.546,-17.337,
14419223698000,3,-29.423,-19.174,-17.337,
14419244358000,3,-29.423,-19.174,-17.337,
14419262577000,3,-29.423,-19.174,-17.337,
14419283329000,3,-29.423,-19.174,-17.337,
14419304447000,3,-29.423,-19.174,-17.337,
14419322605000,3,-29.423,-19.174,-17.337,
14419343021000,3,-29.423,-19.174,-17.337,
14419364536000,3,-29.423,-19.174,-17.337,
14419382633000,3,-29.423,-19.174,-17.337,
14419403172000,3,-29.423,-18.864,-17.657,
14419424564000,3,-29.423,-18.864,-17.657,
14419442631000,3,-29.423,-18.864,-17.657,
14419463779000,3,-29.423,-18.864,-17.657,
14419484684000,3,-29.423,-18.864,-18.051,
14419502750000,3,-29.423,-18.864,-18.051,
14419523075000,3,-29.423,-18.864,-18.051,
14419544682000,3,-29.423,-18.864,-18.051,
14419562809000,3,-29.423,-18.864,-18.421,
14419583225000,3,-29.423,-18.864,-18.421,
14419604771000,3,-29.423,-18.864,-18.421,
14419622868000,3,-29.423,-18.496,-18.421,
14419643803000,3,-29.423,-18.496,-18.772,
14419664829000,3,-29.423,-18.496,-18.772,
14419682957000,3,-29.423,-18.148,-18.772,
14419703678000,3,-29.423,-18.148,-18.772,
14419724857000,3,-29.423,-18.148,-19.111,
14419742924000,3,-29.423,-17.819,-19.111,
14419763401000,3,-29.423,-17.819,-19.111,
14419784916000,3,-29.423,-17.819,-19.111,
14419803135000,3,-29.423,-17.478,-19.111,
14419823795000,3,-29.423,-17.478,-19.111,
14419844913000,3,-29.423,-17.478,-19.111,
14419863041000,3,-29.423,-17.163,-19.425,
14419883579000,3,-29.423,-17.163,-19.425,
14419905033000,3,-29.423,-17.163,-19.425,
14419923099000,3,-29.423,-17.163,-19.425,
14419948734000,3,-29.423,-16.831,-19.752,
14419965031000,3,-29.423,-16.831,-19.752,
14419983128000,3,-29.423,-16.831,-19.752,
14420003971000,3,-29.423,-16.831,-19.752,
14420025150000,3,-29.423,-16.831,-19.752,
14420043186000,3,-29.423,-16.496,-20.158,
14420063541000,3,-29.423,-16.496,-20.158,
14420085087000,3,-29.423,-16.496,-20.158,
14420103428000,3,-29.423,-16.496,-20.158,
14420123844000,3,-29.423,-16.496,-20.158,
14420145237000,3,-29.423,-16.496,-20.497,
14420163334000,3,-29.423,-16.18,-20.497,
14420184940000,3,-29.423,-16.18,-20.497,
14420205235000,3,-29.423,-16.18,-20.497,
14420223820000,3,-29.423,-16.18,-20.819,
14420243809000,3,-29.423,-15.861,-20.819,
14420265354000,3,-29.423,-15.861,-20.819,
14420283482000,3,-29.423,-15.861,-20.819,
14420303928000,3,-29.423,-15.557,-20.819,
14420325413000,3,-29.423,-15.557,-21.18,
14420343510000,3,-29.423,-15.557,-21.18,
14420364506000,3,-29.423,-15.211,-21.18,
14420385532000,3,-29.423,-15.211,-21.18,
14420403751000,3,-29.423,-15.211,-21.18,
14420424534000,3,-29.423,-14.889,-21.18,
14420445652000,3,-29.423,-14.889,-21.18,
14420463688000,3,-29.423,-14.889,-21.18,
14420484104000,3,-29.423,-14.524,-21.498,
14420505527000,3,-29.423,-14.524,-21.498,
14420523685000,3,-29.423,-14.524,-21.498,
14420544498000,3,-29.423,-14.099,-21.498,
14420565617000,3,-29.733,-14.099,-21.498,
14420583744000,3,-29.733,-14.099,-21.498,
14420604252000,3,-29.733,-13.743,-21.498,
14420625736000,3,-29.733,-13.743,-21.498,
14420643864000,3,-29.733,-13.743,-21.498,
14420665348000,3,-29.733,-13.743,-21.498,
14420685734000,3,-29.733,-13.351,-21.852,
14420703922000,3,-29.733,-13.351,-21.852,
14420724705000,3,-29.733,-13.351,-21.852,
14420746098000,3,-29.733,-13.351,-21.852,
14420763950000,3,-29.733,-13.002,-21.852,
14420784367000,3,-29.733,-13.002,-22.158,
14420805912000,3,-29.733,-13.002,-22.158,
14420824039000,3,-29.733,-13.002,-22.158,
14420844608000,3,-29.733,-12.635,-22.158,
14420865940000,3,-29.733,-12.635,-22.158,
14420884037000,3,-29.733,-12.635,-22.546,
14420905216000,3,-29.733,-12.307,-22.546,
14420925999000,3,-29.733,-12.307,-22.546,
14420944950000,3,-29.733,-12.307,-22.546,
14420964573000,3,-29.733,-11.997,-22.546,
14420986118000,3,-29.733,-11.997,-22.857,
14421004185000,3,-29.733,-11.997,-22.857,
14421024631000,3,-29.733,-11.666,-22.857,
14421046146000,3,-29.733,-11.666,-22.857,
14421064213000,3,-29.733,-11.666,-22.857,
14421085148000,3,-29.733,-11.666,-23.176,
14421106174000,3,-29.733,-11.311,-23.176,
14421124332000,3,-29.733,-11.311,-23.176,
14421145481000,3,-29.733,-11.311,-23.176,
14421166203000,3,-29.733,-10.987,-23.176,
14421184422000,3,-29.733,-10.987,-23.176,
14421204777000,3,-29.733,-10.987,-23.176,
14421226292000,3,-29.733,-10.633,-23.176,
14421265232000,3,-29.733,-10.633,-23.529,
14421286381000,3,-29.733,-10.327,-23.529,
14421304722000,3,-29.733,-10.327,-23.529,
14421325016000,3,-29.733,-10.327,-23.529,
14421346439000,3,-29.733,-10.327,-23.529,
14421364597000,3,-29.733,-9.965,-23.529,
14421385380000,3,-29.733,-9.965,-23.529,
14421406589000,3,-29.733,-9.965,-23.878,
14421424656000,3,-29.733,-9.965,-23.878,
14421445438000,3,-29.733,-9.622,-23.878,
14421466465000,3,-29.733,-9.622,-23.878,
14421484562000,3,-29.733,-9.622,-23.878,
14421504978000,3,-29.733,-9.291,-23.878,
14421527378000,3,-29.733,-9.291,-23.878,
14421544620000,3,-29.733,-9.291,-24.201,
14421565220000,3,-29.733,-8.938,-24.201,
14421586643000,3,-29.733,-8.938,-24.201,
14421604740000,3,-29.733,-8.938,-24.201,
14421625919000,3,-29.733,-8.506,-24.201,
14421646702000,3,-29.733,-8.506,-24.201,
14421664799000,3,-29.733,-8.2,-24.201,
14421685215000,3,-29.733,-8.2,-24.501,
14421706821000,3,-29.733,-8.2,-24.501,
14421724888000,3,-29.733,-7.649,-24.501,
14421745304000,3,-29.733,-7.649,-24.501,
14421766758000,3,-29.733,-7.292,-24.501,
14421784824000,3,-29.733,-7.292,-24.501,
14421805820000,3,-29.733,-6.863,-24.501,
14421826847000,3,-29.733,-6.863,-24.501,
14421844974000,3,-29.733,-6.863,-24.501,
14421865726000,3,-29.733,-6.329,-24.501,
14421886936000,3,-29.733,-6.329,-24.501,
14421905003000,3,-29.733,-5.97,-24.848,
14421925419000,3,-29.733,-5.97,-24.848,
14421946934000,3,-29.733,-5.606,-24.848,
14421965122000,3,-29.733,-5.606,-24.848,
14421985905000,3,-29.733,-5.278,-24.848,
14422007084000,3,-29.733,-5.278,-24.848,
14422025150000,3,-29.733,-4.957,-24.848,
14422045689000,3,-29.733,-4.957,-24.848,
14422067051000,3,-29.733,-4.957,-24.848,
14422085148000,3,-29.733,-4.505,-24.848,
14422106480000,3,-29.733,-4.505,-24.848,
14422127171000,3,-29.733,-4.505,-24.848,
14422145267000,3,-29.733,-4.133,-24.848,
14422166019000,3,-29.733,-4.133,-24.848,
14422187199000,3,-29.733,-4.133,-24.848,
14422205326000,3,-29.733,-3.802,-24.848,
14422225742000,3,-29.733,-3.802,-24.848,
14422247288000,3,-29.733,-3.802,-24.848,
14422265354000,3,-29.733,-3.802,-24.848,
14422285953000,3,-29.733,-3.44,-24.848,
14422307377000,3,-29.733,-3.44,-24.848,
14422325443000,3,-29.733,-3.44,-24.848,
14422346592000,3,-29.733,-3.44,-24.848,
14422367344000,3,-29.733,-3.038,-24.848,
14422385441000,3,-29.733,-3.038,-24.848,
14422405827000,3,-29.733,-3.038,-24.848,
14422428226000,3,-29.733,-3.038,-24.848,
14422445591000,3,-29.733,-2.656,-24.848,
14422471012000,3,-29.733,-2.656,-24.848,
14422487492000,3,-29.733,-2.656,-24.848,
14422505589000,3,-29.733,-2.355,-24.848,
14422526524000,3,-29.733,-2.355,-24.848,
14422547489000,3,-29.733,-2.355,-24.848,
14422565586000,3,-29.733,-1.989,-24.848,
14422586369000,3,-29.733,-1.989,-24.848,
14422607578000,3,-29.733,-1.989,-24.848,
14422625706000,3,-29.733,-1.588,-25.166,
14422646152000,3,-29.733,-1.588,-25.166,
14422667637000,3,-29.733,-1.588,-25.166,
14422685764000,3,-29.733,-1.173,-25.166,
14422706577000,3,-29.733,-1.173,-25.166,
14422727695000,3,-29.733,-1.173,-25.166,
14422745792000,3,-29.733,-0.724,-25.166,
14422766392000,3,-29.733,-0.724,-25.166,
14422787815000,3,-29.733,-0.724,-25.166,
14422805912000,3,-29.733,-0.306,-25.166,
14422826694000,3,-29.733,-0.306,-25.166,
14422847843000,3,-29.733,-0.306,-25.166,
14422865940000,3,-29.733,0.132,-25.166,
14422886753000,3,-29.733,0.132,-25.166,
14422907932000,3,-29.733,0.132,-25.166,
14422926029000,3,-29.733,0.581,-25.166,
14422946445000,3,-29.733,0.581,-25.166,
14422969425000,3,-29.733,0.915,-25.166,
14422986057000,3,-29.733,0.915,-25.166,
14423006596000,3,-29.733,1.275,-25.166,
14423027927000,3,-29.733,1.275,-25.166,
14423046055000,3,-29.733,1.657,-25.166,
14423067692000,3,-29.733,1.657,-25.166,
14423088016000,3,-29.733,2.027,-25.166,
14423106174000,3,-29.733,2.027,-25.166,
14423126560000,3,-29.733,2.371,-25.166,
14423148136000,3,-29.733,2.371,-25.166,
14423166233000,3,-29.733,2.676,-24.864,
14423186680000,3,-29.733,2.676,-24.864,
14423208134000,3,-29.733,3.048,-24.864,
14423226231000,3,-29.733,3.048,-24.864,
14423247166000,3,-29.733,3.396,-24.864,
14423427433000,3,-29.733,4.885,-24.557,
14423448612000,3,-29.733,5.258,-24.557,
14423466709000,3,-29.733,5.258,-24.557,
14423487278000,3,-29.733,5.72,-24.197,
14423508640000,3,-29.733,5.72,-24.197,
14423526768000,3,-29.733,6.103,-24.197,
14423547611000,3,-29.733,6.103,-24.197,
14423568760000,3,-29.733,6.103,-24.197,
14423586887000,3,-29.733,6.518,-23.846,
14423607609000,3,-29.733,6.518,-23.846,
14423628757000,3,-29.733,6.901,-23.846,
14423646885000,3,-29.733,6.901,-23.846,
14423667332000,3,-29.733,7.283,-23.846,
14423688999000,3,-29.733,7.283,-23.846,
14423706913000,3,-29.733,7.644,-23.509,
14423727573000,3,-29.733,7.644,-23.509,
14423748875000,3,-29.733,8.013,-23.509,
14423767033000,3,-29.733,8.013,-23.509,
14423788120000,3,-29.733,8.323,-23.509,
14423809025000,3,-29.733,8.323,-23.509,
14423827091000,3,-29.733,8.657,-23.509,
14423847446000,3,-29.733,8.657,-23.509,
14423869114000,3,-29.733,8.657,-23.509,
14423887150000,3,-29.733,9.063,-23.509,
14423907566000,3,-29.733,9.063,-23.509,
14423929172000,3,-29.733,9.063,-23.509,
14423947147000,3,-29.733,9.457,-23.509,
14423968113000,3,-29.733,9.457,-23.509,
14423989170000,3,-29.733,9.457,-23.178,
14424006962000,3,-29.733,9.867,-23.178,
14424028233000,3,-29.733,9.867,-23.178,
14424048954000,3,-29.733,9.867,-23.178,
14424067020000,3,-29.733,10.208,-23.178,
14424087528000,3,-29.733,10.208,-23.178,
14424108982000,3,-29.733,10.208,-23.178,
14424127140000,3,-29.733,10.208,-23.178,
14424147922000,3,-29.733,10.557,-23.178,
14424169071000,3,-29.733,10.557,-23.178,
14424187138000,3,-29.733,10.557,-23.178,
14424207676000,3,-29.733,10.557,-23.178,
14424229130000,3,-29.733,10.922,-22.865,
14424247257000,3,-29.733,10.922,-22.865,
14424268040000,3,-29.733,10.922,-22.865,
14424289158000,3,-29.733,11.262,-22.865,
14424307255000,3,-29.733,11.262,-22.865,
14424328068000,3,-29.733,11.262,-22.511,
14424349277000,3,-29.733,11.645,-22.511,
14424367313000,3,-29.733,11.645,-22.511,
14424387730000,3,-29.733,11.645,-22.511,
14424409336000,3,-29.733,12.033,-22.511,
14424427433000,3,-29.733,12.033,-22.189,
14424447941000,3,-29.733,12.033,-22.189,
14424469364000,3,-29.733,12.033,-22.189,
14424487522000,3,-29.733,12.46,-22.189,
14424508640000,3,-29.733,12.46,-22.189,
14424529453000,3,-29.733,12.46,-22.189,
14424547550000,3,-29.733,12.774,-21.807,
14424567966000,3,-29.733,12.774,-21.807,
14424589512000,3,-29.733,12.774,-21.807,
14424607639000,3,-29.733,13.084,-21.807,
14424628086000,3,-29.733,13.084,-21.807,
14424649570000,3,-29.733,13.084,-21.807,
14424667667000,3,-29.733,13.084,-21.807,
14424688541000,3,-29.733,13.084,-21.49,
14424709629000,3,-29.733,13.433,-21.49,
14424727726000,3,-29.733,13.433,-21.49,
14424748478000,3,-29.733,13.433,-21.49,
14424769718000,3,-29.733,13.433,-21.49,
14424787815000,3,-29.733,13.735,-21.49,
14424808201000,3,-29.733,13.735,-21.49,
14424829777000,3,-29.733,13.735,-21.163,
14424847813000,3,-29.733,13.735,-21.163,
14424868656000,3,-29.733,14.108,-21.163,
14424889805000,3,-29.733,14.108,-21.163,
14424907902000,3,-29.733,14.108,-21.163,
14424928440000,3,-29.733,14.108,-20.826,
14424949833000,3,-29.733,14.418,-20.826,
14424967960000,3,-29.733,14.418,-20.826,
14424989231000,3,-29.733,14.418,-20.826,
14425009983000,3,-29.733,14.72,-20.826,
14425028019000,3,-29.733,14.72,-20.509,
14425048832000,3,-29.733,14.72,-20.509,
14425069889000,3,-29.733,15.019,-20.509,
14425087986000,3,-29.733,15.019,-20.509,
14425108585000,3,-29.733,15.019,-20.509,
14425130253000,3,-29.733,15.019,-20.156,
14425148258000,3,-29.733,15.399,-20.156,
14425168705000,3,-29.733,15.399,-20.156,
14425190159000,3,-29.733,15.399,-20.156,
14425208164000,3,-29.733,15.399,-19.81,
14425229313000,3,-29.733,15.8,-19.81,
14425250156000,3,-29.733,15.8,-19.81,
14425268253000,3,-29.733,15.8,-19.81,
14425288639000,3,-29.733,16.143,-19.48,
14425310337000,3,-29.733,16.143,-19.48,
14425328434000,3,-29.733,16.143,-19.48,
14425348850000,3,-29.733,16.468,-19.48,
14425370243000,3,-29.733,16.468,-19.139,
14425388401000,3,-29.733,16.468,-19.139,
14425409306000,3,-29.733,16.789,-19.139,
14425430302000,3,-29.733,16.789,-18.83,
14425448429000,3,-29.733,16.789,-18.83,
14425469089000,3,-29.733,17.149,-18.83,
14425490330000,3,-29.733,17.149,-18.508,
14425508579000,3,-29.733,17.149,-18.508,
14425529087000,3,-29.733,17.483,-18.508,
14425550602000,3,-29.733,17.483,-18.508,
14425568668000,3,-29.733,17.483,-18.113,
14425589481000,3,-29.733,17.808,-18.113,
14425610508000,3,-29.733,17.808,-18.113,
14425628605000,3,-29.733,17.808,-18.113,
14425649143000,3,-29.733,17.808,-17.744,
14425670505000,3,-29.415,18.225,-17.744,
14425688602000,3,-29.415,18.225,-17.744,
14425709385000,3,-29.415,18.225,-17.416,
14425730625000,3,-29.415,18.557,-17.416,
14425748722000,3,-29.415,18.557,-17.416,
14425769505000,3,-29.415,18.557,-17.416,
14425790714000,3,-29.415,18.557,-17.07,
14425808781000,3,-29.415,18.927,-17.07,
14425829166000,3,-29.415,18.927,-17.07,
14425850742000,3,-29.415,18.927,-17.07,
14425868809000,3,-29.415,18.927,-16.725,
14425889408000,3,-29.415,19.238,-16.725,
14425910770000,3,-29.415,19.238,-16.725,
14425928898000,3,-29.415,19.238,-16.725,
14425950535000,3,-29.415,19.541,-16.375,
14425970860000,3,-29.415,19.541,-16.375,
14425988956000,3,-29.415,19.541,-16.375,
14426012424000,3,-29.415,19.541,-16.067,
14426030979000,3,-29.415,19.874,-16.067,
14426049046000,3,-29.415,19.874,-16.067,
14426069401000,3,-29.415,19.874,-16.067,
14426090885000,3,-29.415,19.874,-15.762,
14426109013000,3,-29.415,19.874,-15.762,
14426129917000,3,-29.415,19.874,-15.762,
14426151005000,3,-29.415,20.202,-15.762,
14426169102000,3,-29.415,20.202,-15.762,
14426189823000,3,-29.415,20.202,-15.762,
14426211063000,3,-29.415,20.202,-15.451,
14426229130000,3,-29.415,20.202,-15.451,
14426249577000,3,-29.415,20.202,-15.451,
14426271091000,3,-29.415,20.202,-15.451,
14426391422000,3,-29.415,20.202,-15.119,
14426409458000,3,-29.415,20.202,-15.119,
14426430241000,3,-29.415,20.513,-15.119,
14426451420000,3,-29.415,20.513,-15.119,
14426469517000,3,-29.415,20.513,-15.119,
14426490269000,3,-29.415,20.513,-15.119,
14426511326000,3,-29.415,20.513,-15.119,
14426529453000,3,-29.415,20.513,-14.778,
14426549839000,3,-29.415,20.513,-14.778,
14426571384000,3,-29.415,20.513,-14.778,
14426589512000,3,-29.415,20.513,-14.778,
14426610111000,3,-29.415,20.849,-14.778,
14426631412000,3,-29.415,20.849,-14.477,
14426649601000,3,-29.415,20.849,-14.477,
14426670689000,3,-29.415,20.849,-14.477,
14426691471000,3,-29.415,20.849,-14.477,
14426709568000,3,-29.415,20.849,-14.477,
14426730076000,3,-29.415,21.186,-14.477,
14426751621000,3,-29.415,21.186,-14.477,
14426769718000,3,-29.415,21.186,-14.099,
14426790134000,3,-29.415,21.186,-14.099,
14426811558000,3,-29.415,21.186,-14.099,
14426829746000,3,-29.415,21.186,-14.099,
14426850712000,3,-29.415,21.186,-14.099,
14426871738000,3,-29.415,21.186,-14.099,
14426889805000,3,-29.415,21.186,-14.099,
14426911015000,3,-29.415,21.536,-14.099,
14426931797000,3,-29.415,21.536,-14.099,
14426949863000,3,-29.415,21.536,-13.772,
14426970310000,3,-29.415,21.536,-13.772,
14426991856000,3,-29.415,21.536,-13.772,
14427009953000,3,-29.415,21.536,-13.772,
14427030766000,3,-29.415,21.536,-13.772,
14427051945000,3,-29.415,21.853,-13.439,
14427069981000,3,-29.415,21.853,-13.439,
14427090519000,3,-29.415,21.853,-13.439,
14427111912000,3,-29.415,21.853,-13.439,
14427130100000,3,-29.415,21.853,-13.439,
14427150822000,3,-29.415,21.853,-13.117,
14427171909000,3,-29.415,21.853,-13.117,
14427190098000,3,-29.415,21.853,-13.117,
14427210911000,3,-29.415,21.853,-13.117,
14427232059000,3,-29.415,22.184,-13.117,
14427250156000,3,-29.415,22.184,-13.117,
14427270603000,3,-29.415,22.184,-13.117,
14427292179000,3,-29.415,22.184,-12.8,
14427310245000,3,-29.415,22.184,-12.8,
14427330814000,3,-29.415,22.184,-12.8,
14427352238000,3,-29.415,22.184,-12.8,
14427370213000,3,-29.415,22.184,-12.8,
14427391392000,3,-29.415,22.184,-12.8,
14427412266000,3,-29.415,22.184,-12.8,
14427430332000,3,-29.415,22.184,-12.8,
14427450748000,3,-29.415,22.184,-12.8,
14427472294000,3,-29.415,22.184,-12.8,
14427490452000,3,-29.415,22.184,-12.8,
14427510776000,3,-29.415,22.488,-12.8,
14427532291000,3,-29.415,22.488,-12.467,
14427550510000,3,-29.415,22.488,-12.467,
14427571384000,3,-29.415,22.488,-12.467,
14427592411000,3,-29.415,22.488,-12.467,
14427610538000,3,-29.415,22.488,-12.467,
14427631260000,3,-29.415,22.488,-12.106,
14427652439000,3,-29.415,22.488,-12.106,
14427670505000,3,-29.415,22.807,-12.106,
14427690952000,3,-29.415,22.807,-12.106,
14427712559000,3,-29.415,22.807,-11.773,
14427730625000,3,-29.415,22.807,-11.773,
14427751408000,3,-29.415,22.807,-11.773,
14427772587000,3,-29.415,22.807,-11.773,
14427790684000,3,-29.415,23.127,-11.773,
14427811161000,3,-29.415,23.127,-11.402,
14427832615000,3,-29.415,23.127,-11.402,
14427850712000,3,-29.415,23.127,-11.402,
14427872013000,3,-29.415,23.127,-11.402,
14427892704000,3,-29.415,23.127,-11.402,
14427910740000,3,-29.415,23.127,-11.402,
14427931553000,3,-29.415,23.127,-11.099,
14427952732000,3,-29.415,23.127,-11.099,
14427970829000,3,-29.415,23.127,-11.099,
14427991276000,3,-29.415,23.44,-11.099,
14428012821000,3,-29.415,23.44,-11.099,
14428030918000,3,-29.415,23.44,-11.099,
14428051548000,3,-29.415,23.44,-11.099,
14428072849000,3,-29.415,23.44,-10.772,
14428090916000,3,-29.415,23.44,-10.772,
14428112064000,3,-29.415,23.44,-10.772,
14428132847000,3,-29.415,23.44,-10.772,
14428150974000,3,-29.415,23.44,-10.772,
14428171421000,3,-29.415,23.44,-10.772,
14428192997000,3,-29.415,23.44,-10.447,
14428211124000,3,-29.415,23.44,-10.447,
14428231541000,3,-29.415,23.44,-10.447,
14428253025000,3,-29.415,23.774,-10.447,
14428271061000,3,-29.415,23.774,-10.447,
14428291965000,3,-29.415,23.774,-10.111,
14428451511000,3,-29.415,23.774,-9.75,
14428472294000,3,-29.415,23.774,-9.75,
14428493443000,3,-29.415,23.774,-9.75,
14428511387000,3,-29.415,23.774,-9.413,
14428531895000,3,-29.415,23.774,-9.413,
14428553715000,3,-29.415,23.774,-9.413,
14428571506000,3,-29.415,23.774,-9.413,
14428592319000,3,-29.415,23.774,-9.059,
14428613316000,3,-29.415,24.084,-9.059,
14428631382000,3,-29.415,24.084,-9.059,
14428652225000,3,-29.415,24.084,-8.749,
14428673435000,3,-29.415,24.084,-8.749,
14428691502000,3,-29.415,24.084,-8.749,
14428711857000,3,-29.415,24.084,-8.364,
14428733433000,3,-29.415,24.084,-8.364,
14428751591000,3,-29.415,24.084,-8.364,
14428772099000,3,-29.415,24.436,-7.962,
14428793491000,3,-29.415,24.436,-7.962,
14428811588000,3,-29.415,24.436,-7.962,
14428833225000,3,-29.415,24.436,-7.597,
14428853458000,3,-29.415,24.436,-7.597,
14428871616000,3,-29.415,24.78,-7.266,
14428892033000,3,-29.415,24.78,-7.266,
14428913639000,3,-29.415,24.78,-6.915,
14428931705000,3,-29.415,24.78,-6.915,
14428952213000,3,-29.415,24.78,-6.915,
14428973698000,3,-29.415,25.143,-6.52,
14428991825000,3,-29.718,25.143,-6.52,
14429012760000,3,-29.718,25.143,-6.52,
14429034061000,3,-29.718,25.143,-6.103,
14429056431000,3,-29.718,25.143,-6.103,
14429072727000,3,-29.718,25.143,-6.103,
14429093906000,3,-29.718,25.143,-6.103,
14429111912000,3,-29.718,25.463,-5.796,
14429132389000,3,-29.718,25.463,-5.796,
14429153873000,3,-29.718,25.463,-5.796,
14429171909000,3,-29.718,25.463,-5.796,
14429192783000,3,-29.718,25.463,-5.47,
14429213932000,3,-29.718,25.463,-5.47,
14429232090000,3,-29.718,25.463,-5.47,
14429252659000,3,-29.718,25.463,-5.47,
14429273930000,3,-29.718,25.463,-5.091,
14429292026000,3,-29.718,25.463,-5.091,
14429312870000,3,-29.718,25.463,-5.091,
14429334049000,3,-29.718,25.463,-5.091,
14429352207000,3,-29.718,25.463,-4.751,
14429372990000,3,-29.718,25.463,-4.751,
14429394016000,3,-29.718,25.463,-4.751,
14429412296000,3,-29.718,25.463,-4.751,
14429432713000,3,-29.718,25.463,-4.751,
14429454380000,3,-29.718,25.463,-4.421,
14429472233000,3,-29.718,25.463,-4.421,
14429492771000,3,-29.718,25.463,-4.421,
14429514194000,3,-29.718,25.463,-4.098,
14429532322000,3,-29.718,25.463,-4.098,
14429553440000,3,-29.718,25.836,-3.778,
14429574223000,3,-29.718,25.836,-3.778,
14429592350000,3,-29.718,25.836,-3.474,
14429612766000,3,-29.718,25.836,-3.474,
14429634312000,3,-29.718,25.836,-3.474,
14429652409000,3,-29.718,26.185,-3.07,
14429672825000,3,-29.718,26.185,-3.07,
14429694340000,3,-29.718,26.185,-3.07,
14429712406000,3,-29.718,26.185,-3.07,
14429733402000,3,-29.718,26.185,-2.705,
14429754429000,3,-29.718,26.185,-2.705,
14429772526000,3,-29.718,26.185,-2.705,
14429793705000,3,-29.718,26.185,-2.705,
14429814487000,3,-29.718,26.185,-2.34,
14429832615000,3,-29.718,26.185,-2.34,
14429853031000,3,-29.718,26.185,-2.34,
14429874577000,3,-29.718,26.185,-2.34,
14429892643000,3,-29.718,26.185,-1.982,
14429913425000,3,-29.718,26.185,-1.982,
14429934635000,3,-29.718,26.185,-1.982,
14429952732000,3,-29.718,26.185,-1.982,
14429973240000,3,-29.718,26.185,-1.982,
14429994846000,3,-29.718,26.185,-1.982,
14430012821000,3,-29.718,26.185,-1.657,
14430033634000,3,-29.718,26.185,-1.657,
14430054722000,3,-29.718,26.185,-1.657,
14430072788000,3,-29.718,26.185,-1.657,
14430093632000,3,-29.718,26.185,-1.657,
14430114780000,3,-29.718,26.185,-1.303,
14430132847000,3,-29.718,26.185,-1.303,
14430153355000,3,-29.718,26.185,-1.303,
14430174870000,3,-29.718,26.185,-0.997,
14430192966000,3,-29.718,26.185,-0.997,
14430213535000,3,-29.718,26.185,-0.997,
14430234928000,3,-29.718,26.185,-0.997,
14430253025000,3,-29.718,26.185,-0.997,
14430274174000,3,-29.718,26.185,-0.997,
14430295109000,3,-29.718,26.185,-0.997,
14430313053000,3,-29.718,26.185,-0.633,
14430333469000,3,-29.718,26.185,-0.633,
14430355076000,3,-29.718,26.185,-0.633,
14430595524000,3,-29.718,26.185,-0.633,
14430613438000,3,-29.718,26.185,-0.633,
14430634220000,3,-29.718,26.185,-0.633,
14430655430000,3,-29.718,26.185,-0.633,
14430673557000,3,-29.718,26.185,-0.633,
14430694065000,3,-29.718,26.185,-0.633,
14430715366000,3,-29.718,26.185,-0.633,
14430733524000,3,-29.718,26.185,-0.633,
14430754703000,3,-29.718,26.185,-0.633,
14430775394000,3,-29.718,26.185,-0.633,
14430793522000,3,-29.718,26.185,-0.633,
14430814457000,3,-29.718,26.185,-0.633,
14430835484000,3,-29.718,26.185,-0.633,
14430853611000,3,-29.718,26.185,-0.633,
14430873997000,3,-29.718,26.185,-0.633,
14430895573000,3,-29.718,26.185,-0.633,
14430913670000,3,-29.718,26.185,-0.633,
14430934208000,3,-29.718,26.185,-0.633,
14430955692000,3,-29.718,26.185,-0.633,
14430973820000,3,-29.718,26.185,-0.633,
14430994968000,3,-29.718,26.185,-0.971,
14431015659000,3,-29.718,26.185,-0.971,
14431033787000,3,-29.718,26.185,-0.971,
14431054111000,3,-29.718,26.185,-0.971,
14431075657000,3,-29.718,26.185,-0.971,
14431093815000,3,-29.718,26.185,-0.971,
14431114262000,3,-29.718,26.185,-0.971,
14431135776000,3,-29.718,26.185,-0.971,
14431153873000,3,-29.718,26.185,-0.971,
14431174839000,3,-29.718,26.185,-0.971,
14431195774000,3,-29.718,26.185,-0.971,
14431213963000,3,-29.718,26.185,-0.971,
14431234806000,3,-29.718,26.185,-0.971,
14431255833000,3,-29.718,26.185,-0.971,
14431273930000,3,-29.718,26.185,-0.971,
14431294407000,3,-29.718,26.185,-0.971,
14431315952000,3,-29.718,26.185,-0.665,
14431334080000,3,-29.718,26.185,-0.665,
14431354893000,3,-29.718,26.185,-0.665,
14431375980000,3,-29.718,26.185,-0.665,
14431394138000,3,-29.718,26.185,-0.665,
14431414616000,3,-29.718,26.185,-0.665,
14431436008000,3,-29.718,26.185,-0.665,
14431454227000,3,-29.718,26.185,-0.665,
14431475010000,3,-29.718,26.185,-0.665,
14431496098000,3,-29.718,26.487,-0.665,
14431514164000,3,-29.718,26.487,-0.352,
14431535007000,3,-29.718,26.487,-0.352,
14431556095000,3,-29.718,26.487,-0.352,
14431574253000,3,-29.718,26.487,-0.352,
14431594639000,3,-29.718,26.487,-0.352,
14431616123000,3,-29.718,26.487,-0.352,
14431634342000,3,-29.718,26.487,-0.352,
14431654880000,3,-29.718,26.487,-0.352,
