772200529082399,3,99.0,2400.0,0.0,
772200548583132,3,97.0,2400.0,0.0,
772200568846805,3,97.0,2400.0,0.0,
772200590422732,3,97.0,2400.0,0.0,
772200608489137,3,98.0,2400.0,0.0,
772200629546266,3,98.0,2400.0,0.0,
772200649046999,3,98.0,2400.0,0.0,
772200670683963,3,98.0,2400.0,0.0,
772200689025028,3,97.0,2400.0,0.0,
772200709258181,3,97.0,2400.0,0.0,
772200728575807,3,98.0,2400.0,0.0,
772200748900515,3,98.0,2400.0,0.0,
772200770598513,3,98.0,2400.0,0.0,
772200788603885,3,100.0,2400.0,0.0,
772200809508425,3,100.0,2400.0,0.0,
772200829283814,3,97.0,2400.0,0.0,
772200851225954,3,97.0,2400.0,0.0,
772200869872195,3,100.0,2400.0,0.0,
772200889525516,3,100.0,2400.0,0.0,
772200908812625,3,98.0,2400.0,0.0,
772200929167848,3,98.0,2400.0,0.0,
772200950865846,3,98.0,2400.0,0.0,
772200969176394,3,100.0,2400.0,0.0,
772200989653689,3,100.0,2400.0,0.0,
772201009551151,3,99.0,2400.0,0.0,
772201031066042,3,99.0,2400.0,0.0,
772201050109010,3,100.0,2400.0,0.0,
772201069701296,3,100.0,2400.0,0.0,
772201089049441,3,100.0,2400.0,0.0,
772201109648807,3,98.0,2400.0,0.0,
772201131407839,3,98.0,2400.0,0.0,
772201149169068,3,100.0,2400.0,0.0,
772201170012575,3,100.0,2400.0,0.0,
772201189574343,3,98.0,2400.0,0.0,
772201211119754,3,98.0,2400.0,0.0,
772201229338748,3,100.0,2400.0,0.0,
772201250060182,3,100.0,2400.0,0.0,
772201269103151,3,94.0,2400.0,0.0,
772201289549929,3,99.0,2400.0,0.0,
772201311125857,3,99.0,2400.0,0.0,
772201329192264,3,99.0,2400.0,0.0,
772201350188357,3,99.0,2400.0,0.0,
772201369841676,3,97.0,2400.0,0.0,
772201395201784,3,97.0,2400.0,0.0,
772201409453494,3,100.0,2400.0,0.0,
772201429747684,3,100.0,2400.0,0.0,
772201450591189,3,96.0,2400.0,0.0,
772201469634156,3,96.0,2400.0,0.0,
772201491271120,3,96.0,2400.0,0.0,
772201510558230,3,100.0,2400.0,0.0,
772201530638797,3,100.0,2400.0,0.0,
772201553954226,3,99.0,2400.0,0.0,
772201572661501,3,99.0,2400.0,0.0,
772201592009645,3,97.0,2400.0,0.0,
772201619444949,3,97.0,2400.0,0.0,
772201629881961,3,99.0,2400.0,0.0,
772201653441532,3,96.0,2400.0,0.0,
772201671477419,3,96.0,2400.0,0.0,
772201689513307,3,96.0,2400.0,0.0,
772201710356813,3,96.0,2400.0,0.0,
772201730223758,3,99.0,2400.0,0.0,
772201752013309,3,99.0,2400.0,0.0,
772201770293337,3,98.0,2400.0,0.0,
772201791136842,3,98.0,2400.0,0.0,
772201809661012,3,98.0,2400.0,0.0,
772201830840212,3,100.0,2400.0,0.0,
772201851714236,3,100.0,2400.0,0.0,
772201869597537,3,98.0,2400.0,0.0,
772201890410524,3,98.0,2400.0,0.0,
772201915404420,3,96.0,2400.0,0.0,
772201932036501,3,96.0,2400.0,0.0,
772201950102908,3,97.0,2400.0,0.0,
772201970427616,3,97.0,2400.0,0.0,
772201989806277,3,97.0,2400.0,0.0,
772202010253053,3,100.0,2400.0,0.0,
772202031767946,3,100.0,2400.0,0.0,
772202049864871,3,99.0,2400.0,0.0,
772202070922000,3,99.0,2400.0,0.0,
772202091979128,3,99.0,2400.0,0.0,
772202113219361,3,99.0,2400.0,0.0,
772202131041628,3,100.0,2400.0,0.0,
772202150694949,3,100.0,2400.0,0.0,
772202170043094,3,97.0,2400.0,0.0,
772202190703494,3,100.0,2400.0,0.0,
772202212340456,3,100.0,2400.0,0.0,
772202230376344,3,96.0,2400.0,0.0,
772202250853640,3,96.0,2400.0,0.0,
772202270629031,3,99.0,2400.0,0.0,
772202292265995,3,99.0,2400.0,0.0,
772202310759646,3,100.0,2400.0,0.0,
772202330687623,3,100.0,2400.0,0.0,
772202350035769,3,99.0,2400.0,0.0,
772202370482547,3,97.0,2400.0,0.0,
772202392058475,3,97.0,2400.0,0.0,
772202410002810,3,94.0,2400.0,0.0,
772202430968385,3,94.0,2400.0,0.0,
772202450865846,3,97.0,2400.0,0.0,
772202472533327,3,97.0,2400.0,0.0,
772202490752322,3,99.0,2400.0,0.0,
772202511290652,3,99.0,2400.0,0.0,
772202530211550,3,98.0,2400.0,0.0,
772202550963502,3,100.0,2400.0,0.0,
772202572264773,3,100.0,2400.0,0.0,
772202590270145,3,99.0,2400.0,0.0,
772202611052616,3,99.0,2400.0,0.0,
772202630950076,3,97.0,2400.0,0.0,
772202656279664,3,97.0,2400.0,0.0,
772202670897585,3,98.0,2400.0,0.0,
772202691283328,3,99.0,2400.0,0.0,
772202710448368,3,98.0,2400.0,0.0,
772202730956179,3,100.0,2400.0,0.0,
772202753234010,3,100.0,2400.0,0.0,
772202770598512,3,98.0,2400.0,0.0,
772202792143923,3,98.0,2400.0,0.0,
772202811217410,3,99.0,2400.0,0.0,
772202833861453,3,99.0,2400.0,0.0,
772202851042848,3,97.0,2400.0,0.0,
772202871398074,3,99.0,2400.0,0.0,
772202890624149,3,99.0,2400.0,0.0,
772202910857303,3,100.0,2400.0,0.0,
772202932555299,3,100.0,2400.0,0.0,
772202950560671,3,99.0,2400.0,0.0,
772202971495731,3,99.0,2400.0,0.0,
772202991240603,3,100.0,2400.0,0.0,
772203013915163,3,100.0,2400.0,0.0,
772203031371218,3,97.0,2400.0,0.0,
772203051421268,3,97.0,2400.0,0.0,
772203070769412,3,97.0,2400.0,0.0,
772203091124635,3,96.0,2400.0,0.0,
772203112792117,3,96.0,2400.0,0.0,
772203130889041,3,98.0,2400.0,0.0,
772203151702029,3,98.0,2400.0,0.0,
772203171630007,3,98.0,2400.0,0.0,
772203194213015,3,98.0,2400.0,0.0,
772203211363895,3,98.0,2400.0,0.0,
772203231597049,3,98.0,2400.0,0.0,
772203251036745,3,98.0,2400.0,0.0,
772203271819216,3,98.0,2400.0,0.0,
772203293120486,3,98.0,2400.0,0.0,
772203311095340,3,99.0,2400.0,0.0,
772203331877809,3,99.0,2400.0,0.0,
772203351683718,3,97.0,2400.0,0.0,
772203374388797,3,97.0,2400.0,0.0,
772203391509158,3,97.0,2400.0,0.0,
772203412444215,3,99.0,2400.0,0.0,
772203431090457,3,99.0,2400.0,0.0,
772203451628787,3,98.0,2400.0,0.0,
772203473113162,3,98.0,2400.0,0.0,
772203491149050,3,99.0,2400.0,0.0,
772203512267214,3,99.0,2400.0,0.0,
772203531828983,3,98.0,2400.0,0.0,
772203554534060,3,98.0,2400.0,0.0,
772203571562868,3,99.0,2400.0,0.0,
772203592009646,3,99.0,2400.0,0.0,
772203611327274,3,99.0,2400.0,0.0,
772203632079227,3,97.0,2400.0,0.0,
772203653258424,3,97.0,2400.0,0.0,
772203671263796,3,99.0,2400.0,0.0,
772203698088748,3,99.0,2400.0,0.0,
772203711272342,3,98.0,2400.0,0.0,
772203734099489,3,98.0,2400.0,0.0,
772203753905398,3,98.0,2400.0,0.0,
772203771422489,3,98.0,2400.0,0.0,
772203790740115,3,98.0,2400.0,0.0,
772203813323122,3,99.0,2400.0,0.0,
772203831420046,3,99.0,2400.0,0.0,
772203850798709,3,99.0,2400.0,0.0,
772203873656375,3,99.0,2400.0,0.0,
772203891448122,3,100.0,2400.0,0.0,
772203914946658,3,100.0,2400.0,0.0,
772203933318240,3,98.0,2400.0,0.0,
772203955535037,3,100.0,2400.0,0.0,
772203971892458,3,100.0,2400.0,0.0,
772203993804079,3,98.0,2400.0,0.0,
772204011565311,3,98.0,2400.0,0.0,
772204039580447,3,97.0,2400.0,0.0,
772204053649049,3,97.0,2400.0,0.0,
772204071623904,3,100.0,2400.0,0.0,
772204094420535,3,100.0,2400.0,0.0,
772204113432986,3,99.0,2400.0,0.0,
772204131835085,3,100.0,2400.0,0.0,
772204151152712,3,100.0,2400.0,0.0,
772204173644168,3,98.0,2400.0,0.0,
772204191893680,3,98.0,2400.0,0.0,
772204211241823,3,99.0,2400.0,0.0,
772204234404665,3,99.0,2400.0,0.0,
772204251891239,3,99.0,2400.0,0.0,
772204274504764,3,99.0,2400.0,0.0,
772204293578249,3,98.0,2400.0,0.0,
772204312010867,3,99.0,2400.0,0.0,
772204331328494,3,99.0,2400.0,0.0,
772204353575808,3,98.0,2400.0,0.0,
772204371977907,3,98.0,2400.0,0.0,
772204391417605,3,99.0,2400.0,0.0,
772204414275272,3,99.0,2400.0,0.0,
772204432097537,3,99.0,2400.0,0.0,
772204454802614,3,99.0,2400.0,0.0,
772204474089724,3,98.0,2400.0,0.0,
772204492034061,3,100.0,2400.0,0.0,
772204511534793,3,100.0,2400.0,0.0,
772204533812624,3,99.0,2400.0,0.0,
772204552275759,3,99.0,2400.0,0.0,
772204571623905,3,99.0,2400.0,0.0,
772204594206912,3,99.0,2400.0,0.0,
772204612181764,3,99.0,2400.0,0.0,
772204634795290,3,99.0,2400.0,0.0,
772204654265506,3,98.0,2400.0,0.0,
772204672240359,3,99.0,2400.0,0.0,
772204691557985,3,99.0,2400.0,0.0,
772204714720827,3,99.0,2400.0,0.0,
772204732237918,3,99.0,2400.0,0.0,
772204751616580,3,99.0,2400.0,0.0,
772204774352174,3,99.0,2400.0,0.0,
772204792327029,3,99.0,2400.0,0.0,
772204814940555,3,99.0,2400.0,0.0,
772204833983523,3,99.0,2400.0,0.0,
772204852385622,3,99.0,2400.0,0.0,
772204871733767,3,99.0,2400.0,0.0,
772204894347293,3,98.0,2400.0,0.0,
772204912505252,3,98.0,2400.0,0.0,
772204931853395,3,99.0,2400.0,0.0,
772204955321413,3,99.0,2400.0,0.0,
772204972563846,3,99.0,2400.0,0.0,
772204995238406,3,100.0,2400.0,0.0,
772205014250856,3,100.0,2400.0,0.0,
772205032683474,3,101.0,2400.0,0.0,
772205052062137,3,101.0,2400.0,0.0,
772205074401004,3,101.0,2400.0,0.0,
772205092650514,3,101.0,2400.0,0.0,
772205112395388,3,101.0,2400.0,0.0,
772205134886844,3,101.0,2400.0,0.0,
772205153105838,3,101.0,2400.0,0.0,
772205175444704,3,101.0,2400.0,0.0,
772205194640261,3,101.0,2400.0,0.0,
772205212737186,3,101.0,2400.0,0.0,
772205232085330,3,101.0,2400.0,0.0,
772205254607301,3,100.0,2400.0,0.0,
772205272917849,3,100.0,2400.0,0.0,
772205292174442,3,102.0,2400.0,0.0,
772205314879519,3,102.0,2400.0,0.0,
772205332915407,3,101.0,2400.0,0.0,
772205354552371,3,101.0,2400.0,0.0,
772205374724490,3,101.0,2400.0,0.0,
772205393035037,3,101.0,2400.0,0.0,
772205412322145,3,101.0,2400.0,0.0,
772205435027224,3,101.0,2400.0,0.0,
772205453093631,3,101.0,2400.0,0.0,
772205472807986,3,103.0,2400.0,0.0,
772205500640017,3,103.0,2400.0,0.0,
772205513426882,3,101.0,2400.0,0.0,
772205534728153,3,103.0,2400.0,0.0,
772205554808719,3,103.0,2400.0,0.0,
772205573149782,3,103.0,2400.0,0.0,
772205592558962,3,103.0,2400.0,0.0,
772205615019901,3,101.0,2400.0,0.0,
772205633269412,3,101.0,2400.0,0.0,
772205652526003,3,103.0,2400.0,0.0,
772205676055056,3,103.0,2400.0,0.0,
772205693358524,3,101.0,2400.0,0.0,
772205715087039,3,102.0,2400.0,0.0,
772205735045534,3,102.0,2400.0,0.0,
772205753295046,3,101.0,2400.0,0.0,
772205772612674,3,101.0,2400.0,0.0,
772205795195682,3,101.0,2400.0,0.0,
772205813567262,3,101.0,2400.0,0.0,
772205832945925,3,102.0,2400.0,0.0,
772205855803592,3,102.0,2400.0,0.0,
772205873595340,3,100.0,2400.0,0.0,
772205895049196,3,101.0,2400.0,0.0,
772205915404421,3,101.0,2400.0,0.0,
772205933531864,3,100.0,2400.0,0.0,
772205952910525,3,100.0,2400.0,0.0,
772205975463014,3,101.0,2400.0,0.0,
772205993498904,3,101.0,2400.0,0.0,
772206012908084,3,101.0,2400.0,0.0,
772206035582644,3,101.0,2400.0,0.0,
772206053557497,3,101.0,2400.0,0.0,
772206076201540,3,102.0,2400.0,0.0,
772206095427615,3,102.0,2400.0,0.0,
772206113738161,3,101.0,2400.0,0.0,
772206133055788,3,101.0,2400.0,0.0,
772206155760867,3,101.0,2400.0,0.0,
772206173979862,3,101.0,2400.0,0.0,
772206193114382,3,101.0,2400.0,0.0,
772206216002565,3,101.0,2400.0,0.0,
772206233885867,3,101.0,2400.0,0.0,
772206256774051,3,101.0,2400.0,0.0,
772206275481325,3,101.0,2400.0,0.0,
772206293974977,3,100.0,2400.0,0.0,
772206313323123,3,100.0,2400.0,0.0,
772206335784061,3,101.0,2400.0,0.0,
772206353911501,3,101.0,2400.0,0.0,
772206373259645,3,101.0,2400.0,0.0,
772206396300417,3,101.0,2400.0,0.0,
772206413939578,3,100.0,2400.0,0.0,
772206436583620,3,101.0,2400.0,0.0,
772206455687624,3,101.0,2400.0,0.0,
772206478453739,3,100.0,2400.0,0.0,
772206493376834,3,100.0,2400.0,0.0,
772206515776735,3,101.0,2400.0,0.0,
772206534453493,3,101.0,2400.0,0.0,
772206553404910,3,100.0,2400.0,0.0,
772206576232059,3,100.0,2400.0,0.0,
772206594145876,3,100.0,2400.0,0.0,
772206616240602,3,101.0,2400.0,0.0,
772206636626345,3,101.0,2400.0,0.0,
772206654234989,3,101.0,2400.0,0.0,
772206673491579,3,101.0,2400.0,0.0,
772206695830446,3,101.0,2400.0,0.0,
772206714202029,3,101.0,2400.0,0.0,
772206734099491,3,101.0,2400.0,0.0,
772206756560427,3,101.0,2400.0,0.0,
772206774626833,3,101.0,2400.0,0.0,
772206796996218,3,103.0,2400.0,0.0,
772206816252811,3,103.0,2400.0,0.0,
772206834471804,3,101.0,2400.0,0.0,
772206853667360,3,101.0,2400.0,0.0,
772206876311404,3,103.0,2400.0,0.0,
772206894469364,3,103.0,2400.0,0.0,
772206913786989,3,103.0,2400.0,0.0,
772206936583620,3,103.0,2400.0,0.0,
772206954466921,3,103.0,2400.0,0.0,
772206976042850,3,102.0,2400.0,0.0,
772206996184450,3,102.0,2400.0,0.0,
772207014617067,3,101.0,2400.0,0.0,
772207033934695,3,101.0,2400.0,0.0,
772207056334598,3,102.0,2400.0,0.0,
772207074584108,3,102.0,2400.0,0.0,
772207098631960,3,103.0,2400.0,0.0,
772207117095095,3,103.0,2400.0,0.0,
772207134734256,3,103.0,2400.0,0.0,
772207156279665,3,103.0,2400.0,0.0,
772207176360231,3,103.0,2400.0,0.0,
772207194731814,3,103.0,2400.0,0.0,
772207214079959,3,103.0,2400.0,0.0,
772207236418825,3,103.0,2400.0,0.0,
772207255034548,3,103.0,2400.0,0.0,
772207274047000,3,101.0,2400.0,0.0,
772207297087772,3,103.0,2400.0,0.0,
772207314818483,3,103.0,2400.0,0.0,
772207336516480,3,103.0,2400.0,0.0,
772207356810670,3,103.0,2400.0,0.0,
772207374907595,3,101.0,2400.0,0.0,
772207394194705,3,101.0,2400.0,0.0,
772207416533571,3,103.0,2400.0,0.0,
772207434905152,3,103.0,2400.0,0.0,
772207454314332,3,101.0,2400.0,0.0,
772207477019411,3,103.0,2400.0,0.0,
772207495055301,3,103.0,2400.0,0.0,
772207516692263,3,103.0,2400.0,0.0,
772207536864382,3,103.0,2400.0,0.0,
772207555022340,3,103.0,2400.0,0.0,
772207574370484,3,103.0,2400.0,0.0,
772207597594362,3,103.0,2400.0,0.0,
772207615111452,3,103.0,2400.0,0.0,
772207634459598,3,101.0,2400.0,0.0,
772207657134157,3,103.0,2400.0,0.0,
772207675047974,3,103.0,2400.0,0.0,
772207696776490,3,103.0,2400.0,0.0,
772207721282107,3,103.0,2400.0,0.0,
772207735198123,3,103.0,2400.0,0.0,
772207754485232,3,103.0,2400.0,0.0,
772207776976686,3,103.0,2400.0,0.0,
772207795287231,3,103.0,2400.0,0.0,
772207814635377,3,101.0,2400.0,0.0,
772207837706666,3,103.0,2400.0,0.0,
772207855620486,3,103.0,2400.0,0.0,
772207876952273,3,103.0,2400.0,0.0,
772207897032838,3,103.0,2400.0,0.0,
772207915557007,3,103.0,2400.0,0.0,
772207934813600,3,103.0,2400.0,0.0,
772207956969362,3,102.0,2400.0,0.0,
772207975340945,3,102.0,2400.0,0.0,
772207994719607,3,101.0,2400.0,0.0,
772208017546754,3,103.0,2400.0,0.0,
772208035491090,3,103.0,2400.0,0.0,
772208057768922,3,101.0,2400.0,0.0,
772208077574831,3,101.0,2400.0,0.0,
772208095549685,3,103.0,2400.0,0.0,
772208114897828,3,103.0,2400.0,0.0,
772208137206177,3,103.0,2400.0,0.0,
772208155577760,3,103.0,2400.0,0.0,
772208174956423,3,101.0,2400.0,0.0,
772208197661502,3,103.0,2400.0,0.0,
772208215575319,3,103.0,2400.0,0.0,
772208237242798,3,101.0,2400.0,0.0,
772208257384401,3,101.0,2400.0,0.0,
772208275725466,3,103.0,2400.0,0.0,
772208295165164,3,103.0,2400.0,0.0,
772208317870242,3,103.0,2400.0,0.0,
772208335814576,3,103.0,2400.0,0.0,
772208355132203,3,101.0,2400.0,0.0,
772208377776247,3,103.0,2400.0,0.0,
772208395751101,3,103.0,2400.0,0.0,
772208417418581,3,101.0,2400.0,0.0,
772208437438111,3,101.0,2400.0,0.0,
772208455870728,3,103.0,2400.0,0.0,
772208475188356,3,103.0,2400.0,0.0,
772208497649294,3,101.0,2400.0,0.0,
772208515868289,3,101.0,2400.0,0.0,
772208535918337,3,101.0,2400.0,0.0,
772208558776002,3,103.0,2400.0,0.0,
772208575926881,3,103.0,2400.0,0.0,
772208597563845,3,101.0,2400.0,0.0,
772208617583377,3,101.0,2400.0,0.0,
772208636077029,3,103.0,2400.0,0.0,
772208655394655,3,103.0,2400.0,0.0,
772208677794557,3,101.0,2400.0,0.0,
772208696105104,3,101.0,2400.0,0.0,
772208720275027,3,103.0,2400.0,0.0,
772208738371951,3,103.0,2400.0,0.0,
772208756163698,3,103.0,2400.0,0.0,
772208777800660,3,101.0,2400.0,0.0,
772208798155885,3,101.0,2400.0,0.0,
772208816252810,3,103.0,2400.0,0.0,
772208835570438,3,103.0,2400.0,0.0,
772208857939821,3,101.0,2400.0,0.0,
772208876311402,3,101.0,2400.0,0.0,
772208895567994,3,103.0,2400.0,0.0,
772208918364627,3,100.0,2400.0,0.0,
772208936247928,3,100.0,2400.0,0.0,
772208958006960,3,101.0,2400.0,0.0,
772208978179078,3,101.0,2400.0,0.0,
772208996581178,3,103.0,2400.0,0.0,
772209015868288,3,103.0,2400.0,0.0,
772209038756473,3,101.0,2400.0,0.0,
772209056456667,3,101.0,2400.0,0.0,
772209075835328,3,101.0,2400.0,0.0,
772209098570924,3,101.0,2400.0,0.0,
772209116454225,3,101.0,2400.0,0.0,
772209139159305,3,100.0,2400.0,0.0,
772209158232791,3,100.0,2400.0,0.0,
772209176665407,3,101.0,2400.0,0.0,
772209196013550,3,101.0,2400.0,0.0,
772209218505007,3,100.0,2400.0,0.0,
772209236724001,3,101.0,2400.0,0.0,
772209255950076,3,101.0,2400.0,0.0,
772209279051882,3,100.0,2400.0,0.0,
772209296660524,3,100.0,2400.0,0.0,
772209319335085,3,101.0,2400.0,0.0,
772209338378053,3,101.0,2400.0,0.0,
772209356780154,3,101.0,2400.0,0.0,
772209376097781,3,101.0,2400.0,0.0,
772209398619752,3,100.0,2400.0,0.0,
772209419219118,3,101.0,2400.0,0.0,
772209436156374,3,101.0,2400.0,0.0,
772209458953006,3,101.0,2400.0,0.0,
772209476836307,3,101.0,2400.0,0.0,
772209499663454,3,101.0,2400.0,0.0,
772209532347780,3,101.0,2400.0,0.0,
772209537108522,3,101.0,2400.0,0.0,
772209556273562,3,101.0,2400.0,0.0,
772209578612430,3,100.0,2400.0,0.0,
772209597136599,3,101.0,2400.0,0.0,
772209616454225,3,101.0,2400.0,0.0,
772209639189821,3,100.0,2400.0,0.0,
772209657286745,3,100.0,2400.0,0.0,
772209678710086,3,101.0,2400.0,0.0,
772209698912722,3,101.0,2400.0,0.0,
772209717192750,3,101.0,2400.0,0.0,
772209736540894,3,101.0,2400.0,0.0,
772209759215456,3,100.0,2400.0,0.0,
772209777281863,3,101.0,2400.0,0.0,
772209796599490,3,101.0,2400.0,0.0,
772209820159059,3,100.0,2400.0,0.0,
772209838988405,3,100.0,2400.0,0.0,
772209859648806,3,100.0,2400.0,0.0,
772209878905398,3,100.0,2400.0,0.0,
772209897246463,3,101.0,2400.0,0.0,
772209916625125,3,101.0,2400.0,0.0,
772209939177613,3,100.0,2400.0,0.0,
772209957457643,3,101.0,2400.0,0.0,
772209976836305,3,101.0,2400.0,0.0,
772209999938114,3,100.0,2400.0,0.0,
772210017516238,3,100.0,2400.0,0.0,
772210040160279,3,101.0,2400.0,0.0,
772210059050661,3,101.0,2400.0,0.0,
772210077605348,3,101.0,2400.0,0.0,
772210096892458,3,101.0,2400.0,0.0,
772210119170291,3,101.0,2400.0,0.0,
772210137572389,3,101.0,2400.0,0.0,
772210156828980,3,101.0,2400.0,0.0,
772210179717165,3,97.0,2400.0,0.0,
772210198729617,3,97.0,2400.0,0.0,
772210220336063,3,101.0,2400.0,0.0,
772210239684206,3,101.0,2400.0,0.0,
772210257689576,3,101.0,2400.0,0.0,
772210277098756,3,101.0,2400.0,0.0,
772210299376590,3,99.0,2400.0,0.0,
772210317717654,3,101.0,2400.0,0.0,
772210337218386,3,101.0,2400.0,0.0,
772210359770875,3,100.0,2400.0,0.0,
772210377715211,3,100.0,2400.0,0.0,
772210399504763,3,101.0,2400.0,0.0,
772210419768436,3,101.0,2400.0,0.0,
772210437926395,3,99.0,2400.0,0.0,
772210457427126,3,99.0,2400.0,0.0,
772210480406862,3,101.0,2400.0,0.0,
772210497893434,3,101.0,2400.0,0.0,
772210517302614,3,101.0,2400.0,0.0,
772210540343387,3,100.0,2400.0,0.0,
772210558653933,3,100.0,2400.0,0.0,
772210579588990,3,101.0,2400.0,0.0,
772210599669558,3,101.0,2400.0,0.0,
772210618529422,3,100.0,2400.0,0.0,
772210637267214,3,100.0,2400.0,0.0,
772210659789187,3,101.0,2400.0,0.0,
772210678038697,3,100.0,2400.0,0.0,
772210697600465,3,100.0,2400.0,0.0,
772210720549685,3,100.0,2400.0,0.0,
772210738127810,3,100.0,2400.0,0.0,
772210759856326,3,101.0,2400.0,0.0,
772210779784303,3,101.0,2400.0,0.0,
772210798400026,3,100.0,2400.0,0.0,
772210817504030,3,100.0,2400.0,0.0,
772210839842898,3,101.0,2400.0,0.0,
772210858183963,3,101.0,2400.0,0.0,
772210877532107,3,101.0,2400.0,0.0,
772210900481324,3,99.0,2400.0,0.0,
772210918395144,3,99.0,2400.0,0.0,
772210939971072,3,101.0,2400.0,0.0,
772210961608035,3,101.0,2400.0,0.0,
772210978453738,3,100.0,2400.0,0.0,
772210997771363,3,101.0,2400.0,0.0,
772211020110231,3,101.0,2400.0,0.0,
772211038512332,3,101.0,2400.0,0.0,
772211057738406,3,101.0,2400.0,0.0,
772211080443484,3,100.0,2400.0,0.0,
772211098479372,3,100.0,2400.0,0.0,
772211121184450,3,101.0,2400.0,0.0,
772211140349489,3,101.0,2400.0,0.0,
772211158629520,3,100.0,2400.0,0.0,
772211177977664,3,101.0,2400.0,0.0,
772211200957400,3,101.0,2400.0,0.0,
772211218688112,3,101.0,2400.0,0.0,
772211238036256,3,101.0,2400.0,0.0,
772211261290652,3,101.0,2400.0,0.0,
772211278563602,3,101.0,2400.0,0.0,
772211301329714,3,101.0,2400.0,0.0,
772211320372682,3,101.0,2400.0,0.0,
772211338835817,3,100.0,2400.0,0.0,
772211358061891,3,101.0,2400.0,0.0,
772211380461795,3,101.0,2400.0,0.0,
772211398802859,3,100.0,2400.0,0.0,
772211418181520,3,100.0,2400.0,0.0,
772211441924196,3,101.0,2400.0,0.0,
772211461119753,3,101.0,2400.0,0.0,
772211481688601,3,101.0,2400.0,0.0,
772211500487430,3,101.0,2400.0,0.0,
772211518920046,3,100.0,2400.0,0.0,
772211538390260,3,101.0,2400.0,0.0,
772211560668093,3,101.0,2400.0,0.0,
772211579375369,3,101.0,2400.0,0.0,
772211598235232,3,101.0,2400.0,0.0,
772211621123415,3,101.0,2400.0,0.0,
772211639067750,3,101.0,2400.0,0.0,
772211661742311,3,101.0,2400.0,0.0,
772211681090456,3,101.0,2400.0,0.0,
772211699156864,3,100.0,2400.0,0.0,
772211718413455,3,101.0,2400.0,0.0,
772211740752321,3,101.0,2400.0,0.0,
772211759062868,3,100.0,2400.0,0.0,
772211778533083,3,100.0,2400.0,0.0,
772211801268680,3,101.0,2400.0,0.0,
772211819213016,3,101.0,2400.0,0.0,
772211841857058,3,101.0,2400.0,0.0,
772211860900026,3,101.0,2400.0,0.0,
772211879210573,3,100.0,2400.0,0.0,
772211898650271,3,101.0,2400.0,0.0,
772211921324832,3,101.0,2400.0,0.0,
772211939421755,3,100.0,2400.0,0.0,
772211958678346,3,100.0,2400.0,0.0,
772211981474977,3,101.0,2400.0,0.0,
772211999388796,3,101.0,2400.0,0.0,
772212022032840,3,101.0,2400.0,0.0,
772212041075808,3,101.0,2400.0,0.0,
772212059416872,3,101.0,2400.0,0.0,
772212078795534,3,100.0,2400.0,0.0,
772212101256472,3,100.0,2400.0,0.0,
772212119505984,3,100.0,2400.0,0.0,
772212138823612,3,100.0,2400.0,0.0,
772212161833865,3,101.0,2400.0,0.0,
772212179534059,3,101.0,2400.0,0.0,
772212202117067,3,100.0,2400.0,0.0,
772212221160037,3,100.0,2400.0,0.0,
772212239592655,3,101.0,2400.0,0.0,
772212258910281,3,101.0,2400.0,0.0,
772212281279664,3,101.0,2400.0,0.0,
772212300353151,3,100.0,2400.0,0.0,
772212318968875,3,100.0,2400.0,0.0,
772212341857059,3,101.0,2400.0,0.0,
772212359587771,3,101.0,2400.0,0.0,
772212382262331,3,100.0,2400.0,0.0,
772212402220827,3,100.0,2400.0,0.0,
772212420897585,3,101.0,2400.0,0.0,
772212439116580,3,101.0,2400.0,0.0,
772212461363895,3,101.0,2400.0,0.0,
772212479765994,3,100.0,2400.0,0.0,
772212508421999,3,100.0,2400.0,0.0,
772212521849733,3,101.0,2400.0,0.0,
772212539916140,3,101.0,2400.0,0.0,
772212562468631,3,100.0,2400.0,0.0,
772212581572634,3,100.0,2400.0,0.0,
772212600005250,3,101.0,2400.0,0.0,
772212619597536,3,101.0,2400.0,0.0,
772212641997439,3,101.0,2400.0,0.0,
772212660185916,3,100.0,2400.0,0.0,
772212679350955,3,100.0,2400.0,0.0,
772212701994997,3,101.0,2400.0,0.0,
772212719969850,3,101.0,2400.0,0.0,
772212742613894,3,100.0,2400.0,0.0,
772212761809451,3,99.0,2400.0,0.0,
772212780028446,3,101.0,2400.0,0.0,
772212799895388,3,101.0,2400.0,0.0,
772212825194459,3,101.0,2400.0,0.0,
772212840209108,3,100.0,2400.0,0.0,
772212859404666,3,100.0,2400.0,0.0,
772212882384403,3,101.0,2400.0,0.0,
772212900084597,3,101.0,2400.0,0.0,
772212922820191,3,100.0,2400.0,0.0,
772212941771608,3,101.0,2400.0,0.0,
772212960204226,3,101.0,2400.0,0.0,
772212979857547,3,100.0,2400.0,0.0,
772213001860721,3,100.0,2400.0,0.0,
772213020232302,3,101.0,2400.0,0.0,
772213039671999,3,101.0,2400.0,0.0,
772213062468630,3,101.0,2400.0,0.0,
772213080290897,3,101.0,2400.0,0.0,
772213102904422,3,100.0,2400.0,0.0,
772213122252566,3,100.0,2400.0,0.0,
772213140318971,3,100.0,2400.0,0.0,
772213159758669,3,100.0,2400.0,0.0,
772213182067019,3,100.0,2400.0,0.0,
772213200377567,3,100.0,2400.0,0.0,
772213219725710,3,100.0,2400.0,0.0,
772213242461306,3,101.0,2400.0,0.0,
772213260466678,3,101.0,2400.0,0.0,
772213283110721,3,100.0,2400.0,0.0,
772213302275759,3,101.0,2400.0,0.0,
772213320647341,3,101.0,2400.0,0.0,
772213339934451,3,100.0,2400.0,0.0,
772213363127811,3,100.0,2400.0,0.0,
772213380614382,3,101.0,2400.0,0.0,
772213399901491,3,101.0,2400.0,0.0,
772213422606570,3,101.0,2400.0,0.0,
772213440642460,3,101.0,2400.0,0.0,
772213463408571,3,100.0,2400.0,0.0,
772213482573610,3,101.0,2400.0,0.0,
772213500762088,3,101.0,2400.0,0.0,
772213520171268,3,100.0,2400.0,0.0,
772213542571169,3,100.0,2400.0,0.0,
772213560851198,3,100.0,2400.0,0.0,
772213580168826,3,100.0,2400.0,0.0,
772213603331668,3,100.0,2400.0,0.0,
772213621001345,3,100.0,2400.0,0.0,
772213643675905,3,100.0,2400.0,0.0,
772213662566287,3,100.0,2400.0,0.0,
772213680937870,3,100.0,2400.0,0.0,
772213700316531,3,100.0,2400.0,0.0,
772213722655397,3,100.0,2400.0,0.0,
772213741057498,3,100.0,2400.0,0.0,
772213760344608,3,100.0,2400.0,0.0,
772213783171755,3,100.0,2400.0,0.0,
772213801085573,3,100.0,2400.0,0.0,
772213822722537,3,100.0,2400.0,0.0,
772213843016727,3,100.0,2400.0,0.0,
772213861083132,3,100.0,2400.0,0.0,
772213880400759,3,100.0,2400.0,0.0,
772213902739627,3,100.0,2400.0,0.0,
772213921111210,3,100.0,2400.0,0.0,
772213940520388,3,100.0,2400.0,0.0,
772213963286501,3,100.0,2400.0,0.0,
772213981230838,3,100.0,2400.0,0.0,
772214002898319,3,100.0,2400.0,0.0,
772214023039919,3,100.0,2400.0,0.0,
772214041380983,3,100.0,2400.0,0.0,
772214060729129,3,100.0,2400.0,0.0,
772214083342655,3,100.0,2400.0,0.0,
772214101286990,3,101.0,2400.0,0.0,
772214120696169,3,101.0,2400.0,0.0,
772214143462283,3,100.0,2400.0,0.0,
772214161406620,3,100.0,2400.0,0.0,
772214183043581,3,100.0,2400.0,0.0,
772214202941042,3,100.0,2400.0,0.0,
772214221373660,3,100.0,2400.0,0.0,
772214240782840,3,100.0,2400.0,0.0,
772214263274294,3,100.0,2400.0,0.0,
772214281493288,3,101.0,2400.0,0.0,
772214300810916,3,101.0,2400.0,0.0,
772214335784060,3,100.0,2400.0,0.0,
772214341490847,3,100.0,2400.0,0.0,
772214363188845,3,100.0,2400.0,0.0,
772214383208377,3,100.0,2400.0,0.0,
772214401732547,3,100.0,2400.0,0.0,
772214421080691,3,100.0,2400.0,0.0,
772214443358522,3,100.0,2400.0,0.0,
772214461669070,3,101.0,2400.0,0.0,
772214481078251,3,101.0,2400.0,0.0,
772214503844362,3,100.0,2400.0,0.0,
772214521697146,3,100.0,2400.0,0.0,
772214543364627,3,100.0,2400.0,0.0,
772214563719852,3,100.0,2400.0,0.0,
772214581847292,3,100.0,2400.0,0.0,
772214601073366,3,100.0,2400.0,0.0,
772214623381716,3,100.0,2400.0,0.0,
772214641844852,3,101.0,2400.0,0.0,
772214661192995,3,101.0,2400.0,0.0,
772214683928591,3,100.0,2400.0,0.0,
772214701781375,3,100.0,2400.0,0.0,
772214723418338,3,100.0,2400.0,0.0,
772214743651491,3,100.0,2400.0,0.0,
772214761931521,3,100.0,2400.0,0.0,
772214781310183,3,100.0,2400.0,0.0,
772214803954227,3,100.0,2400.0,0.0,
772214822020632,3,99.0,2400.0,0.0,
772214841368776,3,99.0,2400.0,0.0,
772214864073855,3,100.0,2400.0,0.0,
772214882018192,3,100.0,2400.0,0.0,
772214903716189,3,100.0,2400.0,0.0,
772214923827272,3,100.0,2400.0,0.0,
772214942534549,3,100.0,2400.0,0.0,
772214961821659,3,100.0,2400.0,0.0,
772214985594851,3,100.0,2400.0,0.0,
772215002257448,3,100.0,2400.0,0.0,
772215021575076,3,100.0,2400.0,0.0,
772215044646366,3,100.0,2400.0,0.0,
772215062255007,3,100.0,2400.0,0.0,
772215083922487,3,101.0,2400.0,0.0,
772215103850466,3,100.0,2400.0,0.0,
772215122283085,3,100.0,2400.0,0.0,
772215141722781,3,100.0,2400.0,0.0,
772215163939577,3,100.0,2400.0,0.0,
772215182311160,3,100.0,2400.0,0.0,
772215201628788,3,100.0,2400.0,0.0,
772215224455935,3,100.0,2400.0,0.0,
772215242369753,3,99.0,2400.0,0.0,
772215264037234,3,100.0,2400.0,0.0,
772215284880741,3,100.0,2400.0,0.0,
772215302428347,3,100.0,2400.0,0.0,
772215321807009,3,100.0,2400.0,0.0,
772215344054324,3,100.0,2400.0,0.0,
772215362425907,3,100.0,2400.0,0.0,
772215381804568,3,100.0,2400.0,0.0,
772215404509645,3,100.0,2400.0,0.0,
772215422453982,3,100.0,2400.0,0.0,
772215444121463,3,101.0,2400.0,0.0,
772215464263064,3,100.0,2400.0,0.0,
772215482543093,3,100.0,2400.0,0.0,
772215501982791,3,100.0,2400.0,0.0,
772215524962528,3,100.0,2400.0,0.0,
772215545989138,3,100.0,2400.0,0.0,
772215562102419,3,100.0,2400.0,0.0,
772215584838015,3,100.0,2400.0,0.0,
772215602812870,3,100.0,2400.0,0.0,
772215624480349,3,100.0,2400.0,0.0,
772215644438845,3,100.0,2400.0,0.0,
772215662779910,3,100.0,2400.0,0.0,
772215682158573,3,101.0,2400.0,0.0,
772215704650026,3,101.0,2400.0,0.0,
772215724059206,3,100.0,2400.0,0.0,
772215742247683,3,100.0,2400.0,0.0,
772215766326053,3,100.0,2400.0,0.0,
772215783782107,3,100.0,2400.0,0.0,
772215805785280,3,100.0,2400.0,0.0,
772215824645144,3,100.0,2400.0,0.0,
772215843779666,3,100.0,2400.0,0.0,
772215862334353,3,101.0,2400.0,0.0,
772215884642702,3,101.0,2400.0,0.0,
772215903136355,3,100.0,2400.0,0.0,
772215922515018,3,100.0,2400.0,0.0,
772215945372683,3,100.0,2400.0,0.0,
772215963225466,3,100.0,2400.0,0.0,
772215984770877,3,100.0,2400.0,0.0,
772216005156620,3,100.0,2400.0,0.0,
772216028594118,3,100.0,2400.0,0.0,
772216042632204,3,101.0,2400.0,0.0,
772216065062625,3,101.0,2400.0,0.0,
772216083342655,3,100.0,2400.0,0.0,
772216102599245,3,100.0,2400.0,0.0,
772216125334841,3,100.0,2400.0,0.0,
772216143340213,3,100.0,2400.0,0.0,
772216165465457,3,100.0,2400.0,0.0,
772216185179812,3,100.0,2400.0,0.0,
772216203459841,3,100.0,2400.0,0.0,
772216222838504,3,100.0,2400.0,0.0,
772216245848758,3,100.0,2400.0,0.0,
772216263548952,3,100.0,2400.0,0.0,
772216282744509,3,100.0,2400.0,0.0,
772216305480105,3,100.0,2400.0,0.0,
772216323454960,3,100.0,2400.0,0.0,
772216345061403,3,100.0,2400.0,0.0,
772216365050417,3,100.0,2400.0,0.0,
772216383483035,3,100.0,2400.0,0.0,
772216402922732,3,100.0,2400.0,0.0,
772216425353151,3,100.0,2400.0,0.0,
772216443663698,3,100.0,2400.0,0.0,
772216462981326,3,100.0,2400.0,0.0,
772216486022097,3,101.0,2400.0,0.0,
772216503569703,3,100.0,2400.0,0.0,
772216526244264,3,100.0,2400.0,0.0,
772216545378787,3,100.0,2400.0,0.0,
772216563750369,3,100.0,2400.0,0.0,
772216583129030,3,101.0,2400.0,0.0,
772216605345827,3,101.0,2400.0,0.0,
772216623747928,3,100.0,2400.0,0.0,
772216643035037,3,100.0,2400.0,0.0,
772216665923219,3,101.0,2400.0,0.0,
772216683714968,3,101.0,2400.0,0.0,
772216706420046,3,101.0,2400.0,0.0,
772216725798708,3,100.0,2400.0,0.0,
772216743895631,3,100.0,2400.0,0.0,
772216763335329,3,101.0,2400.0,0.0,
772216785552127,3,101.0,2400.0,0.0,
772216803984744,3,101.0,2400.0,0.0,
772216823302369,3,101.0,2400.0,0.0,
772216846007448,3,102.0,2400.0,0.0,
772216863921267,3,101.0,2400.0,0.0,
772216885619265,3,101.0,2400.0,0.0,
772216905730348,3,101.0,2400.0,0.0,
772216924040896,3,101.0,2400.0,0.0,
772216943419558,3,101.0,2400.0,0.0,
772216966063601,3,101.0,2400.0,0.0,
772216984160524,3,99.0,2400.0,0.0,
772217003447634,3,99.0,2400.0,0.0,
772217026122195,3,101.0,2400.0,0.0,
772217044219119,3,100.0,2400.0,0.0,
772217066802125,3,100.0,2400.0,0.0,
772217085784059,3,101.0,2400.0,0.0,
772217104277713,3,101.0,2400.0,0.0,
772217123656375,3,101.0,2400.0,0.0,
772217146147828,3,101.0,2400.0,0.0,
772217165434938,3,99.0,2400.0,0.0,
772217183684451,3,99.0,2400.0,0.0,
772217219695192,3,103.0,2400.0,0.0,
772217224272828,3,100.0,2400.0,0.0,
772217246031862,3,100.0,2400.0,0.0,
772217266387088,3,101.0,2400.0,0.0,
772217284484011,3,101.0,2400.0,0.0,
772217303740602,3,101.0,2400.0,0.0,
772217326048952,3,101.0,2400.0,0.0,
772217344512088,3,101.0,2400.0,0.0,
772217363799197,3,101.0,2400.0,0.0,
772217386717897,3,101.0,2400.0,0.0,
772217404662233,3,99.0,2400.0,0.0,
772217427275759,3,99.0,2400.0,0.0,
772217446654421,3,100.0,2400.0,0.0,
772217464751344,3,100.0,2400.0,0.0,
772217484068972,3,101.0,2400.0,0.0,
772217506468875,3,101.0,2400.0,0.0,
772217524870974,3,101.0,2400.0,0.0,
772217544280153,3,101.0,2400.0,0.0,
772217567046266,3,101.0,2400.0,0.0,
772217585387332,3,101.0,2400.0,0.0,
772217608733279,3,101.0,2400.0,0.0,
772217626738649,3,101.0,2400.0,0.0,
772217644805054,3,101.0,2400.0,0.0,
772217664244752,3,101.0,2400.0,0.0,
772217686888795,3,101.0,2400.0,0.0,
772217704894167,3,101.0,2400.0,0.0,
772217724394900,3,101.0,2400.0,0.0,
772217746886354,3,101.0,2400.0,0.0,
772217764983277,3,101.0,2400.0,0.0,
772217787505250,3,101.0,2400.0,0.0,
772217806456667,3,101.0,2400.0,0.0,
772217825347049,3,101.0,2400.0,0.0,
772217844176394,3,101.0,2400.0,0.0,
772217866667848,3,101.0,2400.0,0.0,
772217884917358,3,101.0,2400.0,0.0,
772217904265504,3,101.0,2400.0,0.0,
772217927336793,3,101.0,2400.0,0.0,
772217945006472,3,100.0,2400.0,0.0,
772217967681033,3,100.0,2400.0,0.0,
772217986998659,3,101.0,2400.0,0.0,
772218005461792,3,101.0,2400.0,0.0,
772218024748903,3,101.0,2400.0,0.0,
772218047057253,3,101.0,2400.0,0.0,
772218065428836,3,101.0,2400.0,0.0,
772218084776980,3,101.0,2400.0,0.0,
772218107665162,3,101.0,2400.0,0.0,
772218125426392,3,100.0,2400.0,0.0,
772218148131470,3,100.0,2400.0,0.0,
772218167967897,3,101.0,2400.0,0.0,
772218185454470,3,101.0,2400.0,0.0,
772218204802615,3,101.0,2400.0,0.0,
772218227110963,3,101.0,2400.0,0.0,
772218245482544,3,101.0,2400.0,0.0,
772218264830690,3,101.0,2400.0,0.0,
772218287566286,3,101.0,2400.0,0.0,
772218305571658,3,101.0,2400.0,0.0,
772218328154665,3,101.0,2400.0,0.0,
772218347472291,3,101.0,2400.0,0.0,
772218367095094,3,101.0,2400.0,0.0,
772218386504274,3,101.0,2400.0,0.0,
772218408537967,3,101.0,2400.0,0.0,
772218425749880,3,101.0,2400.0,0.0,
772218444975953,3,101.0,2400.0,0.0,
772218467650513,3,101.0,2400.0,0.0,
772218485686403,3,101.0,2400.0,0.0,
772218508391483,3,101.0,2400.0,0.0,
772218527281863,3,101.0,2400.0,0.0,
772218545897585,3,101.0,2400.0,0.0,
772218565337281,3,100.0,2400.0,0.0,
772218588164430,3,100.0,2400.0,0.0,
772218605773073,3,103.0,2400.0,0.0,
772218625090701,3,101.0,2400.0,0.0,
772218648070437,3,101.0,2400.0,0.0,
772218665679078,3,101.0,2400.0,0.0,
772218688475710,3,101.0,2400.0,0.0,
772218707335573,3,101.0,2400.0,0.0,
772218725768191,3,101.0,2400.0,0.0,
772218745146853,3,101.0,2400.0,0.0,
772218767394166,3,101.0,2400.0,0.0,
772218785826783,3,103.0,2400.0,0.0,
772218805174928,3,101.0,2400.0,0.0,
772218828032595,3,101.0,2400.0,0.0,
772218845763309,3,101.0,2400.0,0.0,
772218868498903,3,101.0,2400.0,0.0,
772218887847046,3,101.0,2400.0,0.0,
772218906066041,3,101.0,2400.0,0.0,
772218925383669,3,100.0,2400.0,0.0,
772218947630984,3,100.0,2400.0,0.0,
772218966002566,3,101.0,2400.0,0.0,
772218985350709,3,100.0,2400.0,0.0,
772219008147340,3,100.0,2400.0,0.0,
772219026091677,3,101.0,2400.0,0.0,
772219048796756,3,101.0,2400.0,0.0,
772219067839724,3,101.0,2400.0,0.0,
772219086211305,3,101.0,2400.0,0.0,
772219105498414,3,100.0,2400.0,0.0,
772219128630740,3,100.0,2400.0,0.0,
772219148436649,3,101.0,2400.0,0.0,
772219165557010,3,100.0,2400.0,0.0,
772219189543825,3,100.0,2400.0,0.0,
772219206267457,3,101.0,2400.0,0.0,
772219228942019,3,101.0,2400.0,0.0,
772219247893434,3,101.0,2400.0,0.0,
772219266356570,3,101.0,2400.0,0.0,
772219285735232,3,101.0,2400.0,0.0,
772219308074098,3,101.0,2400.0,0.0,
772219326323609,3,101.0,2400.0,0.0,
772219345732790,3,100.0,2400.0,0.0,
772219368743045,3,100.0,2400.0,0.0,
772219386321169,3,101.0,2400.0,0.0,
772219409087281,3,101.0,2400.0,0.0,
772219428069215,3,101.0,2400.0,0.0,
772219446562868,3,101.0,2400.0,0.0,
772219466033083,3,101.0,2400.0,0.0,
772219488219363,3,102.0,2400.0,0.0,
772219506560426,3,101.0,2400.0,0.0,
772219525969605,3,97.0,2400.0,0.0,
772219548796755,3,97.0,2400.0,0.0,
772219566557985,3,101.0,2400.0,0.0,
772219589232547,3,101.0,2400.0,0.0,
772219609068972,3,101.0,2400.0,0.0,
772219626708131,3,101.0,2400.0,0.0,
772219645964723,3,101.0,2400.0,0.0,
772219668334109,3,101.0,2400.0,0.0,
772219686644656,3,101.0,2400.0,0.0,
772219706053835,3,100.0,2400.0,0.0,
772219728728394,3,100.0,2400.0,0.0,
772219746794801,3,101.0,2400.0,0.0,
772219769438845,3,101.0,2400.0,0.0,
772219788512332,3,101.0,2400.0,0.0,
772219806761844,3,101.0,2400.0,0.0,
772219826140505,3,101.0,2400.0,0.0,
772219848876100,3,101.0,2400.0,0.0,
772219866942506,3,101.0,2400.0,0.0,
772219886321169,3,100.0,2400.0,0.0,
772219908873661,3,100.0,2400.0,0.0,
772219926848513,3,103.0,2400.0,0.0,
772219951232057,3,103.0,2400.0,0.0,
772219968779665,3,101.0,2400.0,0.0,
772219987090212,3,101.0,2400.0,0.0,
772220006499392,3,101.0,2400.0,0.0,
772220029021364,3,101.0,2400.0,0.0,
772220047392945,3,101.0,2400.0,0.0,
772220066741090,3,100.0,2400.0,0.0,
772220090148074,3,100.0,2400.0,0.0,
772220107146365,3,100.0,2400.0,0.0,
772220129759890,3,100.0,2400.0,0.0,
772220148894411,3,101.0,2400.0,0.0,
772220167082886,3,101.0,2400.0,0.0,
772220186431032,3,101.0,2400.0,0.0,
772220208739383,3,101.0,2400.0,0.0,
772220227172000,3,101.0,2400.0,0.0,
772220246581179,3,101.0,2400.0,0.0,
772220269438844,3,101.0,2400.0,0.0,
772220287230592,3,102.0,2400.0,0.0,
772220309996707,3,102.0,2400.0,0.0,
772220329314334,3,101.0,2400.0,0.0,
772220347411257,3,101.0,2400.0,0.0,
772220366759400,3,101.0,2400.0,0.0,
772220389037233,3,101.0,2400.0,0.0,
772220407408815,3,101.0,2400.0,0.0,
772220426787478,3,101.0,2400.0,0.0,
772220449492557,3,101.0,2400.0,0.0,
772220467681032,3,103.0,2400.0,0.0,
772220490172487,3,103.0,2400.0,0.0,
772220509245974,3,101.0,2400.0,0.0,
772220527556521,3,101.0,2400.0,0.0,
772220546935183,3,101.0,2400.0,0.0,
772220569609744,3,101.0,2400.0,0.0,
772220587615114,3,101.0,2400.0,0.0,
772220607024293,3,101.0,2400.0,0.0,
772220629637820,3,101.0,2400.0,0.0,
772220647612673,3,101.0,2400.0,0.0,
772220670287233,3,101.0,2400.0,0.0,
772220690123658,3,101.0,2400.0,0.0,
772220707701783,3,101.0,2400.0,0.0,
772220727049928,3,100.0,2400.0,0.0,
772220749449832,3,101.0,2400.0,0.0,
772220767760379,3,101.0,2400.0,0.0,
772220787810426,3,101.0,2400.0,0.0,
772220810240846,3,101.0,2400.0,0.0,
772220827818971,3,101.0,2400.0,0.0,
772220850432498,3,101.0,2400.0,0.0,
772220869841678,3,100.0,2400.0,0.0,
772220887816531,3,100.0,2400.0,0.0,
772220907286744,3,103.0,2400.0,0.0,
772220929625612,3,100.0,2400.0,0.0,
772220947966677,3,100.0,2400.0,0.0,
772220967345339,3,101.0,2400.0,0.0,
772220990172487,3,101.0,2400.0,0.0,
772221008025270,3,101.0,2400.0,0.0,
772221030730348,3,101.0,2400.0,0.0,
772221050932986,3,101.0,2400.0,0.0,
772221067931277,3,101.0,2400.0,0.0,
772221087309940,3,100.0,2400.0,0.0,
772221109648805,3,100.0,2400.0,0.0,
772221127989869,3,100.0,2400.0,0.0,
772221147368532,3,101.0,2400.0,0.0,
772221170043094,3,101.0,2400.0,0.0,
772221187987429,3,101.0,2400.0,0.0,
772221210723025,3,101.0,2400.0,0.0,
772221229857545,3,101.0,2400.0,0.0,
772221248168092,3,101.0,2400.0,0.0,
772221267607790,3,103.0,2400.0,0.0,
772221290282352,3,101.0,2400.0,0.0,
772221308196169,3,101.0,2400.0,0.0,
772221327544313,3,102.0,2400.0,0.0,
772221350310426,3,102.0,2400.0,0.0,
772221368193727,3,100.0,2400.0,0.0,
772221389952762,3,100.0,2400.0,0.0,
772221410002810,3,101.0,2400.0,0.0,
772221428465944,3,101.0,2400.0,0.0,
772221447630982,3,100.0,2400.0,0.0,
772221470152956,3,100.0,2400.0,0.0,
772221488432986,3,100.0,2400.0,0.0,
772221507720096,3,101.0,2400.0,0.0,
772221530791384,3,101.0,2400.0,0.0,
772221548430543,3,102.0,2400.0,0.0,
772221571044069,3,102.0,2400.0,0.0,
772221590026004,3,101.0,2400.0,0.0,
772221618590457,3,101.0,2400.0,0.0,
772221627745730,3,101.0,2400.0,0.0,
772221650115113,3,101.0,2400.0,0.0,
772221668486696,3,101.0,2400.0,0.0,
772221687834840,3,101.0,2400.0,0.0,
772221710814578,3,101.0,2400.0,0.0,
772221728606326,3,101.0,2400.0,0.0,
772221751219850,3,101.0,2400.0,0.0,
772221770567995,3,101.0,2400.0,0.0,
772221788695437,3,101.0,2400.0,0.0,
772221808043581,3,101.0,2400.0,0.0,
772221832854374,3,101.0,2400.0,0.0,
772221848631960,3,101.0,2400.0,0.0,
772221867980104,3,101.0,2400.0,0.0,
772221890746218,3,101.0,2400.0,0.0,
772221908721072,3,101.0,2400.0,0.0,
772221931426151,3,101.0,2400.0,0.0,
772221950560671,3,101.0,2400.0,0.0,
772221968840699,3,101.0,2400.0,0.0,
772221988188844,3,101.0,2400.0,0.0,
772222026366335,3,100.0,2400.0,0.0,
772222028899295,3,100.0,2400.0,0.0,
772222048186404,3,101.0,2400.0,0.0,
772222070952516,3,101.0,2400.0,0.0,
772222088866334,3,100.0,2400.0,0.0,
772222111510378,3,100.0,2400.0,0.0,
772222130522830,3,101.0,2400.0,0.0,
772222148924930,3,101.0,2400.0,0.0,
772222168334109,3,101.0,2400.0,0.0,
772222190734010,3,99.0,2400.0,0.0,
772222209075075,3,99.0,2400.0,0.0,
772222228423221,3,101.0,2400.0,0.0,
772222251402957,3,101.0,2400.0,0.0,
772222269072634,3,100.0,2400.0,0.0,
772222291838746,3,100.0,2400.0,0.0,
772222310881715,3,101.0,2400.0,0.0,
772222329283816,3,101.0,2400.0,0.0,
772222348601444,3,101.0,2400.0,0.0,
772222371520144,3,100.0,2400.0,0.0,
772222389281374,3,100.0,2400.0,0.0,
772222408507448,3,101.0,2400.0,0.0,
772222431334597,3,101.0,2400.0,0.0,
772222449278934,3,100.0,2400.0,0.0,
772222471922977,3,100.0,2400.0,0.0,
772222491271120,3,101.0,2400.0,0.0,
772222509368043,3,101.0,2400.0,0.0,
772222528746706,3,101.0,2400.0,0.0,
772222551085574,3,100.0,2400.0,0.0,
772222569487674,3,100.0,2400.0,0.0,
772222588805300,3,101.0,2400.0,0.0,
772222611540894,3,101.0,2400.0,0.0,
772222629485231,3,100.0,2400.0,0.0,
772222652037722,3,100.0,2400.0,0.0,
772222671141727,3,101.0,2400.0,0.0,
772222689452273,3,101.0,2400.0,0.0,
772222708800417,3,101.0,2400.0,0.0,
772222731505495,3,100.0,2400.0,0.0,
772222749632937,3,100.0,2400.0,0.0,
772222769011600,3,101.0,2400.0,0.0,
772222791533573,3,101.0,2400.0,0.0,
772222809538943,3,100.0,2400.0,0.0,
772222832213502,3,100.0,2400.0,0.0,
772222851470095,3,101.0,2400.0,0.0,
772222869658572,3,100.0,2400.0,0.0,
772222888976200,3,100.0,2400.0,0.0,
772222911437136,3,101.0,2400.0,0.0,
772222929686646,3,101.0,2400.0,0.0,
772222949706178,3,101.0,2400.0,0.0,
772222987609011,3,101.0,2400.0,0.0,
772222989745242,3,100.0,2400.0,0.0,
772223012358767,3,100.0,2400.0,0.0,
772223031310182,3,101.0,2400.0,0.0,
772223049895387,3,101.0,2400.0,0.0,
772223069213015,3,101.0,2400.0,0.0,
772223091521365,3,101.0,2400.0,0.0,
772223109892948,3,101.0,2400.0,0.0,
772223129241091,3,101.0,2400.0,0.0,
772223152281861,3,101.0,2400.0,0.0,
772223169951540,3,100.0,2400.0,0.0,
772223192656619,3,100.0,2400.0,0.0,
772223212248905,3,103.0,2400.0,0.0,
772223230071169,3,101.0,2400.0,0.0,
772223249358277,3,101.0,2400.0,0.0,
772223271727663,3,101.0,2400.0,0.0,
772223290068728,3,101.0,2400.0,0.0,
772223309386356,3,101.0,2400.0,0.0,
772223332091433,3,101.0,2400.0,0.0,
772223350127321,3,101.0,2400.0,0.0,
772223372771365,3,101.0,2400.0,0.0,
772223391936404,3,103.0,2400.0,0.0,
772223410369021,3,101.0,2400.0,0.0,
772223429564577,3,101.0,2400.0,0.0,
772223452239138,3,103.0,2400.0,0.0,
772223470366580,3,103.0,2400.0,0.0,
772223489867313,3,101.0,2400.0,0.0,
772223518859011,3,101.0,2400.0,0.0,
772223530272585,3,101.0,2400.0,0.0,
772223553038699,3,101.0,2400.0,0.0,
772223572142703,3,100.0,2400.0,0.0,
772223590483766,3,101.0,2400.0,0.0,
772223609984500,3,101.0,2400.0,0.0,
772223632292850,3,103.0,2400.0,0.0,
772223650481326,3,103.0,2400.0,0.0,
772223669829470,3,101.0,2400.0,0.0,
772223693144900,3,101.0,2400.0,0.0,
772223710539920,3,101.0,2400.0,0.0,
772223733244998,3,101.0,2400.0,0.0,
772223752226930,3,103.0,2400.0,0.0,
772223770903689,3,101.0,2400.0,0.0,
772223790007694,3,101.0,2400.0,0.0,
772223813780887,3,103.0,2400.0,0.0,
772223830535036,3,103.0,2400.0,0.0,
772223849974734,3,101.0,2400.0,0.0,
772223872893436,3,101.0,2400.0,0.0,
772223890868289,3,101.0,2400.0,0.0,
772223913359743,3,101.0,2400.0,0.0,
772223933226687,3,103.0,2400.0,0.0,
772223950804813,3,101.0,2400.0,0.0,
772223970152957,3,101.0,2400.0,0.0,
772223992430788,3,103.0,2400.0,0.0,
772224010771853,3,103.0,2400.0,0.0,
772224030119998,3,101.0,2400.0,0.0,
772224052947146,3,101.0,2400.0,0.0,
772224071196657,3,100.0,2400.0,0.0,
772224093505007,3,100.0,2400.0,0.0,
772224112639529,3,101.0,2400.0,0.0,
772224130950076,3,100.0,2400.0,0.0,
772224150298220,3,100.0,2400.0,0.0,
772224173003298,3,101.0,2400.0,0.0,
772224191100223,3,101.0,2400.0,0.0,
772224210387332,3,100.0,2400.0,0.0,
772224233122926,3,100.0,2400.0,0.0,
772224250975710,3,101.0,2400.0,0.0,
772224272612674,3,101.0,2400.0,0.0,
772224292723758,3,101.0,2400.0,0.0,
772224311156374,3,100.0,2400.0,0.0,
772224330535037,3,100.0,2400.0,0.0,
772224352965457,3,101.0,2400.0,0.0,
772224371214969,3,101.0,2400.0,0.0,
772224390593630,3,100.0,2400.0,0.0,
772224413603884,3,100.0,2400.0,0.0,
772224431212528,3,100.0,2400.0,0.0,
772224452849490,3,100.0,2400.0,0.0,
772224472838503,3,100.0,2400.0,0.0,
772224491332156,3,100.0,2400.0,0.0,
772224511382205,3,100.0,2400.0,0.0,
772224532988650,3,101.0,2400.0,0.0,
772224551360231,3,101.0,2400.0,0.0,
772224570769412,3,100.0,2400.0,0.0,
772224593627078,3,100.0,2400.0,0.0,
772224611998660,3,101.0,2400.0,0.0,
772224633605104,3,100.0,2400.0,0.0,
772224653380496,3,100.0,2400.0,0.0,
772224671416385,3,99.0,2400.0,0.0,
772224690825565,3,99.0,2400.0,0.0,
772224713469606,3,101.0,2400.0,0.0,
772224731536013,3,101.0,2400.0,0.0,
772224750853641,3,100.0,2400.0,0.0,
772224773467166,3,100.0,2400.0,0.0,
772224791503053,3,101.0,2400.0,0.0,
772224813140017,3,101.0,2400.0,0.0,
772224833281619,3,99.0,2400.0,0.0,
772224851653201,3,101.0,2400.0,0.0,
772224871031862,3,101.0,2400.0,0.0,
772224894042117,3,101.0,2400.0,0.0,
772224911589725,3,101.0,2400.0,0.0,
772224930968387,3,100.0,2400.0,0.0,
772224953826051,3,100.0,2400.0,0.0,
772224971800906,3,101.0,2400.0,0.0,
772224994353397,3,101.0,2400.0,0.0,
772225013335330,3,101.0,2400.0,0.0,
772225031767946,3,101.0,2400.0,0.0,
772225051177127,3,101.0,2400.0,0.0,
772225073668582,3,101.0,2400.0,0.0,
772225091826541,3,101.0,2400.0,0.0,
772225111235720,3,101.0,2400.0,0.0,
772225134368044,3,101.0,2400.0,0.0,
772225151915653,3,100.0,2400.0,0.0,
772225174559695,3,101.0,2400.0,0.0,
772225193602663,3,101.0,2400.0,0.0,
772225212004763,3,101.0,2400.0,0.0,
772225231413944,3,101.0,2400.0,0.0,
772225253600223,3,101.0,2400.0,0.0,
772225272032839,3,101.0,2400.0,0.0,
772225291380984,3,101.0,2400.0,0.0,
772225314208133,3,101.0,2400.0,0.0,
772225332091434,3,101.0,2400.0,0.0,
772225354735475,3,101.0,2400.0,0.0,
772225374083621,3,101.0,2400.0,0.0,
772225394774539,3,101.0,2400.0,0.0,
772225411620242,3,101.0,2400.0,0.0,
772225433898073,3,101.0,2400.0,0.0,
772225452208621,3,101.0,2400.0,0.0,
772225471556766,3,101.0,2400.0,0.0,
772225494505984,3,101.0,2400.0,0.0,
772225512328249,3,101.0,2400.0,0.0,
772225535033327,3,100.0,2400.0,0.0,
772225554015262,3,100.0,2400.0,0.0,
772225572264773,3,101.0,2400.0,0.0,
772225591673952,3,101.0,2400.0,0.0,
772225614317996,3,101.0,2400.0,0.0,
772225632781131,3,101.0,2400.0,0.0,
772225651885135,3,101.0,2400.0,0.0,
772225674559694,3,101.0,2400.0,0.0,
772225692381960,3,101.0,2400.0,0.0,
772225714964969,3,100.0,2400.0,0.0,
772225733977420,3,100.0,2400.0,0.0,
772225752410036,3,101.0,2400.0,0.0,
772225771727664,3,101.0,2400.0,0.0,
772225794432742,3,101.0,2400.0,0.0,
772225812560184,3,101.0,2400.0,0.0,
772225831908327,3,101.0,2400.0,0.0,
772225868620975,3,101.0,2400.0,0.0,
772225872588260,3,101.0,2400.0,0.0,
772225895201785,3,101.0,2400.0,0.0,
772225914214235,3,101.0,2400.0,0.0,
772225932646853,3,101.0,2400.0,0.0,
772225951994998,3,101.0,2400.0,0.0,
772225974303348,3,100.0,2400.0,0.0,
772225992766481,3,100.0,2400.0,0.0,
772226012145144,3,100.0,2400.0,0.0,
772226034972293,3,100.0,2400.0,0.0,
772226052703006,3,101.0,2400.0,0.0,
772226075408083,3,100.0,2400.0,0.0,
772226094817263,3,100.0,2400.0,0.0,
772226112883670,3,101.0,2400.0,0.0,
772226132231815,3,101.0,2400.0,0.0,
772226154570680,3,100.0,2400.0,0.0,
772226172972781,3,100.0,2400.0,0.0,
772226192290409,3,101.0,2400.0,0.0,
772226215026004,3,101.0,2400.0,0.0,
772226233000856,3,101.0,2400.0,0.0,
772226255553347,3,100.0,2400.0,0.0,
772226274687869,3,100.0,2400.0,0.0,
772226292967898,3,101.0,2400.0,0.0,
772226312316042,3,101.0,2400.0,0.0,
772226334990603,3,100.0,2400.0,0.0,
772226353026492,3,100.0,2400.0,0.0,
772226372313602,3,101.0,2400.0,0.0,
772226395018678,3,101.0,2400.0,0.0,
772226413024050,3,101.0,2400.0,0.0,
772226435637576,3,100.0,2400.0,0.0,
772226454650027,3,100.0,2400.0,0.0,
772226473601442,3,101.0,2400.0,0.0,
772226492491824,3,101.0,2400.0,0.0,
772226515044315,3,100.0,2400.0,0.0,
772226533324344,3,100.0,2400.0,0.0,
772226552550417,3,101.0,2400.0,0.0,
772226575621706,3,101.0,2400.0,0.0,
772226593230350,3,101.0,2400.0,0.0,
772226615935427,3,100.0,2400.0,0.0,
772226634856325,3,100.0,2400.0,0.0,
772226653411013,3,101.0,2400.0,0.0,
772226672728641,3,101.0,2400.0,0.0,
772226694975954,3,101.0,2400.0,0.0,
772226713408571,3,101.0,2400.0,0.0,
772226732756716,3,101.0,2400.0,0.0,
772226755583865,3,101.0,2400.0,0.0,
772226773375612,3,101.0,2400.0,0.0,
772226796141725,3,99.0,2400.0,0.0,
772226815886599,3,99.0,2400.0,0.0,
772226833525760,3,101.0,2400.0,0.0,
772226852843386,3,101.0,2400.0,0.0,
772226875182253,3,100.0,2400.0,0.0,
772226893523318,3,100.0,2400.0,0.0,
772226912932498,3,101.0,2400.0,0.0,
772226935607058,3,101.0,2400.0,0.0,
772226953551393,3,101.0,2400.0,0.0,
772226976225954,3,101.0,2400.0,0.0,
772226995390994,3,101.0,2400.0,0.0,
772227013671022,3,101.0,2400.0,0.0,
772227032988649,3,101.0,2400.0,0.0,
772227055663210,3,100.0,2400.0,0.0,
772227073729617,3,100.0,2400.0,0.0,
772227093169314,3,101.0,2400.0,0.0,
772227115874391,3,101.0,2400.0,0.0,
772227133818728,3,101.0,2400.0,0.0,
772227156401736,3,101.0,2400.0,0.0,
772227175353151,3,101.0,2400.0,0.0,
772227193999391,3,101.0,2400.0,0.0,
772227213255984,3,101.0,2400.0,0.0,
772227235716922,3,97.0,2400.0,0.0,
772227253874880,3,97.0,2400.0,0.0,
772227273253542,3,101.0,2400.0,0.0,
772227296385867,3,101.0,2400.0,0.0,
772227313994510,3,101.0,2400.0,0.0,
772227336699587,3,101.0,2400.0,0.0,
772227355620485,3,101.0,2400.0,0.0,
772227374022585,3,101.0,2400.0,0.0,
772227393340213,3,101.0,2400.0,0.0,
772227415740114,3,97.0,2400.0,0.0,
772227434020143,3,97.0,2400.0,0.0,
772227453429324,3,101.0,2400.0,0.0,
772227476286990,3,100.0,2400.0,0.0,
772227494231325,3,100.0,2400.0,0.0,
772227516783815,3,101.0,2400.0,0.0,
772227536101443,3,101.0,2400.0,0.0,
772227554198367,3,100.0,2400.0,0.0,
772227573577028,3,100.0,2400.0,0.0,
772227596068483,3,99.0,2400.0,0.0,
772227614317996,3,99.0,2400.0,0.0,
772227633666141,3,101.0,2400.0,0.0,
772227656340700,3,100.0,2400.0,0.0,
772227681639773,3,100.0,2400.0,0.0,
772227697142702,3,101.0,2400.0,0.0,
772227716094119,3,101.0,2400.0,0.0,
772227734679323,3,101.0,2400.0,0.0,
772227753752809,3,101.0,2400.0,0.0,
772227776915652,3,100.0,2400.0,0.0,
772227794310672,3,100.0,2400.0,0.0,
772227813750368,3,101.0,2400.0,0.0,
772227836424927,3,100.0,2400.0,0.0,
772227858702761,3,100.0,2400.0,0.0,
772227876006228,3,101.0,2400.0,0.0,
772227895995242,3,101.0,2400.0,0.0,
772227918578249,3,100.0,2400.0,0.0,
772227933898072,3,100.0,2400.0,0.0,
772227956389528,3,100.0,2400.0,0.0,
772227974608522,3,100.0,2400.0,0.0,
772227993926150,3,101.0,2400.0,0.0,
772228017027956,3,100.0,2400.0,0.0,
772228034575563,3,100.0,2400.0,0.0,
772228056273559,3,99.0,2400.0,0.0,
772228076323609,3,99.0,2400.0,0.0,
772228094634157,3,100.0,2400.0,0.0,
772228113982302,3,100.0,2400.0,0.0,
772228136321170,3,100.0,2400.0,0.0,
772228154814821,3,100.0,2400.0,0.0,
772228174101929,3,101.0,2400.0,0.0,
772228197112184,3,100.0,2400.0,0.0,
772228214873415,3,100.0,2400.0,0.0,
772228236510379,3,101.0,2400.0,0.0,
772228256713015,3,101.0,2400.0,0.0,
772228274809938,3,100.0,2400.0,0.0,
772228294249634,3,100.0,2400.0,0.0,
772228316802125,3,100.0,2400.0,0.0,
772228334990602,3,100.0,2400.0,0.0,
772228354216677,3,99.0,2400.0,0.0,
772228376891238,3,100.0,2400.0,0.0,
772228394957643,3,100.0,2400.0,0.0,
772228416625122,3,100.0,2400.0,0.0,
772228436766725,3,100.0,2400.0,0.0,
772228455657106,3,100.0,2400.0,0.0,
772228474364383,3,100.0,2400.0,0.0,
772228497008425,3,100.0,2400.0,0.0,
772228515074830,3,100.0,2400.0,0.0,
772228534422975,3,99.0,2400.0,0.0,
772228557097536,3,100.0,2400.0,0.0,
772228575133425,3,100.0,2400.0,0.0,
772228596861941,3,101.0,2400.0,0.0,
772228616881471,3,101.0,2400.0,0.0,
772228635314088,3,100.0,2400.0,0.0,
772228654631715,3,100.0,2400.0,0.0,
772228677123171,3,100.0,2400.0,0.0,
772228695311648,3,100.0,2400.0,0.0,
772228714751345,3,100.0,2400.0,0.0,
772228739379030,3,99.0,2400.0,0.0,
772228756346803,3,99.0,2400.0,0.0,
772228776976686,3,101.0,2400.0,0.0,
772228796935183,3,101.0,2400.0,0.0,
772228815367800,3,100.0,2400.0,0.0,
772228834838014,3,100.0,2400.0,0.0,
772228857115846,3,100.0,2400.0,0.0,
772228875517946,3,100.0,2400.0,0.0,
772228894774539,3,100.0,2400.0,0.0,
772228917632204,3,100.0,2400.0,0.0,
772228935454469,3,100.0,2400.0,0.0,
772228957213502,3,101.0,2400.0,0.0,
772228977568727,3,101.0,2400.0,0.0,
772228995513064,3,100.0,2400.0,0.0,
772229014891727,3,100.0,2400.0,0.0,
772229037230592,3,100.0,2400.0,0.0,
772229055724244,3,100.0,2400.0,0.0,
772229076140504,3,100.0,2400.0,0.0,
772229097777468,3,100.0,2400.0,0.0,
772229115691287,3,100.0,2400.0,0.0,
772229137358767,3,101.0,2400.0,0.0,
772229157561402,3,101.0,2400.0,0.0,
772229175841432,3,100.0,2400.0,0.0,
772229195036989,3,100.0,2400.0,0.0,
772229217772585,3,99.0,2400.0,0.0,
772229235808474,3,99.0,2400.0,0.0,
772229255248170,3,100.0,2400.0,0.0,
772229278105836,3,100.0,2400.0,0.0,
772229295806032,3,100.0,2400.0,0.0,
772229317442995,3,100.0,2400.0,0.0,
772229337462527,3,100.0,2400.0,0.0,
772229355986696,3,100.0,2400.0,0.0,
772229378447633,3,100.0,2400.0,0.0,
772229397643190,3,101.0,2400.0,0.0,
772229415892702,3,101.0,2400.0,0.0,
772229435301883,3,100.0,2400.0,0.0,
772229458464724,3,100.0,2400.0,0.0,
772229476042848,3,100.0,2400.0,0.0,
772229497649293,3,100.0,2400.0,0.0,
772229517668825,3,100.0,2400.0,0.0,
772229536070925,3,100.0,2400.0,0.0,
772229555541140,3,100.0,2400.0,0.0,
772229577788453,3,101.0,2400.0,0.0,
772229596129517,3,101.0,2400.0,0.0,
772229615508180,3,100.0,2400.0,0.0,
772229638457401,3,100.0,2400.0,0.0,
772229656096561,3,100.0,2400.0,0.0,
772229677764040,3,100.0,2400.0,0.0,
772229711699586,3,100.0,2400.0,0.0,
772229716277223,3,100.0,2400.0,0.0,
772229735686403,3,100.0,2400.0,0.0,
772229757994754,3,100.0,2400.0,0.0,
772229776335818,3,100.0,2400.0,0.0,
772229795714479,3,100.0,2400.0,0.0,
772229818480593,3,100.0,2400.0,0.0,
772229836363893,3,100.0,2400.0,0.0,
772229858061892,3,100.0,2400.0,0.0,
772229878234011,3,100.0,2400.0,0.0,
772229896514039,3,100.0,2400.0,0.0,
772229915831666,3,100.0,2400.0,0.0,
772229938628298,3,100.0,2400.0,0.0,
772229956511599,3,100.0,2400.0,0.0,
772229975859744,3,100.0,2400.0,0.0,
772229998534303,3,100.0,2400.0,0.0,
772230017302613,3,100.0,2400.0,0.0,
772230038146119,3,100.0,2400.0,0.0,
772230058104616,3,100.0,2400.0,0.0,
772230076598269,3,100.0,2400.0,0.0,
772230095885378,3,100.0,2400.0,0.0,
772230118407350,3,100.0,2400.0,0.0,
772230136656861,3,100.0,2400.0,0.0,
772230156035524,3,100.0,2400.0,0.0,
772230179259403,3,100.0,2400.0,0.0,
772230196684939,3,100.0,2400.0,0.0,
772230218382935,3,100.0,2400.0,0.0,
772230238463503,3,100.0,2400.0,0.0,
772230256713014,3,100.0,2400.0,0.0,
772230276061159,3,100.0,2400.0,0.0,
772230298522098,3,100.0,2400.0,0.0,
772230316863161,3,100.0,2400.0,0.0,
772230336241822,3,99.0,2400.0,0.0,
772230359130007,3,100.0,2400.0,0.0,
772230376921755,3,100.0,2400.0,0.0,
772230398589237,3,100.0,2400.0,0.0,
772230418944460,3,100.0,2400.0,0.0,
772230436980348,3,99.0,2400.0,0.0,
772230456359010,3,99.0,2400.0,0.0,
772230497466189,3,100.0,2400.0,0.0,
772230497527224,3,99.0,2400.0,0.0,
772230516448122,3,99.0,2400.0,0.0,
772230539336305,3,100.0,2400.0,0.0,
772230557219605,3,100.0,2400.0,0.0,
772230578826052,3,100.0,2400.0,0.0,
772230598815067,3,100.0,2400.0,0.0,
772230617034061,3,100.0,2400.0,0.0,
772230636412721,3,100.0,2400.0,0.0,
772230677306276,3,100.0,2400.0,0.0,
772230677336793,3,99.0,2400.0,0.0,
772230701598269,3,99.0,2400.0,0.0,
772230719298465,3,100.0,2400.0,0.0,
772230737212283,3,100.0,2400.0,0.0,
772230758849244,3,100.0,2400.0,0.0,
772230778868776,3,100.0,2400.0,0.0,
772230797362428,3,100.0,2400.0,0.0,
772230816710574,3,100.0,2400.0,0.0,
772230839110476,3,100.0,2400.0,0.0,
772230857359986,3,99.0,2400.0,0.0,
772230876677613,3,99.0,2400.0,0.0,
772230899809939,3,100.0,2400.0,0.0,
772230918883426,3,100.0,2400.0,0.0,
772230939086062,3,100.0,2400.0,0.0,
772230959075075,3,100.0,2400.0,0.0,
772230977446656,3,97.0,2400.0,0.0,
772230996886354,3,97.0,2400.0,0.0,
772231019316775,3,100.0,2400.0,0.0,
772231037627322,3,99.0,2400.0,0.0,
772231056914431,3,99.0,2400.0,0.0,
772231079833131,3,100.0,2400.0,0.0,
772231097655397,3,100.0,2400.0,0.0,
772231119322879,3,100.0,2400.0,0.0,
772231139617069,3,100.0,2400.0,0.0,
772231157713991,3,100.0,2400.0,0.0,
772231177031617,3,100.0,2400.0,0.0,
772231199401003,3,100.0,2400.0,0.0,
772231217772584,3,99.0,2400.0,0.0,
772231237120730,3,99.0,2400.0,0.0,
772231259886844,3,100.0,2400.0,0.0,
772231278014284,3,100.0,2400.0,0.0,
772231299498659,3,100.0,2400.0,0.0,
772231319609743,3,100.0,2400.0,0.0,
772231338072878,3,100.0,2400.0,0.0,
772231357359988,3,100.0,2400.0,0.0,
772231379912478,3,100.0,2400.0,0.0,
772231397917848,3,99.0,2400.0,0.0,
772231417296510,3,99.0,2400.0,0.0,
772231440001590,3,100.0,2400.0,0.0,
772231457854373,3,100.0,2400.0,0.0,
772231479796511,3,99.0,2400.0,0.0,
772231499632935,3,99.0,2400.0,0.0,
772231518004517,3,100.0,2400.0,0.0,
772231537627321,3,100.0,2400.0,0.0,
772231559905154,3,100.0,2400.0,0.0,
772231578093631,3,99.0,2400.0,0.0,
772231597441774,3,99.0,2400.0,0.0,
772231621031862,3,100.0,2400.0,0.0,
772231638091188,3,100.0,2400.0,0.0,
772231659758670,3,100.0,2400.0,0.0,
772231679808719,3,100.0,2400.0,0.0,
772231698149783,3,100.0,2400.0,0.0,
772231717528444,3,100.0,2400.0,0.0,
772231739897829,3,100.0,2400.0,0.0,
772231758635623,3,99.0,2400.0,0.0,
772231777678591,3,99.0,2400.0,0.0,
772231800475222,3,100.0,2400.0,0.0,
772231818358521,3,100.0,2400.0,0.0,
772231840026003,3,99.0,2400.0,0.0,
772231860259158,3,99.0,2400.0,0.0,
772231878356082,3,100.0,2400.0,0.0,
772231897734744,3,100.0,2400.0,0.0,
772231920043092,3,100.0,2400.0,0.0,
772231938597780,3,99.0,2400.0,0.0,
772231957915407,3,99.0,2400.0,0.0,
772231980620486,3,100.0,2400.0,0.0,
772231998564823,3,100.0,2400.0,0.0,
772232020140749,3,99.0,2400.0,0.0,
772232040190797,3,99.0,2400.0,0.0,
772232058562380,3,100.0,2400.0,0.0,
772232077910524,3,100.0,2400.0,0.0,
772232100524051,3,100.0,2400.0,0.0,
772232118559939,3,99.0,2400.0,0.0,
772232137938600,3,99.0,2400.0,0.0,
772232160735231,3,100.0,2400.0,0.0,
772232178740603,3,100.0,2400.0,0.0,
772232200316531,3,99.0,2400.0,0.0,
772232220427615,3,99.0,2400.0,0.0,
772232238860231,3,99.0,2400.0,0.0,
772232258818727,3,99.0,2400.0,0.0,
772232280638796,3,99.0,2400.0,0.0,
772232298888309,3,100.0,2400.0,0.0,
772232318205935,3,100.0,2400.0,0.0,
772232341399294,3,100.0,2400.0,0.0,
772232359068971,3,100.0,2400.0,0.0,
772232380522829,3,99.0,2400.0,0.0,
772232400450808,3,99.0,2400.0,0.0,
772232418974979,3,100.0,2400.0,0.0,
772232438231570,3,100.0,2400.0,0.0,
772232460570435,3,99.0,2400.0,0.0,
772232478972536,3,100.0,2400.0,0.0,
772232498412234,3,100.0,2400.0,0.0,
772232521269901,3,100.0,2400.0,0.0,
772232539183719,3,100.0,2400.0,0.0,
772232560637575,3,99.0,2400.0,0.0,
772232581511598,3,99.0,2400.0,0.0,
772232599059206,3,100.0,2400.0,0.0,
772232618437869,3,100.0,2400.0,0.0,
772232640776737,3,99.0,2400.0,0.0,
772232659239871,3,100.0,2400.0,0.0,
772232678618532,3,100.0,2400.0,0.0,
772232701171022,3,100.0,2400.0,0.0,
772232719145877,3,100.0,2400.0,0.0,
772232740843875,3,99.0,2400.0,0.0,
772232761962038,3,99.0,2400.0,0.0,
772232779234986,3,100.0,2400.0,0.0,
772232798491579,3,100.0,2400.0,0.0,
772232821227175,3,100.0,2400.0,0.0,
772232839263065,3,100.0,2400.0,0.0,
772232858672244,3,100.0,2400.0,0.0,
772232883360963,3,100.0,2400.0,0.0,
772232899260622,3,100.0,2400.0,0.0,
772232920928103,3,100.0,2400.0,0.0,
772232941008670,3,100.0,2400.0,0.0,
772232959410770,3,100.0,2400.0,0.0,
772232978789431,3,99.0,2400.0,0.0,
772233001097779,3,99.0,2400.0,0.0,
772233019438845,3,100.0,2400.0,0.0,
772233038786990,3,100.0,2400.0,0.0,
772233061888797,3,100.0,2400.0,0.0,
772233079497439,3,100.0,2400.0,0.0,
772233101164918,3,99.0,2400.0,0.0,
772233121184450,3,99.0,2400.0,0.0,
772233139586550,3,100.0,2400.0,0.0,
772233158873660,3,100.0,2400.0,0.0,
772233181243045,3,98.0,2400.0,0.0,
772233199584108,3,100.0,2400.0,0.0,
772233219054323,3,100.0,2400.0,0.0,
772233241881472,3,99.0,2400.0,0.0,
772233259673221,3,99.0,2400.0,0.0,
772233281493290,3,100.0,2400.0,0.0,
772233301665408,3,100.0,2400.0,0.0,
772233319701295,3,100.0,2400.0,0.0,
772233339110476,3,99.0,2400.0,0.0,
772233361418826,3,99.0,2400.0,0.0,
772233379790409,3,100.0,2400.0,0.0,
772233399138552,3,100.0,2400.0,0.0,
772233421813111,3,99.0,2400.0,0.0,
772233439818483,3,99.0,2400.0,0.0,
772233462523562,3,98.0,2400.0,0.0,
772233482665164,3,98.0,2400.0,0.0,
772233500121219,3,100.0,2400.0,0.0,
772233519408327,3,99.0,2400.0,0.0,
772233542479616,3,99.0,2400.0,0.0,
772233561186892,3,99.0,2400.0,0.0,
772233579405887,3,99.0,2400.0,0.0,
772233602049930,3,98.0,2400.0,0.0,
772233619994265,3,98.0,2400.0,0.0,
772233641692262,3,100.0,2400.0,0.0,
772233661681276,3,100.0,2400.0,0.0,
772233680083377,3,100.0,2400.0,0.0,
772233699553592,3,99.0,2400.0,0.0,
772233721892458,3,99.0,2400.0,0.0,
772233740264040,3,100.0,2400.0,0.0,
772233759551150,3,100.0,2400.0,0.0,
772233782622440,3,99.0,2400.0,0.0,
772233800109011,3,99.0,2400.0,0.0,
772233822783571,3,100.0,2400.0,0.0,
772233841826541,3,100.0,2400.0,0.0,
772233860289676,3,100.0,2400.0,0.0,
772233879637820,3,99.0,2400.0,0.0,
772233901885134,3,99.0,2400.0,0.0,
772233920256717,3,100.0,2400.0,0.0,
772233939696415,3,100.0,2400.0,0.0,
772233962432009,3,100.0,2400.0,0.0,
772233980254274,3,100.0,2400.0,0.0,
772234001891238,3,100.0,2400.0,0.0,
772234022276981,3,100.0,2400.0,0.0,
772234040343386,3,100.0,2400.0,0.0,
772234059722048,3,99.0,2400.0,0.0,
772234082030398,3,99.0,2400.0,0.0,
772234100432499,3,100.0,2400.0,0.0,
