772200526488404,3,0.6189583,0.46051794,9.776257,
772200545928102,3,0.62294954,0.46053207,9.776003,
772200566344363,3,0.6238665,0.4623537,9.775859,
772200587859256,3,0.62128043,0.46853745,9.775728,
772200605895143,3,0.6216056,0.47407845,9.775441,
772200626555543,3,0.624125,0.47985756,9.774999,
772200646544557,3,0.6267282,0.4805335,9.774798,
772200668181521,3,0.62761617,0.48320803,9.77461,
772200686339480,3,0.626682,0.48637477,9.774512,
772200706694705,3,0.6287024,0.49133113,9.774135,
772200726042848,3,0.63018024,0.49365795,9.773922,
772200746367555,3,0.6307313,0.4963827,9.773749,
772200768035036,3,0.63094085,0.50005764,9.773548,
772200786070925,3,0.63147026,0.5011534,9.7734585,
772200806517702,3,0.6309017,0.5053598,9.773278,
772200826750856,3,0.6314032,0.509532,9.773029,
772200848509889,3,0.6351775,0.51229364,9.77264,
772200866881471,3,0.6354289,0.5156338,9.772448,
772200886809451,3,0.63815653,0.5195935,9.77206,
772200906157596,3,0.6438135,0.5250814,9.771397,
772200926573854,3,0.6449528,0.5280108,9.771163,
772200948180298,3,0.6449102,0.5299711,9.77106,
772200966216188,3,0.6426611,0.5302306,9.7711935,
772200986571413,3,0.64019454,0.5300863,9.771363,
772201006896121,3,0.6374467,0.5320131,9.771439,
772201028502566,3,0.6365622,0.5353292,9.771316,
772201046813112,3,0.6376359,0.53657067,9.771176,
772201067015748,3,0.6390929,0.5381506,9.770995,
772201086363893,3,0.6407584,0.5381909,9.770884,
772201107054812,3,0.63935107,0.5380081,9.770987,
772201128417116,3,0.63632685,0.5382065,9.771172,
772201146422486,3,0.6341158,0.54022783,9.771204,
772201167021851,3,0.632906,0.5439337,9.771077,
772201187071901,3,0.63412064,0.54558194,9.770906,
772201208647830,3,0.63431907,0.54790103,9.770764,
772201226805789,3,0.63395256,0.5489572,9.770728,
772201247191530,3,0.6341588,0.55154276,9.77057,
772201266509156,3,0.63463485,0.5532762,9.770441,
772201287047487,3,0.6344069,0.55413425,9.770407,
772201308562381,3,0.63300806,0.55749077,9.770307,
772201326598269,3,0.6330504,0.55955315,9.770186,
772201347197634,3,0.6343885,0.560966,9.770019,
772201367247682,3,0.6344437,0.5624297,9.769931,
772201392699343,3,0.63343245,0.5686161,9.769638,
772201406951052,3,0.6346293,0.5690922,9.769533,
772201427275759,3,0.634653,0.5708976,9.769426,
772201446654421,3,0.6346276,0.57161987,9.769385,
772201467070680,3,0.634156,0.5730703,9.769331,
772201488677126,3,0.6351985,0.5745854,9.769175,
772201506896120,3,0.6367605,0.5757154,9.769006,
772201527251345,3,0.63751584,0.57736164,9.768859,
772201547423465,3,0.63764447,0.5793042,9.768736,
772201569090944,3,0.63713837,0.58203787,9.768606,
772201587584595,3,0.6374142,0.5834765,9.768502,
772201607543092,3,0.6375061,0.58485764,9.7684145,
772201626891237,3,0.63645643,0.5857788,9.768427,
772201647246463,3,0.637459,0.58640134,9.768325,
772201668883425,3,0.6374521,0.58825916,9.768213,
772201686919313,3,0.6374258,0.5869396,9.768294,
772201707244020,3,0.63473475,0.5891919,9.768334,
772201727599245,3,0.63485116,0.590387,9.768254,
772201749297245,3,0.6369092,0.59190315,9.768028,
772201767455202,3,0.636718,0.59315234,9.767966,
772201787718873,3,0.6375369,0.59424686,9.767845,
772201807036500,3,0.63777065,0.59551936,9.767753,
772201827818971,3,0.6376716,0.5954851,9.767761,
772201849089725,3,0.6372299,0.59571296,9.767776,
772201867064578,3,0.63701564,0.59620667,9.76776,
772201887419802,3,0.6368062,0.59713817,9.767716,
772201907775025,3,0.6373822,0.5991747,9.767554,
772201929411990,3,0.6387469,0.59990525,9.767421,
772201947508913,3,0.63886076,0.60080385,9.767358,
772201967864139,3,0.63949347,0.60257435,9.767207,
772201987181765,3,0.6407815,0.6029159,9.767102,
772202007720094,3,0.6416772,0.603294,9.76702,
772202029234987,3,0.6418878,0.6048575,9.766909,
772202047301393,3,0.6426291,0.60595137,9.766793,
772202067961795,3,0.64425683,0.6081889,9.766546,
772202087950808,3,0.64581054,0.6087294,9.76641,
772202110594850,3,0.6474836,0.61146235,9.766129,
772202127684693,3,0.6484707,0.6121504,9.76602,
772202148039919,3,0.6504219,0.6132237,9.765822,
772202167418581,3,0.65181494,0.61432046,9.765661,
772202187773807,3,0.65265566,0.6159886,9.7655,
772202209441286,3,0.6532003,0.61649364,9.765431,
772202227721314,3,0.6540598,0.6176378,9.765302,
772202247893434,3,0.65481913,0.6190012,9.765164,
772202268035036,3,0.6547437,0.62028533,9.765088,
772202289763554,3,0.65562105,0.61984885,9.765058,
772202308196170,3,0.6559068,0.6198021,9.76504,
772202328154664,3,0.65644103,0.621204,9.764915,
772202347502809,3,0.65793115,0.62179816,9.764777,
772202367919069,3,0.65938646,0.6236513,9.764561,
772202389525516,3,0.659673,0.62616026,9.764381,
772202407530886,3,0.66058296,0.62705296,9.764262,
772202427916627,3,0.66045606,0.62675637,9.764291,
772202448241334,3,0.6596178,0.6289925,9.764203,
772202469908816,3,0.6606834,0.6298008,9.764079,
772202488158328,3,0.660584,0.62963223,9.764096,
772202508330447,3,0.66171145,0.6295068,9.764029,
772202527709108,3,0.6613031,0.6307264,9.763977,
772202548461061,3,0.6616326,0.6313291,9.763916,
772202569731814,3,0.66239965,0.6321035,9.763814,
772202587767702,3,0.6625108,0.63193935,9.763817,
772202608122928,3,0.66277957,0.6327445,9.763746,
772202628447634,3,0.66461873,0.6324166,9.763643,
772202651091676,3,0.6641252,0.63191354,9.763709,
772202668181520,3,0.66253304,0.6320846,9.763806,
772202688536746,3,0.66265815,0.63277406,9.763753,
772202707884890,3,0.66311586,0.6325652,9.763735,
772202728423220,3,0.66394895,0.63269997,9.76367,
772202749938111,3,0.664544,0.6332736,9.763593,
772202767912965,3,0.66502476,0.63251406,9.763609,
772202788695437,3,0.6650074,0.6321303,9.763636,
772202808592899,3,0.66496086,0.6318958,9.763654,
772202831328494,3,0.66536325,0.6345523,9.7634535,
772202848418337,3,0.6662252,0.6343183,9.763411,
772202868712527,3,0.66724986,0.6344563,9.76333,
772202888091189,3,0.66871667,0.63488317,9.763203,
772202908354861,3,0.67062336,0.63480085,9.763077,
772202930052858,3,0.6713928,0.6351984,9.762999,
772202948058229,3,0.6715748,0.6344411,9.763036,
772202968535526,3,0.6712184,0.6344794,9.763058,
772202988738162,3,0.6707191,0.63415235,9.763113,
772203011443239,3,0.6718358,0.63387954,9.763054,
772203028838259,3,0.67262834,0.6329346,9.763061,
772203048857791,3,0.6722737,0.6334736,9.76305,
772203068205936,3,0.67345,0.6339799,9.762936,
772203088622194,3,0.67385966,0.6328095,9.762983,
772203110228640,3,0.6738544,0.63135576,9.763078,
772203128325565,3,0.67413306,0.63043815,9.763119,
772203148619754,3,0.67376465,0.629683,9.763192,
772203168913942,3,0.6734909,0.6292198,9.763241,
772203191619021,3,0.67314726,0.62954664,9.763244,
772203208800418,3,0.6725299,0.62899464,9.763322,
772203229003055,3,0.6728332,0.6294857,9.763269,
772203248381716,3,0.67351294,0.6291865,9.763242,
772203269133670,3,0.673242,0.6290444,9.763269,
772203290434940,3,0.6733405,0.628851,9.763276,
772203308440311,3,0.6743838,0.6282343,9.763243,
772203328765016,3,0.6763407,0.63034755,9.762972,
772203349120242,3,0.6770255,0.62921166,9.762998,
772203371764285,3,0.6770294,0.62951326,9.762978,
772203388854129,3,0.677409,0.6277922,9.7630625,
772203409819704,3,0.6772924,0.62680715,9.763134,
772203428526980,3,0.6778974,0.6265681,9.763106,
772203449095829,3,0.6798076,0.6264525,9.762981,
772203470580203,3,0.6807231,0.6259744,9.762948,
772203488585573,3,0.68220645,0.62428266,9.762953,
772203509276492,3,0.6845045,0.62310207,9.762868,
772203529265506,3,0.68461764,0.62257487,9.762894,
772203551940066,3,0.6853671,0.62384427,9.762759,
772203568968874,3,0.6852502,0.6227584,9.762837,
772203589354617,3,0.68370146,0.6224144,9.762968,
772203608702762,3,0.68424714,0.62310284,9.762885,
772203629149539,3,0.6849289,0.62379926,9.762794,
772203650755983,3,0.68401974,0.6243971,9.762818,
772203668761355,3,0.6856454,0.6221141,9.762851,
772203693389041,3,0.6840395,0.6227982,9.762919,
772203708739383,3,0.68505317,0.6211859,9.762951,
772203731413942,3,0.68693787,0.62106854,9.762826,
772203750792605,3,0.6868819,0.62042797,9.762871,
772203768859012,3,0.68644184,0.62008786,9.762924,
772203788207156,3,0.68809336,0.6197848,9.762827,
772203810515505,3,0.6911919,0.62016064,9.762585,
772203828887088,3,0.6925858,0.61873484,9.762575,
772203848235232,3,0.6937913,0.61841553,9.76251,
772203870513065,3,0.69438,0.61773473,9.762511,
772203888915163,3,0.69574,0.6183601,9.762375,
772203911589724,3,0.6981076,0.6163528,9.762333,
772203930754764,3,0.69795275,0.6164826,9.762336,
772203949004276,3,0.6994601,0.61563396,9.762281,
772203968535524,3,0.70155007,0.6145101,9.762202,
772203991149050,3,0.70346814,0.6149566,9.762036,
772204009062870,3,0.70547503,0.61437064,9.761929,
772204032988650,3,0.70751613,0.6142445,9.761788,
772204050688845,3,0.7081555,0.6131778,9.761809,
772204069090945,3,0.7089579,0.61373544,9.761716,
772204091796024,3,0.7097519,0.61264306,9.761726,
772204110777957,3,0.70901316,0.61207634,9.761816,
772204129210573,3,0.71062875,0.6156233,9.761476,
772204148528201,3,0.72618735,0.6135029,9.760464,
772204171019657,3,0.7331357,0.61304027,9.759974,
772204189238651,3,0.73661494,0.6121589,9.759767,
772204208586794,3,0.7384376,0.6114744,9.759672,
772204231230837,3,0.74041146,0.61097485,9.759554,
772204249266727,3,0.7402814,0.61071795,9.75958,
772204271910770,3,0.7418651,0.6108469,9.759451,
772204290953737,3,0.7430161,0.609773,9.759431,
772204309355838,3,0.7434694,0.6080306,9.759505,
772204328703983,3,0.7449682,0.6063404,9.759496,
772204351012332,3,0.7440996,0.60556585,9.75961,
772204369414431,3,0.7433222,0.60407925,9.759762,
772204388762576,3,0.74289703,0.6031906,9.75985,
772204411192996,3,0.7434171,0.60124344,9.75993,
772204429442508,3,0.74336046,0.60050285,9.759979,
772204452117067,3,0.7406219,0.6011062,9.76015,
772204471495730,3,0.7416738,0.6015781,9.760041,
772204489531620,3,0.7427667,0.60011554,9.760049,
772204508879764,3,0.74326754,0.59784883,9.760149,
772204531249147,3,0.74340355,0.5935628,9.760401,
772204549590213,3,0.7448325,0.5912689,9.760431,
772204568938358,3,0.745719,0.5899104,9.760446,
772204591216190,3,0.7480925,0.58823764,9.760365,
772204609618288,3,0.75029457,0.58461916,9.760413,
772204632262332,3,0.7529129,0.5811702,9.760417,
772204651732547,3,0.755915,0.5770206,9.760431,
772204669707401,3,0.7591146,0.5723473,9.760459,
772204689055544,3,0.7615663,0.5718428,9.760297,
772204711760623,3,0.7620852,0.57277167,9.760202,
772204729735477,3,0.7633287,0.5728192,9.760102,
772204749114139,3,0.7646557,0.5725187,9.7600155,
772204771391970,3,0.76736665,0.5721579,9.759825,
772204789794070,3,0.7689978,0.57477427,9.7595415,
772204812438114,3,0.77198815,0.57998943,9.758998,
772204831450565,3,0.77749586,0.58054906,9.758527,
772204849883181,3,0.7804485,0.58153886,9.758232,
772204869200808,3,0.78289944,0.58342934,9.757923,
772204891692264,3,0.78086334,0.5800466,9.758288,
772204909941776,3,0.7778184,0.579262,9.758578,
772204929289919,3,0.77634823,0.577518,9.758799,
772204951933962,3,0.7737659,0.5774852,9.759006,
772204969969852,3,0.77363926,0.57641566,9.759078,
772204992644412,3,0.7742214,0.5736479,9.759195,
772205011626345,3,0.77282506,0.57292837,9.759348,
772205030058963,3,0.7716177,0.572041,9.759496,
772205049407108,3,0.7701675,0.5701406,9.759721,
772205071745975,3,0.7689696,0.5687271,9.759898,
772205090087038,3,0.76769924,0.5673413,9.760079,
772205109435183,3,0.76804036,0.56668675,9.760091,
772205131865604,3,0.76729155,0.5666627,9.760151,
772205150572879,3,0.76805335,0.5657283,9.760145,
772205172789675,3,0.7697128,0.56397676,9.760116,
772205192107302,3,0.76883173,0.5623325,9.76028,
772205210204227,3,0.767604,0.56104815,9.76045,
772205229552371,3,0.7677353,0.5614902,9.760415,
772205251891237,3,0.76865506,0.5606155,9.760392,
772205270293338,3,0.7674276,0.5586105,9.760605,
772205289610965,3,0.7674655,0.556286,9.760735,
772205311919315,3,0.764439,0.5541575,9.761092,
772205330290895,3,0.7619343,0.55241627,9.761387,
772205351958377,3,0.76002604,0.5502179,9.76166,
772205372130496,3,0.7583383,0.54837215,9.761895,
772205390410526,3,0.75705934,0.5470869,9.762067,
772205409728151,3,0.7567487,0.5457899,9.762163,
772205432433230,3,0.7540625,0.54520696,9.7624035,
772205450438602,3,0.7545991,0.545142,9.762366,
772205469817264,3,0.7550303,0.5451217,9.762334,
772205494048219,3,0.75689286,0.54127574,9.7624035,
772205510741336,3,0.7577521,0.5393243,9.7624445,
772205532103641,3,0.7589188,0.54209477,9.7622,
772205552153690,3,0.7599829,0.54286337,9.762075,
772205570555788,3,0.7605426,0.54122335,9.762123,
772205589903933,3,0.7584873,0.53889453,9.762412,
772205612425907,3,0.7580537,0.53737605,9.762528,
772205630675418,3,0.7580624,0.53626055,9.762589,
772205649993044,3,0.7580717,0.53496456,9.76266,
772205672667605,3,0.7596159,0.5337248,9.762609,
772205690703495,3,0.75797045,0.5312208,9.762872,
772205712340457,3,0.75547075,0.5305454,9.763103,
772205732359987,3,0.75509286,0.52976924,9.763174,
772205750762088,3,0.75533557,0.52787334,9.763258,
772205770110233,3,0.75549924,0.52646345,9.763321,
772205792510135,3,0.75627494,0.525111,9.763334,
772205810881716,3,0.7573568,0.52225065,9.763404,
772205830260379,3,0.75701797,0.52074,9.763511,
772205852660282,3,0.7587936,0.5178518,9.763526,
772205870909793,3,0.76071084,0.5157399,9.763489,
772205892516237,3,0.762552,0.5152143,9.763373,
772205912871462,3,0.7621508,0.51491594,9.76342,
772205930968387,3,0.7621121,0.51268655,9.76354,
772205950316531,3,0.7629921,0.5098888,9.763618,
772205972655397,3,0.762193,0.507646,9.763798,
772205990996463,3,0.7622211,0.5037307,9.763998,
772206010344608,3,0.7612176,0.49934274,9.764302,
772206032622440,3,0.76017934,0.49894303,9.764403,
772206051024538,3,0.7600262,0.4992951,9.764397,
772206073699099,3,0.76053345,0.49862444,9.764392,
772206092864139,3,0.76095843,0.49832785,9.764374,
772206111144167,3,0.76107246,0.49641484,9.764462,
772206130461794,3,0.76151896,0.49335533,9.764583,
772206153166873,3,0.7616277,0.49210498,9.764638,
772206171172245,3,0.7621574,0.49158219,9.764623,
772206190550905,3,0.765154,0.49035558,9.76445,
772206212859255,3,0.7664751,0.48848876,9.76444,
772206231230838,3,0.7667757,0.48743987,9.764468,
772206253874881,3,0.7686158,0.48781985,9.764305,
772206272887331,3,0.76374507,0.4856894,9.764793,
772206291319948,3,0.7624346,0.48443693,9.764958,
772206310637576,3,0.7642007,0.48364764,9.764859,
772206333129032,3,0.76341504,0.4820813,9.7649975,
772206351348025,3,0.7642161,0.4806527,9.765005,
772206370696169,3,0.76643795,0.48010644,9.764858,
772206393309695,3,0.76571727,0.4810693,9.764868,
772206411376102,3,0.7702955,0.4798387,9.764568,
772206434050661,3,0.76937425,0.4777532,9.764743,
772206453063112,3,0.76859313,0.47663018,9.764859,
772206471495730,3,0.7694287,0.47596133,9.764827,
772206490813358,3,0.7692534,0.47553012,9.764861,
772206513152224,3,0.772089,0.4758901,9.76462,
772206531523806,3,0.7725734,0.47507477,9.764621,
772206550871951,3,0.771955,0.47479078,9.764684,
772206573241336,3,0.7725064,0.4755695,9.764602,
772206591551882,3,0.77259505,0.47435567,9.764654,
772206613188845,3,0.7747085,0.47222596,9.764589,
772206633605105,3,0.77280337,0.47177216,9.764763,
772206651610477,3,0.77274543,0.47188753,9.764762,
772206670989138,3,0.77371675,0.47062063,9.764746,
772206693297487,3,0.7744801,0.47059414,9.764687,
772206711669070,3,0.7742044,0.4702499,9.764725,
772206731047733,3,0.7730918,0.4691273,9.764868,
772206753325564,3,0.7712184,0.46741667,9.765098,
772206771819216,3,0.77052975,0.46686164,9.765179,
772206794402224,3,0.7703479,0.46651673,9.765209,
772206813567264,3,0.76886475,0.466184,9.765342,
772206831816775,3,0.76766413,0.46720755,9.765388,
772206851134401,3,0.769027,0.46750215,9.765266,
772206873839480,3,0.7688243,0.46674585,9.765318,
772206891875370,3,0.7678885,0.46528482,9.765462,
772206911223513,3,0.7679252,0.4632041,9.765558,
772206933501345,3,0.7675686,0.46156526,9.765663,
772206951872927,3,0.7667259,0.46064737,9.765773,
772206973509891,3,0.7660361,0.4591432,9.765898,
772206993590456,3,0.7658586,0.4567718,9.766023,
772207011992556,3,0.7646139,0.45368457,9.766265,
772207031340701,3,0.7633127,0.45232087,9.76643,
772207053801639,3,0.762972,0.45135966,9.7665,
772207072051150,3,0.76233804,0.4493738,9.766642,
772207095976930,3,0.7614825,0.44962907,9.766697,
772207113982302,3,0.7622218,0.44935954,9.766651,
772207132048709,3,0.7633682,0.44816068,9.766617,
772207153655153,3,0.76303685,0.4470761,9.766692,
772207173705202,3,0.76374465,0.4448298,9.76674,
772207192107302,3,0.7634015,0.4432648,9.766838,
772207211455448,3,0.76277083,0.4430339,9.766897,
772207233794314,3,0.7625776,0.4437273,9.766881,
772207252165895,3,0.76302904,0.4422856,9.7669115,
772207271514041,3,0.7623353,0.44182512,9.766986,
772207293974979,3,0.76309687,0.4395092,9.767032,
772207312193972,3,0.762445,0.4370883,9.767191,
772207333861451,3,0.7599335,0.43652833,9.767412,
772207354247194,3,0.7596594,0.43508428,9.767498,
772207372283083,3,0.7581827,0.43320855,9.767695,
772207391631229,3,0.7564161,0.43060523,9.767948,
772207414000612,3,0.7552651,0.4297818,9.768073,
772207432341675,3,0.7539197,0.42849866,9.768233,
772207451720338,3,0.75453883,0.42765608,9.768223,
772207473967653,3,0.7536124,0.4274304,9.768304,
772207492369754,3,0.7558902,0.42705685,9.768145,
772207514037234,3,0.75651306,0.42559025,9.76816,
772207534209353,3,0.7555681,0.4245992,9.768276,
772207552458863,3,0.75619715,0.4232263,9.768288,
772207571807008,3,0.75662446,0.42154917,9.768327,
772207594542604,3,0.7555255,0.42118084,9.768428,
772207612517458,3,0.75599307,0.42007983,9.768438,
772207631896121,3,0.75698113,0.41674405,9.768505,
772207654173952,3,0.75628644,0.41423613,9.768665,
772207672545533,3,0.755533,0.4126244,9.768792,
772207694213014,3,0.75540864,0.41100353,9.768869,
772207717925173,3,0.75443745,0.40861946,9.769045,
772207732665164,3,0.7546724,0.40632397,9.769123,
772207751982791,3,0.7547209,0.40581608,9.76914,
772207774504762,3,0.7554766,0.40598056,9.769074,
772207792723755,3,0.7554963,0.40514973,9.769108,
772207812041383,3,0.7549733,0.40378553,9.769205,
772207834685426,3,0.7558159,0.40311733,9.769167,
772207852721316,3,0.75643474,0.40142003,9.769189,
772207874358279,3,0.7562171,0.39983672,9.769271,
772207894438845,3,0.75654054,0.39733154,9.769348,
772207912840943,3,0.7553417,0.39442968,9.769558,
772207932158571,3,0.7537648,0.39380425,9.769706,
772207954497439,3,0.7539184,0.39258954,9.769742,
772207972869021,3,0.7539757,0.39205185,9.769759,
772207992217166,3,0.7543251,0.3918857,9.769739,
772208014586549,3,0.75539607,0.39247647,9.769633,
772208032866578,3,0.7555261,0.39111304,9.769677,
772208054564577,3,0.75584906,0.39005598,9.769694,
772208074919802,3,0.75486165,0.3889895,9.769814,
772208092986208,3,0.7548726,0.3867647,9.769901,
772208112334352,3,0.75388217,0.38453767,9.770065,
772208134642701,3,0.7528383,0.3836798,9.77018,
772208153014284,3,0.75262165,0.38260677,9.770239,
772208172392947,3,0.7539282,0.38024125,9.77023,
772208194670779,3,0.7527394,0.3786942,9.770382,
772208213042360,3,0.75210613,0.37795427,9.770459,
772208234709839,3,0.7521236,0.37769753,9.770468,
772208254851442,3,0.75240624,0.37690446,9.770476,
772208273161989,3,0.75276726,0.37557486,9.7705,
772208292510135,3,0.7519053,0.37367272,9.770639,
772208315184695,3,0.7513827,0.37219638,9.770736,
772208333220582,3,0.75141007,0.3717807,9.77075,
772208352568727,3,0.7520973,0.3711569,9.7707205,
772208374846559,3,0.7526142,0.36964455,9.770738,
772208393218142,3,0.7528221,0.36810353,9.77078,
772208414885622,3,0.75244087,0.36776373,9.770823,
772208434905152,3,0.75174063,0.36711976,9.770901,
772208453337769,3,0.75145596,0.36571607,9.770975,
772208472685915,3,0.75192344,0.3655367,9.770946,
772208495116335,3,0.75284946,0.36513856,9.770889,
772208513365848,3,0.7530071,0.36384138,9.7709255,
772208532744509,3,0.75182086,0.36168367,9.771097,
772208555419068,3,0.7501814,0.36026463,9.7712755,
772208573393922,3,0.7501371,0.35825175,9.771353,
772208595030886,3,0.7494609,0.35678414,9.771459,
772208615050418,3,0.74881816,0.35564452,9.771549,
772208633513552,3,0.7483935,0.35386452,9.7716465,
772208652861696,3,0.74774665,0.3529585,9.771729,
772208675200563,3,0.7478686,0.35139477,9.771776,
772208693572145,3,0.7473545,0.3492325,9.771893,
772208713774783,3,0.7464479,0.3477154,9.772016,
772208735289675,3,0.7470507,0.3474002,9.771981,
772208753569704,3,0.7481829,0.34559357,9.771958,
772208775237183,3,0.749467,0.34405866,9.7719145,
772208795592409,3,0.75005543,0.3442184,9.771864,
772208813658816,3,0.75092053,0.3423888,9.771862,
772208833006961,3,0.7500835,0.34032333,9.771997,
772208855345827,3,0.7491236,0.33836773,9.77214,
772208873717408,3,0.74905914,0.33682138,9.772198,
772208893065553,3,0.74968034,0.33754882,9.772125,
772208915343386,3,0.7507294,0.3383323,9.7720175,
772208933745486,3,0.7509894,0.33663467,9.772057,
772208955443484,3,0.7505495,0.3342788,9.77217,
772208975585084,3,0.7497376,0.33325252,9.772268,
772208993865113,3,0.74888766,0.33203417,9.772374,
772209013213259,3,0.7490644,0.33026683,9.772421,
772209035857302,3,0.74814916,0.3282472,9.772559,
772209053893191,3,0.74775356,0.32667512,9.772642,
772209073271852,3,0.7474965,0.32564953,9.772696,
772209095519166,3,0.74776536,0.32523388,9.77269,
772209113921266,3,0.74830693,0.3244065,9.7726755,
772209136595827,3,0.74843657,0.32337248,9.772699,
772209155638797,3,0.74781716,0.32279536,9.772766,
772209174071413,3,0.748486,0.32173756,9.77275,
772209193419556,3,0.7483313,0.32197616,9.772754,
772209215880494,3,0.7481049,0.3218521,9.772776,
772209234130007,3,0.74870855,0.3206259,9.77277,
772209253447635,3,0.7486219,0.3187385,9.772838,
772209276091677,3,0.7477172,0.31794366,9.772933,
772209294127565,3,0.747911,0.31701624,9.772948,
772209316832643,3,0.74971646,0.31567287,9.772854,
772209335784059,3,0.7495862,0.3149317,9.772887,
772209354216677,3,0.74926984,0.3141491,9.772937,
772209373564822,3,0.75028,0.31261462,9.772908,
772209395903688,3,0.7515078,0.31128207,9.772857,
772209414275269,3,0.74975675,0.30923197,9.773057,
772209433623415,3,0.7504953,0.306575,9.773084,
772209456023318,3,0.7511871,0.30317903,9.773136,
772209474303348,3,0.7507471,0.30189344,9.77321,
772209496977907,3,0.75126815,0.29907662,9.773256,
772209516387085,3,0.7479025,0.2964347,9.773595,
772209534392457,3,0.7464266,0.29463294,9.773763,
772209553740603,3,0.74406666,0.29333115,9.773981,
772209576079471,3,0.7424677,0.29239857,9.774131,
772209594481570,3,0.74115723,0.29116586,9.774267,
772209613799196,3,0.74079835,0.28902364,9.774358,
772209636077027,3,0.7384107,0.28631637,9.774618,
772209654479128,3,0.73637915,0.28495505,9.774811,
772209676116091,3,0.73526335,0.28287515,9.774956,
772209696288210,3,0.7345789,0.2818907,9.775036,
772209714568238,3,0.73433137,0.2808096,9.775085,
772209733916383,3,0.73385525,0.27935815,9.775163,
772209756590944,3,0.73405576,0.27753353,9.775199,
772209774626833,3,0.73320067,0.27353275,9.775376,
772209793974979,3,0.73107934,0.27182516,9.775583,
772209816283327,3,0.7298743,0.26870677,9.77576,
772209836302857,3,0.7275227,0.26606697,9.776007,
772209856261354,3,0.72762066,0.26457995,9.776039,
772209876311403,3,0.7257313,0.2610863,9.776275,
772209894713504,3,0.7263229,0.2600443,9.7762575,
772209914061648,3,0.72653663,0.25923726,9.776264,
772209936522584,3,0.7259091,0.25642884,9.776384,
772209954772096,3,0.7280156,0.25355622,9.776303,
772209974120241,3,0.73010147,0.25257936,9.776172,
772209996733767,3,0.7357496,0.25015277,9.775811,
772210014800173,3,0.7374233,0.2473139,9.775758,
772210037505250,3,0.7369232,0.24480395,9.775858,
772210056487183,3,0.73559517,0.24188082,9.776031,
772210074919801,3,0.7350613,0.23978038,9.776122,
772210094298464,3,0.7348006,0.23845838,9.776175,
772210116576297,3,0.7326176,0.23655275,9.776384,
772210134978395,3,0.7304106,0.23694076,9.77654,
772210154296021,3,0.7291662,0.23426177,9.776698,
772210176726442,3,0.72480106,0.23215011,9.777073,
772210195464235,3,0.72334313,0.22654149,9.777313,
772210217711551,3,0.7206063,0.22612913,9.777524,
772210237029177,3,0.72083765,0.22683682,9.777491,
772210255095582,3,0.72336733,0.2259296,9.777325,
772210274443727,3,0.72320306,0.2263849,9.777327,
772210296782595,3,0.72451985,0.22732241,9.777207,
772210315154177,3,0.7252241,0.22837989,9.777131,
772210334502322,3,0.72815853,0.2295172,9.776886,
772210356780152,3,0.732803,0.23142299,9.776494,
772210375151734,3,0.7346397,0.23054412,9.776377,
772210396819215,3,0.73473936,0.23105438,9.776358,
772210416991335,3,0.73625547,0.2312384,9.776238,
772210435271365,3,0.73773664,0.23060068,9.776142,
772210454650026,3,0.74039996,0.22857502,9.775989,
772210477355103,3,0.7420103,0.22829781,9.775873,
772210495299440,3,0.7434149,0.22869207,9.775757,
772210514678103,3,0.7436819,0.22873543,9.775736,
772210536955935,3,0.7441419,0.22949727,9.775682,
772210555327517,3,0.74472,0.22833748,9.775666,
772210576994996,3,0.74417293,0.22535864,9.775777,
772210597014527,3,0.7411361,0.2231858,9.776057,
772210615416628,3,0.74009347,0.22230498,9.776156,
772210634764773,3,0.7399797,0.22286525,9.776153,
772210657256228,3,0.7391512,0.22418796,9.776184,
772210675475221,3,0.7397443,0.22411963,9.776141,
772210694853883,3,0.7394319,0.22263756,9.776198,
772210717497926,3,0.7383397,0.22209889,9.776294,
772210735503298,3,0.73781204,0.22221804,9.77633,
772210757140262,3,0.7383444,0.22141765,9.776308,
772210777190309,3,0.7389054,0.22187749,9.776257,
772210795622925,3,0.74009794,0.22220394,9.776158,
772210814940553,3,0.7418819,0.22028413,9.776066,
772210837279421,3,0.74177647,0.21885437,9.776107,
772210855651004,3,0.74100935,0.21769086,9.776191,
772210874999148,3,0.7419265,0.21610613,9.776156,
772210897399049,3,0.74172395,0.21460053,9.776205,
772210915679078,3,0.7414907,0.2135502,9.776246,
772210937377077,3,0.74244195,0.2124904,9.7761965,
772210957701785,3,0.7425699,0.21158536,9.776206,
772210975798708,3,0.7432463,0.21096419,9.776168,
772210995146852,3,0.7448267,0.2104205,9.77606,
772211017485719,3,0.7458824,0.2098145,9.775992,
772211035857301,3,0.74635535,0.20983927,9.775956,
772211055174929,3,0.74620163,0.2107998,9.775947,
772211077452762,3,0.74666643,0.21059354,9.775916,
772211095854860,3,0.74666154,0.2110874,9.775906,
772211118559938,3,0.74766386,0.21161987,9.775817,
772211137633424,3,0.7483109,0.21087469,9.775784,
772211155974489,3,0.74814856,0.21069066,9.7758,
772211175322635,3,0.7479104,0.21026349,9.775827,
772211197966677,3,0.7492995,0.2098172,9.775731,
772211216002565,3,0.74895084,0.21020617,9.775749,
772211235350709,3,0.7489105,0.20888905,9.775781,
772211257964235,3,0.74857235,0.20791383,9.775827,
772211276030642,3,0.7478709,0.20678507,9.775905,
772211298705202,3,0.7476224,0.20771027,9.775905,
772211317717652,3,0.7481162,0.20762166,9.775868,
772211336119752,3,0.74908936,0.20739235,9.775799,
772211355467897,3,0.7497268,0.20754175,9.775746,
772211377928835,3,0.75034916,0.20768934,9.775696,
772211396178348,3,0.7499058,0.20657222,9.775754,
772211415557009,3,0.749342,0.20673555,9.775793,
772211438201050,3,0.74952996,0.20548134,9.775805,
772211456236940,3,0.74952996,0.20548134,9.775805,
772211478911502,3,0.7490927,0.2044786,9.77586,
772211497832400,3,0.74960315,0.20317075,9.775848,
772211516295535,3,0.7499759,0.20158046,9.775852,
772211535643678,3,0.75071347,0.20036313,9.775821,
772211557982545,3,0.75133246,0.1999177,9.775783,
772211576354128,3,0.75184083,0.19932127,9.775755,
772211595702273,3,0.7526255,0.1984302,9.775713,
772211618102175,3,0.7519183,0.1965677,9.7758045,
772211636351686,3,0.7522579,0.19639565,9.775783,
772211659056764,3,0.75351244,0.195727,9.7757,
772211678435427,3,0.75418407,0.19494562,9.775663,
772211696471316,3,0.75439274,0.19453217,9.775656,
772211715819461,3,0.7554564,0.19418243,9.775579,
772211738127809,3,0.7560648,0.19356139,9.775545,
772211756468873,3,0.75641006,0.1930699,9.775529,
772211775817018,3,0.7569013,0.19298716,9.775492,
772211798125368,3,0.75795114,0.19208054,9.775429,
772211816527469,3,0.75738007,0.19021578,9.775509,
772211839202029,3,0.75619143,0.18950959,9.775615,
772211858306032,3,0.7558131,0.18773565,9.775679,
772211876586061,3,0.7551085,0.18618445,9.775763,
772211895964724,3,0.7542006,0.18455188,9.775864,
772211918639286,3,0.75468487,0.18307824,9.775853,
772211936675173,3,0.7536891,0.1824845,9.775942,
772211956053834,3,0.752583,0.18285613,9.77602,
772211978392702,3,0.753718,0.182191,9.775945,
772211996733766,3,0.7540593,0.18205875,9.775921,
772212019377811,3,0.75542426,0.180482,9.775845,
772212038420779,3,0.75532436,0.17930508,9.775874,
772212056792360,3,0.7557892,0.17836101,9.775856,
772212076171021,3,0.75595653,0.1778042,9.775853,
772212098601443,3,0.7559895,0.17666584,9.775871,
772212116881472,3,0.75581795,0.17526872,9.775909,
772212136229617,3,0.75519544,0.17509653,9.77596,
772212158812625,3,0.75514555,0.17484652,9.7759695,
772212176879030,3,0.75547826,0.17342444,9.7759695,
772212199614626,3,0.7548843,0.17216784,9.776037,
772212218566043,3,0.75451446,0.17091338,9.776087,
772212236968142,3,0.7540721,0.1694046,9.776148,
772212256346804,3,0.7536966,0.1690947,9.776182,
772212278685670,3,0.7541981,0.1678019,9.776166,
772212297026734,3,0.75357354,0.16686623,9.77623,
772212316405397,3,0.7537058,0.16602004,9.776234,
772212338805301,3,0.75391006,0.16558325,9.776225,
772212357024295,3,0.7541997,0.16501309,9.776213,
772212379698854,3,0.7539017,0.16225728,9.776282,
772212399077516,3,0.7521924,0.16156265,9.776425,
772212417113405,3,0.7521572,0.16020212,9.77645,
772212436492068,3,0.7512214,0.1606204,9.776516,
772212458800419,3,0.7519288,0.15969475,9.776476,
772212477202517,3,0.7520481,0.1591059,9.776477,
772212501555543,3,0.7520454,0.15979357,9.776465,
772212518859011,3,0.7531109,0.1596214,9.776386,
772212537261110,3,0.75327843,0.15857403,9.776391,
772212559874637,3,0.75349724,0.15729481,9.776394,
772212579009158,3,0.7534769,0.1561452,9.776414,
772212597319703,3,0.75350046,0.15576133,9.776419,
772212616667848,3,0.7524299,0.15593635,9.776499,
772212639342410,3,0.7521352,0.15340202,9.776562,
772212657378298,3,0.7504589,0.15190682,9.776713,
772212676726444,3,0.74977165,0.15162505,9.77677,
772212699004274,3,0.75060505,0.14986509,9.776733,
772212717406373,3,0.7499662,0.14973986,9.776785,
772212740080935,3,0.7496118,0.1500286,9.776808,
772212759093387,3,0.74925596,0.14985688,9.776837,
772212777495486,3,0.74950975,0.1498709,9.776817,
772212797026736,3,0.75055844,0.1497578,9.776739,
772212819304567,3,0.7509445,0.14820607,9.776732,
772212837584596,3,0.75062203,0.14763409,9.776767,
772212856871706,3,0.74945784,0.14575036,9.776884,
772212879393680,3,0.7483387,0.14518377,9.7769785,
772212897551638,3,0.74831986,0.14386114,9.776999,
772212920226197,3,0.74634767,0.14282043,9.777165,
772212939208132,3,0.74642175,0.14291543,9.777158,
772212957640749,3,0.74660134,0.14299624,9.7771435,
772212976988894,3,0.74710447,0.14279677,9.777108,
772212999297244,3,0.7449885,0.14337803,9.777261,
772213017699343,3,0.7450515,0.14332083,9.777257,
772213037047486,3,0.7445639,0.14323676,9.777295,
772213059447390,3,0.7443737,0.14295079,9.777313,
772213077696902,3,0.7441111,0.14166056,9.777352,
772213100371464,3,0.74335134,0.14062479,9.777425,
772213119719607,3,0.7423783,0.14031872,9.777504,
772213137786012,3,0.7414542,0.13978335,9.777581,
772213157164674,3,0.74177355,0.13996534,9.7775545,
772213179473025,3,0.7433665,0.1403897,9.777427,
772213197875125,3,0.74384457,0.13922158,9.777408,
772213217223269,3,0.7446429,0.13852617,9.777357,
772213239501101,3,0.7448486,0.13700105,9.777363,
772213257872683,3,0.74557024,0.13669121,9.777312,
772213280547245,3,0.74684566,0.13598004,9.777225,
772213299712283,3,0.74636227,0.1345337,9.777282,
772213317961793,3,0.74623346,0.13388497,9.7773,
772213337309938,3,0.74601305,0.13452198,9.777308,
772213360045536,3,0.746263,0.13419227,9.777294,
772213378050906,3,0.7465647,0.13351586,9.77728,
772213397368531,3,0.74620914,0.13264924,9.777319,
772213419646365,3,0.74553245,0.13301523,9.777366,
772213438048465,3,0.74561584,0.13191304,9.777374,
772213460753542,3,0.74527067,0.13202406,9.777399,
772213479765993,3,0.74461454,0.13162513,9.777453,
772213498137575,3,0.74371237,0.1306375,9.777536,
772213517516238,3,0.741845,0.13007425,9.777685,
772213539946658,3,0.74187344,0.12902072,9.777698,
772213558196168,3,0.7406155,0.12747477,9.777813,
772213577544313,3,0.7399836,0.12731658,9.777863,
772213600218876,3,0.7398846,0.12627164,9.777884,
772213618346316,3,0.739385,0.12482914,9.77794,
772213640929323,3,0.73926866,0.12314448,9.77797,
772213659941775,3,0.7381087,0.12423564,9.778045,
772213678343876,3,0.7383321,0.12338797,9.778038,
772213697692019,3,0.73831457,0.12201478,9.778056,
772213720000368,3,0.7379291,0.12177648,9.778089,
772213738402469,3,0.73806584,0.119589016,9.778105,
772213757720095,3,0.736516,0.11969843,9.778221,
772213780119997,3,0.7372754,0.119491436,9.778166,
772213798400027,3,0.7378029,0.11867939,9.778136,
772213820067508,3,0.7385459,0.11923195,9.778073,
772213840422733,3,0.73931396,0.11794187,9.77803,
772213858489138,3,0.7384264,0.11866639,9.77809,
772213877837281,3,0.73858494,0.11859745,9.778078,
772213900176150,3,0.74029535,0.11714703,9.7779665,
772213918547733,3,0.7393672,0.116208546,9.778048,
772213937895876,3,0.7400474,0.11466003,9.778015,
772213960204226,3,0.7400392,0.1137351,9.778027,
772213978575809,3,0.74020344,0.11427987,9.7780075,
772214000243290,3,0.74129885,0.1122948,9.777947,
772214020384890,3,0.74043816,0.110698074,9.77803,
772214038664919,3,0.7392935,0.11181404,9.778105,
772214058043581,3,0.7397921,0.11169425,9.778069,
772214080687626,3,0.7392735,0.1119808,9.778104,
772214098723513,3,0.7395373,0.111770265,9.778087,
772214118071656,3,0.7400939,0.11160452,9.778047,
772214140380008,3,0.7404522,0.11217556,9.778012,
772214158751591,3,0.7401472,0.11201383,9.778038,
772214180419070,3,0.74096,0.1126039,9.777969,
772214200408083,3,0.7420041,0.11272114,9.777888,
772214218840701,3,0.7424865,0.11184289,9.777863,
772214238188845,3,0.7422999,0.11050953,9.777892,
772214260649783,3,0.7413932,0.11038506,9.777962,
772214278899294,3,0.74142,0.109921426,9.777966,
772214298308475,3,0.74066466,0.109873384,9.778023,
772214320922001,3,0.74055403,0.11045948,9.778025,
772214338927371,3,0.74100935,0.10921386,9.778005,
772214360594851,3,0.74031216,0.107326224,9.778078,
772214380614383,3,0.7394547,0.10743684,9.778142,
772214399047001,3,0.739985,0.10766572,9.778099,
772214418395144,3,0.73995644,0.106397524,9.778115,
772214440734011,3,0.73887706,0.10624785,9.778198,
772214459105594,3,0.7382935,0.106502704,9.778239,
772214478453739,3,0.7386367,0.106501974,9.7782135,
772214500853640,3,0.7388956,0.10614008,9.778198,
772214519103152,3,0.73888826,0.10635664,9.778196,
772214540770633,3,0.73954487,0.10618337,9.778149,
772214561125858,3,0.73885906,0.106785975,9.778193,
772214579192263,3,0.7395074,0.10643691,9.778149,
772214598540407,3,0.74059844,0.105521984,9.778076,
772214620879275,3,0.7410842,0.10622886,9.778031,
772214639250858,3,0.74170834,0.10647297,9.777981,
772214658599001,3,0.74226564,0.104067765,9.777965,
772214680876833,3,0.740237,0.10397983,9.77812,
772214699248416,3,0.73968375,0.103338465,9.778168,
772214720915897,3,0.7415639,0.101402275,9.778046,
772214741088015,3,0.74338275,0.10123017,9.77791,
772214759368044,3,0.7434617,0.1010269,9.777905,
772214778716189,3,0.74442184,0.10127141,9.77783,
772214801360233,3,0.74645966,0.100297526,9.777685,
772214819426638,3,0.7467182,0.100352764,9.777664,
772214838774782,3,0.7477713,0.0999116,9.777589,
772214861052615,3,0.7479032,0.09995591,9.777578,
772214879454716,3,0.7497438,0.09893234,9.777448,
772214901122195,3,0.7497319,0.0977496,9.77746,
772214921141726,3,0.7497299,0.09722787,9.777466,
772214939635379,3,0.7508394,0.09724464,9.777381,
772214958983524,3,0.7518876,0.09818963,9.77729,
772214981413943,3,0.7513301,0.09679047,9.777348,
772214999632937,3,0.75004244,0.09614194,9.777452,
772215018981082,3,0.74937415,0.09764088,9.777489,
772215041594608,3,0.749473,0.09911453,9.777467,
772215059661013,3,0.7489006,0.099585906,9.777506,
772215081297976,3,0.74963605,0.098791875,9.777457,
772215101317508,3,0.7499327,0.09727829,9.77745,
772215119719608,3,0.74872607,0.09627931,9.777552,
772215139098269,3,0.7468294,0.09614987,9.7776985,
772215161376101,3,0.74626964,0.095757365,9.777745,
772215179778201,3,0.7468566,0.09333175,9.777724,
772215199095829,3,0.74455947,0.09287702,9.777904,
772215221526247,3,0.74511075,0.09195026,9.77787,
772215239775759,3,0.745028,0.09186507,9.777877,
772215261443240,3,0.74522495,0.09149295,9.777866,
772215281859501,3,0.7461989,0.09240641,9.777783,
772215299864871,3,0.7471407,0.09264168,9.777709,
772215319243532,3,0.7471381,0.09279603,9.777707,
772215341551883,3,0.7468656,0.09168014,9.777739,
772215359923466,3,0.74570453,0.0908898,9.777835,
772215379271609,3,0.7455311,0.0902976,9.777854,
772215401549440,3,0.744874,0.090236776,9.777904,
772215419951541,3,0.74452865,0.090373844,9.777929,
772215441588504,3,0.7450072,0.09099804,9.777887,
772215461730105,3,0.74522746,0.090357006,9.777876,
772215480040652,3,0.74415743,0.08846052,9.777975,
772215499388797,3,0.74187183,0.086527616,9.778166,
772215522063358,3,0.74143356,0.086577155,9.778198,
772215543364626,3,0.7420304,0.086131714,9.778157,
772215559477907,3,0.7418933,0.08516466,9.778176,
772215581786258,3,0.74120814,0.08380524,9.77824,
772215600188358,3,0.74054235,0.08369028,9.778292,
772215621825320,3,0.74149466,0.08393789,9.778216,
772215641753298,3,0.74265903,0.08380908,9.778131,
772215660246951,3,0.742717,0.082990676,9.778132,
772215679595096,3,0.74317724,0.081331946,9.778111,
772215701994997,3,0.7428941,0.08076405,9.778137,
772215720305544,3,0.74282825,0.08053488,9.778145,
772215739653689,3,0.74369186,0.080923036,9.778075,
772215762297733,3,0.74438286,0.08031759,9.778028,
772215780333621,3,0.7444474,0.08011311,9.778025,
772215802062136,3,0.74451184,0.08095325,9.778013,
772215822020633,3,0.7450953,0.08044289,9.777973,
772215840422733,3,0.74502313,0.07906072,9.777989,
772215859770876,3,0.7449575,0.07724154,9.778009,
772215882079226,3,0.7447918,0.07754969,9.778019,
772215900481326,3,0.744929,0.07635211,9.778018,
772215919829471,3,0.7436542,0.07544048,9.778123,
772215942290408,3,0.74261314,0.074494466,9.778209,
772215960509402,3,0.7427181,0.073342115,9.77821,
772215982176883,3,0.74228764,0.07334431,9.778242,
772216002501590,3,0.7425832,0.07310692,9.778221,
772216020629031,3,0.74294156,0.073413506,9.7781925,
772216039946657,3,0.7439621,0.074750885,9.778105,
772216062285525,3,0.7435158,0.07500256,9.778136,
772216080657108,3,0.74357295,0.075360544,9.778129,
772216100005251,3,0.74319285,0.07573139,9.778155,
772216122283083,3,0.7436005,0.07500366,9.77813,
772216140685184,3,0.74351925,0.07358269,9.778147,
772216162322147,3,0.7432944,0.07251151,9.778172,
772216182494265,3,0.7424859,0.072009556,9.778236,
772216200774294,3,0.7417794,0.07207163,9.77829,
772216220152957,3,0.7419884,0.07310944,9.778266,
772216242827518,3,0.74373645,0.075192496,9.778118,
772216260832888,3,0.7448951,0.074759476,9.778033,
772216280181032,3,0.7449546,0.07478574,9.778028,
772216302489383,3,0.74649835,0.07498875,9.777909,
772216320860966,3,0.7466864,0.07568298,9.777889,
772216342497927,3,0.74756485,0.07665058,9.777815,
772216362517458,3,0.7484011,0.077410355,9.777745,
772216380950076,3,0.7487024,0.0769918,9.777725,
772216400298220,3,0.74916565,0.07611732,9.777697,
772216422820192,3,0.7498569,0.07372297,9.777662,
772216441008669,3,0.74797237,0.07368772,9.777806,
772216460356814,3,0.74811465,0.07403258,9.777793,
772216483000857,3,0.7493185,0.07411179,9.7777,
772216501036745,3,0.7494733,0.07436258,9.777686,
772216523680788,3,0.7490854,0.07514683,9.77771,
772216542693240,3,0.74922174,0.074956276,9.777701,
772216561125857,3,0.74944043,0.075866446,9.777678,
772216580474000,3,0.7496749,0.07593531,9.777658,
772216602782351,3,0.7491699,0.077206396,9.777687,
772216621184451,3,0.7493048,0.07795539,9.777671,
772216640502078,3,0.7495642,0.07764917,9.777653,
772216662932496,3,0.75010234,0.07838486,9.777606,
772216681182009,3,0.7509186,0.07814904,9.777546,
772216703887088,3,0.75029993,0.078005284,9.777595,
772216723204714,3,0.7504128,0.07673286,9.7775955,
772216741301637,3,0.75025916,0.07630919,9.777611,
772216760649782,3,0.7495973,0.076984204,9.777657,
772216782988650,3,0.7500486,0.07655787,9.777625,
772216801360232,3,0.75002915,0.07615516,9.77763,
772216820708375,3,0.74947923,0.076169886,9.777672,
772216842986208,3,0.7506436,0.076521955,9.777579,
772216861357791,3,0.75151044,0.076636486,9.777513,
772216883025271,3,0.75104535,0.07691559,9.777546,
772216903166871,3,0.75181746,0.0773169,9.777483,
772216921446902,3,0.75108504,0.07780275,9.777535,
772216940825564,3,0.75009805,0.07841559,9.777607,
772216963469607,3,0.7495636,0.07836429,9.777648,
772216981505495,3,0.7489509,0.07974081,9.777684,
772217000884157,3,0.7489754,0.080970936,9.777672,
772217023131472,3,0.7493185,0.08066581,9.777648,
772217041533572,3,0.7493145,0.07925149,9.777659,
772217064208131,3,0.74715984,0.07863262,9.77783,
772217083220583,3,0.7472014,0.07690588,9.777841,
772217101653201,3,0.7465153,0.075062186,9.777907,
772217121001345,3,0.74532115,0.072544865,9.778017,
772217143462282,3,0.7440162,0.071717985,9.778123,
772217161711794,3,0.7438486,0.07209453,9.778132,
772217181029422,3,0.7438259,0.07168942,9.778137,
772217203703982,3,0.7436558,0.071137376,9.778154,
772217221709352,3,0.7436714,0.07005546,9.778161,
772217243346315,3,0.74405164,0.068880685,9.778141,
772217263396365,3,0.74360085,0.06857951,9.778177,
772217281798465,3,0.74464035,0.06873948,9.778097,
772217301177125,3,0.7454537,0.06761165,9.778043,
772217323424440,3,0.7457285,0.066642694,9.7780285,
772217341887576,3,0.7462297,0.067683615,9.777983,
772217361235720,3,0.7469854,0.066691905,9.777931,
772217383635621,3,0.74623775,0.0659672,9.777994,
772217401946169,3,0.7458682,0.065978386,9.778022,
772217424590213,3,0.74628115,0.067358114,9.777981,
772217443968875,3,0.74680316,0.06768135,9.777939,
772217462035280,3,0.74849445,0.06757585,9.77781,
772217481383425,3,0.7488177,0.06771609,9.777784,
772217503722293,3,0.74920684,0.06860486,9.777748,
772217522093875,3,0.74902195,0.06827563,9.777765,
772217541442018,3,0.74833864,0.06727814,9.777824,
772217563719851,3,0.7485685,0.066913,9.777809,
772217582121951,3,0.747613,0.066516764,9.777885,
772217604796511,3,0.7483938,0.065227166,9.777834,
772217623931032,3,0.74909973,0.06423527,9.777786,
772217642150025,3,0.74851894,0.06374007,9.777834,
772217661528687,3,0.7482349,0.06353129,9.777858,
772217684203249,3,0.748366,0.064301796,9.777842,
772217702208621,3,0.7491868,0.06401015,9.7777815,
772217721556766,3,0.74928325,0.06565708,9.777763,
772217743834596,3,0.74989164,0.06600421,9.777714,
772217762206177,3,0.7497684,0.06554796,9.777727,
772217784880739,3,0.7489433,0.06527024,9.777792,
772217803923708,3,0.7489476,0.06464904,9.777796,
772217822325809,3,0.7492117,0.06429814,9.777778,
772217841673953,3,0.7486603,0.0638866,9.7778225,
772217864134889,3,0.7478246,0.063608766,9.777888,
772217882384400,3,0.74767745,0.06338651,9.777901,
772217901732545,3,0.74773973,0.06292923,9.7779,
772217924346071,3,0.74669796,0.06348971,9.777975,
772217942412478,3,0.74704134,0.06339845,9.777949,
772217965087039,3,0.74814004,0.062431067,9.777871,
772217984068971,3,0.7487888,0.06277243,9.777821,
772218002532105,3,0.7497801,0.06302582,9.777742,
772218021910768,3,0.750733,0.06291348,9.77767,
772218044219118,3,0.7492337,0.06311821,9.777783,
772218062621219,3,0.7492336,0.062002465,9.777791,
772218081969363,3,0.74944526,0.062949024,9.777768,
772218104369264,3,0.7497132,0.060282107,9.777765,
772218122618775,3,0.74871147,0.059186604,9.777848,
772218145293336,3,0.7487492,0.057814367,9.777853,
772218164702516,3,0.74834096,0.057215672,9.777888,
772218182707888,3,0.7480994,0.057216473,9.777906,
772218202086551,3,0.74697596,0.057491746,9.777991,
772218224394899,3,0.7482299,0.058279537,9.77789,
772218242796998,3,0.7492507,0.057218373,9.777819,
772218262145143,3,0.7484803,0.056508873,9.777882,
772218284392458,3,0.7482832,0.05474128,9.777906,
772218302886111,3,0.7479071,0.054135896,9.777939,
772218325469119,3,0.7486298,0.054070104,9.7778845,
772218344603639,3,0.74869096,0.052346382,9.777888,
772218362944703,3,0.74857527,0.052185494,9.777898,
772218382231813,3,0.748597,0.0516953,9.7779,
772218404906375,3,0.74807054,0.05086239,9.777944,
772218422942263,3,0.7475588,0.05121705,9.777982,
772218442290406,3,0.7470913,0.05194836,9.778013,
772218464507203,3,0.7471134,0.051960126,9.778011,
772218482970339,3,0.7469749,0.05262772,9.778019,
772218505705935,3,0.7475298,0.05247516,9.777977,
772218524626834,3,0.7475732,0.051323947,9.77798,
772218543059450,3,0.7464384,0.05051358,9.77807,
772218562407593,3,0.7460794,0.05060407,9.778098,
772218584868532,3,0.7449256,0.051785827,9.778179,
772218603087527,3,0.74577576,0.052192327,9.778112,
772218622466189,3,0.74710125,0.052046306,9.778011,
772218645049197,3,0.7481883,0.052549686,9.777926,
772218663085084,3,0.74829733,0.051985223,9.777921,
772218685759645,3,0.74869394,0.051676046,9.777892,
772218704772097,3,0.7500216,0.051861268,9.777789,
772218723174197,3,0.7505331,0.050556835,9.777757,
772218742552859,3,0.7497614,0.0487591,9.777825,
772218764800172,3,0.74934334,0.047804683,9.777862,
772218783263307,3,0.7486887,0.04762038,9.777913,
772218802611452,3,0.7486111,0.047521595,9.77792,
772218824980837,3,0.7481239,0.04804047,9.777955,
772218843260867,3,0.74828285,0.04754125,9.777945,
772218865935426,3,0.7477212,0.04905969,9.77798,
772218885283570,3,0.74866265,0.049616776,9.777905,
772218903349977,3,0.749461,0.05031444,9.777841,
772218922759157,3,0.7493552,0.04950451,9.777852,
772218945036990,3,0.7482453,0.04827961,9.777944,
772218963408572,3,0.7477099,0.048724834,9.777983,
772218982787233,3,0.747924,0.04790398,9.77797,
772219005065065,3,0.7466449,0.04800587,9.778068,
772219023467165,3,0.7468517,0.04935871,9.778046,
772219046141726,3,0.7473197,0.050697118,9.778002,
772219065245730,3,0.7479722,0.050676733,9.777952,
772219083525758,3,0.74831504,0.05095672,9.777925,
772219102873902,3,0.74879783,0.050485156,9.77789,
772219125578981,3,0.74827117,0.05072828,9.777929,
772219143614871,3,0.7480001,0.04977102,9.777955,
772219162963016,3,0.7473838,0.0511114,9.777995,
772219185210329,3,0.74664277,0.051901635,9.778048,
772219203642945,3,0.7475902,0.05249792,9.777972,
772219226317506,3,0.7477456,0.05331355,9.777956,
772219245268923,3,0.74746966,0.053178452,9.777978,
772219263701541,3,0.7475296,0.05310871,9.777973,
772219283080203,3,0.7476348,0.052786272,9.777967,
772219305480104,3,0.7484652,0.052363224,9.777905,
772219323760133,3,0.74792093,0.05178696,9.77795,
772219343108278,3,0.7475351,0.05180716,9.77798,
772219365721804,3,0.74797994,0.05069818,9.777952,
772219383757693,3,0.74722123,0.051202767,9.7780075,
772219406462770,3,0.74726045,0.051102888,9.778005,
772219425475221,3,0.7471817,0.051500652,9.778009,
772219443877321,3,0.7475662,0.051462367,9.777979,
772219463225466,3,0.74788964,0.05074896,9.777958,
772219485564334,3,0.7461238,0.051948726,9.778088,
772219503935915,3,0.74660856,0.05128935,9.778053,
772219523284058,3,0.7470057,0.050314732,9.778028,
772219545683961,3,0.7463544,0.050278198,9.778078,
772219563963991,3,0.7458191,0.050860092,9.778116,
772219586638553,3,0.74638265,0.051156405,9.778071,
772219605956179,3,0.7465907,0.04995262,9.778062,
772219624053102,3,0.7456863,0.049156245,9.778135,
772219643401246,3,0.74519354,0.049309537,9.778172,
772219665709597,3,0.74546355,0.048946843,9.778153,
772219684111697,3,0.74619365,0.04843827,9.7781,
772219703459841,3,0.74608916,0.04852971,9.778108,
772219725676637,3,0.7463499,0.048836075,9.778086,
772219744139771,3,0.74637574,0.048993897,9.778083,
772219766844850,3,0.7459772,0.048813205,9.778114,
772219785948855,3,0.745427,0.04790252,9.77816,
772219804198367,3,0.7432934,0.048295025,9.778322,
772219823577028,3,0.7440763,0.048547465,9.77826,
772219846251587,3,0.74496686,0.04857925,9.7781925,
772219864287477,3,0.7455154,0.04821056,9.778152,
772219883635622,3,0.74435866,0.04794234,9.778242,
772219905882937,3,0.7441231,0.047344923,9.778263,
772219924285037,3,0.7436239,0.048279244,9.778296,
772219947051149,3,0.74308795,0.047675833,9.77834,
772219966033082,3,0.7432623,0.048324656,9.778323,
772219984435183,3,0.74332446,0.047838442,9.778322,
772220003783328,3,0.74295527,0.047959436,9.778349,
772220026274783,3,0.7438361,0.049185947,9.7782755,
772220044524293,3,0.7442274,0.050677244,9.778238,
772220063872437,3,0.74394286,0.050895054,9.778258,
772220086516481,3,0.7415648,0.050904807,9.7784395,
772220104460818,3,0.7415648,0.050904807,9.7784395,
772220127165896,3,0.74230397,0.050243273,9.778387,
772220146147829,3,0.74198043,0.04917897,9.778417,
772220164549927,3,0.7419764,0.048318297,9.778421,
772220183898073,3,0.7425832,0.047694247,9.7783785,
772220206175905,3,0.7426038,0.04696257,9.778379,
772220224608523,3,0.7426748,0.046046406,9.778379,
772220243956668,3,0.74189514,0.04558518,9.77844,
772220266387086,3,0.74209034,0.045482125,9.778426,
772220284636598,3,0.74196297,0.04529917,9.778437,
772220307311159,3,0.7418572,0.044832025,9.778447,
772220326689822,3,0.7425075,0.04404464,9.778401,
772220344756228,3,0.7423386,0.044288166,9.778413,
772220364104371,3,0.7421277,0.043602996,9.778432,
772220386412721,3,0.74189645,0.04284542,9.778453,
772220404814821,3,0.7410812,0.04203761,9.778519,
772220424162966,3,0.74117273,0.04104118,9.778516,
772220446440799,3,0.7398519,0.04066077,9.778617,
772220464812380,3,0.739244,0.04012469,9.778665,
772220487486939,3,0.7399248,0.038821936,9.778619,
772220506621461,3,0.7387978,0.038998023,9.778704,
772220524932009,3,0.7371996,0.03876089,9.778825,
772220544310672,3,0.7367801,0.03726583,9.778863,
772220566924197,3,0.73731023,0.03680665,9.778824,
772220584960084,3,0.7367069,0.036978755,9.77887,
772220604338746,3,0.7363222,0.037469022,9.778896,
772220626586061,3,0.73637104,0.03753365,9.7788925,
772220644988162,3,0.7361432,0.03795856,9.778908,
772220667662722,3,0.7366909,0.03750117,9.778869,
772220686675172,3,0.73692006,0.03778463,9.77885,
772220705077271,3,0.7366694,0.037015505,9.778872,
772220724455934,3,0.73812956,0.035429697,9.778768,
772220746886355,3,0.73757136,0.034387242,9.778813,
772220765135867,3,0.7372959,0.033406597,9.778837,
772220784484011,3,0.7365411,0.031173648,9.778902,
772220807128052,3,0.73499316,0.030407377,9.779021,
772220825163942,3,0.7350884,0.029935632,9.779016,
772220847838503,3,0.7364289,0.028967006,9.778917,
772220866850955,3,0.7359992,0.030414646,9.778945,
772220885253054,3,0.73658514,0.031868976,9.778896,
772220904631715,3,0.7373175,0.032041483,9.778841,
772220926970582,3,0.7365992,0.031713456,9.778896,
772220945311647,3,0.7370798,0.031665415,9.77886,
772220964659793,3,0.73690593,0.031788893,9.7788725,
772220987059695,3,0.7377447,0.032550234,9.778807,
772221005339723,3,0.73805183,0.031879824,9.778786,
772221028014283,3,0.7373326,0.03201423,9.77884,
772221047392946,3,0.73691046,0.033028044,9.778869,
772221065398318,3,0.7371183,0.033113934,9.778852,
772221084776981,3,0.73731375,0.032682154,9.778838,
772221107085329,3,0.73699987,0.031002786,9.778868,
772221125487427,3,0.73550534,0.030192055,9.778983,
772221144835573,3,0.7351001,0.029871773,9.779015,
772221167113405,3,0.73507273,0.028256811,9.779021,
772221185484988,3,0.7351328,0.027232876,9.779019,
772221208159548,3,0.73545843,0.02629753,9.778998,
772221227324586,3,0.736051,0.026851146,9.778952,
772221245604615,3,0.7362166,0.02640121,9.77894,
772221264952761,3,0.73647463,0.025735952,9.778923,
772221287657839,3,0.736556,0.027028695,9.7789135,
772221305632693,3,0.736915,0.027556043,9.778885,
772221324980836,3,0.7373306,0.02763119,9.778853,
772221347258668,3,0.7367647,0.029255101,9.778891,
772221365630251,3,0.7374798,0.02889058,9.778838,
772221387328249,3,0.73687214,0.029052492,9.778884,
772221407347781,3,0.73725957,0.02991594,9.778852,
772221425749880,3,0.7385145,0.030167248,9.778756,
772221445098023,3,0.73788846,0.031722736,9.778798,
772221467558961,3,0.7380928,0.03144443,9.778784,
772221485777956,3,0.73840004,0.031402707,9.778762,
772221505156619,3,0.73808944,0.03223536,9.778782,
772221527770144,3,0.738715,0.03300627,9.778732,
772221545806032,3,0.7384736,0.032642953,9.778751,
772221568480593,3,0.73844063,0.03229502,9.778755,
772221587493044,3,0.73864317,0.03216109,9.77874,
772221611113651,3,0.7389448,0.032998525,9.778715,
772221625243289,3,0.73945457,0.031972654,9.77868,
772221647582154,3,0.73866177,0.030741395,9.778744,
772221665953736,3,0.7382978,0.031113844,9.7787695,
772221685301882,3,0.7392976,0.030442156,9.778697,
772221707732302,3,0.74058706,0.029984403,9.7786,
772221726012332,3,0.7411481,0.030267604,9.778556,
772221748656374,3,0.7419743,0.030348523,9.778494,
772221768004517,3,0.74076545,0.030255364,9.778585,
772221786070924,3,0.7404279,0.028864713,9.778615,
772221805449587,3,0.73931515,0.028551446,9.778701,
772221827788455,3,0.7392599,0.029121831,9.778703,
772221846129519,3,0.73966205,0.029537171,9.778671,
772221865477663,3,0.7391535,0.030121874,9.778708,
772221887786012,3,0.73862684,0.029736236,9.778749,
772221906157595,3,0.73843545,0.029285168,9.778765,
772221928832157,3,0.7383521,0.030614845,9.778768,
772221947936159,3,0.73878926,0.031113151,9.778733,
772221966246705,3,0.73799807,0.03104582,9.778792,
772221985625367,3,0.73642933,0.030517122,9.778913,
772222008360964,3,0.73677,0.030907875,9.778886,
772222026305300,3,0.7378373,0.031700667,9.778802,
772222045653446,3,0.73896515,0.03181728,9.778717,
772222067931276,3,0.7401263,0.032105744,9.778628,
772222086333375,3,0.74063134,0.031645395,9.778591,
772222109007937,3,0.7397744,0.030575136,9.77866,
772222128020388,3,0.7380163,0.029627698,9.778795,
772222146422488,3,0.73857176,0.028922765,9.778755,
772222165770633,3,0.7388254,0.029060967,9.778736,
772222188201051,3,0.74054,0.029927047,9.7786045,
772222206481080,3,0.7414581,0.03174334,9.778528,
772222225829226,3,0.743274,0.032067165,9.77839,
772222248442753,3,0.7437476,0.03134853,9.778356,
772222266478640,3,0.74329674,0.030813072,9.778392,
772222289183717,3,0.7424121,0.030788193,9.77846,
772222308226685,3,0.7426298,0.030848471,9.778442,
772222326628786,3,0.74165,0.030179743,9.778519,
772222345976931,3,0.74097216,0.030566331,9.778569,
772222368315799,3,0.74182904,0.03141765,9.7785015,
772222386656862,3,0.7429246,0.030543717,9.778421,
772222406005006,3,0.74400723,0.030261612,9.778339,
772222428404909,3,0.7449355,0.030498052,9.778268,
772222446684939,3,0.746206,0.031008266,9.77817,
772222469359501,3,0.7472193,0.0309508,9.778092,
772222488707644,3,0.74702364,0.032137454,9.778104,
772222506774049,3,0.74708074,0.032141764,9.7781,
772222526122194,3,0.74702895,0.032946177,9.7781,
772222548461062,3,0.7478393,0.03253226,9.77804,
772222566863162,3,0.7479618,0.03212894,9.778032,
772222586211306,3,0.7478703,0.03257051,9.778037,
772222608489137,3,0.74872625,0.0320082,9.777974,
772222626891236,3,0.74890614,0.03173983,9.777961,
772222649504763,3,0.7492279,0.03231248,9.777934,
772222668608768,3,0.74999213,0.033536617,9.777871,
772222686949832,3,0.7503218,0.033769768,9.777845,
772222706297976,3,0.75063676,0.03349515,9.7778225,
772222728972536,3,0.74994683,0.032369033,9.77788,
772222747008424,3,0.7488577,0.031671368,9.777965,
772222766356570,3,0.7487151,0.031902548,9.777975,
772222788573368,3,0.74814504,0.033172786,9.778014,
772222807036502,3,0.74833894,0.03371928,9.777997,
772222829680543,3,0.7487301,0.03444215,9.777966,
772222848692995,3,0.7487461,0.03418061,9.777966,
772222867125612,3,0.74831134,0.033327576,9.778001,
772222886473758,3,0.7475402,0.033243585,9.77806,
772222908904177,3,0.7470819,0.032379337,9.778099,
772222927153688,3,0.7467567,0.032644745,9.778123,
772222946532350,3,0.74681866,0.033104323,9.778116,
772222969206912,3,0.7472723,0.03373159,9.778079,
772222987181765,3,0.7475163,0.034123328,9.778059,
772223009856326,3,0.74730384,0.03449629,9.778074,
772223028807741,3,0.7472375,0.035634063,9.778075,
772223047301392,3,0.74822444,0.03589666,9.777999,
772223066649538,3,0.74885553,0.034922846,9.777954,
772223088988406,3,0.74833417,0.033633463,9.777999,
772223107329471,3,0.74849916,0.03302954,9.7779875,
772223126708133,3,0.7488861,0.03344061,9.777957,
772223149108033,3,0.74919957,0.032949608,9.777934,
772223167388063,3,0.74884826,0.03189864,9.777965,
772223190062625,3,0.748265,0.03239972,9.778008,
772223209410770,3,0.74802965,0.031891953,9.778028,
772223227477175,3,0.74800444,0.03146591,9.77803,
772223246825319,3,0.7475516,0.032186408,9.778064,
772223269133669,3,0.7480174,0.03212799,9.778028,
772223287505251,3,0.7479679,0.032144286,9.778031,
772223306883914,3,0.74829,0.03105364,9.77801,
772223329131229,3,0.747029,0.030240532,9.77811,
772223347533327,3,0.7464773,0.030536264,9.77815,
772223370207888,3,0.7473125,0.031096822,9.778085,
772223389342410,3,0.7474668,0.02992617,9.778077,
772223407652957,3,0.74749464,0.0285848,9.778079,
772223427001101,3,0.74698526,0.028552908,9.778117,
772223449675662,3,0.74706244,0.027802784,9.778114,
772223467711550,3,0.74708956,0.02760434,9.778112,
772223487059696,3,0.74701494,0.026948432,9.77812,
772223509337526,3,0.7467431,0.026268048,9.778143,
772223527709108,3,0.7475939,0.02684742,9.778076,
772223550383670,3,0.74719626,0.025483254,9.77811,
772223569396121,3,0.74708366,0.025450375,9.778119,
772223587828737,3,0.74669266,0.025977798,9.778148,
772223607176882,3,0.7466682,0.025159137,9.7781515,
772223629607303,3,0.7464168,0.02495777,9.778171,
772223647856815,3,0.74577963,0.024816608,9.77822,
772223667204958,3,0.7447259,0.024242535,9.778302,
772223689849002,3,0.74330944,0.02456457,9.778409,
772223707884890,3,0.743594,0.024871077,9.778386,
772223730559451,3,0.7436063,0.025200274,9.778384,
772223749510866,3,0.7439185,0.025388343,9.778359,
772223767974001,3,0.74371177,0.025707565,9.778375,
772223787352664,3,0.7433216,0.023802098,9.77841,
772223810881717,3,0.74298245,0.02359956,9.778436,
772223828032595,3,0.7430121,0.022653768,9.778436,
772223847380739,3,0.7419138,0.021963483,9.778521,
772223869780643,3,0.7411694,0.02084701,9.77858,
772223888091190,3,0.7410994,0.020876748,9.7785845,
772223910735231,3,0.7410469,0.019998576,9.778591,
772223930144412,3,0.74046046,0.019266536,9.778636,
772223948149783,3,0.7401909,0.019447263,9.778657,
772223967497928,3,0.7406703,0.020144854,9.778619,
772223989836794,3,0.741638,0.019778688,9.778546,
772224008208376,3,0.7414457,0.02030651,9.77856,
772224027556521,3,0.7427133,0.02009886,9.778464,
772224049834354,3,0.74323815,0.019320276,9.778425,
772224068236452,3,0.7426377,0.01949735,9.778471,
772224090880496,3,0.74211586,0.018681867,9.778512,
772224110045535,3,0.7421042,0.01766787,9.778516,
772224128356082,3,0.7417269,0.017828612,9.778543,
772224147673708,3,0.7420906,0.017757447,9.778516,
772224170348269,3,0.7417427,0.01613496,9.778545,
772224188384159,3,0.7407165,0.016058607,9.778623,
772224207762821,3,0.74181384,0.01554894,9.778541,
772224230010134,3,0.74046034,0.015352176,9.778644,
772224248412234,3,0.7399779,0.0139078945,9.778683,
772224270049198,3,0.7402078,0.013760193,9.778665,
772224290099246,3,0.7394304,0.014652904,9.778723,
772224308501345,3,0.73975843,0.014523177,9.778698,
772224327880007,3,0.73942465,0.013738055,9.778725,
772224350310428,3,0.7384511,0.012902188,9.778799,
772224368559940,3,0.7376814,0.013222251,9.778856,
772224387908083,3,0.73829764,0.012732677,9.778811,
772224410521609,3,0.73835886,0.011715791,9.778808,
772224428557498,3,0.738786,0.012522468,9.778774,
772224450224979,3,0.7397011,0.013715259,9.778704,
772224470244509,3,0.7407181,0.013522549,9.778627,
772224488677127,3,0.74148065,0.013346462,9.778569,
772224508055789,3,0.742317,0.012110527,9.778507,
772224530425174,3,0.74210644,0.013060302,9.7785225,
772224548735720,3,0.74251866,0.012781339,9.778491,
772224568114382,3,0.74207205,0.012178148,9.778526,
772224590514285,3,0.7418036,0.011881102,9.778546,
772224608794315,3,0.7420433,0.010431998,9.77853,
772224630431276,3,0.7417727,0.007926519,9.778553,
772224650786502,3,0.7412942,0.008103592,9.778589,
772224668822391,3,0.7406701,0.008539755,9.778636,
772224688170535,3,0.73979783,0.008502017,9.778703,
772224710509401,3,0.73772544,0.007699578,9.778859,
772224728911502,3,0.73607105,0.007146657,9.778985,
772224748320682,3,0.73583853,0.0072984137,9.779001,
772224770445926,3,0.7366021,0.008048867,9.778943,
772224788909059,3,0.7373193,0.007886845,9.77889,
772224810576541,3,0.7374937,0.009273732,9.778875,
772224830718143,3,0.7382845,0.009884339,9.778815,
772224849028690,3,0.7387778,0.009787381,9.778778,
772224868376833,3,0.73923373,0.00886084,9.778745,
772224891081912,3,0.73866355,0.008699367,9.778788,
772224909056766,3,0.73907554,0.008475166,9.778757,
772224928435428,3,0.73888457,0.008628347,9.77877,
772224950682741,3,0.7393205,0.0084773945,9.778739,
772224969084841,3,0.73892045,0.008418906,9.778769,
772224991789920,3,0.7392687,0.009652173,9.778741,
772225010771854,3,0.74112004,0.011091121,9.778599,
772225029173952,3,0.74140894,0.01172982,9.778577,
772225048552615,3,0.7420663,0.011448738,9.778527,
772225070983035,3,0.7421288,0.012816666,9.778522,
772225089293582,3,0.742568,0.012887137,9.778486,
772225108702761,3,0.7425197,0.012640286,9.778491,
772225131255252,3,0.74107784,0.0119582955,9.778602,
772225149291141,3,0.74065655,0.010937172,9.778635,
772225171965701,3,0.7404527,0.010162424,9.778651,
772225191008669,3,0.7397358,0.010458631,9.778706,
772225209410769,3,0.74031746,0.010493447,9.778661,
772225228758915,3,0.7401376,0.010222119,9.778675,
772225251067264,3,0.74103314,0.009900595,9.778607,
772225269438845,3,0.74159646,0.010573417,9.7785635,
772225288817508,3,0.7426135,0.010104374,9.778487,
772225311217410,3,0.74239135,0.010126294,9.778504,
772225329466922,3,0.741973,0.010668182,9.778535,
772225352141481,3,0.7415482,0.010653387,9.778567,
772225371489627,3,0.7417684,0.0115811685,9.77855,
772225389586551,3,0.7427186,0.011579598,9.778478,
772225408934696,3,0.74274486,0.011068945,9.778476,
772225431273561,3,0.742295,0.010598368,9.778511,
772225449614627,3,0.7416001,0.009670951,9.778564,
772225468962772,3,0.74150276,0.009650054,9.778571,
772225491332156,3,0.74149823,0.009589922,9.778573,
772225509642702,3,0.74152344,0.009773498,9.77857,
772225532317263,3,0.741704,0.010072627,9.778556,
772225551421268,3,0.7413351,0.009107582,9.7785845,
772225569731815,3,0.7404349,0.0079651335,9.778654,
772225589079958,3,0.73823696,0.008240626,9.77882,
772225611754519,3,0.73685664,0.008299845,9.778925,
772225629790409,3,0.7364761,0.009512802,9.778952,
772225649169071,3,0.7361018,0.009490006,9.77898,
772225671446901,3,0.73611474,0.010292042,9.778978,
772225689849002,3,0.7371983,0.0089971805,9.778897,
772225712462528,3,0.7357396,0.008407872,9.779009,
772225731474979,3,0.73480374,0.007634952,9.779079,
772225749877077,3,0.7346783,0.0066154,9.779089,
772225769225222,3,0.73421097,0.004844335,9.779125,
772225791716678,3,0.7328628,0.0035495823,9.779227,
772225809935672,3,0.73250616,0.0032497225,9.779254,
772225829283815,3,0.73183143,0.003234525,9.7793045,
772225851988894,3,0.7316233,0.0022950887,9.779321,
772225869963748,3,0.73153764,0.0025460678,9.779326,
772225892607791,3,0.7317859,0.0029982685,9.779308,
772225911620241,3,0.7318751,0.0028727425,9.779302,
772225930052859,3,0.7318367,0.0036947264,9.779304,
772225949401004,3,0.7324181,0.0031095103,9.779262,
772225971709354,3,0.73184955,0.0032000747,9.779304,
772225990111452,3,0.7319609,0.0037988808,9.779295,
772226009459597,3,0.73250914,0.0026817133,9.779254,
772226031859500,3,0.73312193,0.0031493308,9.779208,
772226050109012,3,0.7319079,0.0035308045,9.779299,
772226072814089,3,0.73061883,0.0042637587,9.779395,
772226092162234,3,0.732029,0.0044370694,9.779289,
772226110228641,3,0.7325949,0.0044052126,9.779247,
772226129576785,3,0.73290944,0.0043936684,9.779223,
772226151915651,3,0.734064,0.00402173,9.779138,
772226170287234,3,0.7352295,0.005085706,9.779049,
772226189635379,3,0.7356573,0.0060669356,9.7790165,
772226211913211,3,0.7358634,0.0053689796,9.779001,
772226230315309,3,0.7357469,0.0039480436,9.779011,
772226252959353,3,0.7337591,0.0025472734,9.7791605,
772226272093875,3,0.73377436,0.0019373613,9.77916,
772226290404422,3,0.7337196,0.0023041854,9.779163,
772226309752565,3,0.73418933,0.0032388724,9.779128,
772226332396609,3,0.7342881,0.00223934,9.779121,
772226350463016,3,0.7336106,0.0020706323,9.779172,
772226369811160,3,0.733322,0.0015469372,9.779194,
772226392058473,3,0.7329258,0.00128456,9.779223,
772226410491091,3,0.7328557,8.619141E-4,9.779228,
772226433135135,3,0.73279,7.592574E-4,9.779234,
772226452147586,3,0.73352134,5.374679E-4,9.779179,
772226470549684,3,0.73313576,0.0010297814,9.779207,
772226489928347,3,0.73384833,9.1050245E-4,9.779154,
772226512389285,3,0.73323303,0.002034538,9.7792,
772226530638797,3,0.73368067,0.002753646,9.779166,
772226549986940,3,0.7329357,0.0033108417,9.7792225,
772226572600466,3,0.7333449,0.0032375571,9.779192,
772226590636356,3,0.7334575,0.0031577335,9.779182,
772226613310915,3,0.7329389,0.004326266,9.779222,
772226632292848,3,0.7339496,0.0052856854,9.779145,
772226650755984,3,0.7349685,0.005178316,9.779069,
772226670104129,3,0.7356803,0.0045809713,9.779016,
772226692412478,3,0.7349961,0.0039237496,9.779067,
772226710784060,3,0.7337121,0.004661891,9.779163,
772226730162722,3,0.7342276,0.004314758,9.779125,
772226752562625,3,0.7335093,0.003132672,9.77918,
772226770812136,3,0.73345214,0.0020859395,9.779183,
772226793486696,3,0.73331356,0.0046665673,9.779193,
772226812834841,3,0.7339735,0.0043849736,9.779143,
772226830901248,3,0.734301,0.0030978199,9.7791195,
772226850249392,3,0.7332341,0.0025614116,9.7792,
772226872588259,3,0.7328283,0.00339578,9.77923,
772226890959841,3,0.7334864,0.0044621304,9.77918,
772226910338504,3,0.734433,0.004721585,9.779109,
772226932585817,3,0.73444605,0.0056242696,9.779107,
772226950987917,3,0.7341845,0.006674729,9.779127,
772226973662478,3,0.7349061,0.0063321623,9.779073,
772226992797000,3,0.73449415,0.0074155736,9.779103,
772227011077028,3,0.735246,0.0077190134,9.779046,
772227030425173,3,0.7359276,0.007497626,9.778995,
772227053099734,3,0.7371087,0.0082776705,9.778906,
772227071135623,3,0.7373595,0.008913118,9.778886,
772227090514284,3,0.7373818,0.008498473,9.778885,
772227112792116,3,0.73598,0.0090671405,9.77899,
772227131163699,3,0.735633,0.00956318,9.779016,
772227153807742,3,0.7356349,0.010574805,9.779015,
772227172789675,3,0.73658997,0.010723566,9.778942,
772227191283327,3,0.73711383,0.012062925,9.778901,
772227210631472,3,0.73816687,0.012458682,9.778821,
772227233061893,3,0.7389091,0.011917451,9.778766,
772227251311403,3,0.73912925,0.011028065,9.77875,
772227270659548,3,0.73900825,0.01105214,9.778759,
772227293273074,3,0.7385905,0.011526078,9.77879,
772227311339481,3,0.7391252,0.012109175,9.778749,
772227334014040,3,0.7399581,0.011862762,9.778687,
772227353026491,3,0.7392948,0.011053382,9.778738,
772227371428591,3,0.7389652,0.011702311,9.778762,
772227390776737,3,0.7385066,0.011346155,9.778797,
772227413115603,3,0.73639387,0.011323139,9.778956,
772227431456667,3,0.7364565,0.011852971,9.778951,
772227450835330,3,0.7364982,0.012740641,9.778946,
772227473235233,3,0.73646003,0.012799934,9.77895,
772227491515261,3,0.7366432,0.013889592,9.778934,
772227514189821,3,0.73669434,0.01522738,9.778928,
772227533537966,3,0.7364738,0.015907215,9.778944,
772227551604373,3,0.7365959,0.01544263,9.778935,
772227570952517,3,0.73608506,0.015434337,9.778974,
772227593291384,3,0.7358539,0.01497052,9.778992,
772227611662966,3,0.7356419,0.015352431,9.779008,
772227631011112,3,0.73550195,0.015617804,9.779017,
772227653288942,3,0.7357792,0.0157312,9.778996,
772227674040895,3,0.7359245,0.014023229,9.778988,
772227694365603,3,0.73504996,0.01307444,9.779056,
772227713469608,3,0.73394185,0.013468663,9.779138,
772227731749636,3,0.733965,0.014053404,9.779136,
772227751128298,3,0.7339878,0.015243345,9.779132,
772227773863894,3,0.7334426,0.0146826785,9.779174,
772227791808231,3,0.7326822,0.014020525,9.779231,
772227811186892,3,0.73172045,0.014200156,9.779304,
772227833434205,3,0.73170584,0.014711247,9.779304,
772227851836305,3,0.7312395,0.014426293,9.779339,
772227873503786,3,0.7312736,0.015167211,9.779335,
772227893492801,3,0.7314751,0.014998028,9.779321,
772227911955934,3,0.73125976,0.013994477,9.779338,
772227931304078,3,0.7312744,0.014681071,9.779336,
772227953734498,3,0.731746,0.015194501,9.7793,
772227971984011,3,0.7320619,0.016125169,9.779275,
772227991362674,3,0.73308074,0.016412461,9.779198,
772228014006716,3,0.73272365,0.012940547,9.77923,
772228032042604,3,0.7303784,0.012449367,9.779407,
772228053679565,3,0.7296175,0.012090616,9.779463,
772228073699097,3,0.7293014,0.012058906,9.779487,
772228092101198,3,0.7286122,0.011304581,9.779539,
772228111449343,3,0.7269998,0.010715273,9.779659,
772228133788211,3,0.72573286,0.011889322,9.779752,
772228152190309,3,0.72598964,0.012808153,9.779733,
772228171538453,3,0.72591317,0.012149141,9.779738,
772228193968873,3,0.72517127,0.010841968,9.779796,
772228212218386,3,0.7241608,0.010692476,9.77987,
772228233855349,3,0.7240192,0.010172946,9.7798815,
772228254180056,3,0.723943,0.010294234,9.779886,
772228272276979,3,0.7235385,0.010074563,9.779917,
772228291655640,3,0.72423506,0.00947521,9.779866,
772228313963990,3,0.7241405,0.009593064,9.779873,
772228332366091,3,0.7252428,0.009231574,9.779792,
772228351683718,3,0.72586983,0.008528101,9.779746,
772228373961551,3,0.72672015,0.007631956,9.779684,
772228392363649,3,0.7275107,0.006778116,9.779625,
772228414031128,3,0.7270191,0.0061390875,9.779662,
772228434172731,3,0.72713363,0.006481325,9.779654,
772228452452761,3,0.72811353,0.006073036,9.77958,
772228471800906,3,0.72840756,0.0057864017,9.779559,
772228494475466,3,0.72901905,0.0063718003,9.779513,
772228512511354,3,0.728419,0.0068288962,9.779557,
772228531859498,3,0.72919047,0.006538572,9.7795,
772228554137331,3,0.72966117,0.0064876084,9.779466,
772228572569949,3,0.7298151,0.0062240623,9.779453,
772228594206911,3,0.72999674,0.0058653485,9.779441,
772228614226441,3,0.7309328,0.007452143,9.779369,
772228632659059,3,0.7313406,0.0059490814,9.77934,
772228651976686,3,0.7301507,0.0058298022,9.779429,
772228674468142,3,0.7304144,0.007132884,9.779408,
772228692687137,3,0.73128307,0.00733754,9.779344,
772228712065798,3,0.731648,0.006653101,9.779316,
772228734709839,3,0.73138297,0.006220957,9.779337,
772228752715211,3,0.7311878,0.006339396,9.779351,
772228774382692,3,0.73073083,0.005718414,9.779386,
772228794371707,3,0.73114544,0.006811726,9.779354,
772228812804324,3,0.73233885,0.007160795,9.779264,
772228832152467,3,0.73294467,0.0071634254,9.779219,
772228854491334,3,0.734051,0.0061139893,9.779137,
772228872862917,3,0.7330858,0.0053407033,9.77921,
772228892211062,3,0.73230815,0.004928104,9.779268,
772228914610964,3,0.73123926,0.0052227764,9.779348,
772228932890992,3,0.7311798,0.0064104516,9.779352,
772228954558472,3,0.73244804,0.0067575844,9.779257,
772228974913698,3,0.7315352,0.0060631726,9.7793255,
772228992980105,3,0.7320482,0.0076924907,9.779285,
772229012328250,3,0.73188734,0.00909991,9.779297,
772229034667116,3,0.732362,0.00952767,9.779262,
772229053038697,3,0.73124737,0.010091077,9.779344,
772229072386842,3,0.7310309,0.010869879,9.779359,
772229094664675,3,0.73131925,0.011123451,9.779337,
772229113066775,3,0.7310321,0.011722733,9.779358,
772229134703738,3,0.73114425,0.011558738,9.779349,
772229154845338,3,0.7309261,0.012164887,9.779366,
772229173155885,3,0.7312147,0.012293628,9.779344,
772229192504030,3,0.73190737,0.012046558,9.779291,
772229215178591,3,0.73278505,0.011562281,9.779226,
772229233214480,3,0.73211217,0.011379874,9.779278,
772229252562623,3,0.73185664,0.011824148,9.779296,
772229274840455,3,0.73320043,0.0109649,9.779197,
772229293212038,3,0.7331987,0.010835173,9.779197,
772229314879519,3,0.7325547,0.0118187405,9.779244,
772229334899051,3,0.7333638,0.011660226,9.779183,
772229353331667,3,0.7336197,0.011674547,9.779164,
772229372679810,3,0.7335087,0.011744068,9.779172,
772229395140748,3,0.7324705,0.012497772,9.779249,
772229413390261,3,0.73213756,0.012966888,9.779274,
772229432768924,3,0.73238856,0.013033852,9.779255,
772229455382449,3,0.73245853,0.01305968,9.77925,
772229473418336,3,0.7323838,0.01235566,9.779257,
772229495055299,3,0.73143345,0.011862177,9.779327,
772229515105348,3,0.73168486,0.010695362,9.77931,
772229533507449,3,0.7303313,0.011112894,9.779411,
772229552886111,3,0.72999936,0.011356859,9.779435,
772229575194459,3,0.73083615,0.012031032,9.779372,
772229593566041,3,0.73094267,0.012591332,9.779364,
772229612914186,3,0.73160994,0.0124620795,9.779313,
772229635314089,3,0.731057,0.013382482,9.779353,
772229653563602,3,0.7310751,0.0132493945,9.779353,
772229675231081,3,0.73037165,0.012465916,9.779407,
772229695647339,3,0.7299133,0.012109978,9.779441,
772229713683229,3,0.72923636,0.012391317,9.779491,
772229733031374,3,0.7292583,0.011828568,9.77949,
772229755370242,3,0.72846156,0.011959537,9.77955,
772229773741824,3,0.72836494,0.012562033,9.779556,
772229793089967,3,0.7279516,0.01264847,9.779587,
772229815367799,3,0.7265432,0.011624278,9.779693,
772229833739382,3,0.7249565,0.011740853,9.779811,
772229855406863,3,0.7255486,0.010486981,9.779767,
772229875487429,3,0.7247525,0.010039529,9.779828,
772229893859010,3,0.72424394,0.009610855,9.779865,
772229913176637,3,0.723352,0.009767653,9.779932,
772229935881715,3,0.722918,0.009982867,9.7799635,
772229953917605,3,0.72341114,0.00945676,9.779927,
772229973265750,3,0.72438484,0.008466581,9.779856,
772229995543581,3,0.72372645,0.008077764,9.779905,
772230013915162,3,0.72329164,0.007810345,9.779938,
772230035582643,3,0.7223725,0.008172676,9.780005,
772230055602175,3,0.72169703,0.0072062416,9.780056,
772230074004275,3,0.7217309,0.008302038,9.780052,
772230093352420,3,0.72206897,0.008983261,9.780027,
772230115813356,3,0.7227854,0.009061733,9.779974,
772230134062867,3,0.7224485,0.008394282,9.779999,
772230153411013,3,0.72168195,0.009134323,9.780055,
772230176024539,3,0.72146344,0.0074854605,9.780072,
772230194090945,3,0.7210871,0.007292568,9.780101,
772230215758424,3,0.720987,0.007056458,9.780108,
772230235747437,3,0.72110957,0.0064669675,9.7801,
772230254180055,3,0.7205257,0.005933628,9.780144,
772230273528201,3,0.7192571,0.00555146,9.780236,
772230295867068,3,0.7179875,0.0052603683,9.78033,
772230314238649,3,0.71784586,0.0060344944,9.780339,
772230333586793,3,0.71890455,0.0065807668,9.780262,
772230355986696,3,0.7194245,0.006212518,9.780224,
772230374266726,3,0.71927136,0.0051176352,9.780235,
772230395934207,3,0.71884745,0.00283895,9.780268,
772230416289431,3,0.71858317,0.002303199,9.780287,
772230434355836,3,0.719632,0.0021881943,9.7802105,
772230453703981,3,0.7207561,0.0035563773,9.780127,
772230476134401,3,0.722335,0.0036768985,9.78001,
772230494414431,3,0.722335,0.0036768985,9.78001,
772230513823611,3,0.7237303,0.0024347894,9.779907,
772230536131959,3,0.7235531,0.0026368513,9.779921,
772230554442506,3,0.7227902,0.001759411,9.779978,
772230576201540,3,0.7218238,0.00252908,9.780048,
772230596251589,3,0.722539,0.0030805764,9.779995,
772230614531619,3,0.72286975,0.0031735154,9.779971,
772230633879763,3,0.7234955,0.0028839214,9.779925,
772230656615357,3,0.7235009,0.0032466904,9.779924,
772230674590211,3,0.7235009,0.0032466904,9.779924,
772230693938357,3,0.7225987,0.0033866102,9.779991,
772230716216189,3,0.7229591,0.0024133448,9.779965,
772230734618289,3,0.72302145,0.0024295286,9.779961,
772230756255250,3,0.72254264,0.0031536417,9.779995,
772230776305299,3,0.72386956,0.0036803691,9.779897,
772230794737917,3,0.72467893,0.004082922,9.779837,
772230814086062,3,0.725167,0.00461586,9.7798,
772230836546999,3,0.7256035,0.0056009986,9.779768,
772230854796510,3,0.7257108,0.0039825668,9.779761,
772230874114137,3,0.7259431,0.0051946095,9.779743,
772230896758180,3,0.7259344,0.00793324,9.779741,
772230914794070,3,0.72642744,0.008024755,9.779705,
772230936461551,3,0.726399,0.007782361,9.779707,
772230956481081,3,0.726734,0.0067719785,9.779683,
772230974883179,3,0.72676283,0.0067116995,9.779681,
772230994231325,3,0.7277005,0.0070498823,9.779611,
772231016570192,3,0.7290591,0.007888342,9.779509,
772231034972293,3,0.7301452,0.00932327,9.779427,
772231054289920,3,0.73104656,0.009606252,9.77936,
772231076720338,3,0.7319768,0.009697182,9.779289,
772231094969850,3,0.73229575,0.008805895,9.779266,
772231116637331,3,0.7305551,0.00802881,9.779397,
772231137023074,3,0.7291915,0.007524843,9.7795,
772231155058962,3,0.7283074,0.006896847,9.779566,
772231174407106,3,0.7273355,0.0075038727,9.779637,
772231196745972,3,0.72745436,0.0071725952,9.779629,
772231215148073,3,0.7276506,0.006671952,9.779615,
772231234465701,3,0.7271785,0.00746913,9.77965,
772231256774051,3,0.7287835,0.007978358,9.77953,
772231275145632,3,0.72814226,0.008690014,9.779577,
772231296813111,3,0.72840804,0.007901056,9.779557,
772231316893678,3,0.72791845,0.008505305,9.779593,
772231335234743,3,0.72829294,0.008619762,9.779566,
772231354582889,3,0.72820073,0.009164975,9.779572,
772231377226931,3,0.72885686,0.010506087,9.779521,
772231395293336,3,0.72961044,0.010088263,9.779466,
772231414641481,3,0.72925925,0.0072696987,9.779494,
772231436949831,3,0.7267636,0.006884499,9.779681,
772231455290896,3,0.72630835,0.0067534563,9.779715,
772231477019411,3,0.7244929,0.0067948843,9.779849,
772231497008424,3,0.72437346,0.00578315,9.779859,
772231515410523,3,0.7235299,0.0068642963,9.779921,
772231534728151,3,0.7227226,0.0073157665,9.77998,
772231557219607,3,0.7238709,0.0068894676,9.779896,
772231575469119,3,0.7236255,0.0060999976,9.779914,
772231594786745,3,0.72347647,0.0058461325,9.779925,
772231617461304,3,0.7227889,0.0062862406,9.779976,
772231635466676,3,0.7236864,0.005684183,9.779909,
772231657134157,3,0.7231859,0.005483729,9.779947,
772231677153689,3,0.7236562,0.0049093263,9.779912,
772231695555789,3,0.72332114,0.0057250266,9.779937,
772231714903932,3,0.72359514,0.0069971657,9.779915,
772231737242799,3,0.7245418,0.008124782,9.779844,
772231755644899,3,0.72494656,0.0073213927,9.779816,
772231774993045,3,0.72392726,0.005569325,9.779892,
772231797362429,3,0.7226944,0.004533844,9.7799835,
772231815642457,3,0.7227219,0.004549553,9.779982,
772231837309937,3,0.7236345,0.004650566,9.779914,
772231857695680,3,0.7241403,0.005026048,9.779876,
772231875762087,3,0.72499,0.004630875,9.779814,
772231895110233,3,0.72469217,0.004731047,9.779836,
772231917479616,3,0.7253789,0.0055323537,9.779784,
772231935820679,3,0.7259702,0.0055286638,9.77974,
772231955199342,3,0.72532445,0.0053817295,9.779788,
772231977507692,3,0.7247857,0.0053906436,9.779828,
772231995848758,3,0.724941,0.006254348,9.779816,
772232017516238,3,0.7249212,0.0074671214,9.779817,
772232037596803,3,0.72571373,0.008367431,9.7797575,
772232055968385,3,0.7267549,0.00967592,9.779679,
772232075286013,3,0.72850704,0.011408224,9.779547,
772232097960574,3,0.7287721,0.010217261,9.779529,
772232115996462,3,0.7280662,0.009854747,9.779581,
772232135344606,3,0.72676194,0.010068646,9.779678,
772232157622437,3,0.7277407,0.00961038,9.779606,
772232176024538,3,0.72804725,0.010607758,9.779581,
772232197722536,3,0.7289595,0.012284495,9.779512,
772232217681033,3,0.72939867,0.012197474,9.779479,
772232236113649,3,0.72972685,0.013181188,9.779453,
772232255492310,3,0.7308602,0.012798472,9.779369,
772232277922731,3,0.72982943,0.013047588,9.779447,
772232296172243,3,0.7300178,0.012346271,9.779433,
772232315520389,3,0.72987336,0.012040384,9.779444,
772232338133914,3,0.7299611,0.012408012,9.779437,
772232356200319,3,0.7302345,0.012910079,9.779416,
772232377867799,3,0.7298816,0.0137393335,9.779441,
772232397856813,3,0.73036605,0.014640849,9.779404,
772232416289431,3,0.730569,0.014392354,9.779389,
772232435637576,3,0.7296955,0.01485672,9.779453,
772232457976441,3,0.72925705,0.017326215,9.779482,
772232476348023,3,0.73014814,0.016745675,9.779417,
772232495696169,3,0.72990286,0.016435916,9.779435,
772232518126589,3,0.72978073,0.016949892,9.779444,
772232536376102,3,0.730021,0.017671667,9.779425,
772232558013063,3,0.7311764,0.018378574,9.779337,
772232578429323,3,0.7321327,0.018219657,9.779266,
772232596465211,3,0.732455,0.018102095,9.779242,
772232615813357,3,0.732505,0.01908223,9.779237,
772232638152224,3,0.7333515,0.021060798,9.779168,
772232656523806,3,0.7339253,0.02211608,9.779123,
772232675871950,3,0.7330771,0.022655485,9.779186,
772232698149781,3,0.7332356,0.022854624,9.779174,
772232716521364,3,0.7341224,0.023442727,9.779105,
772232738188845,3,0.73423856,0.024093663,9.779096,
772232758452517,3,0.73430485,0.024170712,9.77909,
772232776640992,3,0.7337005,0.024099765,9.779136,
772232795958619,3,0.7323817,0.024997517,9.779232,
772232818663699,3,0.73337984,0.026396863,9.779154,
772232836699587,3,0.7337935,0.026298845,9.779122,
772232856047733,3,0.7333866,0.026548875,9.779153,
772232878356081,3,0.73264074,0.027407246,9.779206,
772232896727662,3,0.7323368,0.02820479,9.779226,
772232918425661,3,0.73225504,0.028861828,9.779231,
772232938414676,3,0.7337433,0.027657239,9.779122,
772232956816775,3,0.7330609,0.027737098,9.779174,
772232976164920,3,0.7332006,0.0281265,9.779161,
772232998595338,3,0.73400694,0.029323565,9.7790985,
772233016875367,3,0.73382765,0.03075451,9.779107,
772233036192995,3,0.7330343,0.030606005,9.779167,
772233058837040,3,0.7312713,0.029792497,9.779303,
772233076872927,3,0.72903675,0.028514987,9.779472,
772233098540406,3,0.7250122,0.027813781,9.779774,
772233118590456,3,0.72327834,0.02774835,9.7799015,
772233136992555,3,0.7221163,0.025597602,9.779994,
772233156340701,3,0.721478,0.02514825,9.780042,
772233178679568,3,0.71945435,0.021917488,9.780199,
772233197051149,3,0.71681464,0.017915633,9.780401,
772233216399293,3,0.71242416,0.016696356,9.780725,
772233238829714,3,0.7103155,0.014995544,9.78088,
772233257048708,3,0.7102961,0.014530265,9.780882,
772233278746708,3,0.70930177,0.016972616,9.780951,
772233299071414,3,0.7092131,0.014400793,9.780961,
772233317168336,3,0.7086491,0.01394757,9.781002,
772233336516481,3,0.7075823,0.0133351,9.781081,
772233358824832,3,0.70734924,0.014519816,9.781096,
772233377226931,3,0.7081335,0.015174517,9.781038,
772233396544558,3,0.7092811,0.015407632,9.780954,
772233418852906,3,0.7117543,0.017988624,9.78077,
772233437224488,3,0.71279365,0.021568932,9.780687,
772233459899050,3,0.7134545,0.026729895,9.780626,
772233479033573,3,0.7140734,0.03124456,9.780567,
772233497344119,3,0.71579653,0.034909546,9.78043,
772233516722780,3,0.7166138,0.039311912,9.780354,
772233539366823,3,0.7164548,0.041338522,9.780356,
772233557372194,3,0.7164548,0.041338522,9.780356,
772233576750857,3,0.7152688,0.042504717,9.780437,
772233599028690,3,0.71438396,0.042432453,9.780503,
772233617400271,3,0.7141154,0.041727558,9.780525,
772233639067750,3,0.7139692,0.041604333,9.780538,
772233659056765,3,0.71341145,0.042835556,9.780572,
772233677489382,3,0.71480656,0.042491272,9.780473,
772233696837527,3,0.71462715,0.042634737,9.780484,
772233719298464,3,0.7138333,0.042315003,9.780544,
772233737547975,3,0.7132323,0.04258991,9.780587,
772233756865603,3,0.7129737,0.043086316,9.780603,
772233779448612,3,0.7133886,0.041907042,9.780579,
772233797515017,3,0.71267277,0.041898675,9.780631,
772233820220095,3,0.7132781,0.042166825,9.780585,
772233839232547,3,0.71395695,0.04292645,9.780533,
772233857695681,3,0.71499544,0.043277416,9.780455,
772233877043826,3,0.7143119,0.04230448,9.780509,
772233899352175,3,0.71394527,0.043366738,9.780531,
772233917723757,3,0.7151963,0.04458941,9.780435,
772233937071902,3,0.7153162,0.04588603,9.780419,
772233959471804,3,0.71685714,0.046354488,9.780305,
772233977721315,3,0.7174583,0.072459236,9.780102,
772233999358279,3,0.7114032,0.06548607,9.780593,
772234019713504,3,0.71149534,0.07034758,9.780553,
772234037810427,3,0.7087114,0.062399942,9.780809,
772234057158571,3,0.70755786,0.056000195,9.7809305,
772234079466922,3,0.70731986,0.05047847,9.780978,
772234097869021,3,0.7095287,0.052331295,9.780808,
