772200526488404,3,0.006785907,0.018219724,-0.010477667,
772200545928102,3,-0.019175867,0.0063078515,-0.004674447,
772200566344363,3,-0.011845484,0.021579482,-0.0010092556,
772200587859256,3,0.0070913397,0.038378276,-0.008034206,
772200605895143,3,0.0131999925,0.02463381,-0.009255936,
772200626555543,3,0.0070913397,0.013638236,-0.009561369,
772200646544557,3,-0.01612154,0.013638236,-0.008034206,
772200668181521,3,-0.007263992,0.022801213,-0.0049798796,
772200686339480,3,6.7725405E-4,0.032269627,-0.007117908,
772200706694705,3,0.004647877,0.016387127,-0.008645071,
772200726042848,3,-0.004820533,0.01883059,-0.0058961776,
772200746367555,3,-0.005125966,0.024328377,-0.0025364188,
772200768035036,3,-0.0026825033,0.025855541,-0.007117908,
772200786070925,3,-0.010623753,0.023717511,-0.007117908,
772200806517702,3,0.0018989854,0.028909866,-0.006507043,
772200826750856,3,0.002509851,0.023412079,-0.017197184,
772200848509889,3,-0.006958563,0.0081404485,-0.0058961776,
772200866881471,3,0.0012881197,0.025550108,-0.009866802,
772200886809451,3,0.0028152838,0.012721937,-0.015059156,
772200906157596,3,0.0131999925,-0.0031605586,-0.011393964,
772200926573854,3,-0.0020716377,0.020052321,-0.0019255537,
772200948180298,3,-0.009707455,0.027993567,-0.0025364188,
772200966216188,3,-0.0136780795,0.03990544,-0.0043690144,
772200986571413,3,-0.017954135,0.039294574,0.0014342051,
772201006896121,3,-0.007569425,0.04082174,-0.0034527166,
772201028502566,3,-0.0035988018,0.030131597,-0.011088531,
772201046813112,3,-0.007569425,0.020663187,-0.011699397,
772201067015748,3,-0.007263992,0.019746888,-0.004674447,
772201086363893,3,-0.01612154,0.018525157,-9.2957634E-5,
772201107054812,3,-0.017648702,0.033491354,-0.0034527166,
772201128417116,3,-0.015510675,0.04112717,-0.004063582,
772201146422486,3,-0.0020716377,0.038378276,-0.0058961776,
772201167021851,3,0.0012881197,0.032880493,-0.008034206,
772201187071901,3,-0.00665313,0.020968616,-0.003147284,
772201208647830,3,-0.0054313987,0.025855541,-0.003147284,
772201226805789,3,-0.00665313,0.028909866,-0.008034206,
772201247191530,3,-0.0023770705,0.026160974,-0.008034206,
772201266509156,3,-0.0042096674,0.025244676,-0.00620161,
772201287047487,3,-0.011234619,0.028299,-0.0037581492,
772201308562381,3,3.7182122E-4,0.033796787,-0.004674447,
772201326598269,3,-5.4447725E-4,0.027688134,-0.0034527166,
772201347197634,3,-0.008485723,0.020968616,-0.007117908,
772201367247682,3,-0.006347697,0.026771836,-0.004674447,
772201392699343,3,0.0058696084,0.030131597,-0.008034206,
772201406951052,3,-2.3904443E-4,0.019136023,-0.007728773,
772201427275759,3,-0.0042096674,0.026466407,-0.006507043,
772201446654421,3,-0.008791156,0.027382702,-0.0019255537,
772201467070680,3,-0.006347697,0.029215299,-0.008950504,
772201488677126,3,-0.007569425,0.022190347,-0.008034206,
772201506896120,3,-0.0045151003,0.018525157,-0.0049798796,
772201527251345,3,-0.0057368316,0.023106646,-0.007117908,
772201547423465,3,-0.0029879361,0.026466407,-0.006507043,
772201569090944,3,-0.001460772,0.029215299,-0.0037581492,
772201587584595,3,-0.0026825033,0.025855541,-0.004063582,
772201607543092,3,-0.004820533,0.026771836,-0.004674447,
772201626891237,3,-0.00665313,0.032880493,-0.008645071,
772201647246463,3,-0.010012887,0.021579482,-0.009255936,
772201668883425,3,-0.005125966,0.026771836,-0.0052853124,
772201686919313,3,-0.015816107,0.028909866,0.0023505036,
772201707244020,3,-0.0011553429,0.040210873,-0.002230986,
772201727599245,3,-0.0054313987,0.026771836,-0.007728773,
772201749297245,3,-0.006347697,0.017303426,-0.007117908,
772201767455202,3,-0.0020716377,0.029215299,-0.007117908,
772201787718873,3,-0.00665313,0.023717511,-0.01322656,
772201807036500,3,-0.003293369,0.026466407,-0.0058961776,
772201827818971,3,-0.010929186,0.028299,-0.0028418512,
772201849089725,3,-0.010623753,0.03043703,-0.0010092556,
772201867064578,3,-0.004820533,0.028909866,-0.0034527166,
772201887419802,3,-0.0060422644,0.027993567,-0.005590745,
772201907775025,3,-5.4447725E-4,0.02463381,-0.008034206,
772201929411990,3,-0.009402022,0.020663187,-0.009255936,
772201947508913,3,-0.0020716377,0.026771836,-0.008645071,
772201967864139,3,-0.0023770705,0.024939243,-0.008339639,
772201987181765,3,-0.00818029,0.020663187,-0.005590745,
772202007720094,3,-0.009402022,0.023106646,-0.005590745,
772202029234987,3,-0.0035988018,0.025855541,-0.007728773,
772202047301393,3,-0.0017662048,0.023106646,-0.011393964,
772202067961795,3,9.826869E-4,0.020052321,-0.007117908,
772202087950808,3,-0.00665313,0.01883059,-0.004063582,
772202110594850,3,-2.3904443E-4,0.01883059,-0.009561369,
772202127684693,3,-0.0011553429,0.021579482,-0.009255936,
772202148039919,3,-0.0039042346,0.016997993,-0.007423341,
772202167418581,3,-0.0029879361,0.019746888,-0.0058961776,
772202187773807,3,-8.499101E-4,0.023106646,-0.0052853124,
772202209441286,3,-0.008485723,0.02463381,-0.0034527166,
772202227721314,3,-2.3904443E-4,0.021884914,-0.007423341,
772202247893434,3,-0.0023770705,0.023106646,-0.005590745,
772202268035036,3,-0.0026825033,0.027382702,-0.00620161,
772202289763554,3,-0.012456348,0.022801213,-0.007728773,
772202308196170,3,-0.00665313,0.024939243,-0.008950504,
772202328154664,3,-8.499101E-4,0.023717511,-0.012310263,
772202347502809,3,-0.0035988018,0.019136023,-0.0107831,
772202367919069,3,0.0015935525,0.01883059,-0.009866802,
772202389525516,3,0.0022044182,0.025855541,-0.007117908,
772202407530886,3,3.7182122E-4,0.02249578,-0.007728773,
772202427916627,3,-0.009402022,0.027382702,-0.0028418512,
772202448241334,3,0.0037315823,0.030131597,-0.0058961776,
772202469908816,3,-0.004820533,0.02249578,-0.0052853124,
772202488158328,3,-0.0060422644,0.027688134,-0.0052853124,
772202508330447,3,-0.007569425,0.020968616,-0.0052853124,
772202527709108,3,3.7182122E-4,0.029215299,-0.006507043,
772202548461061,3,-0.0039042346,0.024939243,-0.0043690144,
772202569731814,3,-0.0045151003,0.023106646,-0.006507043,
772202587767702,3,-0.0054313987,0.026160974,-0.005590745,
772202608122928,3,-0.003293369,0.025244676,-0.008950504,
772202628447634,3,-0.007263992,0.017608859,-0.008950504,
772202651091676,3,-0.011845484,0.028909866,-0.006507043,
772202668181520,3,-8.499101E-4,0.037156545,-0.0058961776,
772202688536746,3,-0.0035988018,0.025855541,-0.009255936,
772202707884890,3,-0.0057368316,0.024939243,-0.0058961776,
772202728423220,3,-0.00665313,0.023106646,-0.011088531,
772202749938111,3,-0.0042096674,0.024328377,-0.0058961776,
772202767912965,3,-0.006958563,0.023717511,-0.0052853124,
772202788695437,3,-0.007569425,0.027077269,-0.0049798796,
772202808592899,3,-0.0060422644,0.026160974,-0.007117908,
772202831328494,3,0.0043424442,0.024939243,-0.0037581492,
772202848418337,3,-0.001460772,0.021884914,-0.0037581492,
772202868712527,3,-0.004820533,0.021579482,-0.012310263,
772202888091189,3,-0.001460772,0.01883059,-0.008645071,
772202908354861,3,-0.005125966,0.016997993,-0.0058961776,
772202930052858,3,-0.0042096674,0.023717511,-0.006507043,
772202948058229,3,-0.0060422644,0.025550108,-0.0028418512,
772202968535526,3,-0.005125966,0.027993567,-0.0049798796,
772202988738162,3,-0.006958563,0.028604433,-0.004063582,
772203011443239,3,-0.008485723,0.021579482,-0.007117908,
772203028838259,3,-0.0042096674,0.022190347,-0.004674447,
772203048857791,3,-5.4447725E-4,0.029215299,-0.0058961776,
772203068205936,3,3.7182122E-4,0.020357754,-0.0058961776,
772203088622194,3,-0.009707455,0.024939243,-0.004674447,
772203110228640,3,-0.013067214,0.026160974,-0.008950504,
772203128325565,3,-0.0054313987,0.025855541,-0.0019255537,
772203148619754,3,-0.009096589,0.028604433,-0.008339639,
772203168913942,3,-0.006958563,0.027993567,-0.008339639,
772203191619021,3,-0.005125966,0.028604433,-0.0043690144,
772203208800418,3,-0.0020716377,0.03043703,-0.008645071,
772203229003055,3,-0.0017662048,0.025855541,-0.0043690144,
772203248381716,3,-0.0045151003,0.023717511,-0.0037581492,
772203269133670,3,-0.0057368316,0.028909866,-0.005590745,
772203290434940,3,-0.007263992,0.025244676,-0.010477667,
772203308440311,3,-0.0045151003,0.021274049,-0.008339639,
772203328765016,3,0.006785907,0.016081695,-0.007728773,
772203349120242,3,-0.009707455,0.023412079,-0.010172235,
772203371764285,3,-0.0042096674,0.026160974,-0.007423341,
772203388854129,3,-0.008485723,0.025244676,-0.005590745,
772203409819704,3,-0.009402022,0.027077269,-0.008339639,
772203428526980,3,-0.0029879361,0.023717511,-0.009561369,
772203449095829,3,-0.0045151003,0.016997993,-0.006507043,
772203470580203,3,-0.00665313,0.022190347,-0.007117908,
772203488585573,3,-0.010012887,0.017914291,-0.011393964,
772203509276492,3,-0.009402022,0.016081695,-0.008034206,
772203529265506,3,-0.0060422644,0.026160974,-0.00620161,
772203551940066,3,-2.3904443E-4,0.023412079,-0.005590745,
772203568968874,3,-0.0042096674,0.027993567,-0.004063582,
772203589354617,3,-0.0035988018,0.034407653,-0.004063582,
772203608702762,3,0.0031207167,0.023412079,-0.009255936,
772203629149539,3,9.826869E-4,0.024022944,-0.002230986,
772203650755983,3,-5.4447725E-4,0.031047896,-0.002230986,
772203668761355,3,-0.011540052,0.017914291,8.233404E-4,
772203693389041,3,-0.0045151003,0.03318592,-0.011699397,
772203708739383,3,-0.0039042346,0.020968616,-0.004674447,
772203731413942,3,-0.0045151003,0.01883059,-0.0037581492,
772203750792605,3,-0.004820533,0.025855541,-0.007117908,
772203768859012,3,6.63884E-5,0.028604433,-0.008645071,
772203788207156,3,-0.003293369,0.017608859,-0.012921128,
772203810515505,3,-0.0029879361,0.012721937,-0.009255936,
772203828887088,3,-0.00665313,0.019746888,-0.004674447,
772203848235232,3,-0.0020716377,0.021274049,-0.00620161,
772203870513065,3,-0.007874858,0.024022944,-0.004063582,
772203888915163,3,0.0034261495,0.020357754,-0.006507043,
772203911589724,3,-0.013372647,0.016081695,-0.004674447,
772203930754764,3,0.0012881197,0.027077269,-0.007423341,
772203949004276,3,-0.0042096674,0.017914291,-0.007423341,
772203968535524,3,-0.00665313,0.01669256,-0.007423341,
772203991149050,3,-0.0017662048,0.017608859,-0.007728773,
772204009062870,3,-0.0017662048,0.015470829,-0.009561369,
772204032988650,3,-0.0057368316,0.017608859,-0.008339639,
772204050688845,3,-0.0042096674,0.022190347,-0.006507043,
772204069090945,3,0.0052587427,0.021884914,-0.0058961776,
772204091796024,3,-0.00818029,0.02249578,-0.007728773,
772204110777957,3,-0.001460772,0.028299,-0.0043690144,
772204129210573,3,0.017781481,0.020357754,-0.012921128,
772204148528201,3,-0.01031832,-0.056000404,-0.010477667,
772204171019657,3,-0.0057368316,-0.0049931556,-0.014142858,
772204189238651,3,-0.003293369,0.0066132843,-0.009866802,
772204208586794,3,-0.0039042346,0.017303426,-0.008645071,
772204231230837,3,-0.0060422644,0.017914291,-0.006507043,
772204249266727,3,3.7182122E-4,0.027077269,-0.006507043,
772204271910770,3,-0.003293369,0.019136023,-0.008645071,
772204290953737,3,-0.004820533,0.019746888,-0.0058961776,
772204309355838,3,-0.006958563,0.023717511,-0.00620161,
772204328703983,3,-0.00818029,0.018525157,-0.00620161,
772204351012332,3,-0.006347697,0.03043703,-0.0043690144,
772204369414431,3,-0.0060422644,0.030742463,-0.0028418512,
772204388762576,3,-0.0045151003,0.028604433,-0.0058961776,
772204411192996,3,-0.012150915,0.023717511,-0.006507043,
772204429442508,3,-0.0029879361,0.027382702,-0.007117908,
772204452117067,3,-2.3904443E-4,0.038378276,-0.008645071,
772204471495730,3,0.0031207167,0.020357754,-0.00620161,
772204489531620,3,-0.0054313987,0.020357754,-0.0107831,
772204508879764,3,-0.010929186,0.023717511,-0.007423341,
772204531249147,3,-0.02192476,0.025550108,-0.012310263,
772204549590213,3,-0.010623753,0.018525157,-0.0037581492,
772204568938358,3,-0.0060422644,0.022190347,-0.0049798796,
772204591216190,3,-0.010929186,0.0151654,-0.0107831,
772204609618288,3,-0.018870434,0.0151654,-0.0147537235,
772204632262332,3,-0.0194813,0.014554534,-0.014448291,
772204651732547,3,-0.021619327,0.011500206,-0.019029781,
772204669707401,3,-0.023451922,0.008445881,-0.011699397,
772204689055544,3,-0.0017662048,0.013638236,-0.0049798796,
772204711760623,3,0.0012881197,0.024022944,-0.0049798796,
772204729735477,3,0.0015935525,0.01883059,-0.008950504,
772204749114139,3,6.63884E-5,0.019136023,-0.010477667,
772204771391970,3,-2.3904443E-4,0.014249101,-0.010172235,
772204789794070,3,0.016865183,0.01669256,-0.010477667,
772204812438114,3,0.01869778,0.01302737,-0.01567002,
772204831450565,3,0.0031207167,-7.1709603E-4,-0.01780805,
772204849883181,3,0.0055641755,0.00936218,-0.010172235,
772204869200808,3,0.010451097,0.01669256,-0.0025364188,
772204891692264,3,-0.016426973,0.034407653,-0.00620161,
772204909941776,3,-5.4447725E-4,0.04204347,-0.004674447,
772204929289919,3,-0.009707455,0.03318592,-0.0019255537,
772204951933962,3,-0.0035988018,0.036851116,-0.005590745,
772204969969852,3,-5.4447725E-4,0.027688134,-0.0049798796,
772204992644412,3,-0.015816107,0.027077269,-0.002230986,
772205011626345,3,-0.0029879361,0.03501852,-0.0043690144,
772205030058963,3,-0.0017662048,0.030742463,2.1247473E-4,
772205049407108,3,-0.008485723,0.034713086,-0.003147284,
772205071745975,3,-0.006958563,0.034713086,-0.0010092556,
772205090087038,3,-0.0039042346,0.032880493,-0.002230986,
772205109435183,3,-2.3904443E-4,0.02463381,-0.0058961776,
772205131865604,3,-0.0029879361,0.029826164,-0.010172235,
772205150572879,3,-0.0023770705,0.022190347,-0.009255936,
772205172789675,3,-0.009402022,0.020052321,-0.004674447,
772205192107302,3,-0.00818029,0.03165876,-0.0037581492,
772205210204227,3,-0.0029879361,0.03135333,-0.00620161,
772205229552371,3,-0.001460772,0.024939243,-0.006507043,
772205251891237,3,-0.006958563,0.02249578,-0.0043690144,
772205270293338,3,-0.00665313,0.032269627,-0.0043690144,
772205289610965,3,-0.011845484,0.024939243,-0.004063582,
772205311919315,3,-0.010929186,0.041432604,0.0020450708,
772205330290895,3,-0.00665313,0.040210873,-0.008950504,
772205351958377,3,-0.009707455,0.034713086,-0.0052853124,
772205372130496,3,-0.006958563,0.033796787,-0.003147284,
772205390410526,3,-0.0042096674,0.034407653,-0.004674447,
772205409728151,3,-0.0060422644,0.027688134,-0.004674447,
772205432433230,3,-0.005125966,0.036851116,-0.009255936,
772205450438602,3,0.0015935525,0.024939243,-0.007423341,
772205469817264,3,6.63884E-5,0.024939243,-0.011393964,
772205494048219,3,-0.01612154,0.02249578,-0.010172235,
772205510741336,3,-0.0035988018,0.022190347,-0.007117908,
772205532103641,3,0.01075653,0.019136023,-0.00620161,
772205552153690,3,-2.3904443E-4,0.019441456,-0.008950504,
772205570555788,3,-0.006958563,0.023717511,-0.002230986,
772205589903933,3,-0.007874858,0.03532395,-0.003147284,
772205612425907,3,-0.009096589,0.026771836,-0.008034206,
772205630675418,3,-0.0039042346,0.029215299,-0.009866802,
772205649993044,3,-0.0054313987,0.02463381,-0.012921128,
772205672667605,3,-0.007263992,0.017914291,-0.007423341,
772205690703495,3,-0.009096589,0.033796787,-0.005590745,
772205712340457,3,-0.0042096674,0.038378276,-0.007117908,
772205732359987,3,-0.004820533,0.028299,-0.008645071,
772205750762088,3,-0.006347697,0.026771836,-0.008645071,
772205770110233,3,-0.0042096674,0.027993567,-0.0107831,
772205792510135,3,-0.007263992,0.021274049,-0.012921128,
772205810881716,3,-0.014899809,0.016387127,-0.013531993,
772205830260379,3,-0.00818029,0.026466407,-0.011699397,
772205852660282,3,-0.011540052,0.022801213,-0.013837426,
772205870909793,3,-0.008485723,0.016387127,-0.014448291,
772205892516237,3,-0.0035988018,0.016387127,-0.008950504,
772205912871462,3,-0.0017662048,0.027688134,-0.011088531,
772205930968387,3,-0.009096589,0.027688134,-0.010172235,
772205950316531,3,-0.011234619,0.024939243,-0.005590745,
772205972655397,3,-0.00818029,0.029215299,-3.9839046E-4,
772205990996463,3,-0.013372647,0.030742463,0.0029613683,
772206010344608,3,-0.017648702,0.031047896,0.0044885315,
772206032622440,3,-5.4447725E-4,0.032269627,8.233404E-4,
772206051024538,3,0.0015935525,0.026771836,-0.001314688,
772206073699099,3,-0.0060422644,0.024328377,-0.004674447,
772206092864139,3,-0.0026825033,0.019136023,-0.003147284,
772206111144167,3,-0.009402022,0.025855541,-0.008339639,
772206130461794,3,-0.011234619,0.027382702,-0.010172235,
772206153166873,3,-0.003293369,0.026771836,-0.008339639,
772206171172245,3,3.7182122E-4,0.013638236,-0.008950504,
772206190550905,3,-0.0020716377,0.014249101,-0.006507043,
772206212859255,3,-0.007263992,0.024939243,-0.007728773,
772206231230838,3,-0.005125966,0.020052321,-0.011393964,
772206253874881,3,6.7725405E-4,0.018525157,-0.0049798796,
772206272887331,3,-0.010012887,0.053039044,-0.007423341,
772206291319948,3,-0.00665313,0.031047896,-0.007117908,
772206310637576,3,-0.0042096674,0.018525157,-0.008950504,
772206333129032,3,-0.0042096674,0.03196419,-0.009255936,
772206351348025,3,-0.0011553429,0.01669256,-0.008034206,
772206370696169,3,-2.3904443E-4,0.016387127,-0.0037581492,
772206393309695,3,0.0018989854,0.027382702,-0.008034206,
772206411376102,3,-0.0045151003,0.0038643926,-0.0037581492,
772206434050661,3,-0.007263992,0.030131597,-0.0049798796,
772206453063112,3,-0.007569425,0.029215299,-0.001314688,
772206471495730,3,-0.0017662048,0.023717511,-0.0016201208,
772206490813358,3,-0.0039042346,0.026160974,-0.0049798796,
772206513152224,3,-8.499101E-4,0.014859967,-0.007728773,
772206531523806,3,6.63884E-5,0.021884914,-0.0052853124,
772206550871951,3,0.0031207167,0.027077269,-0.0034527166,
772206573241336,3,0.0012881197,0.024328377,-0.00620161,
772206591551882,3,-0.003293369,0.027382702,-0.0037581492,
772206613188845,3,-0.009096589,0.016081695,8.233404E-4,
772206633605105,3,-0.001460772,0.032575056,-0.003147284,
772206651610477,3,0.0028152838,0.025855541,-0.009255936,
772206670989138,3,-0.0060422644,0.023412079,-0.006507043,
772206693297487,3,-0.0017662048,0.024328377,-0.007117908,
772206711669070,3,-8.499101E-4,0.02463381,-0.007728773,
772206731047733,3,-0.004820533,0.028604433,-0.006507043,
772206753325564,3,-0.006347697,0.03501852,-0.0052853124,
772206771819216,3,0.0015935525,0.03165876,-0.0052853124,
772206794402224,3,-0.0023770705,0.026466407,-0.006507043,
772206813567264,3,0.0031207167,0.03196419,-0.0052853124,
772206831816775,3,0.0058696084,0.03165876,-0.009561369,
772206851134401,3,0.0022044182,0.019441456,-0.005590745,
772206873839480,3,-0.003293369,0.027688134,-0.0025364188,
772206891875370,3,-0.0029879361,0.031047896,-0.004063582,
772206911223513,3,-0.009707455,0.025550108,-0.0019255537,
772206933501345,3,-0.00818029,0.028299,-0.002230986,
772206951872927,3,-0.0011553429,0.031047896,-0.0052853124,
772206973509891,3,-0.0060422644,0.028909866,-0.006507043,
772206993590456,3,-0.008485723,0.025855541,-0.002230986,
772207011992556,3,-0.012761781,0.03196419,-0.0052853124,
772207031340701,3,-0.00665313,0.03318592,-0.007728773,
772207053801639,3,-0.0054313987,0.027688134,-0.004674447,
772207072051150,3,-0.00818029,0.028604433,-0.00620161,
772207095976930,3,6.63884E-5,0.029826164,-0.008645071,
772207113982302,3,0.0022044182,0.02249578,-0.006507043,
772207132048709,3,-0.0045151003,0.020052321,-0.009866802,
772207153655153,3,-0.0060422644,0.026771836,-0.009255936,
772207173705202,3,-0.010012887,0.022190347,-0.007423341,
772207192107302,3,-0.0054313987,0.028604433,-0.0058961776,
772207211455448,3,-5.4447725E-4,0.028909866,-0.007117908,
772207233794314,3,9.826869E-4,0.027077269,-0.007117908,
772207252165895,3,-0.005125966,0.023412079,-0.004063582,
772207271514041,3,3.7182122E-4,0.028604433,-0.004063582,
772207293974979,3,-0.007874858,0.022190347,-0.004063582,
772207312193972,3,-0.007874858,0.029215299,-0.0058961776,
772207333861451,3,-0.0017662048,0.036851116,-0.0043690144,
772207354247194,3,-0.0057368316,0.027688134,-0.006507043,
772207372283083,3,-0.007874858,0.03410222,-9.2957634E-5,
772207391631229,3,-0.011845484,0.035934817,-0.0037581492,
772207414000612,3,-0.009707455,0.03135333,-0.0043690144,
772207432341675,3,-0.003293369,0.031047896,-0.0058961776,
772207451720338,3,-0.0017662048,0.024328377,-0.007423341,
772207473967653,3,-0.001460772,0.028909866,-0.014142858,
772207492369754,3,0.0018989854,0.013638236,-0.008339639,
772207514037234,3,-0.0060422644,0.022190347,-0.0025364188,
772207534209353,3,-0.003293369,0.030131597,-0.0043690144,
772207552458863,3,-0.005125966,0.022801213,-0.008645071,
772207571807008,3,-0.0057368316,0.023106646,-0.007423341,
772207594542604,3,-0.0029879361,0.03135333,-0.008034206,
772207612517458,3,-0.0035988018,0.023106646,-0.009561369,
772207631896121,3,-0.01612154,0.020357754,-0.008950504,
772207654173952,3,-0.010012887,0.028909866,-0.0049798796,
772207672545533,3,-0.005125966,0.031047896,-0.0043690144,
772207694213014,3,-0.007263992,0.026160974,-0.007117908,
772207717925173,3,-0.009707455,0.029520731,-0.007117908,
772207732665164,3,-0.009096589,0.025244676,-0.006507043,
772207751982791,3,-0.0011553429,0.025855541,-0.005590745,
772207774504762,3,6.7725405E-4,0.022801213,-0.004674447,
772207792723755,3,-0.0026825033,0.026160974,-0.007423341,
772207812041383,3,-0.0057368316,0.028299,-0.00620161,
772207834685426,3,-0.0039042346,0.023106646,-0.0043690144,
772207852721316,3,-0.0060422644,0.021884914,-0.007728773,
772207874358279,3,-0.0060422644,0.027382702,-0.003147284,
772207894438845,3,-0.011234619,0.024328377,-0.0034527166,
772207912840943,3,-0.0136780795,0.032575056,-0.0043690144,
772207932158571,3,-0.001460772,0.03501852,-0.00620161,
772207954497439,3,-0.0054313987,0.025244676,-0.008034206,
772207972869021,3,-0.0011553429,0.024939243,-0.008645071,
772207992217166,3,6.63884E-5,0.024328377,-0.007423341,
772208014586549,3,0.002509851,0.021579482,-0.007117908,
772208032866578,3,-0.004820533,0.024939243,-0.007423341,
772208054564577,3,-0.0057368316,0.02463381,-0.010172235,
772208074919802,3,-0.004820533,0.030742463,-0.010172235,
772208092986208,3,-0.00818029,0.025244676,-0.0058961776,
772208112334352,3,-0.009707455,0.030742463,-0.0034527166,
772208134642701,3,-0.0042096674,0.03135333,-0.006507043,
772208153014284,3,-0.0039042346,0.027077269,-0.007423341,
772208172392947,3,-0.01031832,0.019441456,-0.0037581492,
772208194670779,3,-0.00665313,0.03135333,-0.0058961776,
772208213042360,3,-0.0023770705,0.029520731,-0.007423341,
772208234709839,3,-0.0011553429,0.025550108,-0.008034206,
772208254851442,3,-0.003293369,0.024328377,-0.0052853124,
772208273161989,3,-0.0054313987,0.024328377,-0.004674447,
772208292510135,3,-0.008485723,0.030742463,-0.0043690144,
772208315184695,3,-0.007263992,0.028604433,-0.00620161,
772208333220582,3,6.7725405E-4,0.025550108,-0.008034206,
772208352568727,3,-0.001460772,0.02249578,-0.007117908,
772208374846559,3,-0.00665313,0.024022944,-0.007728773,
772208393218142,3,-0.0057368316,0.02463381,-0.00620161,
772208414885622,3,-0.001460772,0.028299,-0.0052853124,
772208434905152,3,-0.0017662048,0.029215299,-0.005590745,
772208453337769,3,-0.0057368316,0.027993567,-0.010172235,
772208472685915,3,0.0015935525,0.023412079,-0.004674447,
772208495116335,3,-0.001460772,0.021579482,-0.0058961776,
772208513365848,3,-0.005125966,0.02463381,-0.008645071,
772208532744509,3,-0.009402022,0.032575056,-0.005590745,
772208555419068,3,-0.006958563,0.033491354,-0.0037581492,
772208573393922,3,-0.008791156,0.026771836,-0.0037581492,
772208595030886,3,-0.006347697,0.029215299,-0.00620161,
772208615050418,3,-0.005125966,0.029826164,-0.0058961776,
772208633513552,3,-0.007569425,0.028909866,-0.0028418512,
772208652861696,3,-0.0029879361,0.029215299,-0.006507043,
772208675200563,3,-0.007263992,0.025855541,-0.008034206,
772208693572145,3,-0.01031832,0.029215299,-0.008339639,
772208713774783,3,-0.007263992,0.030742463,-0.008339639,
772208735289675,3,-0.0011553429,0.023106646,-0.008339639,
772208753569704,3,-0.007263992,0.019746888,-0.004674447,
772208775237183,3,-0.007569425,0.020357754,-0.0034527166,
772208795592409,3,0.0012881197,0.022801213,-0.0049798796,
772208813658816,3,-0.008485723,0.021274049,-0.004063582,
772208833006961,3,-0.010012887,0.03043703,-0.007117908,
772208855345827,3,-0.009096589,0.03043703,-0.004674447,
772208873717408,3,-0.00665313,0.026160974,-0.004674447,
772208893065553,3,0.00495331,0.022801213,-0.0049798796,
772208915343386,3,0.0034261495,0.020663187,-0.0058961776,
772208933745486,3,-0.006958563,0.024939243,-0.005590745,
772208955443484,3,-0.010623753,0.027688134,-0.008339639,
772208975585084,3,-0.004820533,0.029520731,-0.008645071,
772208993865113,3,-0.0045151003,0.030742463,-0.009866802,
772209013213259,3,-0.007569425,0.025855541,-0.0049798796,
772209035857302,3,-0.010012887,0.03043703,-0.0107831,
772209053893191,3,-0.00665313,0.027993567,-0.0107831,
772209073271852,3,-0.0042096674,0.027382702,-0.0058961776,
772209095519166,3,-5.4447725E-4,0.02463381,-0.0058961776,
772209113921266,3,-0.0023770705,0.022801213,-0.00620161,
772209136595827,3,-0.004820533,0.024939243,-0.008339639,
772209155638797,3,-0.0026825033,0.030131597,-0.00620161,
772209174071413,3,-0.0042096674,0.021884914,-0.004063582,
772209193419556,3,0.0018989854,0.025855541,-0.0049798796,
772209215880494,3,-2.3904443E-4,0.027077269,-0.006507043,
772209234130007,3,-0.0054313987,0.022190347,-0.0043690144,
772209253447635,3,-0.008791156,0.026160974,-0.004063582,
772209276091677,3,-0.0045151003,0.029215299,-0.004063582,
772209294127565,3,-0.0042096674,0.024022944,-0.0058961776,
772209316832643,3,-0.006347697,0.01883059,-0.007423341,
772209335784059,3,-0.0023770705,0.026771836,-0.0058961776,
772209354216677,3,-0.0011553429,0.025550108,-0.0037581492,
772209373564822,3,-0.006347697,0.018219724,-0.004674447,
772209395903688,3,-0.006347697,0.02249578,-0.005590745,
772209414275269,3,-0.010929186,0.035629384,-0.010172235,
772209433623415,3,-0.013372647,0.02249578,-0.008645071,
772209456023318,3,-0.015205242,0.022801213,-0.0019255537,
772209474303348,3,-0.00665313,0.028299,-0.009866802,
772209496977907,3,-0.0136780795,0.023717511,-0.003147284,
772209516387085,3,-0.010929186,0.042654335,-0.0016201208,
772209534392457,3,-0.006347697,0.03318592,-0.0052853124,
772209553740603,3,-0.0039042346,0.038378276,-0.0025364188,
772209576079471,3,-0.0045151003,0.032880493,-0.0043690144,
772209594481570,3,-0.0042096674,0.033491354,-0.0049798796,
772209613799196,3,-0.010012887,0.027993567,-0.0037581492,
772209636077027,3,-0.012761781,0.03624025,-3.9839046E-4,
772209654479128,3,-0.006347697,0.035629384,-0.0049798796,
772209676116091,3,-0.009707455,0.032880493,-0.005590745,
772209696288210,3,-0.0057368316,0.032880493,-0.002230986,
772209714568238,3,-0.009707455,0.025855541,-0.011088531,
772209733916383,3,-0.00818029,0.026771836,-0.012921128,
772209756590944,3,-0.009402022,0.025855541,-0.0058961776,
772209774626833,3,-0.01398351,0.03318592,-9.2957634E-5,
772209793974979,3,-0.011234619,0.033796787,-0.0052853124,
772209816283327,3,-0.01398351,0.03165876,-0.006507043,
772209836302857,3,-0.0136780795,0.03624025,-0.006507043,
772209856261354,3,-0.006958563,0.025550108,-0.007117908,
772209876311403,3,-0.015205242,0.03624025,-0.013531993,
772209894713504,3,-0.005125966,0.019746888,-0.007117908,
772209914061648,3,-0.0023770705,0.025855541,-0.007728773,
772209936522584,3,-0.014899809,0.025855541,-0.011393964,
772209954772096,3,-0.015816107,0.016997993,-0.016280886,
772209974120241,3,-0.0054313987,0.021274049,-0.020556943,
772209996733767,3,-0.012761781,0.0020317957,-0.015059156,
772210014800173,3,-0.01398351,0.015776262,-0.0043690144,
772210037505250,3,-0.008791156,0.024939243,-0.008034206,
772210056487183,3,-0.013372647,0.034713086,-0.0049798796,
772210074919801,3,-0.004820533,0.035629384,-0.013531993,
772210094298464,3,-0.009402022,0.024328377,0.0047939643,
772210116576297,3,-0.007263992,0.035629384,0.0014342051,
772210134978395,3,-0.0039042346,0.035934817,-0.0010092556,
772210154296021,3,-0.01734327,0.03135333,-3.9839046E-4,
772210176726442,3,-0.003293369,0.04784669,-0.008339639,
772210195464235,3,-0.021313895,0.039600007,-0.0025364188,
772210217711551,3,-0.0042096674,0.037156545,-0.0019255537,
772210237029177,3,0.0022044182,0.023717511,-0.011088531,
772210255095582,3,-0.0060422644,0.013638236,-0.0049798796,
772210274443727,3,0.006175041,0.027077269,-0.008339639,
772210296782595,3,0.006175041,0.017608859,-0.008034206,
772210315154177,3,0.006175041,0.022801213,-0.011088531,
772210334502322,3,0.0015935525,0.011500206,-0.014142858,
772210356780152,3,0.0055641755,0.00508612,-0.0052853124,
772210375151734,3,-0.003293369,0.016081695,-0.0034527166,
772210396819215,3,6.63884E-5,0.026160974,-0.008645071,
772210416991335,3,-0.0023770705,0.018525157,-0.011393964,
772210435271365,3,-0.0029879361,0.017303426,-0.015975453,
772210454650026,3,-0.009096589,0.012416504,-0.012310263,
772210477355103,3,-0.001460772,0.019746888,-0.009866802,
772210495299440,3,-0.0011553429,0.018219724,-0.008645071,
772210514678103,3,-0.0045151003,0.024939243,-0.009866802,
772210536955935,3,6.7725405E-4,0.025550108,-0.0043690144,
772210555327517,3,-0.0042096674,0.022190347,-0.005590745,
772210576994996,3,-0.014288943,0.028604433,-0.003147284,
772210597014527,3,-0.009096589,0.03898914,-0.00620161,
772210615416628,3,-0.005125966,0.031047896,-0.008950504,
772210634764773,3,0.0015935525,0.026160974,-0.008950504,
772210657256228,3,0.006175041,0.03196419,-0.008950504,
772210675475221,3,0.0015935525,0.023717511,-0.00620161,
772210694853883,3,-0.007263992,0.027688134,-0.0049798796,
772210717497926,3,-0.004820533,0.03196419,-0.0028418512,
772210735503298,3,-0.001460772,0.029826164,-0.0034527166,
772210757140262,3,-0.0054313987,0.024022944,-0.007728773,
772210777190309,3,0.002509851,0.024022944,-0.0037581492,
772210795622925,3,0.002509851,0.020052321,-0.0034527166,
772210814940553,3,-0.009707455,0.017608859,-0.0034527166,
772210837279421,3,-0.008485723,0.027077269,-0.00620161,
772210855651004,3,-0.00665313,0.030131597,-0.0049798796,
772210874999148,3,-0.008485723,0.020357754,-0.0025364188,
772210897399049,3,-0.008485723,0.026771836,-0.0025364188,
772210915679078,3,-0.0060422644,0.028299,-0.006507043,
772210937377077,3,-0.0060422644,0.021884914,-0.007423341,
772210957701785,3,-0.0045151003,0.025244676,-0.009561369,
772210975798708,3,-0.0026825033,0.02249578,-0.0107831,
772210995146852,3,-0.0039042346,0.017608859,-0.009866802,
772211017485719,3,-0.004820533,0.020968616,-0.007423341,
772211035857301,3,-8.499101E-4,0.023717511,-0.007728773,
772211055174929,3,0.0043424442,0.027688134,-0.0049798796,
772211077452762,3,-0.0035988018,0.02463381,-0.009561369,
772211095854860,3,0.002509851,0.026160974,-0.007423341,
772211118559938,3,9.826869E-4,0.021579482,-0.007423341,
772211137633424,3,-0.004820533,0.022801213,-0.006507043,
772211155974489,3,-8.499101E-4,0.026771836,-0.005590745,
772211175322635,3,-0.0026825033,0.026466407,-0.009866802,
772211197966677,3,-0.003293369,0.019441456,-0.008950504,
772211216002565,3,0.0028152838,0.027993567,-0.008034206,
772211235350709,3,-0.007569425,0.026466407,-0.008034206,
772211257964235,3,-0.006347697,0.027077269,-0.008034206,
772211276030642,3,-0.0060422644,0.030131597,-0.0052853124,
772211298705202,3,0.0031207167,0.026771836,-0.0052853124,
772211317717652,3,6.63884E-5,0.023717511,-0.008645071,
772211336119752,3,-0.0017662048,0.021274049,-0.008950504,
772211355467897,3,9.826869E-4,0.023106646,-0.0049798796,
772211377928835,3,-5.4447725E-4,0.023412079,-0.00620161,
772211396178348,3,-0.0057368316,0.028299,-0.0052853124,
772211415557009,3,9.826869E-4,0.028909866,-0.007117908,
772211438201050,3,-0.0029879361,0.024022944,-0.009255936,
772211456236940,3,-0.0054313987,0.026160974,-0.007728773,
772211478911502,3,-0.0054313987,0.027688134,-0.0052853124,
772211497832400,3,-0.006347697,0.023106646,-0.007423341,
772211516295535,3,-0.00818029,0.024022944,-0.0034527166,
772211535643678,3,-0.0060422644,0.02249578,-0.005590745,
772211557982545,3,-0.0035988018,0.023106646,-0.008339639,
772211576354128,3,-0.0042096674,0.023412079,-0.008339639,
772211595702273,3,-0.005125966,0.021274049,-0.0058961776,
772211618102175,3,-0.009402022,0.029520731,-3.9839046E-4,
772211636351686,3,-2.3904443E-4,0.024022944,-0.004063582,
772211659056764,3,-0.0045151003,0.020357754,-0.004674447,
772211678435427,3,-0.0042096674,0.022190347,-0.003147284,
772211696471316,3,-0.001460772,0.02463381,-0.007423341,
772211715819461,3,-0.0023770705,0.020357754,-0.010172235,
772211738127809,3,-0.0039042346,0.022801213,-0.007728773,
772211756468873,3,-0.0026825033,0.023412079,-0.005590745,
772211775817018,3,-8.499101E-4,0.02249578,-0.005590745,
772211798125368,3,-0.0060422644,0.020052321,-0.008339639,
772211816527469,3,-0.010623753,0.028909866,-0.006507043,
772211839202029,3,-0.003293369,0.03043703,-0.0058961776,
772211858306032,3,-0.010012887,0.027688134,-0.0034527166,
772211876586061,3,-0.009402022,0.029215299,-0.007728773,
772211895964724,3,-0.009096589,0.029826164,-0.007728773,
772211918639286,3,-0.00818029,0.023412079,-0.00620161,
772211936675173,3,-0.0039042346,0.03135333,-0.0037581492,
772211956053834,3,0.0012881197,0.03196419,-0.009255936,
772211978392702,3,-0.004820533,0.020663187,-0.007117908,
772211996733766,3,-8.499101E-4,0.024022944,-0.007117908,
772212019377811,3,-0.008791156,0.019441456,-0.006507043,
772212038420779,3,-0.006958563,0.026466407,-0.00620161,
772212056792360,3,-0.0057368316,0.023106646,-0.003147284,
772212076171021,3,-0.0039042346,0.024939243,-0.007728773,
772212098601443,3,-0.006958563,0.025550108,-0.007117908,
772212116881472,3,-0.00818029,0.026771836,-0.003147284,
772212136229617,3,-0.0020716377,0.028299,-0.008034206,
772212158812625,3,-0.0026825033,0.025855541,-0.0052853124,
772212176879030,3,-0.007874858,0.024022944,-0.003147284,
772212199614626,3,-0.006958563,0.028604433,-0.00620161,
772212218566043,3,-0.007874858,0.027688134,-0.009255936,
772212236968142,3,-0.00818029,0.027688134,-0.0043690144,
772212256346804,3,-0.0026825033,0.027077269,-0.004674447,
772212278685670,3,-0.007874858,0.023412079,-0.004674447,
772212297026734,3,-0.0060422644,0.029826164,-0.0043690144,
772212316405397,3,-0.005125966,0.025550108,-0.0043690144,
772212338805301,3,-0.0042096674,0.025244676,-0.010172235,
772212357024295,3,-0.004820533,0.024328377,-0.010172235,
772212379698854,3,-0.013067214,0.027688134,-0.0010092556,
772212399077516,3,-0.0045151003,0.034713086,-0.006507043,
772212417113405,3,-0.00818029,0.025244676,-0.0037581492,
772212436492068,3,9.826869E-4,0.03043703,-0.008645071,
772212458800419,3,-0.0060422644,0.022801213,-0.006507043,
772212477202517,3,-0.0042096674,0.024939243,-0.004674447,
772212501555543,3,-2.3904443E-4,0.025244676,-0.009255936,
772212518859011,3,-0.0020716377,0.019441456,-0.008950504,
772212537261110,3,-0.006347697,0.02463381,-0.007728773,
772212559874637,3,-0.007263992,0.024939243,-0.0052853124,
772212579009158,3,-0.00665313,0.026466407,-0.002230986,
772212597319703,3,-0.0029879361,0.026160974,-3.9839046E-4,
772212616667848,3,-8.499101E-4,0.031047896,-0.0043690144,
772212639342410,3,-0.013372647,0.027077269,-0.0037581492,
772212657378298,3,-0.008485723,0.03501852,-0.004063582,
772212676726444,3,-0.0023770705,0.029520731,-0.0043690144,
772212699004274,3,-0.009096589,0.021884914,-0.0019255537,
772212717406373,3,-0.001460772,0.028604433,-0.005590745,
772212740080935,3,-2.3904443E-4,0.027382702,-0.007117908,
772212759093387,3,-0.0023770705,0.027382702,-0.008950504,
772212777495486,3,-0.001460772,0.02463381,-0.006507043,
772212797026736,3,-0.0020716377,0.020663187,-0.0052853124,
772212819304567,3,-0.008485723,0.023412079,0.0020450708,
772212837584596,3,-0.004820533,0.027993567,-0.00620161,
772212856871706,3,-0.011540052,0.03196419,-7.038228E-4,
772212879393680,3,-0.004820533,0.031047896,-0.007728773,
772212897551638,3,-0.00818029,0.025244676,-0.007423341,
772212920226197,3,-0.006347697,0.034407653,-0.005590745,
772212939208132,3,-5.4447725E-4,0.025550108,-0.007423341,
772212957640749,3,-0.0011553429,0.025244676,-0.006507043,
772212976988894,3,-0.0020716377,0.023412079,-0.004063582,
772212999297244,3,9.826869E-4,0.03501852,-0.005590745,
772213017699343,3,-0.0011553429,0.024939243,-0.002230986,
772213037047486,3,-0.0017662048,0.027688134,-0.0052853124,
772213059447390,3,-0.0029879361,0.027077269,-0.0052853124,
772213077696902,3,-0.007569425,0.027077269,-0.0058961776,
772213100371464,3,-0.006958563,0.029520731,-0.0034527166,
772213119719607,3,-0.0029879361,0.03165876,-0.004063582,
772213137786012,3,-0.0035988018,0.03135333,-0.004063582,
772213157164674,3,-2.3904443E-4,0.024328377,-0.007728773,
772213179473025,3,-2.3904443E-4,0.018525157,-0.007728773,
772213197875125,3,-0.00665313,0.023412079,-0.00620161,
772213217223269,3,-0.0054313987,0.021884914,-0.00620161,
772213239501101,3,-0.007874858,0.024328377,-0.008339639,
772213257872683,3,-0.001460772,0.021884914,-0.0043690144,
772213280547245,3,-0.004820533,0.019746888,-0.001314688,
772213299712283,3,-0.009402022,0.029215299,-0.008645071,
772213317961793,3,-0.0057368316,0.026771836,-0.008645071,
772213337309938,3,0.0015935525,0.026771836,-0.004063582,
772213360045536,3,-0.0039042346,0.025550108,-0.006507043,
772213378050906,3,-0.0054313987,0.024328377,-0.004063582,
772213397368531,3,-0.0057368316,0.028299,-0.008950504,
772213419646365,3,-0.001460772,0.028909866,-0.010172235,
772213438048465,3,-0.007569425,0.025855541,-0.007423341,
772213460753542,3,-0.0017662048,0.026771836,-0.0043690144,
772213479765993,3,-0.0035988018,0.029520731,-0.004063582,
772213498137575,3,-0.007263992,0.031047896,-0.0037581492,
772213517516238,3,-0.004820533,0.035934817,-0.00620161,
772213539946658,3,-0.00665313,0.025855541,-0.004674447,
772213558196168,3,-0.009096589,0.033491354,-0.0028418512,
772213577544313,3,-0.0026825033,0.029215299,-0.006507043,
772213600218876,3,-0.0057368316,0.026466407,-0.0058961776,
772213618346316,3,-0.010012887,0.029215299,-0.00620161,
772213640929323,3,-0.009402022,0.027077269,-0.002230986,
772213659941775,3,0.004037015,0.032880493,-0.003147284,
772213678343876,3,-0.0060422644,0.025550108,-0.0058961776,
772213697692019,3,-0.00818029,0.026466407,-0.004674447,
772213720000368,3,-0.003293369,0.027382702,-0.004674447,
772213738402469,3,-0.0136780795,0.025855541,-0.0016201208,
772213757720095,3,-8.499101E-4,0.03410222,-0.00620161,
772213780119997,3,-0.003293369,0.023106646,-0.0049798796,
772213798400027,3,-0.006347697,0.023717511,-0.009866802,
772213820067508,3,6.63884E-5,0.02249578,-0.0037581492,
772213840422733,3,-0.008791156,0.022801213,-0.0010092556,
772213858489138,3,0.0018989854,0.03165876,-0.0028418512,
772213877837281,3,-0.0017662048,0.02463381,-0.0058961776,
772213900176150,3,-0.009402022,0.018525157,-0.0025364188,
772213918547733,3,-0.007569425,0.031047896,-0.007117908,
772213937895876,3,-0.01031832,0.022801213,-0.0052853124,
772213960204226,3,-0.00665313,0.026466407,-0.0034527166,
772213978575809,3,6.7725405E-4,0.025855541,-0.008034206,
772214000243290,3,-0.011540052,0.021274049,-9.2957634E-5,
772214020384890,3,-0.010012887,0.030742463,8.233404E-4,
772214038664919,3,0.004037015,0.032575056,-0.008645071,
772214058043581,3,-0.0029879361,0.023717511,-0.0049798796,
772214080687626,3,-0.0011553429,0.028604433,-0.0010092556,
772214098723513,3,-0.0035988018,0.024022944,-0.0028418512,
772214118071656,3,-0.0029879361,0.023412079,-0.00620161,
772214140380008,3,3.7182122E-4,0.02463381,-0.0049798796,
772214158751591,3,-0.0026825033,0.028299,-0.008339639,
772214180419070,3,-2.3904443E-4,0.022801213,-0.008645071,
772214200408083,3,-0.0017662048,0.021274049,-0.008645071,
772214218840701,3,-0.006347697,0.023717511,-0.007423341,
772214238188845,3,-0.008791156,0.026466407,-0.006507043,
772214260649783,3,-0.0026825033,0.029826164,-0.009866802,
772214278899294,3,-0.0039042346,0.025550108,-0.0049798796,
772214298308475,3,-0.0023770705,0.03043703,-0.004063582,
772214320922001,3,6.7725405E-4,0.026160974,-0.005590745,
772214338927371,3,-0.00818029,0.024022944,-0.003147284,
772214360594851,3,-0.011540052,0.029215299,-7.038228E-4,
772214380614383,3,-0.0020716377,0.030742463,-0.0058961776,
772214399047001,3,-8.499101E-4,0.023412079,-0.007117908,
772214418395144,3,-0.009402022,0.026466407,-0.008339639,
772214440734011,3,-0.0020716377,0.030742463,-0.0037581492,
772214459105594,3,-8.499101E-4,0.030131597,-0.002230986,
772214478453739,3,-0.0020716377,0.024939243,-0.007728773,
772214500853640,3,-0.004820533,0.025244676,-0.008034206,
772214519103152,3,-5.4447725E-4,0.026466407,-0.006507043,
772214540770633,3,-0.0029879361,0.023412079,-3.9839046E-4,
772214561125858,3,9.826869E-4,0.029215299,-0.005590745,
772214579192263,3,-0.0039042346,0.021884914,-0.007728773,
772214598540407,3,-0.0060422644,0.020052321,-0.0052853124,
772214620879275,3,3.7182122E-4,0.023717511,-0.0043690144,
772214639250858,3,-5.4447725E-4,0.022190347,-0.0049798796,
772214658599001,3,-0.014288943,0.023106646,-0.001314688,
772214680876833,3,-0.003293369,0.03532395,-0.004674447,
772214699248416,3,-0.0060422644,0.029215299,-0.008645071,
772214720915897,3,-0.012150915,0.016997993,-0.009255936,
772214741088015,3,-0.0029879361,0.016387127,-0.009255936,
772214759368044,3,-0.0035988018,0.025550108,-0.009561369,
772214778716189,3,-5.4447725E-4,0.021274049,-0.0043690144,
772214801360233,3,-0.006958563,0.01669256,-0.004063582,
772214819426638,3,-0.0020716377,0.02463381,-0.007423341,
772214838774782,3,-0.005125966,0.020052321,-0.011088531,
772214861052615,3,-0.003293369,0.025244676,-0.008339639,
772214879454716,3,-0.006958563,0.015470829,-0.0058961776,
772214901122195,3,-0.007874858,0.025855541,-0.0043690144,
772214921141726,3,-0.004820533,0.025855541,-0.0019255537,
772214939635379,3,-0.0020716377,0.019746888,-0.005590745,
772214958983524,3,0.002509851,0.020663187,-0.007117908,
772214981413943,3,-0.008791156,0.027993567,-0.0016201208,
772214999632937,3,-0.0057368316,0.032575056,-0.0049798796,
772215018981082,3,0.006785907,0.029215299,-0.006507043,
772215041594608,3,0.0043424442,0.025550108,-0.008034206,
772215059661013,3,3.7182122E-4,0.028299,-0.00620161,
772215081297976,3,-0.006347697,0.02249578,-0.0049798796,
772215101317508,3,-0.01031832,0.024328377,-0.003147284,
772215119719608,3,-0.00665313,0.032575056,-0.004063582,
772215139098269,3,-0.0029879361,0.035629384,-0.002230986,
772215161376101,3,-0.0045151003,0.028299,-0.0043690144,
772215179778201,3,-0.014899809,0.023412079,-7.038228E-4,
772215199095829,3,-0.004820533,0.038378276,-0.0049798796,
772215221526247,3,-0.006958563,0.023106646,-0.008950504,
772215239775759,3,-0.003293369,0.026160974,-0.00620161,
772215261443240,3,-0.004820533,0.02463381,-0.009866802,
772215281859501,3,0.0028152838,0.020663187,-0.004063582,
772215299864871,3,-8.499101E-4,0.020052321,-0.005590745,
772215319243532,3,-0.0017662048,0.026160974,-0.00620161,
772215341551883,3,-0.006958563,0.027382702,-0.00620161,
772215359923466,3,-0.0057368316,0.03196419,-0.003147284,
772215379271609,3,-0.0054313987,0.026466407,-0.003147284,
772215401549440,3,-0.0026825033,0.029520731,-0.003147284,
772215419951541,3,-0.0017662048,0.027688134,-0.003147284,
772215441588504,3,3.7182122E-4,0.023412079,-0.005590745,
772215461730105,3,-0.0054313987,0.02463381,-0.0034527166,
772215480040652,3,-0.012761781,0.03135333,-0.003147284,
772215499388797,3,-0.012150915,0.03776741,-0.00620161,
772215522063358,3,-0.003293369,0.027993567,-0.008950504,
772215543364626,3,-0.0054313987,0.023106646,-0.0107831,
772215559477907,3,-0.006958563,0.026466407,-0.007117908,
772215581786258,3,-0.009096589,0.029215299,-0.007728773,
772215600188358,3,-0.0029879361,0.029215299,-0.004674447,
772215621825320,3,-0.0017662048,0.021884914,-0.010172235,
772215641753298,3,-0.0029879361,0.019746888,-0.0049798796,
772215660246951,3,-0.007263992,0.026160974,-0.009561369,
772215679595096,3,-0.011540052,0.024328377,-0.007423341,
772215701994997,3,-0.0057368316,0.027993567,-0.007423341,
772215720305544,3,-0.004820533,0.026771836,-0.007117908,
772215739653689,3,-2.3904443E-4,0.021579482,-0.0019255537,
772215762297733,3,-0.0054313987,0.022190347,-0.008950504,
772215780333621,3,-0.0042096674,0.024939243,-0.0058961776,
772215802062136,3,9.826869E-4,0.024939243,-0.006507043,
772215822020633,3,-0.0060422644,0.023106646,-0.009561369,
772215840422733,3,-0.009096589,0.026466407,-0.010477667,
772215859770876,3,-0.012150915,0.026160974,-0.009561369,
772215882079226,3,-0.0020716377,0.026771836,-0.00620161,
772215900481326,3,-0.009402022,0.025855541,-0.0019255537,
772215919829471,3,-0.007874858,0.03196419,-0.008034206,
772215942290408,3,-0.006958563,0.03043703,-0.004063582,
772215960509402,3,-0.008791156,0.025855541,-0.004063582,
772215982176883,3,-0.003293369,0.028299,-0.006507043,
772216002501590,3,-0.0042096674,0.024328377,-0.006507043,
772216020629031,3,-0.001460772,0.023106646,-0.0049798796,
772216039946657,3,0.0043424442,0.020663187,-0.0037581492,
772216062285525,3,-0.0020716377,0.027993567,-0.008950504,
772216080657108,3,-0.0017662048,0.025550108,-0.008034206,
772216100005251,3,-0.001460772,0.027382702,-0.008645071,
772216122283083,3,-0.006347697,0.023717511,-0.005590745,
772216140685184,3,-0.010623753,0.026160974,-0.0049798796,
772216162322147,3,-0.00818029,0.027077269,-0.0049798796,
772216182494265,3,-0.0057368316,0.029826164,-0.006507043,
772216200774294,3,-0.0029879361,0.029520731,-0.005590745,
772216220152957,3,0.0028152838,0.025244676,-0.007728773,
772216242827518,3,0.0055641755,0.018219724,-0.007728773,
772216260832888,3,-0.0045151003,0.019441456,-0.005590745,
772216280181032,3,-0.0026825033,0.025550108,-0.007117908,
772216302489383,3,-0.001460772,0.019136023,-0.007117908,
772216320860966,3,6.7725405E-4,0.02463381,-0.007423341,
772216342497927,3,0.0015935525,0.021579482,-0.010172235,
772216362517458,3,0.0015935525,0.020968616,-0.007117908,
772216380950076,3,-0.003293369,0.024022944,-0.004674447,
772216400298220,3,-0.007874858,0.022801213,-0.004674447,
772216422820192,3,-0.013067214,0.02249578,-0.0010092556,
772216441008669,3,-0.0029879361,0.036851116,-0.009866802,
772216460356814,3,6.63884E-5,0.025244676,-0.0049798796,
772216483000857,3,-0.0023770705,0.020968616,-0.0025364188,
772216501036745,3,-8.499101E-4,0.02463381,-0.007117908,
772216523680788,3,3.7182122E-4,0.027382702,-0.006507043,
772216542693240,3,-0.0035988018,0.024328377,-0.008950504,
772216561125857,3,0.0028152838,0.02463381,-0.005590745,
772216580474000,3,-0.0023770705,0.024022944,-0.006507043,
772216602782351,3,0.0031207167,0.027382702,-0.008339639,
772216621184451,3,0.0012881197,0.025244676,-0.007728773,
772216640502078,3,-0.0039042346,0.024328377,-0.007423341,
772216662932496,3,3.7182122E-4,0.023412079,-0.002230986,
772216681182009,3,-0.0029879361,0.021274049,-0.003147284,
772216703887088,3,-0.0039042346,0.028604433,-0.0058961776,
772216723204714,3,-0.009707455,0.024939243,-0.007117908,
772216741301637,3,-0.0054313987,0.026160974,-0.00620161,
772216760649782,3,0.0015935525,0.029826164,-0.006507043,
772216782988650,3,-0.0042096674,0.023412079,-0.007423341,
772216801360232,3,-0.005125966,0.025855541,-0.007117908,
772216820708375,3,-0.0023770705,0.028909866,-0.004674447,
772216842986208,3,-0.001460772,0.020357754,-0.005590745,
772216861357791,3,-0.0020716377,0.020357754,-0.005590745,
772216883025271,3,-5.4447725E-4,0.027688134,-0.005590745,
772216903166871,3,-5.4447725E-4,0.021579482,-0.004063582,
772216921446902,3,6.7725405E-4,0.029215299,-0.004063582,
772216940825564,3,0.0012881197,0.030742463,-0.008950504,
772216963469607,3,-0.0029879361,0.027993567,-0.007117908,
772216981505495,3,0.00495331,0.029826164,-0.0052853124,
772217000884157,3,0.004037015,0.025855541,-0.00620161,
772217023131472,3,-0.0035988018,0.024328377,-0.004674447,
772217041533572,3,-0.009707455,0.025550108,0.0041830987,
772217064208131,3,-0.0054313987,0.035629384,-0.004674447,
772217083220583,3,-0.011845484,0.025855541,-0.00620161,
772217101653201,3,-0.013067214,0.029215299,-0.006507043,
772217121001345,3,-0.015205242,0.03196419,-7.038228E-4,
772217143462282,3,-0.0060422644,0.03165876,-7.038228E-4,
772217161711794,3,-5.4447725E-4,0.026466407,-0.009561369,
772217181029422,3,-0.0035988018,0.025550108,-0.005590745,
772217203703982,3,-0.0060422644,0.025855541,-0.0049798796,
772217221709352,3,-0.008485723,0.026160974,-0.0049798796,
772217243346315,3,-0.00818029,0.024328377,-0.007423341,
772217263396365,3,-0.0042096674,0.028299,-0.007423341,
772217281798465,3,-0.0017662048,0.020663187,-0.007423341,
772217301177125,3,-0.008485723,0.021884914,-0.008339639,
772217323424440,3,-0.007263992,0.02463381,-0.005590745,
772217341887576,3,0.004647877,0.022801213,-0.005590745,
772217361235720,3,-0.007569425,0.021274049,-0.0043690144,
772217383635621,3,-0.00665313,0.029215299,-0.0058961776,
772217401946169,3,-0.0029879361,0.027993567,-0.007423341,
772217424590213,3,0.0031207167,0.024022944,-0.008339639,
772217443968875,3,-0.001460772,0.022801213,-0.012310263,
772217462035280,3,-0.0039042346,0.016081695,-0.012310263,
772217481383425,3,-0.0023770705,0.024328377,-0.008339639,
772217503722293,3,6.7725405E-4,0.024022944,-0.0043690144,
772217522093875,3,-0.0039042346,0.026771836,-0.0043690144,
772217541442018,3,-0.007569425,0.028909866,-0.006507043,
772217563719851,3,-0.004820533,0.024939243,-0.006507043,
772217582121951,3,-0.005125966,0.030742463,-0.008950504,
772217604796511,3,-0.008485723,0.021884914,-0.00620161,
772217623931032,3,-0.007569425,0.021579482,-0.0043690144,
772217642150025,3,-0.0045151003,0.028909866,-0.0043690144,
772217661528687,3,-0.003293369,0.027077269,-0.007117908,
772217684203249,3,-2.3904443E-4,0.024939243,-0.0052853124,
772217702208621,3,-0.0042096674,0.020968616,-0.0049798796,
772217721556766,3,0.0058696084,0.025244676,-0.007423341,
772217743834596,3,-0.001460772,0.02249578,-0.011088531,
772217762206177,3,-0.0054313987,0.025855541,-0.0049798796,
772217784880739,3,-0.0042096674,0.028909866,-0.005590745,
772217803923708,3,-0.00665313,0.025244676,-0.008950504,
772217822325809,3,-0.004820533,0.024939243,-0.0037581492,
772217841673953,3,-0.004820533,0.028604433,-0.0025364188,
772217864134889,3,-0.0045151003,0.029826164,-0.009866802,
772217882384400,3,-0.0039042346,0.026466407,-0.007728773,
772217901732545,3,-0.0057368316,0.024939243,-0.006507043,
772217924346071,3,-8.499101E-4,0.030131597,-0.0049798796,
772217942412478,3,-0.0026825033,0.023106646,-0.007423341,
772217965087039,3,-0.007874858,0.020663187,-0.0058961776,
772217984068971,3,-0.001460772,0.02249578,-0.008645071,
772218002532105,3,-8.499101E-4,0.020052321,-0.009561369,
772218021910768,3,-0.0026825033,0.020663187,-0.00620161,
772218044219118,3,-0.0023770705,0.03196419,-0.0043690144,
772218062621219,3,-0.009096589,0.026160974,-0.008645071,
772218081969363,3,0.0018989854,0.024939243,-0.0058961776,
772218104369264,3,-0.01398351,0.024328377,-0.005590745,
772218122618775,3,-0.008791156,0.031047896,-0.007728773,
772218145293336,3,-0.009402022,0.025550108,-0.0049798796,
772218164702516,3,-0.0060422644,0.027993567,-0.0034527166,
772218182707888,3,-0.007874858,0.027688134,-0.0028418512,
772218202086551,3,0.0018989854,0.028909866,-0.00620161,
772218224394899,3,6.63884E-5,0.020052321,-0.00620161,
772218242796998,3,-0.008791156,0.019441456,-0.005590745,
772218262145143,3,-0.0060422644,0.029520731,-0.0052853124,
772218284392458,3,-0.010929186,0.027077269,-0.007423341,
772218302886111,3,-0.005125966,0.027993567,-0.002230986,
772218325469119,3,-0.0035988018,0.02249578,-0.008034206,
772218344603639,3,-0.012761781,0.025244676,-0.010172235,
772218362944703,3,-0.0039042346,0.025855541,-0.0058961776,
772218382231813,3,-0.0057368316,0.024939243,-0.003147284,
772218404906375,3,-0.007263992,0.027993567,-0.0043690144,
772218422942263,3,-8.499101E-4,0.027382702,-0.002230986,
772218442290406,3,6.7725405E-4,0.027993567,-0.008950504,
772218464507203,3,-0.0035988018,0.025550108,-0.007117908,
772218482970339,3,6.7725405E-4,0.026160974,-0.0037581492,
772218505705935,3,-0.0042096674,0.023106646,-0.0058961776,
772218524626834,3,-0.00818029,0.02463381,-0.0034527166,
772218543059450,3,-0.007569425,0.032575056,-0.009255936,
772218562407593,3,-0.0026825033,0.027077269,-0.0043690144,
772218584868532,3,0.0018989854,0.03043703,-0.008950504,
772218603087527,3,-8.499101E-4,0.020968616,-0.007117908,
772218622466189,3,-0.0045151003,0.018525157,-0.007117908,
772218645049197,3,-5.4447725E-4,0.020968616,-0.006507043,
772218663085084,3,-0.006347697,0.025244676,-0.0058961776,
772218685759645,3,-0.005125966,0.023717511,-0.008645071,
772218704772097,3,-0.0017662048,0.017914291,-0.00620161,
772218723174197,3,-0.008791156,0.022190347,-0.0058961776,
772218742552859,3,-0.012456348,0.028909866,-0.006507043,
772218764800172,3,-0.007569425,0.027077269,-0.00620161,
772218783263307,3,-0.0045151003,0.028909866,-0.0052853124,
772218802611452,3,-0.0023770705,0.025550108,-0.006507043,
772218824980837,3,-0.0011553429,0.027993567,-0.008339639,
772218843260867,3,-0.0057368316,0.024022944,-0.004674447,
772218865935426,3,0.0034261495,0.028299,-0.006507043,
772218885283570,3,-2.3904443E-4,0.020663187,-0.004674447,
772218903349977,3,6.7725405E-4,0.020968616,-0.008339639,
772218922759157,3,-0.008485723,0.025855541,-0.010477667,
772218945036990,3,-0.008791156,0.030131597,-7.038228E-4,
772218963408572,3,6.63884E-5,0.028909866,-0.005590745,
772218982787233,3,-0.007874858,0.024939243,-0.007423341,
772219005065065,3,-0.0026825033,0.03196419,-0.0058961776,
772219023467165,3,0.00495331,0.024328377,-0.0058961776,
772219046141726,3,0.0018989854,0.022801213,-0.009561369,
772219065245730,3,-0.003293369,0.022190347,-0.011699397,
772219083525758,3,-0.001460772,0.023717511,-0.00620161,
772219102873902,3,-0.0057368316,0.023106646,-0.006507043,
772219125578981,3,-0.0020716377,0.028299,-0.007117908,
772219143614871,3,-0.00818029,0.026466407,-0.0049798796,
772219162963016,3,0.0037315823,0.029215299,-0.0049798796,
772219185210329,3,6.7725405E-4,0.028909866,-0.007728773,
772219203642945,3,6.63884E-5,0.020357754,-0.008034206,
772219226317506,3,3.7182122E-4,0.024939243,-0.005590745,
772219245268923,3,-0.0039042346,0.027688134,-0.006507043,
772219263701541,3,-0.0029879361,0.025550108,-0.0010092556,
772219283080203,3,-0.0045151003,0.024939243,-0.0037581492,
772219305480104,3,-0.0045151003,0.020968616,-0.0037581492,
772219323760133,3,-0.0060422644,0.029215299,-0.003147284,
772219343108278,3,-0.0026825033,0.027688134,-0.003147284,
772219365721804,3,-0.00818029,0.023717511,-0.0052853124,
772219383757693,3,-2.3904443E-4,0.030131597,-0.003147284,
772219406462770,3,-0.0039042346,0.025550108,-7.038228E-4,
772219425475221,3,-0.0011553429,0.026466407,-0.003147284,
772219443877321,3,-0.0026825033,0.023106646,-0.0034527166,
772219463225466,3,-0.006347697,0.024328377,-7.038228E-4,
772219485564334,3,0.0022044182,0.033491354,-0.0037581492,
772219503935915,3,-0.007263992,0.023412079,-0.0043690144,
772219523284058,3,-0.006958563,0.023412079,-0.0049798796,
772219545683961,3,-0.003293369,0.028299,-0.007728773,
772219563963991,3,6.7725405E-4,0.028604433,-0.0058961776,
772219586638553,3,-0.0020716377,0.02249578,-0.007728773,
772219605956179,3,-0.009096589,0.024328377,-0.0019255537,
772219624053102,3,-0.00665313,0.03043703,-0.004674447,
772219643401246,3,-0.0020716377,0.028604433,-0.0019255537,
772219665709597,3,-0.0045151003,0.02463381,-0.0049798796,
772219684111697,3,-0.006347697,0.020663187,-0.007423341,
772219703459841,3,-0.003293369,0.026160974,-0.008645071,
772219725676637,3,-0.001460772,0.024022944,-0.0052853124,
772219744139771,3,-0.0023770705,0.025244676,-0.0025364188,
772219766844850,3,-0.0039042346,0.027382702,-0.0043690144,
772219785948855,3,-0.007569425,0.028909866,-0.0052853124,
772219804198367,3,-0.001460772,0.036851116,-0.008645071,
772219823577028,3,-0.001460772,0.022190347,-0.007423341,
772219846251587,3,-0.0026825033,0.021884914,-0.0052853124,
772219864287477,3,-0.0042096674,0.022801213,-0.0016201208,
772219883635622,3,-0.004820533,0.03135333,-0.003147284,
772219905882937,3,-0.0057368316,0.026771836,-0.0049798796,
772219924285037,3,0.0022044182,0.027993567,-0.008034206,
772219947051149,3,-0.0060422644,0.027688134,-0.008034206,
772219966033082,3,6.63884E-5,0.02463381,-0.0058961776,
772219984435183,3,-0.005125966,0.024939243,-0.010477667,
772220003783328,3,-0.0023770705,0.027382702,-0.007423341,
772220026274783,3,0.0028152838,0.021579482,-0.00620161,
772220044524293,3,0.0055641755,0.023412079,-0.0052853124,
772220063872437,3,-0.001460772,0.027382702,-0.0052853124,
772220086516481,3,-0.0060422644,0.03501852,-0.0049798796,
772220104460818,3,0.0012881197,0.027993567,-0.0049798796,
772220127165896,3,-0.006347697,0.022801213,-0.007117908,
772220146147829,3,-0.008791156,0.027382702,-0.004063582,
772220164549927,3,-0.007569425,0.025855541,-0.012310263,
772220183898073,3,-0.006347697,0.021579482,-0.005590745,
772220206175905,3,-0.006347697,0.025550108,-0.004063582,
772220224608523,3,-0.007874858,0.025244676,-0.0043690144,
772220243956668,3,-0.0060422644,0.029520731,-0.004674447,
772220266387086,3,-0.0029879361,0.024939243,-0.006507043,
772220284636598,3,-0.0029879361,0.026771836,-0.004674447,
772220307311159,3,-0.005125966,0.026466407,-0.00620161,
772220326689822,3,-0.00665313,0.022190347,-0.00620161,
772220344756228,3,-0.0017662048,0.027382702,-0.0052853124,
772220364104371,3,-0.006347697,0.026466407,-0.0037581492,
772220386412721,3,-0.0060422644,0.026466407,-0.0019255537,
772220404814821,3,-0.008485723,0.030742463,-0.007728773,
772220424162966,3,-0.00818029,0.024939243,-0.006507043,
772220446440799,3,-0.0054313987,0.03196419,-0.005590745,
772220464812380,3,-0.0060422644,0.029215299,-0.008645071,
772220487486939,3,-0.009402022,0.02249578,-0.007423341,
772220506621461,3,-0.0020716377,0.03165876,-0.00620161,
772220524932009,3,-0.005125966,0.034407653,-0.008950504,
772220544310672,3,-0.012150915,0.028299,-0.008339639,
772220566924197,3,-0.0054313987,0.023717511,-0.0049798796,
772220584960084,3,-0.0023770705,0.029520731,-3.9839046E-4,
772220604338746,3,-0.0011553429,0.027993567,-0.003147284,
772220626586061,3,-0.0026825033,0.025550108,-0.0049798796,
772220644988162,3,-0.0017662048,0.027382702,-0.010172235,
772220667662722,3,-0.0054313987,0.023106646,-0.01200483,
772220686675172,3,-0.0020716377,0.024939243,-0.0034527166,
772220705077271,3,-0.006347697,0.027077269,-0.0058961776,
772220724455934,3,-0.010929186,0.018219724,-0.0019255537,
772220746886355,3,-0.007263992,0.028299,-0.0052853124,
772220765135867,3,-0.009096589,0.027077269,-0.0052853124,
772220784484011,3,-0.015205242,0.030131597,-0.0028418512,
772220807128052,3,-0.007569425,0.032269627,-0.007728773,
772220825163942,3,-0.0060422644,0.025244676,-0.009561369,
772220847838503,3,-0.007263992,0.020357754,-0.001314688,
772220866850955,3,0.0034261495,0.029215299,-0.005590745,
772220885253054,3,0.0043424442,0.022801213,-0.0058961776,
772220904631715,3,-0.0020716377,0.021579482,-0.0028418512,
772220926970582,3,-0.004820533,0.028604433,-0.0049798796,
772220945311647,3,-0.0039042346,0.023106646,-0.0025364188,
772220964659793,3,-0.0035988018,0.026771836,-0.0034527166,
772220987059695,3,-2.3904443E-4,0.021274049,-0.0043690144,
772221005339723,3,-0.006958563,0.024328377,-0.004674447,
772221028014283,3,-0.0023770705,0.029215299,-0.004674447,
772221047392946,3,9.826869E-4,0.028299,-0.004674447,
772221065398318,3,-0.0023770705,0.025244676,-0.0058961776,
772221084776981,3,-0.0060422644,0.02463381,-0.008339639,
772221107085329,3,-0.011234619,0.027382702,2.1247473E-4,
772221125487427,3,-0.00818029,0.03410222,-0.0037581492,
772221144835573,3,-0.004820533,0.027993567,-0.007728773,
772221167113405,3,-0.010929186,0.025550108,-0.006507043,
772221185484988,3,-0.009707455,0.025550108,-0.008645071,
772221208159548,3,-0.009096589,0.024328377,-0.01200483,
772221227324586,3,6.63884E-5,0.02249578,-0.0043690144,
772221245604615,3,-0.006958563,0.024328377,-0.008034206,
772221264952761,3,-0.006958563,0.024022944,-0.00620161,
772221287657839,3,0.0018989854,0.025855541,-0.008034206,
772221305632693,3,-8.499101E-4,0.023717511,-0.008034206,
772221324980836,3,-0.003293369,0.023412079,-0.002230986,
772221347258668,3,0.0043424442,0.028604433,-0.007423341,
772221365630251,3,-0.0057368316,0.021274049,-0.0049798796,
772221387328249,3,-0.003293369,0.028604433,-0.005590745,
772221407347781,3,6.7725405E-4,0.023717511,-0.008339639,
772221425749880,3,-0.0023770705,0.01883059,-0.00620161,
772221445098023,3,0.0043424442,0.029215299,-0.007728773,
772221467558961,3,-0.0039042346,0.02463381,-0.008645071,
772221485777956,3,-0.0035988018,0.023106646,-0.007117908,
772221505156619,3,9.826869E-4,0.027077269,-0.0049798796,
772221527770144,3,6.63884E-5,0.02249578,-0.0052853124,
772221545806032,3,-0.0060422644,0.027077269,-0.0019255537,
772221568480593,3,-0.005125966,0.025855541,-0.008339639,
772221587493044,3,-0.0039042346,0.02463381,-0.00620161,
772221611113651,3,6.63884E-5,0.024328377,-0.008339639,
772221625243289,3,-0.010929186,0.021884914,-0.009561369,
772221647582154,3,-0.009096589,0.028909866,-0.007728773,
772221665953736,3,-0.0023770705,0.027993567,-0.007728773,
772221685301882,3,-0.00665313,0.020357754,-0.0037581492,
772221707732302,3,-0.0057368316,0.020052321,-0.0037581492,
772221726012332,3,-0.001460772,0.021884914,-0.008339639,
772221748656374,3,-0.0039042346,0.02249578,-0.007423341,
772221768004517,3,-0.0042096674,0.03135333,-0.0052853124,
772221786070924,3,-0.010929186,0.027993567,-0.0019255537,
772221805449587,3,-0.0054313987,0.032269627,-0.0028418512,
772221827788455,3,-2.3904443E-4,0.026160974,-0.0028418512,
772221846129519,3,-0.0017662048,0.024022944,-0.007728773,
772221865477663,3,-8.499101E-4,0.028909866,-0.007423341,
772221887786012,3,-0.0057368316,0.027993567,-0.008339639,
772221906157595,3,-0.0057368316,0.027077269,-0.004063582,
772221928832157,3,0.0022044182,0.025550108,-0.007423341,
772221947936159,3,-0.0011553429,0.022801213,-0.006507043,
772221966246705,3,-0.0042096674,0.030131597,-0.007728773,
772221985625367,3,-0.006958563,0.033796787,-0.0058961776,
772222008360964,3,-0.0017662048,0.024328377,-0.004674447,
772222026305300,3,6.7725405E-4,0.019441456,-0.0107831,
772222045653446,3,-0.0026825033,0.020052321,-0.010172235,
772222067931276,3,-0.0017662048,0.020968616,-0.00620161,
772222086333375,3,-0.006347697,0.023106646,-0.009561369,
772222109007937,3,-0.009096589,0.029520731,-0.008034206,
772222128020388,3,-0.009096589,0.03501852,-0.0107831,
772222146422488,3,-0.006347697,0.022801213,-0.0043690144,
772222165770633,3,-0.003293369,0.024022944,-0.008034206,
772222188201051,3,3.7182122E-4,0.017914291,-0.0058961776,
772222206481080,3,0.006480474,0.020357754,-0.0058961776,
772222225829226,3,-0.001460772,0.015776262,-0.0052853124,
772222248442753,3,-0.0060422644,0.023106646,-0.0037581492,
772222266478640,3,-0.0057368316,0.027688134,-0.0037581492,
772222289183717,3,-0.0042096674,0.029520731,-0.009255936,
772222308226685,3,-0.0035988018,0.02463381,-0.010477667,
772222326628786,3,-0.007874858,0.030742463,-0.009561369,
772222345976931,3,-0.0011553429,0.029215299,-0.0037581492,
772222368315799,3,3.7182122E-4,0.021884914,-0.0052853124,
772222386656862,3,-0.009096589,0.019136023,-0.009866802,
772222406005006,3,-0.0057368316,0.020052321,-0.007423341,
772222428404909,3,-0.0039042346,0.021274049,-0.009561369,
772222446684939,3,-0.001460772,0.017914291,-0.008339639,
772222469359501,3,-0.0042096674,0.021274049,-0.0049798796,
772222488707644,3,0.0031207167,0.026160974,-0.005590745,
772222506774049,3,-0.0029879361,0.024939243,-0.007423341,
772222526122194,3,0.0012881197,0.025550108,-0.007728773,
772222548461062,3,-0.005125966,0.021274049,-0.007728773,
772222566863162,3,-0.0060422644,0.024939243,-0.006507043,
772222586211306,3,-5.4447725E-4,0.025550108,-0.00620161,
772222608489137,3,-0.00665313,0.021579482,-0.007728773,
772222626891236,3,-0.0057368316,0.02463381,-0.007423341,
772222649504763,3,-0.001460772,0.024022944,-0.008339639,
772222668608768,3,0.0031207167,0.021274049,-0.005590745,
772222686949832,3,-0.0029879361,0.023717511,-0.008645071,
772222706297976,3,-0.004820533,0.023106646,-0.006507043,
772222728972536,3,-0.008791156,0.028909866,-0.007117908,
772222747008424,3,-0.007569425,0.031047896,-0.009561369,
772222766356570,3,-0.0017662048,0.025855541,-0.006507043,
772222788573368,3,0.0022044182,0.027688134,-0.0052853124,
772222807036502,3,6.63884E-5,0.024328377,-0.010172235,
772222829680543,3,-2.3904443E-4,0.023412079,-0.007117908,
772222848692995,3,-0.005125966,0.025244676,-0.007423341,
772222867125612,3,-0.007569425,0.028299,-0.0043690144,
772222886473758,3,-0.0035988018,0.028604433,-0.004063582,
772222908904177,3,-0.006958563,0.027077269,-0.0034527166,
772222927153688,3,-0.0023770705,0.026466407,-0.0049798796,
772222946532350,3,-5.4447725E-4,0.024939243,-0.0049798796,
772222969206912,3,-0.0011553429,0.022801213,-0.007423341,
772222987181765,3,-8.499101E-4,0.024328377,-0.0052853124,
772223009856326,3,-0.0017662048,0.025855541,-0.009255936,
772223028807741,3,0.0022044182,0.025550108,-0.007117908,
772223047301392,3,-0.0011553429,0.020663187,-0.007423341,
772223066649538,3,-0.00818029,0.022190347,-0.0028418512,
772223088988406,3,-0.009402022,0.026771836,-0.0052853124,
772223107329471,3,-0.0057368316,0.02463381,-0.006507043,
772223126708133,3,-0.0011553429,0.023717511,-0.006507043,
772223149108033,3,-0.005125966,0.024022944,-0.005590745,
772223167388063,3,-0.009096589,0.027077269,-0.0025364188,
772223190062625,3,-0.001460772,0.027382702,-0.003147284,
772223209410770,3,-0.006347697,0.026466407,-0.009561369,
772223227477175,3,-0.0057368316,0.025244676,-0.004063582,
772223246825319,3,6.7725405E-4,0.027688134,-0.009561369,
772223269133669,3,-0.0035988018,0.023106646,-0.0052853124,
772223287505251,3,-0.0039042346,0.024939243,-0.006507043,
772223306883914,3,-0.009096589,0.02463381,-0.009561369,
772223329131229,3,-0.007263992,0.031047896,-0.004674447,
772223347533327,3,-0.0026825033,0.027993567,-0.0058961776,
772223370207888,3,-0.0011553429,0.021579482,-0.00620161,
772223389342410,3,-0.010012887,0.024328377,-0.0058961776,
772223407652957,3,-0.010012887,0.024939243,-0.0058961776,
772223427001101,3,-0.0035988018,0.027993567,-0.0058961776,
772223449675662,3,-0.00665313,0.025244676,-0.009561369,
772223467711550,3,-0.0039042346,0.024939243,-0.006507043,
772223487059696,3,-0.00665313,0.025244676,-0.007728773,
772223509337526,3,-0.006347697,0.026160974,-0.003147284,
772223527709108,3,-0.0011553429,0.019746888,-0.008034206,
772223550383670,3,-0.010623753,0.027077269,-0.007728773,
772223569396121,3,-0.003293369,0.025550108,-0.002230986,
772223587828737,3,6.63884E-5,0.027688134,-0.003147284,
772223607176882,3,-0.006958563,0.025855541,-0.0037581492,
772223629607303,3,-0.0045151003,0.026160974,-0.0049798796,
772223647856815,3,-0.0042096674,0.028604433,-0.008034206,
772223667204958,3,-0.00665313,0.030742463,-0.0049798796,
772223689849002,3,-0.0023770705,0.03165876,-0.0028418512,
772223707884890,3,-0.0023770705,0.023412079,-0.004674447,
772223730559451,3,-0.0020716377,0.025550108,-0.0034527166,
772223749510866,3,-0.0029879361,0.024022944,-0.0043690144,
772223767974001,3,-0.0023770705,0.026771836,-0.007728773,
772223787352664,3,-0.012761781,0.027077269,-0.009255936,
772223810881717,3,-0.0045151003,0.026771836,-0.0052853124,
772223828032595,3,-0.010012887,0.025244676,-0.0016201208,
772223847380739,3,-0.007874858,0.03165876,-0.007117908,
772223869780643,3,-0.009096589,0.028604433,-0.0058961776,
772223888091190,3,-0.003293369,0.025550108,-0.007728773,
772223910735231,3,-0.007874858,0.025855541,-0.00620161,
772223930144412,3,-0.006958563,0.027993567,-0.004674447,
772223948149783,3,-0.0029879361,0.027077269,-0.0052853124,
772223967497928,3,3.7182122E-4,0.022801213,-0.006507043,
772223989836794,3,-0.0060422644,0.020968616,-0.008645071,
772224008208376,3,-8.499101E-4,0.027077269,-0.00620161,
772224027556521,3,-0.0060422644,0.018525157,-0.008950504,
772224049834354,3,-0.007874858,0.02249578,-0.0052853124,
772224068236452,3,-0.0023770705,0.028909866,-0.008645071,
772224090880496,3,-0.007569425,0.027382702,-0.007423341,
772224110045535,3,-0.009402022,0.025244676,-0.004063582,
772224128356082,3,-0.0029879361,0.027993567,-0.002230986,
772224147673708,3,-0.0035988018,0.024022944,-0.00620161,
772224170348269,3,-0.010929186,0.027077269,5.1790755E-4,
772224188384159,3,-0.0054313987,0.031047896,-0.0107831,
772224207762821,3,-0.006347697,0.019746888,-0.0010092556,
772224230010134,3,-0.0042096674,0.03135333,-0.007423341,
772224248412234,3,-0.012150915,0.027993567,-0.004674447,
772224270049198,3,-0.005125966,0.02463381,-0.0049798796,
772224290099246,3,6.63884E-5,0.029520731,-0.007117908,
772224308501345,3,-0.0045151003,0.023717511,-0.007117908,
772224327880007,3,-0.007874858,0.027382702,-0.004674447,
772224350310428,3,-0.007569425,0.030131597,-9.2957634E-5,
772224368559940,3,-0.0029879361,0.030131597,-0.008339639,
772224387908083,3,-0.007263992,0.02249578,-0.00620161,
772224410521609,3,-0.008791156,0.025550108,-0.009866802,
772224428557498,3,-8.499101E-4,0.023412079,-0.008645071,
772224450224979,3,0.0012881197,0.021274049,-0.008339639,
772224470244509,3,-0.0045151003,0.020052321,-0.004674447,
772224488677127,3,-0.004820533,0.020968616,-0.004063582,
772224508055789,3,-0.01031832,0.020663187,-0.001314688,
772224530425174,3,3.7182122E-4,0.026466407,-0.002230986,
772224548735720,3,-0.0054313987,0.023106646,-0.0028418512,
772224568114382,3,-0.007569425,0.027077269,-0.00620161,
772224590514285,3,-0.0060422644,0.026771836,-0.0043690144,
772224608794315,3,-0.011234619,0.024328377,-0.007423341,
772224630431276,3,-0.015510675,0.026771836,-0.0058961776,
772224650786502,3,-0.0039042346,0.027688134,-0.005590745,
772224668822391,3,-0.0020716377,0.028909866,-0.0058961776,
772224688170535,3,-0.0045151003,0.030131597,-0.005590745,
772224710509401,3,-0.008485723,0.034407653,-0.00620161,
772224728911502,3,-0.007263992,0.034407653,-0.009561369,
772224748320682,3,-0.0042096674,0.026160974,-0.008950504,
772224770445926,3,-0.0017662048,0.021579482,-0.0058961776,
772224788909059,3,-0.00665313,0.021884914,-0.008339639,
772224810576541,3,0.002509851,0.02463381,-0.008339639,
772224830718143,3,-0.001460772,0.020968616,-0.008339639,
772224849028690,3,-0.0054313987,0.024022944,-0.007728773,
772224868376833,3,-0.009096589,0.023717511,-0.004063582,
772224891081912,3,-0.0054313987,0.028909866,-0.007423341,
772224909056766,3,-0.0057368316,0.023717511,-0.0043690144,
772224928435428,3,-0.0035988018,0.026466407,-0.008950504,
772224950682741,3,-0.0057368316,0.022801213,-0.009866802,
772224969084841,3,-0.0045151003,0.027688134,-0.0034527166,
772224991789920,3,9.826869E-4,0.024328377,-0.008950504,
772225010771854,3,0.0031207167,0.015776262,-0.008034206,
772225029173952,3,-2.3904443E-4,0.023717511,-0.0049798796,
772225048552615,3,-0.004820533,0.02249578,-0.0049798796,
772225070983035,3,0.0015935525,0.025550108,-0.008645071,
772225089293582,3,-0.0042096674,0.023412079,-0.008339639,
772225108702761,3,-0.0060422644,0.024939243,-0.005590745,
772225131255252,3,-0.006958563,0.03135333,-0.0049798796,
772225149291141,3,-0.009707455,0.027688134,-0.007728773,
772225171965701,3,-0.007874858,0.026466407,-0.0049798796,
772225191008669,3,-0.0029879361,0.029215299,-0.0016201208,
772225209410769,3,-0.0042096674,0.021579482,-0.006507043,
772225228758915,3,-0.0054313987,0.026771836,-0.005590745,
772225251067264,3,-0.006347697,0.021274049,-0.004674447,
772225269438845,3,-5.4447725E-4,0.022190347,-0.008034206,
772225288817508,3,-0.0060422644,0.020052321,-0.0052853124,
772225311217410,3,-0.0039042346,0.026160974,-0.004063582,
772225329466922,3,-8.499101E-4,0.027688134,-0.0025364188,
772225352141481,3,-0.0042096674,0.027382702,-0.0049798796,
772225371489627,3,6.7725405E-4,0.023717511,-0.0049798796,
772225389586551,3,-0.0045151003,0.020663187,-0.005590745,
772225408934696,3,-0.00665313,0.02463381,-0.008034206,
772225431273561,3,-0.0060422644,0.027382702,-0.0049798796,
772225449614627,3,-0.010623753,0.029520731,-0.010172235,
772225468962772,3,-0.004820533,0.026160974,-0.0037581492,
772225491332156,3,-0.004820533,0.024939243,-0.008645071,
772225509642702,3,-0.0023770705,0.02463381,-0.0043690144,
772225532317263,3,-0.0026825033,0.024328377,-0.0049798796,
772225551421268,3,-0.009402022,0.027077269,-0.00620161,
772225569731815,3,-0.010623753,0.029826164,-7.038228E-4,
772225589079958,3,-0.003293369,0.03654568,-0.0049798796,
772225611754519,3,-0.0045151003,0.03165876,-0.008339639,
772225629790409,3,0.0015935525,0.027688134,-0.0052853124,
772225649169071,3,-0.004820533,0.028299,-0.009561369,
772225671446901,3,-0.0011553429,0.025244676,-0.005590745,
772225689849002,3,-0.011540052,0.020357754,-0.0043690144,
772225712462528,3,-0.006958563,0.03196419,-0.0025364188,
772225731474979,3,-0.008791156,0.03043703,-0.0058961776,
772225749877077,3,-0.010012887,0.026160974,-9.2957634E-5,
772225769225222,3,-0.01398351,0.027993567,5.1790755E-4,
772225791716678,3,-0.009402022,0.03165876,-0.007423341,
772225809935672,3,-0.006347697,0.027382702,-0.003147284,
772225829283815,3,-0.004820533,0.028909866,-0.00620161,
772225851988894,3,-0.008791156,0.025550108,-0.00620161,
772225869963748,3,-0.0029879361,0.026771836,-0.004063582,
772225892607791,3,-0.0023770705,0.024939243,-0.0049798796,
772225911620241,3,-0.0054313987,0.025550108,-0.0049798796,
772225930052859,3,6.7725405E-4,0.026160974,-0.0025364188,
772225949401004,3,-0.008485723,0.02249578,-0.008034206,
772225971709354,3,-0.0045151003,0.027382702,-0.007728773,
772225990111452,3,-8.499101E-4,0.024939243,-0.007728773,
772226009459597,3,-0.010012887,0.022801213,-0.008645071,
772226031859500,3,-0.0029879361,0.023106646,-0.005590745,
772226050109012,3,-0.0029879361,0.032269627,-0.008339639,
772226072814089,3,-0.0011553429,0.03165876,-0.008034206,
772226092162234,3,-0.0035988018,0.018219724,-0.008034206,
772226110228641,3,-0.005125966,0.02249578,-0.00620161,
772226129576785,3,-0.005125966,0.023717511,-0.007728773,
772226151915651,3,-0.00665313,0.020357754,-0.007728773,
772226170287234,3,6.7725405E-4,0.01883059,-0.0052853124,
772226189635379,3,9.826869E-4,0.022801213,-0.0058961776,
772226211913211,3,-0.008485723,0.025244676,-0.007728773,
772226230315309,3,-0.012456348,0.026771836,-0.004063582,
772226252959353,3,-0.010012887,0.034407653,-0.0037581492,
772226272093875,3,-0.009096589,0.025244676,-0.00620161,
772226290404422,3,-0.0029879361,0.025855541,-0.00620161,
772226309752565,3,6.7725405E-4,0.023106646,-0.0049798796,
772226332396609,3,-0.00818029,0.025855541,-0.001314688,
772226350463016,3,-0.00665313,0.030131597,-0.00620161,
772226369811160,3,-0.007874858,0.027382702,-0.007728773,
772226392058473,3,-0.006347697,0.026771836,-0.007728773,
772226410491091,3,-0.007569425,0.026160974,-0.0058961776,
772226433135135,3,-0.0057368316,0.025855541,-0.0058961776,
772226452147586,3,-0.00665313,0.022190347,-0.008339639,
772226470549684,3,-0.0026825033,0.027688134,-0.009255936,
772226489928347,3,-0.0057368316,0.021884914,-0.007117908,
772226512389285,3,-2.3904443E-4,0.027993567,-0.007117908,
772226530638797,3,-0.001460772,0.023106646,-0.0058961776,
772226549986940,3,-0.0017662048,0.029520731,-0.0052853124,
772226572600466,3,-0.005125966,0.024022944,-0.007728773,
772226590636356,3,-0.0054313987,0.024939243,-0.005590745,
772226613310915,3,3.7182122E-4,0.027688134,-0.00620161,
772226632292848,3,3.7182122E-4,0.020357754,-0.007728773,
772226650755984,3,-0.0054313987,0.020663187,-0.0049798796,
772226670104129,3,-0.007874858,0.022190347,-0.011088531,
772226692412478,3,-0.00818029,0.028604433,-0.0058961776,
772226710784060,3,-2.3904443E-4,0.03318592,-0.003147284,
772226730162722,3,-0.007569425,0.022190347,-0.006507043,
772226752562625,3,-0.01031832,0.028604433,-0.007117908,
772226770812136,3,-0.010623753,0.026466407,-0.003147284,
772226793486696,3,0.006785907,0.026160974,-0.007117908,
772226812834841,3,-0.00665313,0.021884914,-0.008339639,
772226830901248,3,-0.012150915,0.02463381,-0.0058961776,
772226850249392,3,-0.006958563,0.030742463,-0.00620161,
772226872588259,3,-0.001460772,0.027382702,-0.009866802,
772226890959841,3,0.0018989854,0.021884914,-0.006507043,
772226910338504,3,-0.0042096674,0.020663187,-0.007117908,
772226932585817,3,6.63884E-5,0.025855541,-0.004674447,
772226950987917,3,0.0015935525,0.026466407,-0.0037581492,
772226973662478,3,-0.006347697,0.022190347,-0.0019255537,
772226992797000,3,3.7182122E-4,0.027688134,-0.009561369,
772227011077028,3,-0.0023770705,0.021274049,-0.008034206,
772227030425173,3,-0.006347697,0.021579482,-0.007423341,
772227053099734,3,-0.0011553429,0.020357754,-0.007117908,
772227071135623,3,-8.499101E-4,0.024328377,-0.0058961776,
772227090514284,3,-0.007569425,0.024939243,-0.007728773,
772227112792116,3,-0.0023770705,0.03165876,-0.0052853124,
772227131163699,3,-0.0017662048,0.027382702,-0.006507043,
772227153807742,3,-2.3904443E-4,0.025244676,-0.007423341,
772227172789675,3,-0.0035988018,0.020052321,-0.008339639,
772227191283327,3,0.002509851,0.021884914,-0.006507043,
772227210631472,3,-0.003293369,0.020052321,-0.008034206,
772227233061893,3,-0.006958563,0.02249578,-0.007117908,
772227251311403,3,-0.01031832,0.023412079,-0.00620161,
772227270659548,3,-0.0042096674,0.025855541,-0.00620161,
772227293273074,3,-0.0023770705,0.027382702,-0.007728773,
772227311339481,3,-0.0011553429,0.021884914,-0.008339639,
772227334014040,3,-0.0060422644,0.021579482,-0.00620161,
772227353026491,3,-0.009096589,0.028604433,-0.002230986,
772227371428591,3,-0.0011553429,0.027688134,-0.0025364188,
772227390776737,3,-0.005125966,0.027688134,-0.007728773,
772227413115603,3,-0.0042096674,0.034713086,-0.007728773,
772227431456667,3,-0.0017662048,0.025244676,-0.008645071,
772227450835330,3,6.63884E-5,0.025244676,-0.005590745,
772227473235233,3,-0.0042096674,0.025855541,-0.0058961776,
772227491515261,3,0.0015935525,0.024328377,-0.005590745,
772227514189821,3,6.7725405E-4,0.025244676,-0.009255936,
772227533537966,3,-8.499101E-4,0.026771836,-0.011699397,
772227551604373,3,-0.007263992,0.024939243,-0.004674447,
772227570952517,3,-0.0039042346,0.027993567,-0.0043690144,
772227593291384,3,-0.0060422644,0.026771836,-0.0058961776,
772227611662966,3,-0.0029879361,0.026771836,-0.0034527166,
772227631011112,3,-0.0035988018,0.026466407,-0.00620161,
772227653288942,3,-0.0039042346,0.024022944,-0.006507043,
772227674040895,3,-0.013067214,0.024939243,-0.008339639,
772227694365603,3,-0.009096589,0.030131597,-0.002230986,
772227713469608,3,-0.0017662048,0.031047896,-0.004063582,
772227731749636,3,-8.499101E-4,0.025855541,-0.0034527166,
772227751128298,3,0.0018989854,0.025244676,-0.008645071,
772227773863894,3,-0.007569425,0.028604433,-0.007423341,
772227791808231,3,-0.009402022,0.03043703,-0.0049798796,
772227811186892,3,-0.0020716377,0.030742463,-0.0037581492,
772227833434205,3,-0.0026825033,0.025244676,-0.0049798796,
772227851836305,3,-0.0057368316,0.028604433,-0.0049798796,
772227873503786,3,-0.0011553429,0.024939243,-0.007423341,
772227893492801,3,-0.0060422644,0.024328377,-0.007423341,
772227911955934,3,-0.009096589,0.026771836,-3.9839046E-4,
772227931304078,3,-2.3904443E-4,0.026160974,-0.0058961776,
772227953734498,3,-0.0029879361,0.023412079,-0.008645071,
772227971984011,3,-5.4447725E-4,0.024328377,-0.008339639,
772227991362674,3,-0.0035988018,0.020663187,-0.0058961776,
772228014006716,3,-0.018870434,0.027077269,0.0020450708,
772228032042604,3,-0.007569425,0.038683712,-0.006507043,
772228053679565,3,-0.006347697,0.028909866,-0.0052853124,
772228073699097,3,-0.0045151003,0.027993567,-0.004674447,
772228092101198,3,-0.00818029,0.029826164,-0.003147284,
772228111449343,3,-0.006958563,0.03410222,-0.008645071,
772228133788211,3,9.826869E-4,0.03196419,-0.005590745,
772228152190309,3,6.7725405E-4,0.024328377,-0.006507043,
772228171538453,3,-0.007569425,0.026466407,-0.0049798796,
772228193968873,3,-0.01031832,0.028909866,-0.0037581492,
772228212218386,3,-0.005125966,0.03165876,-0.004674447,
772228233855349,3,-0.00665313,0.026771836,-0.00620161,
772228254180056,3,-0.0039042346,0.026466407,-0.001314688,
772228272276979,3,-0.00665313,0.027993567,-0.008645071,
772228291655640,3,-0.008485723,0.022801213,-0.008645071,
772228313963990,3,-0.0042096674,0.026466407,-0.0107831,
772228332366091,3,-0.0060422644,0.020052321,-0.008950504,
772228351683718,3,-0.007874858,0.022190347,-0.008950504,
772228373961551,3,-0.008791156,0.021884914,-0.009866802,
772228392363649,3,-0.009707455,0.021579482,-0.005590745,
772228414031128,3,-0.007874858,0.027993567,-0.007423341,
772228434172731,3,-0.003293369,0.025550108,-0.004063582,
772228452452761,3,-0.007569425,0.020663187,-0.0037581492,
772228471800906,3,-0.00665313,0.023717511,-0.00620161,
772228494475466,3,-0.0023770705,0.022801213,-0.0043690144,
772228512511354,3,-0.0020716377,0.029826164,-0.0049798796,
772228531859498,3,-0.00665313,0.021579482,-0.007728773,
772228554137331,3,-0.0054313987,0.023412079,-0.005590745,
772228572569949,3,-0.006347697,0.02463381,-0.005590745,
772228594206911,3,-0.006958563,0.024328377,-0.008950504,
772228614226441,3,0.004037015,0.021274049,-0.006507043,
772228632659059,3,-0.013372647,0.023717511,-0.0034527166,
772228651976686,3,-0.006347697,0.03165876,-0.008034206,
772228674468142,3,9.826869E-4,0.02463381,-0.005590745,
772228692687137,3,-0.003293369,0.020663187,-0.008339639,
772228712065798,3,-0.00818029,0.02463381,-0.007117908,
772228734709839,3,-0.00665313,0.026771836,-0.0049798796,
772228752715211,3,-0.0039042346,0.025855541,-0.007728773,
772228774382692,3,-0.006958563,0.027077269,-0.008034206,
772228794371707,3,6.7725405E-4,0.024022944,-0.007423341,
772228812804324,3,-0.0020716377,0.019136023,-0.0052853124,
772228832152467,3,-0.0042096674,0.02249578,-0.0025364188,
772228854491334,3,-0.009402022,0.020663187,-0.004063582,
772228872862917,3,-0.009707455,0.031047896,-0.0034527166,
772228892211062,3,-0.007263992,0.029520731,-0.0037581492,
772228914610964,3,-0.0039042346,0.030742463,-0.004674447,
772228932890992,3,0.002509851,0.025550108,-0.008645071,
772228954558472,3,-0.0035988018,0.019441456,-0.007728773,
772228974913698,3,-0.008485723,0.030131597,-0.006507043,
772228992980105,3,0.004647877,0.02249578,-0.005590745,
772229012328250,3,0.0022044182,0.025855541,-0.005590745,
772229034667116,3,-0.0029879361,0.023717511,-0.0037581492,
772229053038697,3,-0.0020716377,0.03196419,-0.011393964,
772229072386842,3,-2.3904443E-4,0.026771836,-0.007423341,
772229094664675,3,-0.0029879361,0.024022944,-0.009561369,
772229113066775,3,-0.0017662048,0.027688134,-0.008339639,
772229134703738,3,-0.0054313987,0.025550108,-0.0034527166,
772229154845338,3,-0.0017662048,0.026466407,-0.007423341,
772229173155885,3,-0.0035988018,0.023717511,-0.007117908,
772229192504030,3,-0.0060422644,0.02249578,-0.010172235,
772229215178591,3,-0.006958563,0.021579482,-0.009866802,
772229233214480,3,-0.00665313,0.028909866,-0.008950504,
772229252562623,3,-0.0017662048,0.026771836,-0.008950504,
772229274840455,3,-0.008485723,0.020052321,-0.008339639,
772229293212038,3,-0.0060422644,0.025550108,-0.010172235,
772229314879519,3,-5.4447725E-4,0.028604433,-0.008645071,
772229334899051,3,-0.004820533,0.021274049,-0.008645071,
772229353331667,3,-0.005125966,0.023717511,-0.008645071,
772229372679810,3,-0.004820533,0.026160974,-0.0058961776,
772229395140748,3,-0.001460772,0.030131597,-0.0058961776,
772229413390261,3,-0.0023770705,0.027382702,-0.0058961776,
772229432768924,3,-0.0042096674,0.024022944,-0.008339639,
772229455382449,3,-0.0039042346,0.025855541,-0.0052853124,
772229473418336,3,-0.007874858,0.026771836,-0.004063582,
772229495055299,3,-0.00665313,0.029826164,-0.004674447,
772229515105348,3,-0.010929186,0.024328377,-0.008034206,
772229533507449,3,-0.0026825033,0.032575056,-0.005590745,
772229552886111,3,-0.0045151003,0.027077269,-0.007728773,
772229575194459,3,-0.0023770705,0.02249578,-0.010477667,
772229593566041,3,-0.0017662048,0.025550108,-0.006507043,
772229612914186,3,-0.005125966,0.021884914,-0.0043690144,
772229635314089,3,-8.499101E-4,0.027993567,-0.008645071,
772229653563602,3,-0.0054313987,0.024939243,-0.007117908,
772229675231081,3,-0.00818029,0.028299,-0.0043690144,
772229695647339,3,-0.00665313,0.027688134,-0.0052853124,
772229713683229,3,-0.0039042346,0.029520731,-0.008034206,
772229733031374,3,-0.008485723,0.025550108,-0.0028418512,
772229755370242,3,-0.0045151003,0.03043703,-0.004063582,
772229773741824,3,-0.0020716377,0.026466407,-0.001314688,
772229793089967,3,-0.0045151003,0.027688134,-0.006507043,
772229815367799,3,-0.009402022,0.032880493,-0.003147284,
772229833739382,3,-0.0045151003,0.03410222,-0.003147284,
772229855406863,3,-0.010012887,0.023106646,-0.0016201208,
772229875487429,3,-0.007263992,0.030742463,-0.004674447,
772229893859010,3,-0.007569425,0.028909866,-0.007117908,
772229913176637,3,-0.0045151003,0.030742463,-0.004063582,
772229935881715,3,-0.0042096674,0.027688134,-0.007423341,
772229953917605,3,-0.006958563,0.023106646,-0.006507043,
772229973265750,3,-0.010012887,0.020663187,-0.0019255537,
772229995543581,3,-0.006347697,0.029215299,-0.006507043,
772230013915162,3,-0.0060422644,0.028299,-0.0034527166,
772230035582643,3,-0.0035988018,0.030742463,-0.007423341,
772230055602175,3,-0.009096589,0.029520731,-0.0052853124,
772230074004275,3,6.7725405E-4,0.026160974,-0.003147284,
772230093352420,3,-0.0017662048,0.024328377,-0.003147284,
772230115813356,3,-0.004820533,0.022801213,-0.0019255537,
772230134062867,3,-0.008791156,0.028909866,-0.002230986,
772230153411013,3,-5.4447725E-4,0.029520731,-0.0034527166,
772230176024539,3,-0.011845484,0.026466407,-0.004063582,
772230194090945,3,-0.0057368316,0.028299,-0.0037581492,
772230215758424,3,-0.0054313987,0.026160974,-0.007117908,
772230235747437,3,-0.007569425,0.025550108,-0.0058961776,
772230254180055,3,-0.006958563,0.029215299,-0.0037581492,
772230273528201,3,-0.006347697,0.032880493,-0.0034527166,
772230295867068,3,-0.006347697,0.03165876,-0.004674447,
772230314238649,3,-0.001460772,0.027077269,-0.004674447,
772230333586793,3,-0.0026825033,0.020663187,-0.011393964,
772230355986696,3,-0.006958563,0.023412079,-0.007117908,
772230374266726,3,-0.011234619,0.026771836,-0.0049798796,
772230395934207,3,-0.015510675,0.028299,-0.003147284,
772230416289431,3,-0.008791156,0.027382702,-0.009561369,
772230434355836,3,-0.0060422644,0.020968616,-0.009561369,
772230453703981,3,0.0012881197,0.020968616,-0.009561369,
772230476134401,3,-0.003293369,0.022801213,-0.008645071,
772230494414431,3,-0.006347697,0.020968616,-0.00620161,
772230513823611,3,-0.011845484,0.018525157,-0.0025364188,
772230536131959,3,-0.0045151003,0.026771836,-0.002230986,
772230554442506,3,-0.010012887,0.030131597,-7.038228E-4,
772230576201540,3,-0.0020716377,0.030742463,-0.003147284,
772230596251589,3,-0.0023770705,0.022801213,-0.007728773,
772230614531619,3,-0.005125966,0.023717511,-0.005590745,
772230633879763,3,-0.007263992,0.023106646,-0.0058961776,
772230656615357,3,-0.004820533,0.025244676,-0.0058961776,
772230674590211,3,-0.005125966,0.027382702,-0.007728773,
772230693938357,3,-0.005125966,0.03043703,-0.006507043,
772230716216189,3,-0.009707455,0.02463381,-0.009255936,
772230734618289,3,-0.0054313987,0.025855541,-0.008034206,
772230756255250,3,-0.001460772,0.027688134,-0.0058961776,
772230776305299,3,-0.0029879361,0.019441456,-0.0052853124,
772230794737917,3,-0.0029879361,0.020663187,-0.005590745,
772230814086062,3,-0.0023770705,0.023106646,-0.008034206,
772230836546999,3,-8.499101E-4,0.023717511,-0.005590745,
772230854796510,3,-0.01398351,0.025550108,-0.005590745,
772230874114137,3,0.0012881197,0.02463381,-0.0025364188,
772230896758180,3,0.006785907,0.025244676,-0.0052853124,
772230914794070,3,-0.0042096674,0.023106646,-0.007423341,
772230936461551,3,-0.0057368316,0.025855541,-0.008034206,
772230956481081,3,-0.010623753,0.024328377,-0.009561369,
772230974883179,3,-0.0060422644,0.025855541,-0.007117908,
772230994231325,3,-0.003293369,0.020357754,-0.007117908,
772231016570192,3,-0.0011553429,0.020052321,-0.005590745,
772231034972293,3,0.0028152838,0.019746888,-0.009255936,
772231054289920,3,-0.0039042346,0.020968616,-0.006507043,
772231076720338,3,-0.0042096674,0.021579482,-0.008645071,
772231094969850,3,-0.009096589,0.023717511,0.0023505036,
772231116637331,3,-0.00818029,0.033796787,-0.0025364188,
772231137023074,3,-0.00818029,0.03318592,-0.004063582,
772231155058962,3,-0.008791156,0.031047896,-0.0034527166,
772231174407106,3,-0.0017662048,0.031047896,-0.0043690144,
772231196745972,3,-0.006347697,0.025550108,-0.008950504,
772231215148073,3,-0.007263992,0.02463381,-0.003147284,
772231234465701,3,-5.4447725E-4,0.027993567,-0.005590745,
772231256774051,3,-0.0023770705,0.018525157,-0.005590745,
772231275145632,3,-0.0020716377,0.028604433,-0.004063582,
772231296813111,3,-0.008485723,0.024022944,-0.0058961776,
772231316893678,3,-0.001460772,0.027993567,-0.003147284,
772231335234743,3,-0.0045151003,0.023412079,-0.008339639,
772231354582889,3,-0.0026825033,0.026160974,-0.007423341,
772231377226931,3,9.826869E-4,0.02249578,-0.0107831,
772231395293336,3,-0.007874858,0.021274049,-0.008034206,
772231414641481,3,-0.0194813,0.027688134,0.0014342051,
772231436949831,3,-0.006958563,0.03746198,-3.9839046E-4,
772231455290896,3,-0.00665313,0.028299,-0.0043690144,
772231477019411,3,-0.004820533,0.034407653,-0.0043690144,
772231497008424,3,-0.01031832,0.026466407,-0.0037581492,
772231515410523,3,6.7725405E-4,0.030131597,-0.0052853124,
772231534728151,3,-0.0026825033,0.030131597,-0.005590745,
772231557219607,3,-0.007263992,0.020663187,-0.0043690144,
772231575469119,3,-0.00818029,0.027382702,-0.0052853124,
772231594786745,3,-0.006958563,0.026466407,-0.0028418512,
772231617461304,3,-0.003293369,0.028604433,-0.007423341,
772231635466676,3,-0.00818029,0.020663187,-0.003147284,
772231657134157,3,-0.0060422644,0.027993567,-0.009866802,
772231677153689,3,-0.007874858,0.023412079,-0.00620161,
772231695555789,3,-0.0011553429,0.027993567,-0.00620161,
772231714903932,3,0.0015935525,0.024022944,-0.00620161,
772231737242799,3,6.63884E-5,0.021884914,-0.00620161,
772231755644899,3,-0.009707455,0.023717511,-0.003147284,
772231774993045,3,-0.013372647,0.031047896,-0.0016201208,
772231797362429,3,-0.009402022,0.03165876,-0.0028418512,
772231815642457,3,-0.005125966,0.025855541,-0.0028418512,
772231837309937,3,-0.005125966,0.022190347,-0.007423341,
772231857695680,3,-0.003293369,0.023717511,-0.007117908,
772231875762087,3,-0.007263992,0.020968616,-0.001314688,
772231895110233,3,-0.004820533,0.027077269,-0.009866802,
772231917479616,3,-0.0020716377,0.022190347,-0.007117908,
772231935820679,3,-0.0060422644,0.022801213,-0.0043690144,
772231955199342,3,-0.005125966,0.027993567,-0.004063582,
772231977507692,3,-0.005125966,0.028604433,-0.0043690144,
772231995848758,3,-0.001460772,0.024939243,-0.006507043,
772232017516238,3,0.0012881197,0.026466407,-0.005590745,
772232037596803,3,-5.4447725E-4,0.022190347,-0.005590745,
772232055968385,3,0.0018989854,0.020357754,-0.007728773,
772232075286013,3,0.0031207167,0.016997993,-0.007728773,
772232097960574,3,-0.009707455,0.024328377,-0.0052853124,
772232115996462,3,-0.0057368316,0.029826164,-9.2957634E-5,
772232135344606,3,-0.0039042346,0.03196419,-0.005590745,
772232157622437,3,-0.006958563,0.020968616,-0.0010092556,
772232176024538,3,6.63884E-5,0.024022944,-0.00620161,
772232197722536,3,0.0034261495,0.021579482,-0.008950504,
772232217681033,3,-0.0060422644,0.023412079,-0.011393964,
772232236113649,3,-2.3904443E-4,0.023106646,-0.0049798796,
772232255492310,3,-0.006958563,0.020357754,8.233404E-4,
772232277922731,3,-0.0035988018,0.030131597,8.233404E-4,
772232296172243,3,-0.008485723,0.024328377,-0.001314688,
772232315520389,3,-0.00665313,0.026466407,-0.0043690144,
772232338133914,3,-0.0035988018,0.025550108,-0.005590745,
772232356200319,3,-0.0026825033,0.024022944,-0.007728773,
772232377867799,3,-8.499101E-4,0.027077269,-0.0058961776,
772232397856813,3,6.63884E-5,0.022801213,-0.005590745,
772232416289431,3,-0.0060422644,0.024328377,-0.002230986,
772232435637576,3,-0.0029879361,0.031047896,-0.009866802,
772232457976441,3,0.006785907,0.027688134,-0.008645071,
772232476348023,3,-0.008485723,0.020968616,-0.006507043,
772232495696169,3,-0.007263992,0.027077269,-0.009561369,
772232518126589,3,-0.0020716377,0.025855541,-0.0034527166,
772232536376102,3,-0.001460772,0.02463381,-0.007117908,
772232558013063,3,-0.0020716377,0.020663187,-0.007423341,
772232578429323,3,-0.004820533,0.020968616,-0.007423341,
772232596465211,3,-0.004820533,0.023717511,-0.004674447,
772232615813357,3,6.63884E-5,0.024939243,-0.010477667,
772232638152224,3,0.0037315823,0.021579482,-0.0058961776,
772232656523806,3,3.7182122E-4,0.021884914,-0.0049798796,
772232675871950,3,-0.0020716377,0.029826164,-0.0058961776,
772232698149781,3,-0.003293369,0.025244676,-0.004674447,
772232716521364,3,-0.0020716377,0.020968616,-0.007117908,
772232738188845,3,-0.0017662048,0.025550108,-0.008034206,
772232758452517,3,-0.004820533,0.025244676,-0.0043690144,
772232776640992,3,-0.004820533,0.028604433,-0.00620161,
772232795958619,3,6.63884E-5,0.032575056,-0.008034206,
772232818663699,3,0.0012881197,0.020968616,-0.008034206,
772232836699587,3,-0.0054313987,0.023412079,-0.010172235,
772232856047733,3,-0.0042096674,0.027688134,-0.008950504,
772232878356081,3,-8.499101E-4,0.029215299,-0.0043690144,
772232896727662,3,6.63884E-5,0.027382702,-0.0019255537,
772232918425661,3,-0.0017662048,0.026466407,-0.009255936,
772232938414676,3,-0.010012887,0.01883059,0.0017396379,
772232956816775,3,-0.003293369,0.03043703,-0.004674447,
772232976164920,3,-0.0029879361,0.025244676,-7.038228E-4,
772232998595338,3,3.7182122E-4,0.023412079,-0.007423341,
772233016875367,3,6.7725405E-4,0.026160974,-0.0025364188,
772233036192995,3,-0.0026825033,0.032269627,-0.0010092556,
772233058837040,3,-0.007263992,0.03318592,0.0060156947,
772233076872927,3,-0.009707455,0.033491354,0.003572234,
772233098540406,3,-0.006958563,0.039600007,0.0017396379,
772233118590456,3,-0.004820533,0.033491354,0.0029613683,
772233136992555,3,-0.011540052,0.030131597,0.0011287727,
772233156340701,3,-0.010929186,0.028909866,-0.0052853124,
772233178679568,3,-0.018259568,0.033796787,-0.00620161,
772233197051149,3,-0.023757355,0.047541257,-0.0028418512,
772233216399293,3,-0.010929186,0.04815212,8.233404E-4,
772233238829714,3,-0.012761781,0.03898914,-0.004063582,
772233257048708,3,-0.010929186,0.026771836,-0.0052853124,
772233278746708,3,0.0043424442,0.028909866,-0.0052853124,
772233299071414,3,-0.018259568,0.025855541,-0.009561369,
772233317168336,3,-0.00665313,0.029826164,-0.008339639,
772233336516481,3,-0.006958563,0.030131597,-0.008950504,
772233358824832,3,0.002509851,0.026160974,-0.011088531,
772233377226931,3,0.0031207167,0.020968616,-0.008339639,
772233396544558,3,0.0012881197,0.018525157,-0.010172235,
772233418852906,3,0.010451097,0.014249101,-0.006507043,
772233437224488,3,0.016865183,0.018219724,-0.004674447,
772233459899050,3,0.018086914,0.020968616,-0.008339639,
772233479033573,3,0.017476048,0.022190347,-0.007117908,
772233497344119,3,0.013505425,0.01669256,-0.007117908,
772233516722780,3,0.015032589,0.02249578,-0.009561369,
772233539366823,3,0.0018989854,0.024328377,-0.003147284,
772233557372194,3,-0.004820533,0.029826164,-0.0052853124,
772233576750857,3,-2.3904443E-4,0.03165876,-0.0037581492,
772233599028690,3,-0.004820533,0.029520731,-0.0058961776,
772233617400271,3,-0.006347697,0.027077269,-0.0058961776,
772233639067750,3,-0.0039042346,0.027077269,-0.0028418512,
772233659056765,3,0.0015935525,0.028604433,-0.011393964,
772233677489382,3,-0.00665313,0.018219724,-0.0028418512,
772233696837527,3,-0.004820533,0.026771836,-0.006507043,
772233719298464,3,-0.0060422644,0.029520731,-0.001314688,
772233737547975,3,-0.003293369,0.028299,-0.004674447,
772233756865603,3,-0.0020716377,0.026771836,-0.009255936,
772233779448612,3,-0.009402022,0.024022944,-0.008034206,
772233797515017,3,-0.0039042346,0.029826164,-0.005590745,
772233820220095,3,-0.0035988018,0.023106646,-0.0058961776,
772233839232547,3,-8.499101E-4,0.021579482,-0.009255936,
772233857695681,3,-0.003293369,0.020052321,-0.0049798796,
772233877043826,3,-0.01031832,0.029520731,-9.2957634E-5,
772233899352175,3,-8.499101E-4,0.027993567,-0.008645071,
772233917723757,3,9.826869E-4,0.019441456,-0.00620161,
772233937071902,3,0.0018989854,0.025244676,-0.007728773,
772233959471804,3,0.006785907,0.022190347,-0.008034206,
772233977721315,3,0.14209256,0.020663187,-0.007728773,
772233999358279,3,-0.038723554,0.05395534,-0.0052853124,
772234019713504,3,0.021446671,0.02463381,-0.007728773,
772234037810427,3,-0.051246293,0.040210873,-0.004674447,
772234057158571,3,-0.037501823,0.03165876,-0.0034527166,
772234079466922,3,-0.030782305,0.027688134,-0.01322656,
772234097869021,3,0.00495331,0.013638236,-0.007117908,
