772200526488404,3,0.0137094855,-0.45333534,-0.25272083,
772200545928102,3,0.0019370914,-0.4856712,-0.5050554,
772200566344363,3,-0.02471751,-0.4707334,-0.5492039,
772200587859256,3,-0.009561896,-0.4655447,-0.45210838,
772200605895143,3,-0.00809139,-0.4818596,-0.48534012,
772200626555543,3,-0.008815169,-0.45950684,-0.3801508,
772200646544557,3,0.001749754,-0.4889132,-0.46374798,
772200668181521,3,-0.0015324354,-0.52031815,-0.5252094,
772200686339480,3,0.0017959476,-0.49475446,-0.45328617,
772200706694705,3,-0.008604169,-0.48534563,-0.4846325,
772200726042848,3,-0.004695058,-0.5158043,-0.39104557,
772200746367555,3,-0.0010562539,-0.5035653,-0.4788599,
772200768035036,3,0.0011283755,-0.5126272,-0.4774618,
772200786070925,3,-0.006583631,-0.4891824,-0.43786716,
772200806517702,3,-0.023373008,-0.507754,-0.52088547,
772200826750856,3,-0.009509325,-0.5191088,-0.42008018,
772200848509889,3,-0.031240106,-0.5128922,-0.5094738,
772200866881471,3,-0.0015640259,-0.49348745,-0.48055077,
772200886809451,3,-0.0012989044,-0.53755,-0.49692345,
772200906157596,3,-0.0015689135,-0.5394466,-0.35260677,
772200926573854,3,-0.039818287,-0.54297453,-0.48644924,
772200948180298,3,0.017086565,-0.5132117,-0.45641804,
772200966216188,3,-0.0034092665,-0.511077,-0.45954418,
772200986571413,3,-0.015307903,-0.52110803,-0.5099926,
772201006896121,3,-0.002983272,-0.5212392,-0.4532051,
772201028502566,3,-0.015266895,-0.5125843,-0.43093586,
772201046813112,3,-0.011552155,-0.54375327,-0.5038204,
772201067015748,3,-0.0028338432,-0.5585013,-0.42582703,
772201086363893,3,-0.005696416,-0.50706625,-0.46402264,
772201107054812,3,-0.018654287,-0.5392052,-0.49824333,
772201128417116,3,-0.009644568,-0.55556446,-0.4397707,
772201146422486,3,-0.029579878,-0.536038,-0.44997787,
772201167021851,3,3.6031008E-4,-0.5271743,-0.42890167,
772201187071901,3,-0.005642712,-0.552166,-0.4568634,
772201208647830,3,-0.013622284,-0.55987203,-0.48305702,
772201226805789,3,-0.010263026,-0.558534,-0.4686556,
772201247191530,3,0.0032973886,-0.55752826,-0.4553299,
772201266509156,3,0.008806825,-0.5682399,-0.46358013,
772201287047487,3,-0.002936244,-0.5463531,-0.45277214,
772201308562381,3,-0.0021359324,-0.5736516,-0.47422028,
772201326598269,3,0.006201446,-0.54758215,-0.4543476,
772201347197634,3,0.00965178,-0.548995,-0.45358086,
772201367247682,3,-0.010155618,-0.5732036,-0.49299812,
772201392699343,3,-0.022312462,-0.5757987,-0.48073387,
772201406951052,3,-0.007947028,-0.5798661,-0.4794321,
772201427275759,3,-0.016350389,-0.5888541,-0.4649601,
772201446654421,3,-0.0067481995,-0.56563437,-0.43678665,
772201467070680,3,-0.007473707,-0.57965434,-0.44331646,
772201488677126,3,-0.0031292439,-0.588352,-0.50121975,
772201506896120,3,-0.0064868927,-0.5661386,-0.41665554,
772201527251345,3,-0.007840812,-0.5623979,-0.4440422,
772201547423465,3,-0.010363638,-0.58828247,-0.5073652,
772201569090944,3,-0.012850285,-0.577848,-0.42822647,
772201587584595,3,-0.009534836,-0.58048373,-0.4903717,
772201607543092,3,-0.0048383474,-0.5914417,-0.45497036,
772201626891237,3,0.0027953982,-0.582786,-0.4310398,
772201647246463,3,-0.016163647,-0.5786202,-0.47642803,
772201668883425,3,-0.014959693,-0.58227366,-0.44339657,
772201686919313,3,0.009607255,-0.5929251,-0.4757986,
772201707244020,3,-0.026607513,-0.5832064,-0.52192783,
772201727599245,3,0.0014079213,-0.59936523,-0.4051304,
772201749297245,3,-0.011424005,-0.59549445,-0.49588394,
772201767455202,3,0.01211071,-0.58716685,-0.44913483,
772201787718873,3,0.0172773,-0.59065557,-0.4723568,
772201807036500,3,0.0020797253,-0.597315,-0.45071697,
772201827818971,3,0.002777338,-0.6134416,-0.43636036,
772201849089725,3,0.010401666,-0.6058883,-0.49682808,
772201867064578,3,-0.0055449605,-0.59740376,-0.4495268,
772201887419802,3,-0.015510857,-0.60791206,-0.47402382,
772201907775025,3,0.0018696189,-0.6063573,-0.455307,
772201929411990,3,-0.0024878383,-0.5897299,-0.44739246,
772201947508913,3,-0.007390082,-0.6157676,-0.47366524,
772201967864139,3,0.015919268,-0.5864135,-0.44179153,
772201987181765,3,-0.006916642,-0.5837623,-0.46502972,
772202007720094,3,-0.0024253726,-0.5865346,-0.47153187,
772202029234987,3,-0.0152055025,-0.62101835,-0.45885086,
772202047301393,3,-0.006370008,-0.5939804,-0.47489643,
772202067961795,3,0.0105573535,-0.6135759,-0.45968533,
772202087950808,3,-0.02750796,-0.6033425,-0.46074677,
772202110594850,3,-0.025589705,-0.6120609,-0.487998,
772202127684693,3,-0.008021772,-0.6037707,-0.4543705,
772202148039919,3,-0.021943986,-0.6198077,-0.47512245,
772202167418581,3,-0.018548608,-0.59636396,-0.4665823,
772202187773807,3,-0.011009634,-0.608806,-0.44128132,
772202209441286,3,-0.01454705,-0.60571975,-0.47712612,
772202227721314,3,-0.026180446,-0.6032726,-0.4470682,
772202247893434,3,-0.020954251,-0.60044616,-0.46608543,
772202268035036,3,-0.018484592,-0.6017303,-0.47259235,
772202289763554,3,-0.016369224,-0.615659,-0.47076702,
772202308196170,3,-0.027428865,-0.61202097,-0.47015095,
772202328154664,3,-0.023773253,-0.6271895,-0.47122288,
772202347502809,3,-0.013890862,-0.62898076,-0.44534683,
772202367919069,3,-0.035098374,-0.6398122,-0.45530605,
772202389525516,3,-0.01084429,-0.6219704,-0.47428036,
772202407530886,3,-0.006367326,-0.6180747,-0.4340582,
772202427916627,3,-0.03377378,-0.6189752,-0.4921465,
772202448241334,3,-0.041913748,-0.62240845,-0.41484547,
772202469908816,3,-0.014847457,-0.64117324,-0.53443146,
772202488158328,3,-0.019536495,-0.6050917,-0.42670918,
772202508330447,3,-0.029043674,-0.6247184,-0.4398098,
772202527709108,3,-0.019058526,-0.62773365,-0.48225594,
772202548461061,3,-0.033753216,-0.63911027,-0.44927406,
772202569731814,3,-0.020753622,-0.62312526,-0.4366026,
772202587767702,3,-0.030441582,-0.60919446,-0.47850418,
772202608122928,3,-0.024724841,-0.6183793,-0.4419222,
772202628447634,3,-0.024169803,-0.6563586,-0.46935272,
772202651091676,3,-0.025471926,-0.6217382,-0.4754038,
772202668181520,3,-0.01190871,-0.62071216,-0.45215702,
772202688536746,3,-0.031187475,-0.6214016,-0.4814329,
772202707884890,3,-0.015484273,-0.63316375,-0.44550133,
772202728423220,3,-0.00733912,-0.6171377,-0.46758366,
772202749938111,3,-0.01631385,-0.64105475,-0.4477539,
772202767912965,3,-0.035349727,-0.6211416,-0.41903973,
772202788695437,3,-0.022762835,-0.6423057,-0.43762112,
772202808592899,3,-0.048453927,-0.6450639,-0.49091053,
772202831328494,3,-0.026709974,-0.6405378,-0.39673805,
772202848418337,3,-0.030564666,-0.6391067,-0.46612644,
772202868712527,3,-0.018421173,-0.6380476,-0.45228004,
772202888091189,3,-0.03185904,-0.6438614,-0.45873642,
772202908354861,3,-0.034962833,-0.6461733,-0.48734093,
772202930052858,3,-0.011790216,-0.6447752,-0.4262104,
772202948058229,3,-0.04130119,-0.6284556,-0.4795189,
772202968535526,3,-0.042740464,-0.6249026,-0.44482422,
772202988738162,3,-0.046431005,-0.61499876,-0.4526615,
772203011443239,3,-0.028394103,-0.6368723,-0.4352436,
772203028838259,3,-0.032179415,-0.6598693,-0.44363022,
772203048857791,3,-0.015663862,-0.6514301,-0.4603796,
772203068205936,3,-0.036592364,-0.65253496,-0.46026516,
772203088622194,3,-0.02682662,-0.6447805,-0.45971394,
772203110228640,3,-0.03819388,-0.62656736,-0.44604206,
772203128325565,3,-0.024705827,-0.64121205,-0.46104622,
772203148619754,3,-0.02493596,-0.6075367,-0.45812702,
772203168913942,3,-0.027654946,-0.6202415,-0.44979668,
772203191619021,3,-0.023720026,-0.63194084,-0.47015,
772203208800418,3,-0.029686749,-0.6427613,-0.46843243,
772203229003055,3,-0.013829172,-0.61392343,-0.44024754,
772203248381716,3,-0.02348715,-0.6184126,-0.47194386,
772203269133670,3,-0.0058582425,-0.6051024,-0.41750336,
772203290434940,3,-0.049650967,-0.60550755,-0.49651814,
772203308440311,3,-0.022562385,-0.61626333,-0.4755354,
772203328765016,3,-0.048461318,-0.6237635,-0.44354153,
772203349120242,3,-0.020415664,-0.6202334,-0.44596195,
772203371764285,3,-0.041967392,-0.6420828,-0.46030712,
772203388854129,3,-0.016609311,-0.6283907,-0.44901943,
772203409819704,3,-0.03265357,-0.6154347,-0.46106148,
772203428526980,3,-0.018294811,-0.6098087,-0.4155445,
772203449095829,3,-0.038161576,-0.6156786,-0.47347927,
772203470580203,3,-0.034288585,-0.6283686,-0.46027756,
772203488585573,3,-0.033377767,-0.61111456,-0.42915726,
772203509276492,3,-0.009339631,-0.6159195,-0.41829872,
772203529265506,3,-0.030402005,-0.6022242,-0.4596243,
772203551940066,3,-0.028757274,-0.6076834,-0.44931507,
772203568968874,3,-0.02564764,-0.61797,-0.44819546,
772203589354617,3,-0.03547132,-0.6367796,-0.44712925,
772203608702762,3,-0.0396083,-0.64704484,-0.4793682,
772203629149539,3,-0.021735013,-0.61781377,-0.4541378,
772203650755983,3,-0.03638816,-0.62738985,-0.44817638,
772203668761355,3,-0.039809465,-0.6257054,-0.51404953,
772203693389041,3,-0.021444142,-0.6108272,-0.43510914,
772203708739383,3,-0.023654938,-0.6307627,-0.47644138,
772203731413942,3,-0.019554138,-0.63423663,-0.44878292,
772203750792605,3,-0.06079817,-0.61085117,-0.49072647,
772203768859012,3,-0.04479581,-0.6374458,-0.45307064,
772203788207156,3,-0.03268063,-0.6054196,-0.45536804,
772203810515505,3,-0.020216882,-0.60459834,-0.42639542,
772203828887088,3,-0.019216597,-0.61993194,-0.44733524,
772203848235232,3,-0.011443794,-0.61482424,-0.4394884,
772203870513065,3,-0.036573052,-0.5919971,-0.47360706,
772203888915163,3,-0.00501281,-0.5866369,-0.40762997,
772203911589724,3,-0.037307918,-0.60857165,-0.47821712,
772203930754764,3,-0.041941464,-0.62785506,-0.4500885,
772203949004276,3,-0.043448806,-0.598276,-0.47696877,
772203968535524,3,-0.0096257925,-0.6019406,-0.43618774,
772203991149050,3,-0.040872812,-0.61794937,-0.45218277,
772204009062870,3,-0.023726106,-0.5994069,-0.41197205,
772204032988650,3,-0.039533854,-0.6100547,-0.46031475,
772204050688845,3,-0.05393988,-0.5976155,-0.46033573,
772204069090945,3,-0.04217273,-0.6179253,-0.4177456,
772204091796024,3,-0.05014932,-0.62581116,-0.4877863,
772204110777957,3,-0.10447723,-0.64619374,-0.6291332,
772204129210573,3,0.04115057,-0.52703786,-0.31156158,
772204148528201,3,-0.04862827,-0.62367827,-0.45719433,
772204171019657,3,-0.02924043,-0.61064607,-0.46508408,
772204189238651,3,-0.04349357,-0.5953995,-0.41639423,
772204208586794,3,-0.027958214,-0.5899266,-0.45759964,
772204231230837,3,-0.031129181,-0.58822995,-0.45448875,
772204249266727,3,-0.04536438,-0.5897687,-0.4688797,
772204271910770,3,-0.039765477,-0.5845107,-0.43164063,
772204290953737,3,-0.0564788,-0.597802,-0.47292137,
772204309355838,3,-0.048552394,-0.612819,-0.45922852,
772204328703983,3,-0.041072905,-0.59377086,-0.42749596,
772204351012332,3,-0.044394195,-0.5917992,-0.478487,
772204369414431,3,-0.04660952,-0.59210825,-0.46128082,
772204388762576,3,-0.04379016,-0.5804457,-0.465559,
772204411192996,3,-0.04670441,-0.57251304,-0.418952,
772204429442508,3,-0.022705734,-0.55920285,-0.39865017,
772204452117067,3,-0.04510635,-0.5933251,-0.4556837,
772204471495730,3,-0.053939402,-0.5836216,-0.45018768,
772204489531620,3,-0.0370757,-0.5959257,-0.47054672,
772204508879764,3,-0.039970815,-0.58348364,-0.41857243,
772204531249147,3,-0.039508283,-0.59775263,-0.47329235,
772204549590213,3,-0.045127094,-0.57510805,-0.46614075,
772204568938358,3,-0.031049788,-0.57734084,-0.41767216,
772204591216190,3,-0.0453943,-0.56549275,-0.46966457,
772204609618288,3,-0.010486245,-0.5636699,-0.44098282,
772204632262332,3,-0.031659603,-0.5572282,-0.4667244,
772204651732547,3,-0.0071284175,-0.5746264,-0.44459248,
772204669707401,3,-0.03427005,-0.580727,-0.45000744,
772204689055544,3,-0.040911555,-0.5634631,-0.44266224,
772204711760623,3,-0.040233374,-0.5530195,-0.39767647,
772204729735477,3,-0.054046392,-0.5440888,-0.49633694,
772204749114139,3,-0.047592282,-0.59107375,-0.4860754,
772204771391970,3,-0.019178629,-0.64158976,-0.29075718,
772204789794070,3,-0.05313146,-0.57118297,-0.45088577,
772204812438114,3,-0.030384183,-0.5297112,-0.523365,
772204831450565,3,0.030547202,-0.54284036,-0.40258503,
772204849883181,3,-0.052012622,-0.51509976,-0.4184513,
772204869200808,3,0.014968276,-0.5517062,-0.603693,
772204891692264,3,-0.07816517,-0.5884263,-0.47536945,
772204909941776,3,-0.07811296,-0.5828533,-0.48583508,
772204929289919,3,-0.07185441,-0.51048034,-0.4675007,
772204951933962,3,-0.06987065,-0.52182,-0.43598366,
772204969969852,3,-0.03383094,-0.5973649,-0.43725395,
772204992644412,3,0.04040569,-0.5137929,-0.48884678,
772205011626345,3,-0.020447195,-0.5256429,-0.45667744,
772205030058963,3,-0.09824848,-0.5469019,-0.40056133,
772205049407108,3,-0.033351958,-0.5497899,-0.49116707,
772205071745975,3,0.02770102,-0.5645372,-0.4368763,
772205090087038,3,-0.06260681,-0.5631515,-0.46758366,
772205109435183,3,-0.046787083,-0.5864389,-0.4879465,
772205131865604,3,-0.029877424,-0.51818013,-0.40899754,
772205150572879,3,-0.04201168,-0.5573486,-0.46585464,
772205172789675,3,-0.011947989,-0.5406333,-0.4628315,
772205192107302,3,-0.029023409,-0.5078644,-0.42887878,
772205210204227,3,-0.090044916,-0.56583655,-0.49548817,
772205229552371,3,-0.050671875,-0.41424677,-0.37933445,
772205251891237,3,-0.03722644,-0.49956334,-0.48405743,
772205270293338,3,-0.060539544,-0.55920905,-0.38850212,
772205289610965,3,-0.07135135,-0.5018179,-0.43352318,
772205311919315,3,-0.021039367,-0.52602565,-0.4919405,
772205330290895,3,-0.036491156,-0.5350583,-0.42160606,
772205351958377,3,-0.062714815,-0.5657802,-0.48173428,
772205372130496,3,-0.07419515,-0.55914605,-0.45204163,
772205390410526,3,-0.023236513,-0.5207507,-0.44383335,
772205409728151,3,-0.054649055,-0.50867975,-0.50917244,
772205432433230,3,-0.075904846,-0.5068997,-0.43399525,
772205450438602,3,-0.0034183264,-0.49246955,-0.43096542,
772205469817264,3,-0.020608902,-0.5068145,-0.5434599,
772205494048219,3,0.075092256,-0.60771483,-0.5028286,
772205510741336,3,-0.013753951,-0.5656605,-0.35921764,
772205532103641,3,-0.077768445,-0.46248758,-0.39368916,
772205552153690,3,-0.07045281,-0.40459824,-0.43905354,
772205570555788,3,-0.041084945,-0.49752918,-0.51092815,
772205589903933,3,-0.088709354,-0.5670264,-0.45255852,
772205612425907,3,-0.08827579,-0.50744855,-0.5747795,
772205630675418,3,0.030827045,-0.4907707,-0.38928986,
772205649993044,3,-0.05896485,-0.49546024,-0.29658508,
772205672667605,3,-0.08085972,-0.5061915,-0.468318,
772205690703495,3,-0.08998817,-0.5479802,-0.52963257,
772205712340457,3,-0.025837779,-0.48445702,-0.3718462,
772205732359987,3,-0.035635233,-0.46213305,-0.44673634,
772205750762088,3,-0.0029577017,-0.5320632,-0.48273373,
772205770110233,3,0.019025028,-0.5414272,-0.495965,
772205792510135,3,-0.07452601,-0.5161328,-0.47921848,
772205810881716,3,-0.12049919,-0.4707753,-0.46851444,
772205830260379,3,-0.069882095,-0.45908928,-0.42732143,
772205852660282,3,0.09114802,-0.5723199,-0.44229984,
772205870909793,3,-0.020303965,-0.5133457,-0.50032234,
772205892516237,3,-0.06344515,-0.47152016,-0.37451172,
772205912871462,3,-0.051671445,-0.47780582,-0.48110008,
772205930968387,3,-0.016916811,-0.5037083,-0.5165348,
772205950316531,3,0.03427708,-0.5170714,-0.42802715,
772205972655397,3,-0.06667745,-0.5477489,-0.42102432,
772205990996463,3,0.041033566,-0.584535,-0.52597046,
772206010344608,3,-0.06989187,-0.54543114,-0.47539806,
772206032622440,3,-0.014984071,-0.5168995,-0.41444683,
772206051024538,3,-0.056130946,-0.40711832,-0.48985767,
772206073699099,3,-0.035090327,-0.4315868,-0.49224758,
772206092864139,3,-0.15342975,-0.4013627,-0.4090309,
772206111144167,3,-0.034432232,-0.44194674,-0.45939732,
772206130461794,3,0.03575021,-0.5514147,-0.52715397,
772206153166873,3,-0.012841105,-0.5657267,-0.45418644,
772206171172245,3,-0.23902428,-0.4706329,-0.3572054,
772206190550905,3,0.03690356,-0.5346483,-0.5629339,
772206212859255,3,0.08526218,-0.5208105,-0.4665575,
772206231230838,3,-0.1371007,-0.43057758,-0.45820618,
772206253874881,3,-0.030004561,-0.46567348,-0.4730072,
772206272887331,3,-0.022141099,-0.44618508,-0.4465599,
772206291319948,3,-0.09684652,-0.41560364,-0.49939823,
772206310637576,3,-0.0040416718,-0.4249897,-0.4909191,
772206333129032,3,0.02367878,-0.555703,-0.39648628,
772206351348025,3,-0.15489179,-0.54170483,-0.4641304,
772206370696169,3,-0.006877482,-0.4723253,-0.50528336,
772206393309695,3,-0.09174949,-0.42121425,-0.42568588,
772206411376102,3,0.031163514,-0.4289619,-0.43496323,
772206434050661,3,-0.054705024,-0.5340169,-0.49559116,
772206453063112,3,-0.06888771,-0.35871574,-0.40951633,
772206471495730,3,-0.0032841563,-0.42688018,-0.5028572,
772206490813358,3,-0.07074505,-0.3779664,-0.54119873,
772206513152224,3,0.0072236657,-0.40047276,-0.40029812,
772206531523806,3,-0.07885349,-0.47986317,-0.43142414,
772206550871951,3,-0.10277563,-0.50292265,-0.4590206,
772206573241336,3,-0.029705346,-0.4127217,-0.53914356,
772206591551882,3,-0.0046548247,-0.4438296,-0.40512085,
772206613188845,3,-0.055849433,-0.45426944,-0.45593357,
772206633605105,3,-0.12397468,-0.4364577,-0.47526073,
772206651610477,3,-0.049696505,-0.41861653,-0.41899586,
772206670989138,3,0.012179971,-0.4119627,-0.47464466,
772206693297487,3,0.0018398166,-0.41253474,-0.470994,
772206711669070,3,-0.10502499,-0.4002195,-0.42913342,
772206731047733,3,-0.12186891,-0.41884905,-0.4526205,
772206753325564,3,-0.038592696,-0.4841761,-0.4785881,
772206771819216,3,-0.0055823326,-0.4674602,-0.4433546,
772206794402224,3,-0.059269965,-0.43479356,-0.5098238,
772206813567264,3,-0.09130567,-0.48833036,-0.44172192,
772206831816775,3,-0.06436741,-0.37682644,-0.463315,
772206851134401,3,-0.032809973,-0.39866886,-0.4685812,
772206873839480,3,-0.028417408,-0.44100818,-0.44768333,
772206891875370,3,-0.05142361,-0.45870078,-0.42268848,
772206911223513,3,-0.060438573,-0.40454614,-0.5035887,
772206933501345,3,-0.031351566,-0.4064986,-0.436656,
772206951872927,3,-0.034100175,-0.43790245,-0.41461945,
772206973509891,3,-0.055556715,-0.44777074,-0.4716072,
772206993590456,3,-0.076328516,-0.4651515,-0.4627533,
772207011992556,3,-0.0684998,-0.45069182,-0.49232483,
772207031340701,3,-0.034278274,-0.38648033,-0.45358372,
772207053801639,3,-0.03992307,-0.396293,-0.43210697,
772207072051150,3,-0.06801957,-0.41405934,-0.4849205,
772207095976930,3,-0.034842253,-0.42808124,-0.43709183,
772207113982302,3,-0.03019464,-0.42003056,-0.44961548,
772207132048709,3,-0.028348267,-0.39548823,-0.44658852,
772207153655153,3,-0.060338676,-0.38961527,-0.45025444,
772207173705202,3,-0.046681225,-0.40891677,-0.4329443,
772207192107302,3,-0.030177236,-0.4121402,-0.45518875,
772207211455448,3,-0.051692903,-0.37958756,-0.45285416,
772207233794314,3,-0.03533882,-0.36112735,-0.4498453,
772207252165895,3,-0.04776126,-0.39859143,-0.44269276,
772207271514041,3,-0.072805226,-0.42207295,-0.4882574,
772207293974979,3,-0.05620879,-0.47362658,-0.43443298,
772207312193972,3,-0.057951152,-0.4556434,-0.48786354,
772207333861451,3,-0.0704034,-0.41318485,-0.45815754,
772207354247194,3,-0.036011934,-0.40635386,-0.45764446,
772207372283083,3,-0.053090274,-0.37634626,-0.45245552,
772207391631229,3,-0.030972958,-0.38810816,-0.46707344,
772207414000612,3,-0.03520894,-0.24303406,-0.41273022,
772207432341675,3,-0.09790844,-0.41353488,-0.46316814,
772207451720338,3,-0.0057522655,-0.409101,-0.4577713,
772207473967653,3,-0.06827217,-0.40169272,-0.4506693,
772207492369754,3,-0.035834014,-0.4132902,-0.4337511,
772207514037234,3,-0.069377184,-0.39745837,-0.45232105,
772207534209353,3,-0.060052514,-0.39467168,-0.46500683,
772207552458863,3,-0.03254968,-0.38072923,-0.45723724,
772207571807008,3,-0.058714688,-0.41316947,-0.47463417,
772207594542604,3,-0.025892556,-0.3649171,-0.44660378,
772207612517458,3,-0.04371804,-0.37578708,-0.45259953,
772207631896121,3,-0.051290154,-0.37544408,-0.47241879,
772207654173952,3,-0.05298972,-0.42082018,-0.47856426,
772207672545533,3,-0.024104357,-0.39586496,-0.4493618,
772207694213014,3,-0.052111924,-0.3834702,-0.46141052,
772207717925173,3,-0.061914623,-0.421189,-0.47894382,
772207732665164,3,-0.026236534,-0.37041095,-0.45567894,
772207751982791,3,-0.0400517,-0.363319,-0.4700613,
772207774504762,3,-0.037216067,-0.37605304,-0.45263672,
772207792723755,3,-0.033644497,-0.35128018,-0.44548798,
772207812041383,3,-0.05347222,-0.36128846,-0.47850513,
772207834685426,3,-0.017803252,-0.35104343,-0.44614506,
772207852721316,3,-0.054335117,-0.3786751,-0.45514584,
772207874358279,3,-0.038555145,-0.39265412,-0.4953308,
772207894438845,3,-0.04606116,-0.3638127,-0.4690714,
772207912840943,3,-0.04366523,-0.35253116,-0.454916,
772207932158571,3,-0.024730384,-0.36148253,-0.46464062,
772207954497439,3,-0.04044628,-0.37283736,-0.45689583,
772207972869021,3,-0.053073168,-0.34536493,-0.4383583,
772207992217166,3,-0.037860215,-0.34160745,-0.4748497,
772208014586549,3,-0.029354393,-0.36135185,-0.4717512,
772208032866578,3,-0.048039496,-0.35938987,-0.4652109,
772208054564577,3,-0.033398688,-0.3391792,-0.4610386,
772208074919802,3,-0.041389525,-0.34768954,-0.4611578,
772208092986208,3,-0.05456865,-0.3795821,-0.4277258,
772208112334352,3,-0.055972397,-0.35341305,-0.48415375,
772208134642701,3,-0.02140969,-0.3453726,-0.42321587,
772208153014284,3,-0.04274082,-0.34070826,-0.46876526,
772208172392947,3,-0.037463307,-0.35270792,-0.481925,
772208194670779,3,-0.0404644,-0.35954058,-0.43898106,
772208213042360,3,-0.039831102,-0.33126736,-0.46958447,
772208234709839,3,-0.047031164,-0.34477726,-0.4558258,
772208254851442,3,-0.04551816,-0.329619,-0.44087124,
772208273161989,3,-0.035105288,-0.32709226,-0.47142124,
772208292510135,3,-0.036038995,-0.3317742,-0.4542017,
772208315184695,3,-0.032523632,-0.3332906,-0.45788956,
772208333220582,3,-0.045719087,-0.34724012,-0.46329117,
772208352568727,3,-0.03503388,-0.33883518,-0.42794704,
772208374846559,3,-0.028966725,-0.34989238,-0.46028614,
772208393218142,3,-0.04533547,-0.34236586,-0.4651165,
772208414885622,3,-0.028194845,-0.3318507,-0.46875,
772208434905152,3,-0.047845364,-0.3389879,-0.44907665,
772208453337769,3,-0.027808487,-0.3304016,-0.47189617,
772208472685915,3,-0.046232462,-0.34877726,-0.4760561,
772208495116335,3,-0.04536283,-0.3453864,-0.4532547,
772208513365848,3,-0.050308943,-0.32553416,-0.47783184,
772208532744509,3,-0.031764686,-0.33175614,-0.45525837,
772208555419068,3,-0.0373078,-0.317169,-0.469203,
772208573393922,3,-0.029482365,-0.31695178,-0.4447403,
772208595030886,3,-0.038981497,-0.33344066,-0.4598093,
772208615050418,3,-0.025769234,-0.31015468,-0.45930195,
772208633513552,3,-0.02893585,-0.31495875,-0.45760345,
772208652861696,3,-0.042654216,-0.32422808,-0.4546938,
772208675200563,3,-0.026615322,-0.32446,-0.4559374,
772208693572145,3,-0.02909398,-0.30673543,-0.46144104,
772208713774783,3,-0.032975793,-0.3058169,-0.46575356,
772208735289675,3,-0.038965523,-0.32345816,-0.46631813,
772208753569704,3,-0.038302064,-0.321053,-0.45013428,
772208775237183,3,-0.031206489,-0.29557607,-0.45787144,
772208795592409,3,-0.04675871,-0.30172133,-0.4584198,
772208813658816,3,-0.035652757,-0.291512,-0.43327808,
772208833006961,3,-0.037808478,-0.29662916,-0.4675312,
772208855345827,3,-0.039242744,-0.30664456,-0.46468067,
772208873717408,3,-0.04516387,-0.29851416,-0.46892834,
772208893065553,3,-0.038003862,-0.2968474,-0.45927906,
772208915343386,3,-0.05281961,-0.30780622,-0.45198917,
772208933745486,3,-0.030933201,-0.3085028,-0.4538231,
772208955443484,3,-0.047252774,-0.31692082,-0.4718933,
772208975585084,3,-0.0500322,-0.2937482,-0.46241474,
772208993865113,3,-0.03541553,-0.30809215,-0.4583311,
772209013213259,3,-0.020628512,-0.3027335,-0.45239258,
772209035857302,3,-0.024501681,-0.29412982,-0.45911503,
772209053893191,3,-0.04026693,-0.301536,-0.46219063,
772209073271852,3,-0.037615657,-0.29153216,-0.4538641,
772209095519166,3,-0.04506719,-0.33660632,-0.47420883,
772209113921266,3,-0.04501021,-0.29986593,-0.4903555,
772209136595827,3,-0.04873115,-0.30421886,-0.45147324,
772209155638797,3,-0.018184185,-0.26593307,-0.4563284,
772209174071413,3,-0.04997766,-0.27983904,-0.46289635,
772209193419556,3,-0.060596883,-0.27349356,-0.45332336,
772209215880494,3,-0.03822404,-0.308684,-0.4772873,
772209234130007,3,-0.050200224,-0.27154475,-0.46231842,
772209253447635,3,-0.04592371,-0.27923417,-0.45041466,
772209276091677,3,-0.062376976,-0.26946107,-0.4618826,
772209294127565,3,-0.06017655,-0.2619496,-0.48823452,
772209316832643,3,-0.011105239,-0.2887381,-0.44624138,
772209335784059,3,-0.037909746,-0.28320852,-0.47021675,
772209354216677,3,-0.09026581,-0.3069665,-0.47864628,
772209373564822,3,-0.09726149,-0.2886726,-0.4624567,
772209395903688,3,0.018826604,-0.2771647,-0.44145584,
772209414275269,3,-0.039875925,-0.25655952,-0.5164747,
772209433623415,3,-0.02744639,-0.26766923,-0.4752016,
772209456023318,3,-0.038912058,-0.279237,-0.40701866,
772209474303348,3,-0.031888008,-0.24742535,-0.38734055,
772209496977907,3,-0.04198587,-0.25657955,-0.51427937,
772209516387085,3,-0.061963737,-0.30301875,-0.44099617,
772209534392457,3,-0.061684906,-0.3048083,-0.43637562,
772209553740603,3,-0.042565584,-0.30530214,-0.4898653,
772209576079471,3,-0.049346328,-0.2702522,-0.47864246,
772209594481570,3,-0.029480755,-0.2821876,-0.4273033,
772209613799196,3,-0.039297283,-0.26807436,-0.50819874,
772209636077027,3,-0.058457434,-0.25519174,-0.4743414,
772209654479128,3,-0.071389616,-0.25383043,-0.46555614,
772209676116091,3,0.008136272,-0.26491863,-0.4417591,
772209696288210,3,0.042938113,-0.2238313,-0.50708103,
772209714568238,3,-0.06575054,-0.15750822,-0.47720337,
772209733916383,3,-0.06766862,-0.23566397,-0.4204178,
772209756590944,3,-0.01818943,-0.24581036,-0.5114336,
772209774626833,3,0.01259315,-0.3842646,-0.42123032,
772209793974979,3,-0.11217821,-0.1844368,-0.4489708,
772209816283327,3,-0.03376019,-0.27768502,-0.51498795,
772209836302857,3,-0.07390559,-0.2355409,-0.44999218,
772209856261354,3,-0.039886236,-0.2603901,-0.55836296,
772209876311403,3,-0.016449034,-0.31076598,-0.48497677,
772209894713504,3,-0.09904206,-0.23550373,-0.43827248,
772209914061648,3,-0.016057253,-0.27719378,-0.5208788,
772209936522584,3,-0.11419058,-0.21991727,-0.4904728,
772209954772096,3,0.028552115,-0.23559971,-0.49398327,
772209974120241,3,0.116248846,-0.24539676,-0.51539993,
772209996733767,3,0.011839867,-0.2292035,-0.42346096,
772210014800173,3,-0.049090326,-0.24671535,-0.38629723,
772210037505250,3,-0.12759888,-0.33159375,-0.4839611,
772210056487183,3,-0.0041665435,-0.27061123,-0.53082085,
772210074919801,3,0.12026727,-0.360089,-0.38067627,
772210094298464,3,-0.11769509,-0.15286568,-0.5393448,
772210116576297,3,-0.04608029,-0.27306432,-0.41804886,
772210134978395,3,-0.08517319,-0.07652925,-0.46908092,
772210154296021,3,-0.06118393,-0.13729659,-0.42315102,
772210176726442,3,0.016802907,-0.4218906,-0.52587795,
772210195464235,3,0.08529848,-0.4025153,-0.52192783,
772210217711551,3,-0.0813545,-0.18602625,-0.5778036,
772210237029177,3,-0.049264073,-0.18793103,-0.37067223,
772210255095582,3,0.003272891,-0.18223542,-0.5033846,
772210274443727,3,-0.03307444,-0.3059921,-0.5081749,
772210296782595,3,-0.09963322,-0.30094412,-0.4697485,
772210315154177,3,-0.018934548,-0.22059873,-0.49959946,
772210334502322,3,-0.005708158,-0.12776363,-0.4137621,
772210356780152,3,-0.024717808,-0.1613926,-0.42055225,
772210375151734,3,-0.034335732,-0.23293832,-0.49585247,
772210396819215,3,-0.019471586,-0.184966,-0.5012207,
772210416991335,3,-0.027571738,-0.15342684,-0.4621954,
772210435271365,3,-0.04162252,-0.22760794,-0.46748638,
772210454650026,3,-0.02333653,-0.25491124,-0.45176983,
772210477355103,3,-0.0057932734,-0.24445868,-0.4438734,
772210495299440,3,-0.026950002,-0.12753704,-0.42580032,
772210514678103,3,-0.02721703,-0.11141955,-0.5071821,
772210536955935,3,0.007637441,-0.16365671,-0.46403313,
772210555327517,3,-0.04860586,-0.2415056,-0.42570972,
772210576994996,3,-0.0390805,-0.21757749,-0.49405575,
772210597014527,3,-0.09949005,-0.26089448,-0.5176792,
772210615416628,3,-0.049366295,-0.19477166,-0.44954395,
772210634764773,3,-0.04805541,-0.18336093,-0.51478195,
772210657256228,3,0.025197685,-0.24633431,-0.4729147,
772210675475221,3,-0.011308432,-0.23249935,-0.43336773,
772210694853883,3,-0.036135197,-0.2124622,-0.46574688,
772210717497926,3,-0.009305298,-0.16763079,-0.4909811,
772210735503298,3,-0.017755866,-0.14021662,-0.46647644,
772210757140262,3,-0.020682395,-0.18550463,-0.462265,
772210777190309,3,-0.017053545,-0.20870937,-0.47358608,
772210795622925,3,-0.023633063,-0.20245178,-0.45672798,
772210814940553,3,-0.0152416825,-0.20352472,-0.46860695,
772210837279421,3,-0.018727541,-0.17755438,-0.45667648,
772210855651004,3,-0.039508283,-0.18297493,-0.47292137,
772210874999148,3,-0.057783365,-0.18976991,-0.46630287,
772210897399049,3,-0.040222883,-0.17749041,-0.45737362,
772210915679078,3,-0.012456298,-0.18182702,-0.45741463,
772210937377077,3,-0.025977075,-0.19453388,-0.46933556,
772210957701785,3,-0.039273202,-0.21278246,-0.4896965,
772210975798708,3,-0.02917564,-0.20797144,-0.48486996,
772210995146852,3,-0.036741495,-0.17690168,-0.45962238,
772211017485719,3,-0.040191412,-0.17150727,-0.4529705,
772211035857301,3,-0.028094828,-0.16554654,-0.45772266,
772211055174929,3,-0.01656866,-0.17488678,-0.46609306,
772211077452762,3,-0.014040709,-0.15851966,-0.470253,
772211095854860,3,-0.031992316,-0.18056133,-0.4463005,
772211118559938,3,-0.033593178,-0.18947351,-0.4641676,
772211137633424,3,-0.031247497,-0.1707718,-0.4719162,
772211155974489,3,-0.04126048,-0.18375589,-0.48330402,
772211175322635,3,-0.052993357,-0.18572292,-0.45759392,
772211197966677,3,-0.044207096,-0.19365634,-0.47365856,
772211216002565,3,-0.03607726,-0.19344676,-0.47367668,
772211235350709,3,-0.02825576,-0.17656733,-0.45036507,
772211257964235,3,-0.04647273,-0.1708037,-0.4599886,
772211276030642,3,-0.032603145,-0.18044885,-0.47263527,
772211298705202,3,-0.0449242,-0.1891552,-0.45408058,
772211317717652,3,-0.028060019,-0.20043907,-0.4791832,
772211336119752,3,-0.020653486,-0.17147933,-0.46594524,
772211355467897,3,-0.026677847,-0.18778959,-0.46349907,
772211377928835,3,-0.031490088,-0.18374732,-0.48559475,
772211396178348,3,-0.039426446,-0.18203165,-0.44674683,
772211415557009,3,-0.037665546,-0.18877904,-0.47372055,
772211438201050,3,-0.04024768,-0.19889729,-0.48151493,
772211456236940,3,-0.057605684,-0.14981614,-0.4479952,
772211478911502,3,-0.04340172,-0.18592355,-0.45882416,
772211497832400,3,-0.040320873,-0.19419248,-0.47557163,
772211516295535,3,-0.035905242,-0.18122976,-0.45941448,
772211535643678,3,-0.028861642,-0.18659647,-0.46776295,
772211557982545,3,-0.036663234,-0.16999018,-0.4683237,
772211576354128,3,-0.028193355,-0.15442999,-0.44195938,
772211595702273,3,-0.049927354,-0.16910122,-0.46466255,
772211618102175,3,-0.03006649,-0.16843583,-0.46116257,
772211636351686,3,-0.039384305,-0.18023479,-0.46712685,
772211659056764,3,-0.037047565,-0.16400383,-0.45387554,
772211678435427,3,-0.04370469,-0.1698065,-0.4580288,
772211696471316,3,-0.040920615,-0.18495536,-0.46879482,
772211715819461,3,-0.03540021,-0.17083895,-0.45375538,
772211738127809,3,-0.044388294,-0.17560488,-0.4405527,
772211756468873,3,-0.051317632,-0.16673368,-0.4555006,
772211775817018,3,-0.058393,-0.16485529,-0.4692297,
772211798125368,3,-0.067223966,-0.15556896,-0.48173618,
772211816527469,3,-0.04151374,-0.15849261,-0.4626627,
772211839202029,3,-0.06127441,-0.1978893,-0.47474003,
772211858306032,3,-0.046530843,-0.15301973,-0.48438072,
772211876586061,3,-0.050016046,-0.14787722,-0.4569311,
772211895964724,3,-0.056290805,-0.16180697,-0.45284176,
772211918639286,3,-0.047796786,-0.15674202,-0.4761753,
772211936675173,3,-0.040815532,-0.14417726,-0.45052624,
772211956053834,3,-0.028337002,-0.15951267,-0.44880867,
772211978392702,3,-0.04024589,-0.15046783,-0.47147846,
772211996733766,3,-0.036995888,-0.15871528,-0.45230103,
772212019377811,3,-0.04853618,-0.15175158,-0.47676563,
772212038420779,3,-0.038859487,-0.1499761,-0.4911604,
772212056792360,3,-0.04471129,-0.14424364,-0.47557926,
772212076171021,3,-0.038294554,-0.14787668,-0.45881748,
772212098601443,3,-0.043714464,-0.14793542,-0.48098183,
772212116881472,3,-0.041148722,-0.14354555,-0.46605587,
772212136229617,3,-0.057285666,-0.14457045,-0.47388744,
772212158812625,3,-0.04466617,-0.14970739,-0.4601307,
772212176879030,3,-0.039013386,-0.15127808,-0.46851063,
772212199614626,3,-0.036025226,-0.15600698,-0.46378994,
772212218566043,3,-0.041042328,-0.14038731,-0.46623325,
772212236968142,3,-0.053768158,-0.15683503,-0.47826576,
772212256346804,3,-0.05458975,-0.13677298,-0.4447813,
772212278685670,3,-0.044915795,-0.13248743,-0.48367023,
772212297026734,3,-0.028130412,-0.13274886,-0.46817207,
772212316405397,3,-0.030058324,-0.14267656,-0.45560646,
772212338805301,3,-0.02786839,-0.13565573,-0.4687662,
772212357024295,3,-0.033544958,-0.124311656,-0.46216965,
772212379698854,3,-0.027860045,-0.15627179,-0.4700203,
772212399077516,3,-0.03991735,-0.14061339,-0.45998764,
772212417113405,3,-0.05664164,-0.135063,-0.4665966,
772212436492068,3,-0.04433334,-0.13727695,-0.46486664,
772212458800419,3,-0.03426683,-0.13515417,-0.47619915,
772212477202517,3,-0.043962896,-0.12857983,-0.47021484,
772212501555543,3,-0.05233997,-0.11609939,-0.4468603,
772212518859011,3,-0.039040208,-0.12430693,-0.4449854,
772212537261110,3,-0.045193255,-0.14061752,-0.48329735,
772212559874637,3,-0.037032366,-0.1417325,-0.48090553,
772212579009158,3,-0.027435243,-0.13519594,-0.4653635,
772212597319703,3,-0.030451536,-0.12104541,-0.4731493,
772212616667848,3,-0.047337472,-0.11343926,-0.45946312,
772212639342410,3,-0.04165584,-0.122875944,-0.4673071,
772212657378298,3,-0.044169366,-0.1399358,-0.46506405,
772212676726444,3,-0.036299527,-0.13127434,-0.45554352,
772212699004274,3,-0.046111226,-0.14208394,-0.49920177,
772212717406373,3,-0.05624628,-0.12938915,-0.48189545,
772212740080935,3,-0.039730966,-0.14045179,-0.47952366,
772212759093387,3,-0.047156334,-0.124119215,-0.496912,
772212777495486,3,-0.029453576,-0.112162225,-0.417284,
772212797026736,3,-0.03409356,-0.11923173,-0.4986086,
772212819304567,3,-0.05902022,-0.12186985,-0.46508312,
772212837584596,3,-0.028770208,-0.10753121,-0.45254803,
772212856871706,3,-0.041971207,-0.10564748,-0.49157143,
772212879393680,3,-0.032472372,-0.11884755,-0.4641323,
772212897551638,3,-0.05160719,-0.12650318,-0.45637226,
772212920226197,3,-0.046043694,-0.12905377,-0.4750929,
772212939208132,3,-0.034146726,-0.12555747,-0.46191788,
772212957640749,3,-0.028340816,-0.108878866,-0.46669197,
772212976988894,3,-0.03243524,-0.12244605,-0.4498968,
772212999297244,3,-0.049472928,-0.12721717,-0.46680927,
772213017699343,3,-0.05013448,-0.116984606,-0.4602213,
772213037047486,3,-0.055632353,-0.11690053,-0.4764204,
772213059447390,3,-0.027908802,-0.12439573,-0.46985435,
772213077696902,3,-0.0420115,-0.1302881,-0.47228718,
772213100371464,3,-0.031674862,-0.10590887,-0.48852062,
772213119719607,3,-0.020526469,-0.11218685,-0.46346092,
772213137786012,3,-0.031573355,-0.12122829,-0.47251606,
772213157164674,3,-0.031294167,-0.12141028,-0.44854736,
772213179473025,3,-0.03707695,-0.11405347,-0.45440483,
772213197875125,3,-0.03456229,-0.13503173,-0.4819193,
772213217223269,3,-0.032966435,-0.1056059,-0.47528458,
772213239501101,3,-0.054121435,-0.14597932,-0.49623966,
772213257872683,3,-0.035689414,-0.13908541,-0.43932724,
772213280547245,3,-0.05192864,-0.11562932,-0.4919119,
772213299712283,3,-0.016130745,-0.10700038,-0.4506693,
772213317961793,3,-0.034556985,-0.09497919,-0.50874615,
772213337309938,3,-0.040920615,-0.099806055,-0.45009708,
772213360045536,3,-0.013637304,-0.1024691,-0.45846272,
772213378050906,3,-0.03369111,-0.09580719,-0.47161674,
772213397368531,3,-0.02076602,-0.11948113,-0.4489107,
772213419646365,3,-0.038644373,-0.08932105,-0.49205303,
772213438048465,3,-0.026756763,-0.10497826,-0.4699154,
772213460753542,3,-0.053346395,-0.10089944,-0.44480038,
772213479765993,3,-0.033536613,-0.10229616,-0.46999454,
772213498137575,3,-0.032035887,-0.09173172,-0.46648598,
772213517516238,3,-0.029569983,-0.098949626,-0.46723366,
772213539946658,3,-0.033189714,-0.10867,-0.46485138,
772213558196168,3,-0.02295351,-0.11490521,-0.46257305,
772213577544313,3,-0.03489119,-0.09798761,-0.4686079,
772213600218876,3,-0.032996535,-0.13225713,-0.47341728,
772213618346316,3,-0.023518682,-0.08891612,-0.46389675,
772213640929323,3,-0.019212484,-0.10399087,-0.4758978,
772213659941775,3,-0.018651068,-0.09131536,-0.47836685,
772213678343876,3,-0.017677367,-0.10184015,-0.4867401,
772213697692019,3,-0.02603954,-0.11243798,-0.47538567,
772213720000368,3,-0.043012083,-0.09723591,-0.47242546,
772213738402469,3,-0.021002412,-0.088464394,-0.4658575,
772213757720095,3,-0.033817828,-0.10473467,-0.47255802,
772213780119997,3,-0.019014895,-0.09255667,-0.4814806,
772213798400027,3,-0.018943846,-0.09533592,-0.4742689,
772213820067508,3,-0.034650624,-0.08331892,-0.4765997,
772213840422733,3,-0.019257784,-0.07664189,-0.46338844,
772213858489138,3,-0.02016586,-0.07616931,-0.48499584,
772213877837281,3,-0.04725921,-0.10303514,-0.47840023,
772213900176150,3,-0.025626123,-0.074649945,-0.46512032,
772213918547733,3,-0.034274757,-0.07730277,-0.45742035,
772213937895876,3,-0.025378168,-0.08353541,-0.464571,
772213960204226,3,-0.022377253,-0.08440613,-0.47116566,
772213978575809,3,-0.015957415,-0.079563946,-0.4573803,
772214000243290,3,-0.023636878,-0.07937452,-0.45851707,
772214020384890,3,-0.025170386,-0.07957345,-0.46877575,
772214038664919,3,-0.027617037,-0.083682165,-0.4652586,
772214058043581,3,-0.024524331,-0.076978326,-0.45325184,
772214080687626,3,-0.02759701,-0.079060525,-0.47064495,
772214098723513,3,-0.044021726,-0.06687898,-0.45326996,
772214118071656,3,-0.02482611,-0.084071204,-0.4574194,
772214140380008,3,-0.028177142,-0.091226295,-0.48132706,
772214158751591,3,-0.020090997,-0.089268915,-0.47895908,
772214180419070,3,-0.016713977,-0.075493775,-0.47889042,
772214200408083,3,-0.019553721,-0.083990715,-0.47581577,
772214218840701,3,-0.0272187,-0.09448493,-0.483572,
772214238188845,3,-0.04558724,-0.09015881,-0.46803856,
772214260649783,3,-0.039892137,-0.102603905,-0.46691132,
772214278899294,3,-0.04051745,-0.091964915,-0.46212673,
772214298308475,3,-0.023601234,-0.07874876,-0.4753523,
772214320922001,3,-0.043841362,-0.098488465,-0.48612785,
772214338927371,3,-0.022150278,-0.09006025,-0.46156693,
772214360594851,3,-0.03581834,-0.06482914,-0.46223927,
772214380614383,3,-0.02358836,-0.070925266,-0.45811367,
772214399047001,3,-0.025315762,-0.078336746,-0.4538803,
772214418395144,3,-0.025287211,-0.0692874,-0.46826172,
772214440734011,3,-0.038573086,-0.1056493,-0.45757103,
772214459105594,3,-0.012850404,-0.06580128,-0.45282364,
772214478453739,3,-0.016186297,-0.08315851,-0.46476936,
772214500853640,3,-0.021832168,-0.0672343,-0.4743309,
772214519103152,3,-0.024817586,-0.08301318,-0.47552586,
772214540770633,3,-0.022481441,-0.0756573,-0.4682951,
772214561125858,3,-0.039752185,-0.08344251,-0.47851563,
772214579192263,3,-0.043393254,-0.080100685,-0.4694929,
772214598540407,3,-0.04029447,-0.09594518,-0.47121525,
772214620879275,3,-0.03479469,-0.06612598,-0.45081997,
772214639250858,3,-0.042002916,-0.077144,-0.46633148,
772214658599001,3,-0.034779012,-0.0795272,-0.4699068,
772214680876833,3,-0.030356169,-0.06507406,-0.46048546,
772214699248416,3,-0.029802918,-0.069221094,-0.46891308,
772214720915897,3,-0.038865745,-0.0672849,-0.4783678,
772214741088015,3,-0.04427588,-0.085069306,-0.45608616,
772214759368044,3,-0.0335809,-0.07050083,-0.47463608,
772214778716189,3,-0.027956963,-0.07912505,-0.464386,
772214801360233,3,-0.040170133,-0.0715671,-0.47800732,
772214819426638,3,-0.03264755,-0.06743249,-0.46840954,
772214838774782,3,-0.042080343,-0.06818843,-0.4641447,
772214861052615,3,-0.0368253,-0.054466076,-0.46533108,
772214879454716,3,-0.04345429,-0.08755988,-0.47118568,
772214901122195,3,-0.04044962,-0.07380758,-0.47718334,
772214921141726,3,-0.038053393,-0.06730035,-0.46282387,
772214939635379,3,-0.037965834,-0.06911277,-0.46513367,
772214958983524,3,-0.030634344,-0.06826211,-0.47641563,
772214981413943,3,-0.048631907,-0.0662644,-0.45911407,
772214999632937,3,-0.049738467,-0.06801007,-0.48795033,
772215018981082,3,-0.040690422,-0.09704233,-0.46763515,
772215041594608,3,-0.03360665,-0.08474932,-0.4747963,
772215059661013,3,-0.05458212,-0.066067085,-0.470047,
772215081297976,3,-0.034966826,-0.0658716,-0.46221733,
772215101317508,3,-0.038256228,-0.057175413,-0.4669981,
772215119719608,3,-0.03645104,-0.08610395,-0.45991707,
772215139098269,3,-0.04173696,-0.060835395,-0.4720354,
772215161376101,3,-0.039980114,-0.063435644,-0.46130753,
772215179778201,3,-0.020814896,-0.07178393,-0.46667385,
772215199095829,3,-0.02629894,-0.06235095,-0.46086788,
772215221526247,3,-0.04480678,-0.07159954,-0.47699547,
772215239775759,3,-0.0405342,-0.052959293,-0.4740095,
772215261443240,3,-0.04492098,-0.06276253,-0.47220325,
772215281859501,3,-0.04469782,-0.079238296,-0.44757938,
772215299864871,3,-0.047435284,-0.06391126,-0.4618702,
772215319243532,3,-0.028877556,-0.060474306,-0.4475031,
772215341551883,3,-0.029802144,-0.08569463,-0.4648924,
772215359923466,3,-0.04480201,-0.077721685,-0.47696018,
772215379271609,3,-0.04522711,-0.06037008,-0.47638035,
772215401549440,3,-0.020627975,-0.06569621,-0.47403622,
772215419951541,3,-0.04003483,-0.053862266,-0.47765255,
772215441588504,3,-0.042309046,-0.064661816,-0.4680338,
772215461730105,3,-0.041332185,-0.06521789,-0.47041702,
772215480040652,3,-0.04684621,-0.057934448,-0.46273518,
772215499388797,3,-0.038575113,-0.070965305,-0.47010803,
772215522063358,3,-0.030954182,-0.047671378,-0.4587679,
772215543364626,3,-0.032748103,-0.053809993,-0.45753002,
772215559477907,3,-0.04278642,-0.08217191,-0.47610378,
772215581786258,3,-0.029531658,-0.059863225,-0.4600067,
772215600188358,3,-0.04323113,-0.05675551,-0.4672413,
772215621825320,3,-0.02263558,-0.062390074,-0.4611807,
772215641753298,3,-0.04235506,-0.06226126,-0.48024845,
772215660246951,3,-0.022660851,-0.055457357,-0.48204613,
772215679595096,3,-0.014741361,-0.052601524,-0.45628738,
772215701994997,3,-0.013261139,-0.050836526,-0.46469307,
772215720305544,3,-0.023969173,-0.0344465,-0.46709442,
772215739653689,3,-0.031416833,-0.05578392,-0.46403217,
772215762297733,3,-0.052458584,-0.067149475,-0.46817398,
772215780333621,3,-0.049530387,-0.041805886,-0.47355843,
772215802062136,3,-0.05198902,-0.05341993,-0.4645691,
772215822020633,3,-0.032221735,-0.042734213,-0.48248482,
772215840422733,3,-0.031551003,-0.08265202,-0.4699316,
772215859770876,3,-0.038069427,-0.06048213,-0.4813242,
772215882079226,3,-0.032516778,-0.03924246,-0.4693632,
772215900481326,3,-0.02068299,-0.040439088,-0.47594547,
772215919829471,3,-0.04933572,-0.04611151,-0.4622841,
772215942290408,3,-0.039914966,-0.055340853,-0.46057415,
772215960509402,3,-0.024457574,-0.051794298,-0.47913074,
772215982176883,3,-0.025822759,-0.04162114,-0.48095798,
772216002501590,3,-0.039885044,-0.046770703,-0.4935074,
772216020629031,3,-0.053411484,-0.03630338,-0.47372627,
772216039946657,3,-0.03348273,-0.046619013,-0.46406174,
772216062285525,3,-0.03423351,-0.050461993,-0.47726154,
772216080657108,3,-0.03608632,-0.029272161,-0.47845078,
772216100005251,3,-0.04648018,-0.039818365,-0.46590805,
772216122283083,3,-0.042697966,-0.048068892,-0.44972134,
772216140685184,3,-0.039623976,-0.044253714,-0.4641037,
772216162322147,3,-0.03101939,-0.041985437,-0.45514965,
772216182494265,3,-0.03799206,-0.040286385,-0.46479225,
772216200774294,3,-0.042672515,-0.03316585,-0.47382355,
772216220152957,3,-0.024924994,-0.054554377,-0.46781445,
772216242827518,3,-0.032658517,-0.033892516,-0.48262978,
772216260832888,3,-0.034415722,-0.058000065,-0.46698284,
772216280181032,3,-0.036270857,-0.04844952,-0.47056866,
772216302489383,3,-0.02883637,-0.06660905,-0.47404194,
772216320860966,3,-0.04099542,-0.039171405,-0.4692335,
772216342497927,3,-0.039479673,-0.055701315,-0.45778656,
772216362517458,3,-0.052286983,-0.062446594,-0.46968746,
772216380950076,3,-0.041215777,-0.080583096,-0.47325897,
772216400298220,3,-0.05125588,-0.032423142,-0.4624567,
772216422820192,3,-0.04536307,-0.056365013,-0.4749918,
772216441008669,3,-0.025521994,-0.04914715,-0.47154427,
772216460356814,3,-0.034043968,-0.06684998,-0.46315098,
772216483000857,3,-0.023276806,-0.04717702,-0.45886898,
772216501036745,3,-0.044979453,-0.05520897,-0.47321987,
772216523680788,3,-0.043394446,-0.04402221,-0.48102474,
772216542693240,3,-0.05430472,-0.05400701,-0.46365833,
772216561125857,3,-0.037763953,-0.05431863,-0.4660282,
772216580474000,3,-0.050568044,-0.04660634,-0.46421432,
772216602782351,3,-0.057245612,-0.059249885,-0.46244717,
772216621184451,3,-0.034635544,-0.043838013,-0.47679615,
772216640502078,3,-0.04147899,-0.058495555,-0.4881506,
772216662932496,3,-0.037827313,-0.039479084,-0.4671545,
772216681182009,3,-0.040439248,-0.060791083,-0.48684597,
772216703887088,3,-0.036229253,-0.038500957,-0.45517159,
772216723204714,3,-0.043524742,-0.04022128,-0.46774197,
772216741301637,3,-0.04875809,-0.036206312,-0.46416664,
772216760649782,3,-0.024154186,-0.06321754,-0.4540367,
772216782988650,3,-0.049146056,-0.06638251,-0.48632717,
772216801360232,3,-0.038951218,-0.04084069,-0.47076893,
772216820708375,3,-0.033014357,-0.047439463,-0.46961403,
772216842986208,3,-0.041361332,-0.04120748,-0.44976902,
772216861357791,3,-0.05419922,-0.04251911,-0.47903156,
772216883025271,3,-0.047150075,-0.070331536,-0.478467,
772216903166871,3,-0.046126485,-0.04619228,-0.45865154,
772216921446902,3,-0.05078107,-0.05326218,-0.4539156,
772216940825564,3,-0.04261142,-0.067043126,-0.47074604,
772216963469607,3,-0.042076945,-0.052626625,-0.45821762,
772216981505495,3,-0.025303423,-0.038440827,-0.47381687,
772217000884157,3,-0.03430617,-0.051641963,-0.4755993,
772217023131472,3,-0.035247803,-0.059716545,-0.45342922,
772217041533572,3,-0.045419216,-0.042739913,-0.4660101,
772217064208131,3,-0.03249061,-0.0487051,-0.46079445,
772217083220583,3,-0.031933606,-0.0439856,-0.47457123,
772217101653201,3,-0.046809852,-0.037952058,-0.48421478,
772217121001345,3,-0.040827334,-0.04860285,-0.4633751,
772217143462282,3,-0.03952235,-0.04837452,-0.4598894,
772217161711794,3,-0.0429461,-0.047553964,-0.47546196,
772217181029422,3,-0.04531759,-0.06929522,-0.45571423,
772217203703982,3,-0.055921376,-0.024450444,-0.45213985,
772217221709352,3,-0.02660799,-0.043120693,-0.45214653,
772217243346315,3,-0.029980958,-0.04972707,-0.4820547,
772217263396365,3,-0.032522917,-0.046433143,-0.47670364,
772217281798465,3,-0.022788525,-0.043600366,-0.45806885,
772217301177125,3,-0.030185938,-0.049056586,-0.47597027,
772217323424440,3,-0.034650564,-0.042700678,-0.46398544,
772217341887576,3,-0.042334437,-0.07366912,-0.453166,
772217361235720,3,-0.050871253,-0.04574264,-0.4722681,
772217383635621,3,-0.035758376,-0.029455625,-0.45317745,
772217401946169,3,-0.033593178,-0.034255214,-0.46517563,
772217424590213,3,-0.03640032,-0.042817548,-0.47351456,
772217443968875,3,-0.044104993,-0.04134513,-0.47945786,
772217462035280,3,-0.041606367,-0.03525413,-0.4745407,
772217481383425,3,-0.030557156,-0.03539437,-0.44279194,
772217503722293,3,-0.039326012,-0.026107777,-0.48824596,
772217522093875,3,-0.04033822,-0.049122017,-0.4840727,
772217541442018,3,-0.048034668,-0.04932163,-0.4595909,
772217563719851,3,-0.030307949,-0.03459128,-0.45059776,
772217582121951,3,-0.04491484,-0.037786342,-0.4806013,
772217604796511,3,-0.04988545,-0.046672102,-0.47755718,
772217623931032,3,-0.04939431,-0.045680206,-0.47451687,
772217642150025,3,-0.040433764,-0.054163262,-0.46618462,
772217661528687,3,-0.043142498,-0.05275738,-0.4745884,
772217684203249,3,-0.043872178,-0.017614864,-0.46260166,
772217702208621,3,-0.041700184,-0.03707538,-0.4655342,
772217721556766,3,-0.038205326,-0.039919414,-0.47090244,
772217743834596,3,-0.050186217,-0.045653492,-0.45648766,
772217762206177,3,-0.051260054,-0.030832034,-0.46966934,
772217784880739,3,-0.054026306,-0.037138365,-0.4751215,
772217803923708,3,-0.0480451,-0.028736014,-0.4577675,
772217822325809,3,-0.024367154,-0.028983664,-0.46912193,
772217841673953,3,-0.040575147,-0.033360526,-0.47574997,
772217864134889,3,-0.029564083,-0.037272546,-0.46863365,
772217882384400,3,-0.040190816,-0.04004304,-0.46625137,
772217901732545,3,-0.04863286,-0.024622,-0.46565247,
772217924346071,3,-0.04699254,-0.024583936,-0.47410774,
772217942412478,3,-0.05391997,-0.04903324,-0.47049046,
772217965087039,3,-0.042449057,-0.021131087,-0.46322918,
772217984068971,3,-0.032323897,-0.028655056,-0.4697628,
772218002532105,3,-0.04349059,-0.05165336,-0.47327614,
772218021910768,3,-0.04145074,-0.05154102,-0.47918892,
772218044219118,3,-0.0531196,-0.024212435,-0.45835304,
772218062621219,3,-0.027381778,-0.034469146,-0.45357227,
772218081969363,3,-0.032980382,-0.02883165,-0.48946285,
772218104369264,3,-0.042825103,-0.061479207,-0.4511528,
772218122618775,3,-0.043619037,-0.037040237,-0.473382,
772218145293336,3,-0.037671268,-0.025492646,-0.44884586,
772218164702516,3,-0.035467386,-0.02728815,-0.4572611,
772218182707888,3,-0.06455481,-0.002748385,-0.45368767,
772218202086551,3,-0.059241533,-0.026367124,-0.4429989,
772218224394899,3,-0.038349092,-0.02057086,-0.47761345,
772218242796998,3,-0.053136587,-0.029086502,-0.47694397,
772218262145143,3,-0.04458505,-0.043340765,-0.4668312,
772218284392458,3,-0.026431382,-0.039178967,-0.46326447,
772218302886111,3,-0.035632074,-0.04695329,-0.48544312,
772218325469119,3,-0.03815043,-0.030128088,-0.4746151,
772218344603639,3,-0.040605783,-0.02182031,-0.46145058,
772218362944703,3,-0.050066948,-0.027046377,-0.48240948,
772218382231813,3,-0.053081453,-0.020570677,-0.4494915,
772218404906375,3,-0.04058391,-0.015547916,-0.47287846,
772218422942263,3,-0.064612746,-0.02428228,-0.46633244,
772218442290406,3,-0.042597473,-0.029801995,-0.48432064,
772218464507203,3,-0.039626777,-0.017842751,-0.4621725,
772218482970339,3,-0.043678164,-0.0238973,-0.44123077,
772218505705935,3,-0.041838825,-0.018357787,-0.4603424,
772218524626834,3,-0.057444572,-0.045936994,-0.46992207,
772218543059450,3,-0.024586558,-0.029564315,-0.48198414,
772218562407593,3,-0.048768163,-0.021873651,-0.45986462,
772218584868532,3,-0.050008595,-0.02664671,-0.46234035,
772218603087527,3,-0.03828913,-0.02645466,-0.4712515,
772218622466189,3,-0.043205976,-0.013140529,-0.46815777,
772218645049197,3,-0.03591329,-0.03878303,-0.48423386,
772218663085084,3,-0.034825206,-0.022656253,-0.47046185,
772218685759645,3,-0.044200122,-0.018157221,-0.4716301,
772218704772097,3,-0.052710354,-0.032109104,-0.456563,
772218723174197,3,-0.05441898,-0.055943787,-0.4792757,
772218742552859,3,-0.05723858,-0.027809834,-0.46916962,
772218764800172,3,-0.052032113,-0.025658317,-0.46202278,
772218783263307,3,-0.046589077,-0.014700104,-0.4650669,
772218802611452,3,-0.05189842,-0.05410565,-0.48183346,
772218824980837,3,-0.035250306,-0.02290135,-0.46271515,
772218843260867,3,-0.055161476,-0.024197783,-0.4633026,
772218865935426,3,-0.033650517,-0.02152637,-0.45196533,
772218885283570,3,-0.03997892,-0.020886356,-0.475235,
772218903349977,3,-0.041974366,-0.024576774,-0.45900917,
772218922759157,3,-0.046058476,-0.0064088814,-0.4679985,
772218945036990,3,-0.056321025,-0.014760785,-0.47347736,
772218963408572,3,-0.033040643,-0.037352376,-0.47471333,
772218982787233,3,-0.029064894,-0.01618081,-0.466321,
772219005065065,3,-0.025990188,-0.025859505,-0.4610319,
772219023467165,3,-0.04295641,-0.0349935,-0.46280575,
772219046141726,3,-0.060183823,-0.009397138,-0.48191547,
772219065245730,3,-0.03809136,-0.03212167,-0.46690178,
772219083525758,3,-0.038434207,-0.0246205,-0.46687412,
772219102873902,3,-0.040114105,-0.021156186,-0.4770155,
772219125578981,3,-0.03180629,-0.027983364,-0.47944832,
772219143614871,3,-0.05428016,-0.027624652,-0.4687004,
772219162963016,3,-0.029721797,-0.017592575,-0.45018482,
772219185210329,3,-0.042148948,-0.03514222,-0.45742035,
772219203642945,3,-0.041300654,-0.0237675,-0.48368168,
772219226317506,3,-0.040857494,-0.022188928,-0.47887707,
772219245268923,3,-0.026216388,-0.02265238,-0.4735117,
772219263701541,3,-0.034656048,-0.02497684,-0.47410583,
772219283080203,3,-0.042542398,-0.025851503,-0.45734024,
772219305480104,3,-0.064322054,-0.035005264,-0.46625614,
772219323760133,3,-0.026667655,-0.023056539,-0.465703,
772219343108278,3,-0.03705573,-0.024872392,-0.45495796,
772219365721804,3,-0.03630346,-0.02256631,-0.4507408,
772219383757693,3,-0.034946203,-0.017683942,-0.46875286,
772219406462770,3,-0.036781073,-0.0068101548,-0.4591732,
772219425475221,3,-0.029519737,-0.013193425,-0.45977592,
772219443877321,3,-0.0490579,-0.031710204,-0.4723158,
772219463225466,3,-0.030826211,-0.025011292,-0.47828007,
772219485564334,3,-0.04641837,-0.017831352,-0.49935913,
772219503935915,3,-0.027749479,-0.0075951703,-0.45443344,
772219523284058,3,-0.04370898,-0.049117632,-0.4789486,
772219545683961,3,-0.04724753,-0.028730383,-0.47780132,
772219563963991,3,-0.038931012,-0.03290358,-0.46527004,
772219586638553,3,-0.05565548,-0.021827435,-0.46522522,
772219605956179,3,-0.043892503,-0.0224193,-0.47120094,
772219624053102,3,-0.04538232,-0.037783787,-0.4796543,
772219643401246,3,-0.031122863,-0.019980567,-0.4856758,
772219665709597,3,-0.03498417,-0.029793229,-0.48745346,
772219684111697,3,-0.057860672,-0.013123795,-0.45507813,
772219703459841,3,-0.03979963,-0.012018133,-0.47962666,
772219725676637,3,-0.05023575,-0.029682461,-0.46523952,
772219744139771,3,-0.04367757,-0.011883769,-0.4538641,
772219766844850,3,-0.039687693,-0.021878436,-0.46347237,
772219785948855,3,-0.030159235,-0.028150357,-0.46411705,
772219804198367,3,-0.05196768,-0.01417765,-0.4666729,
772219823577028,3,-0.025815785,-0.031189503,-0.50372124,
772219846251587,3,-0.032093287,-0.030024186,-0.4527769,
772219864287477,3,-0.033838928,-0.0332468,-0.47248936,
772219883635622,3,-0.047645986,-0.009635113,-0.47018433,
772219905882937,3,-0.03783357,-0.024600007,-0.46481895,
772219924285037,3,-0.04750979,-0.02673143,-0.4702387,
772219947051149,3,-0.047572374,-0.021938166,-0.4684868,
772219966033082,3,-0.03996557,-0.013608731,-0.46727276,
772219984435183,3,-0.046013236,-0.041254386,-0.47565174,
772220003783328,3,-0.041454196,-0.02521452,-0.45832062,
772220026274783,3,-0.041736484,-0.033623636,-0.47620296,
772220044524293,3,-0.04093069,-0.027333777,-0.48035622,
772220063872437,3,-0.03286493,-0.030544339,-0.4719963,
772220086516481,3,-0.029888332,-0.030554092,-0.47457218,
772220104460818,3,-0.028691232,-0.022772936,-0.44225025,
772220127165896,3,-0.02524054,-0.018520102,-0.47152615,
772220146147829,3,-0.039282262,-0.016857248,-0.47574615,
772220164549927,3,-0.03448975,-0.03634729,-0.4895172,
772220183898073,3,-0.05784154,-0.019562377,-0.45715237,
772220206175905,3,-0.039905608,-0.021823453,-0.4858837,
772220224608523,3,-0.037582397,-0.02210439,-0.45775223,
772220243956668,3,-0.042189717,-0.005482305,-0.45721436,
772220266387086,3,-0.033406615,-0.03829952,-0.45899582,
772220284636598,3,-0.03028649,-0.040510766,-0.48893452,
772220307311159,3,-0.030779243,-0.025079861,-0.4877472,
772220326689822,3,-0.038013697,-0.03267218,-0.45358467,
772220344756228,3,-0.021085322,-0.016754847,-0.4721508,
772220364104371,3,-0.044816494,-0.02325228,-0.46798038,
772220386412721,3,-0.045183778,-0.02728311,-0.47398663,
772220404814821,3,-0.024616301,-0.0013361797,-0.47824192,
772220424162966,3,-0.04266441,-0.023084668,-0.4680643,
772220446440799,3,-0.029971063,-0.0059448443,-0.46876335,
772220464812380,3,-0.034750164,-0.023365276,-0.484972,
772220487486939,3,-0.040817916,-0.0124857165,-0.47475147,
772220506621461,3,-0.038493812,-0.02104151,-0.48800373,
772220524932009,3,-0.04048693,-0.0076362677,-0.48333645,
772220544310672,3,-0.026899278,0.0046327002,-0.47319984,
772220566924197,3,-0.026830852,-0.012864634,-0.4833355,
772220584960084,3,-0.026227534,-0.0034599304,-0.46482658,
772220604338746,3,-0.030631244,-3.5889447E-4,-0.47802162,
772220626586061,3,-0.03546852,-0.022569887,-0.47861576,
772220644988162,3,-0.025663793,-0.003841184,-0.46247005,
772220667662722,3,-0.039379656,-0.026128713,-0.4714098,
772220686675172,3,-0.02703923,-0.004265804,-0.48455906,
772220705077271,3,-0.03636545,-0.038212605,-0.4750042,
772220724455934,3,-0.032438576,-0.022261588,-0.46831608,
772220746886355,3,-0.036668837,-0.033788692,-0.4839239,
772220765135867,3,-0.039386153,-0.0040776264,-0.46479416,
772220784484011,3,-0.024864614,-0.0042388793,-0.4504938,
772220807128052,3,-0.047258735,0.0019143447,-0.47455502,
772220825163942,3,-0.033587337,-0.016767522,-0.46257782,
772220847838503,3,-0.02056259,-0.015798897,-0.49061203,
772220866850955,3,-0.0075633526,0.00968823,-0.4613104,
772220885253054,3,-0.027901411,-0.0049342066,-0.45707226,
772220904631715,3,-0.04299903,-0.015880622,-0.4719801,
772220926970582,3,-0.048266232,-0.013158392,-0.491189,
772220945311647,3,-0.034381628,-5.4079294E-4,-0.45763397,
772220964659793,3,-0.031813502,0.011306737,-0.45944214,
772220987059695,3,-0.053003013,-0.0026227124,-0.46296787,
772221005339723,3,-0.030565202,-0.01212766,-0.4773121,
772221028014283,3,-0.028050303,-0.02124032,-0.46300125,
772221047392946,3,-0.027029634,0.011264689,-0.46542454,
772221065398318,3,-0.021850526,-0.021741476,-0.48515987,
772221084776981,3,-0.036411226,-0.006944487,-0.449831,
772221107085329,3,-0.02891469,0.004910238,-0.45644474,
772221125487427,3,-0.03220862,-8.6308457E-4,-0.47332,
772221144835573,3,-0.03240192,-0.019696414,-0.46975994,
772221167113405,3,-0.044345558,-0.009103198,-0.47694874,
772221185484988,3,-0.031237543,-2.9810704E-4,-0.45599747,
772221208159548,3,-0.032760262,0.01500245,-0.46375847,
772221227324586,3,-0.03933835,-0.020865642,-0.4798727,
772221245604615,3,-0.04728508,0.008314714,-0.48405075,
772221264952761,3,-0.04395181,-0.010173641,-0.47086525,
772221287657839,3,-0.023083866,-0.0036852285,-0.48402405,
772221305632693,3,-0.03541392,-0.0048111267,-0.46903133,
772221324980836,3,-0.040019393,0.0022963323,-0.4827671,
772221347258668,3,-0.02867955,-0.023868147,-0.4822054,
772221365630251,3,-0.04675263,-0.0013572611,-0.47197723,
772221387328249,3,-0.034173965,0.0044663325,-0.46424198,
772221407347781,3,-0.036357045,-0.008966675,-0.4666052,
772221425749880,3,-0.034619212,-0.003232479,-0.4689026,
772221445098023,3,-0.031000376,-0.0047879666,-0.46415615,
772221467558961,3,-0.040781558,-0.038028486,-0.46952915,
772221485777956,3,-0.054855466,-0.013446195,-0.4593315,
772221505156619,3,-0.04436952,-0.010088995,-0.49346924,
772221527770144,3,-0.04559362,-0.011458455,-0.450922,
772221545806032,3,-0.036972523,0.008058477,-0.475482,
772221568480593,3,-0.03693956,-0.012542855,-0.46950054,
772221587493044,3,-0.036543548,-0.01600023,-0.46589375,
772221611113651,3,-0.039239407,-0.014443461,-0.47604465,
772221625243289,3,-0.038552046,-0.009826288,-0.47122097,
772221647582154,3,-0.04853314,-0.012784883,-0.4844532,
772221665953736,3,-0.02961409,0.008989032,-0.46532536,
772221685301882,3,-0.038395107,-0.013084194,-0.47063923,
772221707732302,3,-0.033100426,-5.6881458E-5,-0.4837103,
772221726012332,3,-0.05161804,-0.021887898,-0.47169495,
772221748656374,3,-0.023115218,0.007958705,-0.47342873,
772221768004517,3,-0.053031027,-0.0027220454,-0.47771072,
772221786070924,3,-0.026357234,-0.00911255,-0.45200253,
772221805449587,3,-0.018061876,0.0043688286,-0.45986938,
772221827788455,3,-0.03297037,-0.020143576,-0.486207,
772221846129519,3,-0.024992824,0.0015874505,-0.4879713,
772221865477663,3,-0.022688627,-7.929038E-4,-0.46227074,
772221887786012,3,-0.039519966,-0.0016043652,-0.476079,
772221906157595,3,-0.027956069,-0.010131555,-0.45095444,
772221928832157,3,-0.051814795,-0.0066728294,-0.48926544,
772221947936159,3,-0.049259186,-0.002382731,-0.47067547,
772221966246705,3,-0.033504248,-0.0035125017,-0.4563694,
772221985625367,3,-0.03911811,0.0071915556,-0.47743893,
772222008360964,3,-0.034071803,-0.006367307,-0.4845953,
772222026305300,3,-0.04172319,-0.0095543,-0.47553253,
772222045653446,3,-0.030281425,-0.020444822,-0.4748497,
772222067931276,3,-0.020668685,-0.020134736,-0.45560646,
772222086333375,3,-0.033144712,-0.007104827,-0.4837017,
772222109007937,3,-0.038871884,0.008330641,-0.49454403,
772222128020388,3,-0.037712336,-0.00448858,-0.4701395,
772222146422488,3,-0.033479333,-0.027127113,-0.47788048,
772222165770633,3,-0.044506907,2.6800297E-4,-0.4634962,
772222188201051,3,-0.036644757,-0.0077806804,-0.46396255,
772222206481080,3,-0.042351246,-0.005407121,-0.48483562,
772222225829226,3,-0.04476565,-0.014110653,-0.46015644,
772222248442753,3,-0.05002767,-0.022370275,-0.47568512,
772222266478640,3,-0.04897827,-0.020039164,-0.47691822,
772222289183717,3,-0.03971392,3.364291E-4,-0.46262074,
772222308226685,3,-0.033347547,-0.005709354,-0.45721626,
772222326628786,3,-0.043740213,0.0015434287,-0.46686935,
772222345976931,3,-0.03767544,-0.011412717,-0.4681177,
772222368315799,3,-0.03314531,-0.008074183,-0.4620638,
772222386656862,3,-0.048606098,0.0023765583,-0.48592567,
772222406005006,3,-0.0341264,0.006249966,-0.4517269,
772222428404909,3,-0.04163879,0.022174386,-0.46422482,
772222446684939,3,-0.052486062,0.0055033118,-0.47370338,
772222469359501,3,-0.033747196,0.0049622245,-0.4658451,
772222488707644,3,-0.05031097,-0.017173693,-0.4808197,
772222506774049,3,-0.04737532,-0.019572206,-0.48500633,
772222526122194,3,-0.047323525,-0.02336937,-0.47303486,
772222548461062,3,-0.057112098,-0.0187656,-0.471179,
772222566863162,3,-0.03867954,-0.0016028695,-0.47057343,
772222586211306,3,-0.051756203,-0.022395153,-0.47596455,
772222608489137,3,-0.04363382,0.0027077235,-0.48488045,
772222626891236,3,-0.037828207,0.006567396,-0.46750927,
772222649504763,3,-0.041741252,9.242445E-6,-0.46149635,
772222668608768,3,-0.044899702,-0.009594601,-0.4686165,
772222686949832,3,-0.039842427,0.0051360093,-0.47278023,
772222706297976,3,-0.058712482,-0.011348784,-0.46796894,
772222728972536,3,-0.032284856,-0.004237162,-0.45545673,
772222747008424,3,-0.053940654,-0.010123553,-0.48786354,
772222766356570,3,-0.05020678,-0.02053009,-0.47111416,
772222788573368,3,-0.05262947,-0.0050409157,-0.4699564,
772222807036502,3,-0.043845117,-0.025938123,-0.47891808,
772222829680543,3,-0.0502218,-0.012295783,-0.4639225,
772222848692995,3,-0.043653667,-0.004851641,-0.4591341,
772222867125612,3,-0.031846464,-0.018363815,-0.4615631,
772222886473758,3,-0.06339705,-0.01229432,-0.47538948,
772222908904177,3,-0.05575615,-0.015619924,-0.47961807,
772222927153688,3,-0.059022248,0.0014726296,-0.47485352,
772222946532350,3,-0.04651469,-0.018140562,-0.4712553,
772222969206912,3,-0.059537888,3.857836E-4,-0.47062016,
772222987181765,3,-0.036438346,-0.015568264,-0.48017693,
772223009856326,3,-0.05657667,-0.016539777,-0.46642494,
772223028807741,3,-0.04753208,-0.0015166886,-0.4712143,
772223047301392,3,-0.026372612,-0.028714053,-0.46275902,
772223066649538,3,-0.040770352,-0.011579379,-0.47767735,
772223088988406,3,-0.07197219,-0.0061001442,-0.4813137,
772223107329471,3,-0.039216876,-0.03123389,-0.4705286,
772223126708133,3,-0.03421688,-0.012491344,-0.46630764,
772223149108033,3,-0.04350859,-0.02277425,-0.47646046,
772223167388063,3,-0.048544288,-0.0067595225,-0.4752941,
772223190062625,3,-0.061727703,0.0029147528,-0.47713375,
772223209410770,3,-0.04293722,-0.008548487,-0.42866993,
772223227477175,3,-0.050094664,-0.0069253426,-0.49511147,
772223246825319,3,-0.04245919,-0.0214125,-0.44965553,
772223269133669,3,-0.0489105,-0.0105801765,-0.47954655,
772223287505251,3,-0.059036374,0.0031701885,-0.48972607,
772223306883914,3,-0.019854128,-0.014892779,-0.46336842,
772223329131229,3,-0.044330835,-0.0039043128,-0.44730663,
772223347533327,3,-0.051560283,0.011362266,-0.46111393,
772223370207888,3,-0.042818666,-0.0035635028,-0.44548607,
772223389342410,3,-0.04895848,5.999021E-4,-0.48019505,
772223407652957,3,-0.047789216,-0.0261906,-0.4592476,
772223427001101,3,-0.044287086,-0.0076036435,-0.47424984,
772223449675662,3,-0.038977265,-0.020021629,-0.4772396,
772223467711550,3,-0.047384143,-0.022217385,-0.46825886,
772223487059696,3,-0.056287766,-0.016174525,-0.49161053,
772223509337526,3,-0.05661446,-0.008311536,-0.47008514,
772223527709108,3,-0.062253654,0.009065604,-0.46523,
772223550383670,3,-0.045096636,0.015816726,-0.46586227,
772223569396121,3,-0.05096954,-0.008092413,-0.45749187,
772223587828737,3,-0.040403128,-0.01580244,-0.49103928,
772223607176882,3,-0.03439319,-0.020969285,-0.47428417,
772223629607303,3,-0.052098334,-0.002212854,-0.46173286,
772223647856815,3,-0.04966551,-0.011049949,-0.48752022,
772223667204958,3,-0.04621756,-0.0014976189,-0.47323704,
772223689849002,3,-0.044202566,0.0077571515,-0.4679575,
772223707884890,3,-0.049275517,0.008647747,-0.46973038,
772223730559451,3,-0.0385139,-6.597061E-4,-0.49486732,
772223749510866,3,-0.0346362,0.006933378,-0.4762869,
772223767974001,3,-0.03562659,0.0054170564,-0.4709158,
772223787352664,3,-0.050200224,-0.02799195,-0.47274685,
772223810881717,3,-0.046868324,-0.0020517446,-0.49551678,
772223828032595,3,-0.0403139,0.019843312,-0.46678638,
772223847380739,3,-0.029040217,0.008562589,-0.47225857,
772223869780643,3,-0.04565382,0.007284861,-0.4681282,
772223888091190,3,-0.044985294,-0.00950429,-0.46394253,
772223910735231,3,-0.036553085,0.0045419913,-0.4795122,
772223930144412,3,-0.05212748,-0.012682482,-0.46878242,
772223948149783,3,-0.036295652,0.0056918543,-0.46760654,
772223967497928,3,-0.0433591,-0.012363698,-0.47953987,
772223989836794,3,-0.043129683,0.010747384,-0.47826958,
772224008208376,3,-0.024980843,-0.0011528973,-0.45374298,
772224027556521,3,-0.0448035,0.02060257,-0.45963287,
772224049834354,3,-0.056102276,0.015395649,-0.48054314,
772224068236452,3,-0.035749614,-0.012314744,-0.47101212,
772224090880496,3,-0.05138868,4.7174655E-4,-0.47105312,
772224110045535,3,-0.04599005,0.0092669,-0.47105694,
772224128356082,3,-0.029451847,0.0085076075,-0.475873,
772224147673708,3,-0.028019905,-0.012370493,-0.46566963,
772224170348269,3,-0.0378474,0.010201259,-0.45971394,
772224188384159,3,-0.042208195,0.018657317,-0.45619965,
772224207762821,3,-0.037320018,0.005998875,-0.44594193,
772224230010134,3,-0.047937512,-0.014155075,-0.4819584,
772224248412234,3,-0.041469574,0.011231223,-0.47182178,
772224270049198,3,-0.03272116,0.018561527,-0.47419834,
772224290099246,3,-0.034936607,0.014077516,-0.46707344,
772224308501345,3,-0.03765881,-0.0013550678,-0.47423172,
772224327880007,3,-0.034332216,0.0024228059,-0.46707535,
772224350310428,3,-0.032161593,0.0122369295,-0.47313595,
772224368559940,3,-0.03019476,0.01670527,-0.466609,
772224387908083,3,-0.03440237,0.020187598,-0.4893093,
772224410521609,3,-0.030273676,0.005043621,-0.48331928,
772224428557498,3,-0.030102253,0.029376062,-0.46832275,
772224450224979,3,-0.03640437,0.008431108,-0.47244167,
772224470244509,3,-0.045801103,-0.003347191,-0.47715378,
772224488677127,3,-0.046563625,0.0046100505,-0.48008823,
772224508055789,3,-0.047998548,0.009437288,-0.45788002,
772224530425174,3,-0.037612617,0.011480266,-0.4710636,
772224548735720,3,-0.04161614,0.0075693764,-0.48779106,
772224568114382,3,-0.05613327,0.014158071,-0.47106743,
772224590514285,3,-0.037908316,0.026426125,-0.48545265,
772224608794315,3,-0.033958137,-0.014621852,-0.45491028,
772224630431276,3,-0.03907454,-1.4536362E-4,-0.48605728,
772224650786502,3,-0.041588783,0.024218129,-0.45676517,
772224668822391,3,-0.039169014,0.016000813,-0.45980453,
772224688170535,3,-0.03530401,0.012447248,-0.462265,
772224710509401,3,-0.05058956,0.027016345,-0.4594288,
772224728911502,3,-0.042351127,0.0036272504,-0.47391987,
772224748320682,3,-0.049899757,0.022030557,-0.47393608,
772224770445926,3,-0.049466252,0.036243867,-0.4786663,
772224788909059,3,-0.030431211,0.038201537,-0.47202873,
772224810576541,3,-0.037788272,-8.940259E-4,-0.4546566,
772224830718143,3,-0.049951553,0.012860578,-0.47075748,
772224849028690,3,-0.010341942,0.020140141,-0.47850132,
772224868376833,3,-0.023965955,0.013285526,-0.4802637,
772224891081912,3,-0.018607378,0.021228155,-0.5287895,
772224909056766,3,-0.024406314,0.016065402,-0.4659109,
772224928435428,3,-0.037383497,0.008131065,-0.459939,
772224950682741,3,-0.05697304,0.023844328,-0.47487164,
772224969084841,3,-0.03801793,0.012530359,-0.47190762,
772224991789920,3,-0.029986441,0.012494193,-0.49582195,
772225010771854,3,-0.03303486,0.0128508955,-0.46515465,
772225029173952,3,-0.042900622,2.4118833E-4,-0.47650433,
772225048552615,3,-0.029192746,-0.009653087,-0.48663044,
772225070983035,3,-0.027459562,0.0135195535,-0.44771862,
772225089293582,3,-0.030891538,0.012251981,-0.47282314,
772225108702761,3,-0.0553838,0.020878538,-0.46085644,
772225131255252,3,-0.056336164,0.0030054655,-0.48550797,
772225149291141,3,-0.041549683,-1.6326457E-4,-0.47895718,
772225171965701,3,-0.037155986,0.017370895,-0.474185,
772225191008669,3,-0.03943181,0.022461643,-0.46705627,
772225209410769,3,-0.05258304,0.010455818,-0.45982933,
772225228758915,3,-0.030256748,0.0035445401,-0.47480774,
772225251067264,3,-0.041926265,0.029005181,-0.4759369,
772225269438845,3,-0.04189104,0.0055874437,-0.46990776,
772225288817508,3,-0.040513873,-0.0047174203,-0.46983147,
772225311217410,3,-0.046277225,0.007830218,-0.46027088,
772225329466922,3,-0.04047191,0.0060912305,-0.46868134,
772225352141481,3,-0.03944856,0.010295878,-0.48307896,
772225371489627,3,-0.052238345,0.0093680965,-0.47049236,
772225389586551,3,-0.0274508,0.014756621,-0.47939873,
772225408934696,3,-0.056207538,-0.001492138,-0.49017048,
772225431273561,3,-0.041991055,0.0031682914,-0.4692564,
772225449614627,3,-0.032317817,0.028037727,-0.46272564,
772225468962772,3,-0.034614682,0.022671666,-0.47590065,
772225491332156,3,-0.054362357,0.011957893,-0.48009205,
772225509642702,3,-0.05319047,-0.007977847,-0.4705124,
772225532317263,3,-0.046786964,0.0060882336,-0.45732975,
772225551421268,3,-0.04701662,0.00884893,-0.4807024,
772225569731815,3,-0.05210191,0.017772533,-0.4753847,
772225589079958,3,-0.04990399,0.021088343,-0.49171162,
772225611754519,3,-0.037151217,0.019832026,-0.4648819,
772225629790409,3,-0.034975052,0.029392976,-0.46790123,
772225649169071,3,-0.01724273,0.012656361,-0.46134567,
772225671446901,3,-0.041197717,0.024423882,-0.4499712,
772225689849002,3,-0.019536316,0.013747736,-0.4852047,
772225712462528,3,-0.041421115,0.017329795,-0.48771095,
772225731474979,3,-0.036893964,0.018102715,-0.46383953,
772225749877077,3,-0.035571456,0.020319369,-0.45367336,
772225769225222,3,-0.034505546,0.02927304,-0.45969486,
772225791716678,3,-0.03435445,-0.010732187,-0.4699726,
772225809935672,3,-0.039384782,0.020692293,-0.4789772,
772225829283815,3,-0.038710058,0.018911842,-0.45688152,
772225851988894,3,-0.061246812,0.018055627,-0.47665024,
772225869963748,3,-0.018065512,0.013614792,-0.45271397,
772225892607791,3,-0.021306515,0.014958244,-0.46466637,
772225911620241,3,-0.024987042,0.021069273,-0.4742365,
772225930052859,3,-0.027342856,0.0040864293,-0.48201942,
772225949401004,3,-0.033909798,0.030409314,-0.4562397,
772225971709354,3,-0.055487573,0.023136145,-0.4796257,
772225990111452,3,-0.03644532,0.0021866232,-0.48560238,
772226009459597,3,-0.033402264,0.0015081398,-0.47778034,
772226031859500,3,-0.026832402,0.031566594,-0.47833347,
772226050109012,3,-0.03639233,0.021009764,-0.48321247,
772226072814089,3,-0.025526404,0.009502901,-0.47014046,
772226092162234,3,-0.03411925,0.009928141,-0.4694357,
772226110228641,3,-0.033488035,0.021332454,-0.48435783,
772226129576785,3,-0.039788067,0.02313965,-0.47356033,
772226151915651,3,-0.03316146,0.02411014,-0.45970726,
772226170287234,3,-0.04150957,0.027834568,-0.46919537,
772226189635379,3,-0.0473243,0.0053055226,-0.47275448,
772226211913211,3,-0.01820141,0.03174115,-0.47752762,
772226230315309,3,-0.023471892,0.01759977,-0.47873402,
772226252959353,3,-0.039440632,-1.5307171E-4,-0.5022278,
772226272093875,3,-0.04005444,0.04115827,-0.47110176,
772226290404422,3,-0.034014165,0.022236383,-0.4477625,
772226309752565,3,-0.03627956,0.008133586,-0.48962593,
772226332396609,3,-0.01602757,0.0031476137,-0.47764778,
772226350463016,3,-0.017744243,0.036236595,-0.45854473,
772226369811160,3,-0.028229594,0.02359218,-0.47472763,
772226392058473,3,-0.051176846,0.02744586,-0.4747572,
772226410491091,3,-0.029558957,0.027868506,-0.47117043,
772226433135135,3,-0.03488022,0.033956666,-0.46459198,
772226452147586,3,-0.022443414,0.029390054,-0.4729166,
772226470549684,3,-0.035824537,0.025904987,-0.49030304,
772226489928347,3,-0.03414291,0.023630066,-0.46690655,
772226512389285,3,-0.04310441,0.032681387,-0.45498085,
772226530638797,3,-0.034573793,0.03196228,-0.46632004,
772226549986940,3,-0.034427404,0.017039873,-0.47475624,
772226572600466,3,-0.026456833,0.017711708,-0.4717331,
772226590636356,3,-0.034350634,0.021382835,-0.47112465,
772226613310915,3,-0.038620412,0.021411402,-0.44422913,
772226632292848,3,-0.03005433,0.014466478,-0.46689796,
772226650755984,3,-0.020299256,0.019362252,-0.47819424,
772226670104129,3,-0.028193653,0.0073900367,-0.47634506,
772226692412478,3,-0.03648776,0.030193625,-0.45843983,
772226710784060,3,-0.023831248,0.010900419,-0.4788866,
772226730162722,3,-0.05188012,0.038182322,-0.48064423,
772226752562625,3,-0.04158503,0.022006445,-0.48249435,
772226770812136,3,-0.021775663,0.021257527,-0.45795727,
772226793486696,3,-0.03480524,0.016282698,-0.45976257,
772226812834841,3,-0.04204923,0.021951245,-0.4920349,
772226830901248,3,-0.014843345,0.018449996,-0.46028805,
772226850249392,3,-0.045499682,0.0022269918,-0.47473335,
772226872588259,3,-0.035517097,0.024137538,-0.47117233,
772226890959841,3,-0.03737229,-0.0014693784,-0.4765091,
772226910338504,3,-0.033530474,0.03238854,-0.47524166,
772226932585817,3,-0.028156519,0.0033539864,-0.49618816,
772226950987917,3,-0.04764718,0.0070919306,-0.4830408,
772226973662478,3,-0.039390504,0.028383762,-0.47520542,
772226992797000,3,-0.037781477,0.023110498,-0.48421383,
772227011077028,3,-0.03793478,-0.00293061,-0.47996712,
772227030425173,3,-0.045200408,0.023028446,-0.46614838,
772227053099734,3,-0.033213437,0.013868696,-0.47084808,
772227071135623,3,-0.034062803,0.007846294,-0.49297428,
772227090514284,3,-0.04785174,0.027414551,-0.47441864,
772227112792116,3,-0.04345715,0.024451684,-0.4811077,
772227131163699,3,-0.036526144,0.0077947825,-0.46138096,
772227153807742,3,-0.0431121,0.014564313,-0.4619789,
772227172789675,3,-0.044067144,0.0030430937,-0.45532227,
772227191283327,3,-0.053569257,0.015470394,-0.48161697,
772227210631472,3,-0.033673048,0.025249995,-0.44742012,
772227233061893,3,-0.027232647,0.009031814,-0.46532154,
772227251311403,3,-0.05498612,0.026680611,-0.45632744,
772227270659548,3,-0.042894125,0.0051087206,-0.46471596,
772227293273074,3,-0.037687957,0.0076275356,-0.47911263,
772227311339481,3,-0.050792217,0.0028545856,-0.47787476,
772227334014040,3,-0.041449785,0.022254612,-0.45985508,
772227353026491,3,-0.046772003,0.021866892,-0.4682865,
772227371428591,3,-0.028485835,0.018823761,-0.46531773,
772227390776737,3,-0.042991042,-0.022120062,-0.47552776,
772227413115603,3,-0.048659444,-0.002943433,-0.48526382,
772227431456667,3,-0.03555399,0.009096294,-0.47687817,
772227450835330,3,-0.035595655,0.012398477,-0.45113564,
772227473235233,3,-0.03256476,0.009944983,-0.4798708,
772227491515261,3,-0.039930522,0.007059673,-0.45950317,
772227514189821,3,-0.036390364,0.024875496,-0.45710373,
772227533537966,3,-0.034972727,-0.0027391054,-0.47866726,
772227551604373,3,-0.033897758,0.01268924,-0.4672861,
772227570952517,3,-0.042365134,-0.002864778,-0.4810915,
772227593291384,3,-0.03016293,-0.004196612,-0.4607582,
772227611662966,3,-0.032943726,0.024750445,-0.44581127,
772227631011112,3,-0.031008124,0.019098122,-0.47574806,
772227653288942,3,-0.041460752,0.0076122656,-0.46016502,
772227674040895,3,-0.03262776,0.0099187875,-0.46255016,
772227694365603,3,-0.031154692,0.012064678,-0.47698307,
772227713469608,3,-0.04441178,-0.0032933056,-0.47586823,
772227731749636,3,-0.02767545,0.0045016594,-0.49322414,
772227751128298,3,-0.037873685,-2.7958397E-4,-0.45251942,
772227773863894,3,-0.019970477,0.022427449,-0.48727703,
772227791808231,3,-0.0228014,0.033264957,-0.46758175,
772227811186892,3,-0.034409225,-0.02138276,-0.49279404,
772227833434205,3,-0.048759818,0.024194531,-0.508955,
772227851836305,3,-0.01956302,0.0023331195,-0.40065193,
772227873503786,3,-0.047729015,0.009373357,-0.48504448,
772227893492801,3,-0.04074794,0.0221121,-0.4778471,
772227911955934,3,-0.03334999,-0.0026220186,-0.44913387,
772227931304078,3,-0.023189247,-0.0068999156,-0.5233526,
772227953734498,3,-0.032639146,0.024908375,-0.44251156,
772227971984011,3,-0.021582544,0.029364664,-0.44188786,
772227991362674,3,-0.025594115,0.021296216,-0.48251247,
772228014006716,3,-0.03840518,-0.0057579423,-0.46698284,
772228032042604,3,-0.039052665,0.0132883005,-0.501276,
772228053679565,3,-0.04188305,0.014245603,-0.48636913,
772228073699097,3,-0.014033616,0.0064961575,-0.45167637,
772228092101198,3,-0.025315464,0.0024620788,-0.47626972,
772228111449343,3,-0.032681346,-0.010116722,-0.47339725,
772228133788211,3,-0.016450584,0.007264292,-0.45493507,
772228152190309,3,-0.031072617,0.003951259,-0.4740696,
772228171538453,3,-0.022017896,0.0010189684,-0.4585123,
772228193968873,3,-0.035641193,0.011304399,-0.4843073,
772228212218386,3,-0.025053918,0.0048698345,-0.4760027,
772228233855349,3,-0.020722508,0.0017980617,-0.4718237,
772228254180056,3,-0.022441924,0.016640535,-0.4700327,
772228272276979,3,-0.029818594,0.022247158,-0.45928955,
772228291655640,3,-0.013755679,0.022846512,-0.46702003,
772228313963990,3,-0.023238003,0.005969247,-0.48318768,
772228332366091,3,-0.023741722,-0.0074359225,-0.48609924,
772228351683718,3,-0.03693831,-0.004338248,-0.47348404,
772228373961551,3,-0.029408932,0.007331805,-0.46803474,
772228392363649,3,-0.02541107,0.018959552,-0.45480824,
772228414031128,3,-0.030904949,0.016007278,-0.46023178,
772228434172731,3,-0.020245552,0.024044747,-0.45962524,
772228452452761,3,-0.024816811,0.02744579,-0.48648643,
772228471800906,3,-0.041870236,0.021746917,-0.46192455,
772228494475466,3,-0.035897672,0.024752822,-0.4696598,
772228512511354,3,-0.016143978,0.011726167,-0.4732952,
772228531859498,3,-0.033076346,0.019199096,-0.46964645,
772228554137331,3,-0.034744143,0.027629767,-0.46302795,
772228572569949,3,-0.0384894,0.016520854,-0.47738075,
772228594206911,3,-0.044057965,0.022266522,-0.4528284,
772228614226441,3,-0.022249043,-0.004459391,-0.4407854,
772228632659059,3,-0.027445316,0.02397844,-0.47307777,
772228651976686,3,-0.038824975,0.031280324,-0.46957588,
772228674468142,3,-0.02831477,0.018604783,-0.46596432,
772228692687137,3,-0.038161695,0.0010421663,-0.4880457,
772228712065798,3,-0.013986051,0.0071135582,-0.480237,
772228734709839,3,-0.035268843,0.01592541,-0.47127914,
772228752715211,3,-0.053628743,0.0050330623,-0.4820671,
772228774382692,3,-0.052573204,-0.0069155153,-0.47851086,
772228794371707,3,-0.024257362,0.0129404375,-0.49823093,
772228812804324,3,-0.032633424,-0.0035694924,-0.47120667,
772228832152467,3,-0.032042146,0.006603234,-0.4567957,
772228854491334,3,-0.031951368,0.014835276,-0.46150208,
772228872862917,3,-0.03158474,0.030572321,-0.45977974,
772228892211062,3,-0.037989676,0.023802316,-0.45864105,
772228914610964,3,-0.028541088,0.029493148,-0.4886484,
772228932890992,3,-0.0440439,-0.007009002,-0.4808712,
772228954558472,3,-0.040523767,0.021972835,-0.47000217,
772228974913698,3,-0.035421073,0.018477395,-0.4760561,
772228992980105,3,-0.03952539,0.0066727195,-0.4724245,
772229012328250,3,-0.047744215,0.022024712,-0.46585274,
772229034667116,3,-0.026670992,0.022195501,-0.45803547,
772229053038697,3,-0.028549194,0.01205529,-0.45033646,
772229072386842,3,-0.03371966,-9.597186E-5,-0.47070313,
772229094664675,3,-0.041789174,-0.009926351,-0.4730749,
772229113066775,3,-0.024742544,0.014014934,-0.48686218,
772229134703738,3,-0.02186197,0.015974581,-0.4581232,
772229154845338,3,-0.04139602,0.010580029,-0.48387718,
772229173155885,3,-0.042283177,-3.2262038E-4,-0.48205948,
772229192504030,3,-0.02082944,0.0047128545,-0.45387554,
772229215178591,3,-0.036670923,0.0075913323,-0.46219063,
772229233214480,3,-0.044377744,0.024533149,-0.4640379,
772229252562623,3,-0.03933382,-0.008232845,-0.47961807,
772229274840455,3,-0.019728303,0.0045974106,-0.47413158,
772229293212038,3,-0.03768313,0.016698146,-0.49089146,
772229314879519,3,-0.035842,0.01751023,-0.46998978,
772229334899051,3,-0.040840983,-0.009864574,-0.47830868,
772229353331667,3,-0.044688165,0.016457323,-0.46691704,
772229372679810,3,-0.035598934,0.021176208,-0.47590256,
772229395140748,3,-0.03934914,0.016232647,-0.47717667,
772229413390261,3,-0.035424888,0.016362082,-0.4562521,
772229432768924,3,-0.04166138,0.0025284588,-0.47897816,
772229455382449,3,-0.018986404,-0.004679974,-0.47119236,
772229473418336,3,-0.01951021,-0.003377404,-0.48137474,
772229495055299,3,-0.040107727,0.0042986833,-0.46588326,
772229515105348,3,-0.03557074,0.014443755,-0.47424507,
772229533507449,3,-0.045589626,0.015821874,-0.48033237,
772229552886111,3,-0.04046929,0.031140221,-0.46898365,
772229575194459,3,-0.015568376,0.021487793,-0.4725113,
772229593566041,3,-0.022857487,0.011949236,-0.47310162,
772229612914186,3,-0.039685667,0.006691534,-0.47364998,
772229635314089,3,-0.039132714,0.0141508365,-0.48745632,
772229653563602,3,-0.046931982,0.006502769,-0.465909,
772229675231081,3,-0.049819827,0.008483349,-0.45877934,
772229695647339,3,-0.03978467,0.016021892,-0.47736835,
772229713683229,3,-0.030728042,0.021726057,-0.4630537,
772229733031374,3,-0.033742726,0.033661265,-0.47682,
772229755370242,3,-0.0012227893,0.02574914,-0.46670341,
772229773741824,3,-0.027462423,0.030533597,-0.467309,
772229793089967,3,-0.034830213,0.014884849,-0.45536804,
772229815367799,3,-0.011275411,0.017106142,-0.4650507,
772229833739382,3,-0.041411936,0.022376522,-0.48731518,
772229855406863,3,-0.027638853,0.00507533,-0.46452713,
772229875487429,3,-0.006491959,0.018690892,-0.4574051,
772229893859010,3,-0.022742867,0.017323915,-0.45504856,
772229913176637,3,-0.024245143,0.02614537,-0.46708584,
772229935881715,3,-0.03039515,0.019346103,-0.47130775,
772229953917605,3,-0.02789557,-0.0070625586,-0.4706726,
772229973265750,3,-0.03066492,0.018468188,-0.46521378,
772229995543581,3,-0.018634021,0.0062874462,-0.47723484,
772230013915162,3,-0.028973162,0.009547617,-0.47846413,
772230035582643,3,-0.011893094,0.021754846,-0.4557867,
772230055602175,3,-0.02318871,-0.0012207376,-0.47080135,
772230074004275,3,-0.017835617,0.026413888,-0.4719944,
772230093352420,3,-0.022363544,0.027528316,-0.46897697,
772230115813356,3,-0.023678541,0.030442594,-0.481493,
772230134062867,3,-0.0017938018,0.02153324,-0.4485979,
772230153411013,3,-0.038137376,0.0058294376,-0.4851656,
772230176024539,3,-0.038517416,0.0074783005,-0.4690218,
772230194090945,3,-0.023177326,0.0100653935,-0.48102188,
772230215758424,3,-0.033252597,-0.0022680545,-0.47264957,
772230235747437,3,-0.020207047,0.0061025913,-0.46665573,
772230254180055,3,-0.027404308,-0.0023423254,-0.48405743,
772230273528201,3,-0.020150244,0.0046238974,-0.46918583,
772230295867068,3,-0.028457403,0.02107585,-0.49202442,
772230314238649,3,-0.019337535,0.031674184,-0.47766876,
772230333586793,3,-0.019199133,0.017959801,-0.45484638,
772230355986696,3,-0.030492961,0.022517903,-0.4751587,
772230374266726,3,-0.027945638,0.01882438,-0.47157955,
772230395934207,3,-0.016149282,0.018110314,-0.47161198,
772230416289431,3,-0.024264693,0.03480693,-0.4770174,
772230434355836,3,-0.0073570013,0.016965419,-0.47095585,
772230453703981,3,-0.005488336,0.028166793,-0.46428776,
772230476134401,3,-0.025023758,0.010688311,-0.459383,
772230494414431,3,-0.031009257,0.013082514,-0.47494507,
772230513823611,3,-0.029411852,0.028091282,-0.45509052,
772230536131959,3,-0.025643349,0.034473278,-0.46587753,
772230554442506,3,-0.029070258,0.024576807,-0.47251892,
772230576201540,3,-0.01912564,0.037573796,-0.47618103,
772230596251589,3,-0.015052378,0.016073037,-0.47133923,
772230614531619,3,-0.03453678,0.027951106,-0.44617558,
772230633879763,3,-0.017205954,0.031233452,-0.46707916,
772230656615357,3,-0.021401286,0.048827197,-0.47007084,
772230674590211,3,-0.020204186,0.018301124,-0.47485924,
772230693938357,3,-0.033667147,0.031927865,-0.48270702,
772230716216189,3,-0.017866671,0.016740268,-0.47609806,
772230734618289,3,-0.022118926,0.020913938,-0.4713049,
772230756255250,3,-0.040793717,0.0112115685,-0.4773245,
772230776305299,3,-0.021171391,0.030437006,-0.45328426,
772230794737917,3,-0.046521306,0.017464893,-0.4807577,
772230814086062,3,-0.034439802,0.013939204,-0.47114468,
772230836546999,3,-0.034277797,0.023727972,-0.47769547,
772230854796510,3,-0.025406837,0.012776846,-0.483675,
772230874114137,3,-0.029828966,0.019944508,-0.4645033,
772230896758180,3,-0.04657966,0.028578337,-0.4627056,
772230914794070,3,-0.028517663,0.0033477033,-0.4465084,
772230936461551,3,-0.03447473,5.973452E-4,-0.480628,
772230956481081,3,-0.025232911,0.01896569,-0.4644432,
772230974883179,3,-0.02645886,0.025011472,-0.4686308,
772230994231325,3,-0.043557346,0.012103731,-0.4709549,
772231016570192,3,-0.018579721,0.014856574,-0.46546555,
772231034972293,3,-0.034629643,0.009231794,-0.4815445,
772231054289920,3,-0.033735335,0.020321269,-0.4724989,
772231076720338,3,-0.031672835,-1.20375305E-4,-0.4658451,
772231094969850,3,-0.039174378,0.0073549654,-0.47240543,
772231116637331,3,-0.035039544,0.009329152,-0.4737339,
772231137023074,3,-0.016317904,0.032578032,-0.47084427,
772231155058962,3,-0.026207805,0.021235023,-0.48647213,
772231174407106,3,-0.02822864,0.014642494,-0.47816372,
772231196745972,3,-0.023559093,0.004798413,-0.46917725,
772231215148073,3,-0.03393066,0.005299056,-0.46497345,
772231234465701,3,-0.03824699,0.00689608,-0.4751835,
772231256774051,3,-0.030873716,0.0069854027,-0.47925282,
772231275145632,3,-0.046991885,0.035004165,-0.45954895,
772231296813111,3,-0.045462012,0.008259805,-0.47868252,
772231316893678,3,-0.03958547,0.0064584557,-0.48949242,
772231335234743,3,-0.039361417,0.011132401,-0.4774933,
772231354582889,3,-0.03507936,0.021361098,-0.48647785,
772231377226931,3,-0.040523887,0.005056224,-0.46847057,
772231395293336,3,-0.03888327,0.018642157,-0.47260475,
772231414641481,3,-0.02955383,0.017869418,-0.46006393,
772231436949831,3,-0.022269785,0.02962708,-0.47162342,
772231455290896,3,-0.031391323,0.03334942,-0.46387577,
772231477019411,3,-0.027181685,0.016548581,-0.46401024,
772231497008424,3,-0.029456437,0.019954517,-0.46820927,
772231515410523,3,-0.03818965,0.017676271,-0.4718628,
772231534728151,3,-0.028404117,0.013633499,-0.45755672,
772231557219607,3,-0.0307495,0.024235154,-0.47602844,
772231575469119,3,-0.028109908,-0.013282603,-0.49041176,
772231594786745,3,-0.032150745,0.030066893,-0.45211506,
772231617461304,3,-0.038047194,0.016458675,-0.4677286,
772231635466676,3,-0.034156322,0.010476678,-0.4778366,
772231657134157,3,-0.03545147,0.0076843807,-0.47847366,
772231677153689,3,-0.031731904,0.0106529845,-0.4742489,
772231695555789,3,-0.023615718,0.024202496,-0.47367477,
772231714903932,3,-0.040050566,0.012156447,-0.47365284,
772231737242799,3,-0.021843612,0.014021585,-0.4819622,
772231755644899,3,-0.029430985,0.020211926,-0.48013783,
772231774993045,3,-0.033798635,0.00101473,-0.46345425,
772231797362429,3,-0.024784625,0.011627017,-0.4826994,
772231815642457,3,-0.026607752,0.019991014,-0.46593857,
772231837309937,3,-0.014352202,0.024079856,-0.48203182,
772231857695680,3,-0.019646466,0.012930464,-0.45864964,
772231875762087,3,-0.031868637,0.018114042,-0.4573908,
772231895110233,3,-0.03815484,0.012028365,-0.47357368,
772231917479616,3,-0.044228494,0.02858502,-0.46993065,
772231935820679,3,-0.025067687,0.034574214,-0.46450043,
772231955199342,3,-0.06033492,-5.9332605E-4,-0.48011017,
772231977507692,3,-0.020890415,0.020347023,-0.4675808,
772231995848758,3,-0.030622542,0.03504563,-0.4526043,
772232017516238,3,-0.017434597,-0.0032772683,-0.4825325,
772232037596803,3,-0.021818459,0.013778935,-0.46870708,
772232055968385,3,-0.025852382,0.013667546,-0.47042465,
772232075286013,3,-0.022217512,0.028694652,-0.46969318,
772232097960574,3,-0.03984058,-0.0030346555,-0.46608448,
772232115996462,3,-0.031952083,-0.008059096,-0.48050213,
772232135344606,3,-0.04740721,0.011479169,-0.45845222,
772232157622437,3,-0.04120338,0.017922938,-0.46436596,
772232176024538,3,-0.03432733,0.018122662,-0.47511482,
772232197722536,3,-0.03164828,-0.008693192,-0.48462296,
772232217681033,3,-0.035678744,0.014737295,-0.46543598,
772232236113649,3,-0.051569223,0.02452749,-0.46780396,
772232255492310,3,-0.020979345,0.020121802,-0.4749031,
772232277922731,3,-0.039700806,0.016281381,-0.4594183,
772232296172243,3,-0.040487707,0.008004444,-0.45222187,
772232315520389,3,-0.034357786,0.013697283,-0.48275852,
772232338133914,3,-0.028460026,0.017519511,-0.48095608,
772232356200319,3,-0.03831023,0.017017443,-0.48392773,
772232377867799,3,-0.04095006,0.0036186287,-0.46479893,
772232397856813,3,-0.045025826,-2.756389E-4,-0.46416378,
772232416289431,3,-0.04044038,0.007754013,-0.46774006,
772232435637576,3,-0.015624821,0.0126765985,-0.46002293,
772232457976441,3,-0.034340024,-0.008946509,-0.46962833,
772232476348023,3,-0.030442715,0.013780396,-0.46776772,
772232495696169,3,-0.03199309,0.018280009,-0.47556782,
772232518126589,3,-0.046236157,-1.9047968E-4,-0.47737122,
772232536376102,3,-0.027322829,0.016445708,-0.45400906,
772232558013063,3,-0.024886847,0.0169359,-0.47008228,
772232578429323,3,-0.03542,-0.015825456,-0.47779274,
772232596465211,3,-0.037537992,-0.007328187,-0.4550228,
772232615813357,3,-0.046566248,0.003064137,-0.4807558,
772232638152224,3,-0.040828705,0.017246429,-0.45494938,
772232656523806,3,-0.048585057,0.0191839,-0.46986866,
772232675871950,3,-0.042948484,0.006074935,-0.47292423,
772232698149781,3,-0.027544618,-0.008489414,-0.46752453,
772232716521364,3,-0.031424224,0.013068851,-0.47523785,
772232738188845,3,-0.023759186,0.0010454543,-0.46325684,
772232758452517,3,-0.036395073,0.015932165,-0.4506817,
772232776640992,3,-0.04596609,-0.0049461517,-0.4728737,
772232795958619,3,-0.03686613,-0.002851151,-0.47835732,
772232818663699,3,-0.040857017,0.0053263083,-0.4537382,
772232836699587,3,-0.032890975,-0.0011597276,-0.44712257,
772232856047733,3,-0.039068103,0.0153496545,-0.48785496,
772232878356081,3,-0.030541122,0.006710129,-0.45079803,
772232896727662,3,-0.033828497,-7.291883E-5,-0.4496212,
772232918425661,3,-0.023571312,-1.3140775E-4,-0.45800495,
772232938414676,3,-0.019672632,-0.0037152227,-0.46807194,
772232956816775,3,-0.01539892,-0.016963191,-0.48727703,
772232976164920,3,-0.02750963,0.017961882,-0.46033,
772232998595338,3,0.00400573,0.0077865627,-0.42734623,
772233016875367,3,-0.043699026,0.060225155,-0.4351368,
772233036192995,3,0.018745005,-0.05215382,-0.490263,
772233058837040,3,-0.0507195,-0.0034562778,-0.5053625,
772233076872927,3,-0.13527471,-0.029712088,-0.40916538,
772233098540406,3,-0.16776174,-0.010455819,-0.50343895,
772233118590456,3,-0.051704764,0.011755977,-0.3874483,
772233136992555,3,-0.08705431,-0.09502945,-0.5635147,
772233156340701,3,-0.03494066,0.08977343,-0.46061134,
772233178679568,3,-0.059851766,-0.027304443,-0.43323517,
772233197051149,3,0.12175453,-0.05622286,-0.563323,
772233216399293,3,-0.04204768,0.009041311,-0.39305973,
772233238829714,3,0.060018897,0.016129076,-0.6051016,
772233257048708,3,-0.014780521,0.07944215,-0.50335026,
772233278746708,3,-0.056283236,0.060838938,-0.27537155,
772233299071414,3,-0.056194544,0.012533976,-0.6788044,
772233317168336,3,-0.012534976,-0.014546121,-0.4723463,
772233336516481,3,-0.05875361,-0.024109008,-0.44548988,
772233358824832,3,-0.054330707,-0.055221245,-0.541872,
772233377226931,3,-0.03895414,-0.09059187,-0.41252708,
772233396544558,3,-0.059255302,-0.11117569,-0.4519472,
772233418852906,3,-0.041377842,-0.08682192,-0.49066925,
772233437224488,3,-0.06815481,-0.03353994,-0.41456985,
772233459899050,3,-0.082582355,0.0055918265,-0.47855377,
772233479033573,3,-0.04190129,0.038785838,-0.5108166,
772233497344119,3,-0.0154925585,0.044099107,-0.3843851,
772233516722780,3,-0.010324299,0.06902571,-0.5046177,
772233539366823,3,-0.011362374,0.051436793,-0.44296932,
772233557372194,3,-0.02153778,0.023903478,-0.469306,
772233576750857,3,-0.04369521,0.040095244,-0.5154753,
772233599028690,3,-0.03862053,-0.0041252263,-0.45149612,
772233617400271,3,-0.038351953,-0.04711451,-0.49640942,
772233639067750,3,-0.019650698,-0.027239121,-0.51018906,
772233659056765,3,-0.031662524,-0.009316731,-0.46533203,
772233677489382,3,-0.028867781,0.0065898634,-0.46044445,
772233696837527,3,-0.029286921,0.019614507,-0.4508791,
772233719298464,3,-0.027295947,0.007364683,-0.45572758,
772233737547975,3,-0.051235497,0.004695572,-0.47612095,
772233756865603,3,-0.040801585,-0.005976189,-0.469553,
772233779448612,3,-0.026851296,-0.017965026,-0.44797993,
772233797515017,3,-0.033318043,-0.016161008,-0.48454475,
772233820220095,3,-0.029733539,0.004520107,-0.45157814,
772233839232547,3,-0.045376122,1.6918033E-4,-0.47486973,
772233857695681,3,-0.033246517,0.012986325,-0.4717989,
772233877043826,3,-0.028971672,0.021141864,-0.47604275,
772233899352175,3,-0.016634047,0.020678155,-0.47247314,
772233917723757,3,-0.021476388,0.023046788,-0.48734093,
772233937071902,3,-0.0293774,0.0019980036,-0.45500374,
772233959471804,3,0.019958436,-0.2624312,-1.0564327,
772233977721315,3,-0.00398618,-0.03475056,0.41800022,
772233999358279,3,-0.07215136,0.032676198,-0.9244404,
772234019713504,3,-0.04770291,-0.04820121,-0.44556046,
772234037810427,3,-0.045517504,0.044142034,-0.30096817,
772234057158571,3,-0.047356725,-0.013503116,-0.61053944,
772234079466922,3,-0.016592681,0.0123693235,-0.58484936,
772234097869021,3,-0.01760441,0.011115048,-0.2686453,
