772200526488404,3,296.67075,-2.691586,3.6226978,
772200545928102,3,296.8211,-2.6916685,3.64609,
772200566344363,3,296.78516,-2.7023234,3.651496,
772200587859256,3,296.84143,-2.738493,3.6364486,
772200605895143,3,297.0589,-2.770904,3.6384532,
772200626555543,3,297.21887,-2.8047085,3.6533256,
772200646544557,3,297.33875,-2.8086627,3.668597,
772200668181521,3,297.31207,-2.8243077,3.6738513,
772200686339480,3,297.38358,-2.8428319,3.6684341,
772200706694705,3,297.4913,-2.871826,3.6803706,
772200726042848,3,297.58752,-2.8854373,3.6890774,
772200746367555,3,297.6304,-2.9013774,3.6923597,
772200768035036,3,297.70013,-2.922876,3.6936593,
772200786070925,3,297.80548,-2.9292865,3.6967835,
772200806517702,3,297.82547,-2.953895,3.6935325,
772200826750856,3,298.16586,-2.978304,3.696554,
772200848509889,3,298.41046,-2.994461,3.7187366,
772200866881471,3,298.53656,-3.014003,3.7202773,
772200886809451,3,298.68927,-3.0371697,3.7363496,
772200906157596,3,298.7965,-3.0692785,3.7696304,
772200926573854,3,298.88892,-3.0864182,3.776372,
772200948180298,3,298.9731,-3.0978887,3.7761636,
772200966216188,3,299.05023,-3.0994065,3.7629805,
772200986571413,3,299.0954,-3.098562,3.7485147,
772201006896121,3,299.14008,-3.1098366,3.732442,
772201028502566,3,299.25052,-3.1292396,3.7273247,
772201046813112,3,299.35028,-3.1365037,3.7336462,
772201067015748,3,299.35544,-3.1457484,3.742223,
772201086363893,3,299.38547,-3.1459844,3.7519898,
772201107054812,3,299.36093,-3.1449146,3.743734,
772201128417116,3,299.37305,-3.146076,3.7260048,
772201146422486,3,299.4356,-3.1579032,3.713082,
772201167021851,3,299.52246,-3.179588,3.706066,
772201187071901,3,299.6293,-3.189233,3.7132235,
772201208647830,3,299.65335,-3.2028031,3.7144363,
772201226805789,3,299.71826,-3.2089841,3.7123094,
772201247191530,3,299.74927,-3.2241135,3.7135735,
772201266509156,3,299.80942,-3.2342577,3.7164025,
772201287047487,3,300.0106,-3.2392788,3.7150843,
772201308562381,3,299.8716,-3.258921,3.7069533,
772201326598269,3,299.98608,-3.2709901,3.7072458,
772201347197634,3,300.04175,-3.2792583,3.715124,
772201367247682,3,300.033,-3.2878244,3.7154796,
772201392699343,3,300.09366,-3.3240285,3.7096846,
772201406951052,3,300.2707,-3.3268151,3.7167146,
772201427275759,3,300.2605,-3.337381,3.716893,
772201446654421,3,300.4589,-3.3416083,3.7167606,
772201467070680,3,300.32312,-3.350097,3.714027,
772201488677126,3,300.36313,-3.3589637,3.7201748,
772201506896120,3,300.38635,-3.3655775,3.7293615,
772201527251345,3,300.2866,-3.3752122,3.7338283,
772201547423465,3,300.23724,-3.386582,3.7346268,
772201569090944,3,300.23013,-3.402581,3.73172,
772201587584595,3,300.2735,-3.4110012,3.7333708,
772201607543092,3,300.27686,-3.4190853,3.733941,
772201626891237,3,300.29828,-3.4244764,3.7278059,
772201647246463,3,300.33005,-3.4281204,3.7336998,
772201668883425,3,300.20813,-3.4389944,3.7337024,
772201686919313,3,300.164,-3.4312704,3.7335181,
772201707244020,3,300.08575,-3.444454,3.7177851,
772201727599245,3,300.1413,-3.4514487,3.7184951,
772201749297245,3,299.96365,-3.4603229,3.7306015,
772201767455202,3,299.82404,-3.467635,3.7295086,
772201787718873,3,299.7616,-3.4740415,3.734338,
772201807036500,3,299.6974,-3.48149,3.7357388,
772201827818971,3,299.66815,-3.4812891,3.7351568,
772201849089725,3,299.63287,-3.4826229,3.7325716,
772201867064578,3,299.6283,-3.4855127,3.7313256,
772201887419802,3,299.62753,-3.4909654,3.7301192,
772201907775025,3,299.64264,-3.502886,3.7335453,
772201929411990,3,299.57507,-3.5071623,3.7415679,
772201947508913,3,299.48785,-3.5124223,3.7422564,
772201967864139,3,299.45444,-3.522786,3.74601,
772201987181765,3,299.45187,-3.524785,3.7535741,
772202007720094,3,299.41254,-3.5269988,3.7588367,
772202029234987,3,299.38556,-3.5361505,3.7601092,
772202047301393,3,299.41843,-3.542554,3.7644844,
772202067961795,3,299.41345,-3.555652,3.7740867,
772202087950808,3,299.44357,-3.5588162,3.783215,
772202110594850,3,299.43365,-3.5748143,3.793096,
772202127684693,3,299.47467,-3.578842,3.798904,
772202148039919,3,299.471,-3.585125,3.810378,
772202167418581,3,299.4711,-3.5915458,3.8185773,
772202187773807,3,299.47186,-3.6013112,3.823551,
772202209441286,3,299.49976,-3.6042674,3.8267596,
772202227721314,3,299.66046,-3.6109662,3.8318305,
772202247893434,3,299.52444,-3.6189475,3.8363192,
772202268035036,3,299.54752,-3.626465,3.8359087,
772202289763554,3,299.57858,-3.6239097,3.8410454,
772202308196170,3,299.55914,-3.623636,3.8427212,
772202328154664,3,299.55322,-3.631843,3.8458905,
772202347502809,3,299.5765,-3.6353216,3.8546488,
772202367919069,3,299.5687,-3.6461706,3.8632348,
772202389525516,3,299.5912,-3.6608589,3.8649795,
772202407530886,3,299.65076,-3.6660852,3.8703418,
772202427916627,3,299.65805,-3.6643486,3.869589,
772202448241334,3,299.65454,-3.6774402,3.8647273,
772202469908816,3,299.86484,-3.6821725,3.8710012,
772202488158328,3,299.8301,-3.6811855,3.870413,
772202508330447,3,299.89523,-3.6804516,3.8770258,
772202527709108,3,299.92633,-3.6875913,3.8746605,
772202548461061,3,299.99374,-3.6911204,3.8766096,
772202569731814,3,300.03247,-3.6956544,3.881131,
772202587767702,3,300.06326,-3.694693,3.8817787,
772202608122928,3,300.06903,-3.6994073,3.8833766,
772202628447634,3,300.0857,-3.6974876,3.8941612,
772202651091676,3,300.06067,-3.694542,3.8912518,
772202668181520,3,300.05902,-3.6955435,3.8819132,
772202688536746,3,300.09512,-3.6995802,3.8826652,
772202707884890,3,300.10373,-3.6983576,3.8853455,
772202728423220,3,300.10162,-3.6991465,3.890237,
772202749938111,3,300.0825,-3.7025046,3.893744,
772202767912965,3,300.0959,-3.698058,3.8965461,
772202788695437,3,300.06287,-3.695811,3.8964343,
772202808592899,3,300.06046,-3.6944382,3.896155,
772202831328494,3,300.04593,-3.7099915,3.8985853,
772202848418337,3,300.11176,-3.7086213,3.9036376,
772202868712527,3,300.09995,-3.7094293,3.9096541,
772202888091189,3,300.08466,-3.7119281,3.918273,
772202908354861,3,300.07068,-3.7114468,3.9294608,
772202930052858,3,300.03677,-3.7137742,3.9339867,
772202948058229,3,300.0415,-3.7093406,3.9350343,
772202968535526,3,300.0214,-3.7095647,3.9329438,
772202988738162,3,300.0295,-3.7076495,3.9300056,
772203011443239,3,300.02377,-3.706052,3.9365523,
772203028838259,3,300.10718,-3.7005198,3.9411783,
772203048857791,3,299.96057,-3.7036757,3.939111,
772203068205936,3,299.9817,-3.70664,3.9460275,
772203088622194,3,299.9759,-3.699788,3.9484015,
772203110228640,3,299.9508,-3.6912763,3.9483323,
772203128325565,3,299.90347,-3.685904,3.9499438,
772203148619754,3,299.8901,-3.681483,3.9477623,
772203168913942,3,299.87405,-3.678771,3.9461436,
772203191619021,3,299.85785,-3.6806848,3.9441354,
772203208800418,3,299.8765,-3.6774528,3.9404979,
772203229003055,3,299.86966,-3.680328,3.9422913,
772203248381716,3,299.87805,-3.6785765,3.9462721,
772203269133670,3,299.86182,-3.6777444,3.944678,
772203290434940,3,299.87488,-3.676612,3.9452515,
772203308440311,3,299.86063,-3.6730018,3.9513583,
772203328765016,3,299.8291,-3.6853738,3.962897,
772203349120242,3,299.8537,-3.6787238,3.9668865,
772203371764285,3,299.80948,-3.6804893,3.966917,
772203388854129,3,299.81677,-3.670413,3.9690998,
772203409819704,3,299.77518,-3.6646461,3.96839,
772203428526980,3,299.75262,-3.6632464,3.9719343,
772203449095829,3,299.736,-3.66257,3.9831421,
772203470580203,3,299.70224,-3.6597712,3.9885023,
772203488585573,3,299.68582,-3.6498666,3.9971633,
772203509276492,3,299.61346,-3.6429553,4.0106187,
772203529265506,3,299.5554,-3.6398685,4.0112696,
772203551940066,3,299.5367,-3.6473002,4.0157013,
772203568968874,3,299.55615,-3.640943,4.0149865,
772203589354617,3,299.5263,-3.6389294,4.005888,
772203608702762,3,299.54495,-3.6429596,4.009109,
772203629149539,3,299.54932,-3.6470368,4.013128,
772203650755983,3,299.5558,-3.6505368,4.007808,
772203668761355,3,299.5852,-3.637171,4.017289,
772203693389041,3,299.51657,-3.641176,4.007882,
772203708739383,3,299.54816,-3.6317372,4.0137887,
772203731413942,3,299.48645,-3.6310499,4.024847,
772203750792605,3,299.4731,-3.6273,4.0245023,
772203768859012,3,299.4515,-3.6253088,4.02191,
772203788207156,3,299.45923,-3.6235344,4.031594,
772203810515505,3,299.4208,-3.6257346,4.049789,
772203828887088,3,299.37888,-3.6173878,4.0579324,
772203848235232,3,299.3245,-3.6155188,4.064999,
772203870513065,3,299.30423,-3.611533,4.068436,
772203888915163,3,299.27914,-3.615194,4.0764346,
772203911589724,3,299.272,-3.6034431,4.090277,
772203930754764,3,299.18866,-3.604203,4.0893717,
772203949004276,3,299.20163,-3.5992348,4.0981965,
772203968535524,3,299.1529,-3.5926561,4.1104326,
772203991149050,3,299.09485,-3.59527,4.121702,
772204009062870,3,299.0834,-3.5918393,4.133466,
772204032988650,3,299.0378,-3.5911014,4.145442,
772204050688845,3,299.0104,-3.5848565,4.1491666,
772204069090945,3,298.96704,-3.588121,4.153891,
772204091796024,3,298.971,-3.581726,4.158522,
772204110777957,3,298.9349,-3.5784087,4.154171,
772204129210573,3,298.9423,-3.5991726,4.1637483,
772204148528201,3,298.9964,-3.5867598,4.2550178,
772204171019657,3,298.7276,-3.5840514,4.2957945,
772204189238651,3,298.61713,-3.5788918,4.316195,
772204208586794,3,298.54434,-3.574885,4.326877,
772204231230837,3,298.4981,-3.5719607,4.3384514,
772204249266727,3,298.46143,-3.5704567,4.3376803,
772204271910770,3,298.45682,-3.571211,4.3469815,
772204290953737,3,298.43585,-3.5649247,4.353709,
772204309355838,3,298.3899,-3.5547254,4.356322,
772204328703983,3,298.34293,-3.5448313,4.365074,
772204351012332,3,298.27905,-3.5402968,4.3599534,
772204369414431,3,298.27216,-3.531595,4.355348,
772204388762576,3,298.25113,-3.5263932,4.3528275,
772204411192996,3,298.23584,-3.5149956,4.355828,
772204429442508,3,297.9857,-3.5106604,4.355475,
772204452117067,3,297.82635,-3.5141923,4.339415,
772204471495730,3,297.90805,-3.5169544,4.345603,
772204489531620,3,297.71292,-3.5083933,4.3519783,
772204508879764,3,297.61264,-3.4951253,4.354857,
772204531249147,3,297.51953,-3.4700372,4.3555393,
772204549590213,3,297.38336,-3.4566107,4.3638654,
772204568938358,3,297.2882,-3.448659,4.369033,
772204591216190,3,297.24203,-3.4388683,4.3829203,
772204609618288,3,297.16174,-3.4176893,4.39575,
772204632262332,3,297.0405,-3.3975031,4.4110274,
772204651732547,3,296.9136,-3.3732162,4.4285393,
772204669707401,3,296.76132,-3.345865,4.4471974,
772204689055544,3,296.5964,-3.3429127,4.4615755,
772204711760623,3,296.55032,-3.348349,4.4646463,
772204729735477,3,296.57764,-3.348627,4.4719477,
772204749114139,3,296.55225,-3.3468685,4.4797297,
772204771391970,3,296.508,-3.3447568,4.495635,
772204789794070,3,296.48663,-3.3600693,4.5052814,
772204812438114,3,296.544,-3.390592,4.5229793,
772204831450565,3,296.62646,-3.3938675,4.555332,
772204849883181,3,296.57706,-3.3996606,4.5726957,
772204869200808,3,296.6896,-3.4107254,4.587139,
772204891692264,3,296.5626,-3.3909266,4.57509,
772204909941776,3,296.50558,-3.3863347,4.5571904,
772204929289919,3,296.53647,-3.3761275,4.5485106,
772204951933962,3,296.51096,-3.3759356,4.533348,
772204969969852,3,296.52396,-3.3696759,4.5325756,
772204992644412,3,296.50452,-3.3534772,4.5359178,
772205011626345,3,296.4359,-3.3492658,4.5277004,
772205030058963,3,296.43436,-3.3440723,4.520588,
772205049407108,3,296.42462,-3.3329508,4.512024,
772205071745975,3,296.38,-3.3246782,4.504953,
772205090087038,3,296.37488,-3.3165684,4.497458,
772205109435183,3,296.35297,-3.3127375,4.4994435,
772205131865604,3,296.3483,-3.312597,4.4950466,
772205150572879,3,296.3506,-3.3071282,4.4994946,
772205172789675,3,296.31104,-3.2968776,4.509189,
772205192107302,3,296.2551,-3.2872553,4.5039735,
772205210204227,3,296.22314,-3.2797391,4.496732,
772205229552371,3,296.2336,-3.282326,4.4975142,
772205251891237,3,296.31073,-3.277207,4.502891,
772205270293338,3,296.33066,-3.2654738,4.4956326,
772205289610965,3,296.35446,-3.2518706,4.4957943,
772205311919315,3,296.307,-3.239415,4.4779735,
772205330290895,3,296.3276,-3.2292254,4.463227,
772205351958377,3,296.32278,-3.216361,4.4519696,
772205372130496,3,296.3026,-3.2055602,4.442016,
772205390410526,3,296.2904,-3.1980393,4.4344764,
772205409728151,3,296.28613,-3.1904495,4.4326205,
772205432433230,3,296.2666,-3.187039,4.416841,
772205450438602,3,296.28314,-3.1866586,4.419988,
772205469817264,3,296.28073,-3.18654,4.4225187,
772205494048219,3,296.24005,-3.164035,4.4333534,
772205510741336,3,296.13297,-3.152616,4.438348,
772205532103641,3,296.0998,-3.1688275,4.445265,
772205552153690,3,296.17346,-3.1733248,4.451529,
772205570555788,3,296.1503,-3.1637285,4.4547725,
772205589903933,3,296.09067,-3.1501014,4.4426513,
772205612425907,3,296.07693,-3.1412163,4.440069,
772205630675418,3,296.12408,-3.1346893,4.440092,
772205649993044,3,296.0165,-3.127106,4.4401145,
772205672667605,3,295.97812,-3.1198518,4.449146,
772205690703495,3,295.91907,-3.1052005,4.4394274,
772205712340457,3,295.88382,-3.1012487,4.424741,
772205732359987,3,296.0012,-3.0967073,4.4225044,
772205750762088,3,295.87836,-3.0856142,4.4238825,
772205770110233,3,295.82495,-3.077365,4.4248085,
772205792510135,3,295.86877,-3.069452,4.4293284,
772205810881716,3,295.78122,-3.0527163,4.4356074,
772205830260379,3,295.74698,-3.0438774,4.433583,
772205852660282,3,295.64954,-3.0269797,4.4439335,
772205870909793,3,295.57056,-3.0146236,4.455133,
772205892516237,3,295.46356,-3.0115488,4.465925,
772205912871462,3,295.42838,-3.0098028,4.4635634,
772205930968387,3,295.4164,-2.99676,4.463283,
772205950316531,3,295.34363,-2.9803915,4.4683805,
772205972655397,3,295.2555,-2.9672701,4.4636383,
772205990996463,3,295.18854,-2.9443645,4.4637103,
772206010344608,3,295.10367,-2.9186938,4.45772,
772206032622440,3,295.00195,-2.9163554,4.451618,
772206051024538,3,295.04065,-2.9184153,4.450728,
772206073699099,3,295.04544,-2.9144917,4.453688,
772206092864139,3,295.04025,-2.9127567,4.4561753,
772206111144167,3,295.01193,-2.9015653,4.4567995,
772206130461794,3,294.93063,-2.8836672,4.4593496,
772206153166873,3,294.84198,-2.8763528,4.459958,
772206171172245,3,294.85474,-2.8732946,4.4630547,
772206190550905,3,294.7898,-2.866119,4.48061,
772206212859255,3,294.7174,-2.8551984,4.488319,
772206231230838,3,294.7016,-2.8490624,4.4900594,
772206253874881,3,294.6416,-2.8512855,4.500865,
772206272887331,3,294.63782,-2.8388228,4.4722366,
772206291319948,3,294.65726,-2.8314962,4.4645185,
772206310637576,3,294.62976,-2.8268793,4.4748635,
772206333129032,3,294.55225,-2.8177166,4.4702187,
772206351348025,3,294.54364,-2.8093598,4.474887,
772206370696169,3,294.49164,-2.8061645,4.4879107,
772206393309695,3,294.47327,-2.811797,4.4837036,
772206411376102,3,294.48975,-2.8045983,4.5105395,
772206434050661,3,294.38635,-2.7923992,4.505087,
772206453063112,3,294.38138,-2.7858303,4.5004783,
772206471495730,3,294.34027,-2.7819176,4.505366,
772206490813358,3,294.33438,-2.7793953,4.504328,
772206513152224,3,294.3876,-2.781501,4.5209746,
772206531523806,3,294.27664,-2.776732,4.5237985,
772206550871951,3,294.24426,-2.7750707,4.5201635,
772206573241336,3,294.26004,-2.7796257,4.5234165,
772206591551882,3,294.26187,-2.7725255,4.523909,
772206613188845,3,294.22485,-2.7600682,4.536263,
772206633605105,3,294.16016,-2.7574136,4.525074,
772206651610477,3,294.17456,-2.7580886,4.5247364,
772206670989138,3,294.17096,-2.750678,4.5304074,
772206693297487,3,294.12592,-2.750523,4.534886,
772206711669070,3,294.13177,-2.7485094,4.533261,
772206731047733,3,294.1223,-2.7419431,4.5267076,
772206753325564,3,294.08014,-2.7319372,4.5156775,
772206771819216,3,294.05905,-2.7286906,4.5116243,
772206794402224,3,294.06628,-2.7266731,4.51055,
772206813567264,3,294.0495,-2.7247272,4.501841,
772206831816775,3,294.08682,-2.730714,4.494819,
772206851134401,3,294.11548,-2.7324374,4.502821,
772206873839480,3,294.09094,-2.7280135,4.501616,
772206891875370,3,294.15958,-2.7194679,4.496093,
772206911223513,3,294.06036,-2.7072973,4.496263,
772206933501345,3,294.0649,-2.6977117,4.4941354,
772206951872927,3,293.95798,-2.6923432,4.4891715,
772206973509891,3,293.94455,-2.683545,4.485092,
772206993590456,3,293.9067,-2.6696749,4.4839997,
772207011992556,3,293.8534,-2.6516182,4.4766316,
772207031340701,3,293.79907,-2.6436422,4.468969,
772207053801639,3,293.7712,-2.6380203,4.46695,
772207072051150,3,293.75308,-2.626406,4.463189,
772207095976930,3,293.70074,-2.6278987,4.4581757,
772207113982302,3,293.71893,-2.6263223,4.4625072,
772207132048709,3,293.71204,-2.6193106,4.4692073,
772207153655153,3,293.66946,-2.6129673,4.467241,
772207173705202,3,293.63672,-2.5998294,4.471347,
772207192107302,3,293.56488,-2.5906765,4.469301,
772207211455448,3,293.53763,-2.5893261,4.4655967,
772207233794314,3,293.54022,-2.5933814,4.4644766,
772207252165895,3,293.5522,-2.5849495,4.4670954,
772207271514041,3,293.50513,-2.5822566,4.4630165,
772207293974979,3,293.48505,-2.568712,4.467436,
772207312193972,3,293.4234,-2.5545537,4.463563,
772207333861451,3,293.37335,-2.5512788,4.448819,
772207354247194,3,293.3895,-2.5428333,4.4471817,
772207372283083,3,293.35724,-2.5318637,4.438482,
772207391631229,3,293.32275,-2.516639,4.4280667,
772207414000612,3,293.30643,-2.5118232,4.4213,
772207432341675,3,293.26828,-2.5043192,4.413382,
772207451720338,3,293.2422,-2.4993918,4.416998,
772207473967653,3,293.2276,-2.4980721,4.4115596,
772207492369754,3,293.21973,-2.4958875,4.4249125,
772207514037234,3,293.18207,-2.4873106,4.428537,
772207534209353,3,293.13797,-2.481515,4.4229746,
772207552458863,3,293.1283,-2.4734862,4.4266376,
772207571807008,3,293.0772,-2.4636786,4.429111,
772207594542604,3,293.03207,-2.4615245,4.422658,
772207612517458,3,293.03622,-2.4550858,4.4253793,
772207631896121,3,293.0005,-2.4355786,4.43111,
772207654173952,3,292.8813,-2.420913,4.426987,
772207672545533,3,292.82477,-2.4114878,4.4225373,
772207694213014,3,292.79697,-2.4020095,4.4217772,
772207717925173,3,292.74573,-2.3880682,4.4160357,
772207732665164,3,292.70313,-2.3746452,4.417371,
772207751982791,3,292.63773,-2.3716755,4.417646,
772207774504762,3,292.6168,-2.3726373,4.4220805,
772207792723755,3,292.8239,-2.3677788,4.422181,
772207812041383,3,292.93954,-2.3598015,4.419088,
772207834685426,3,293.00095,-2.3558943,4.4240174,
772207852721316,3,293.04483,-2.3459694,4.427616,
772207874358279,3,293.02814,-2.3367112,4.4263096,
772207894438845,3,293.0301,-2.3220625,4.4281607,
772207912840943,3,292.98642,-2.3050942,4.421077,
772207932158571,3,292.93552,-2.3014371,4.411817,
772207954497439,3,292.94836,-2.2943344,4.4126964,
772207972869021,3,292.93112,-2.2911906,4.4130225,
772207992217166,3,292.9195,-2.290219,4.4150686,
772208014586549,3,292.90747,-2.2936733,4.42136,
772208032866578,3,292.9184,-2.285701,4.422098,
772208054564577,3,292.88715,-2.2795203,4.423973,
772208074919802,3,292.8552,-2.2732844,4.418163,
772208092986208,3,292.82837,-2.2602756,4.418187,
772208112334352,3,292.77216,-2.2472541,4.412339,
772208134642701,3,292.72327,-2.2422383,4.4062023,
772208153014284,3,292.71872,-2.2359643,4.404913,
772208172392947,3,292.68466,-2.2221332,4.4125338,
772208194670779,3,292.6044,-2.2130876,4.405535,
772208213042360,3,292.58624,-2.2087612,4.4018087,
772208234709839,3,292.57022,-2.2072601,4.401907,
772208254851442,3,292.56378,-2.2026234,4.4035506,
772208273161989,3,292.53912,-2.1948493,4.4056444,
772208292510135,3,292.49677,-2.1837277,4.4005575,
772208315184695,3,292.45447,-2.1750958,4.3974676,
772208333220582,3,292.4218,-2.1726656,4.39762,
772208352568727,3,292.40927,-2.1690183,4.4016404,
772208374846559,3,292.3811,-2.160176,4.4046454,
772208393218142,3,292.33698,-2.1511664,4.405839,
772208414885622,3,292.29037,-2.1491795,4.403597,
772208434905152,3,292.28674,-2.1454146,4.39948,
772208453337769,3,292.2832,-2.1372075,4.397787,
772208472685915,3,292.23877,-2.1361587,4.400525,
772208495116335,3,292.22885,-2.1338313,4.405949,
772208513365848,3,292.21783,-2.1262472,4.406852,
772208532744509,3,292.17346,-2.113632,4.3998594,
772208555419068,3,292.12915,-2.1053355,4.390223,
772208573393922,3,292.11154,-2.0935671,4.3899302,
772208595030886,3,292.0551,-2.084987,4.385941,
772208615050418,3,292.02847,-2.0783243,4.382154,
772208633513552,3,292.00214,-2.0679176,4.379635,
772208652861696,3,291.9609,-2.0626209,4.3758273,
772208675200563,3,291.9428,-2.0534787,4.3765173,
772208693572145,3,291.90588,-2.0408378,4.3734684,
772208713774783,3,291.76785,-2.0319684,4.368129,
772208735289675,3,291.6733,-2.0301254,4.371658,
772208753569704,3,291.6151,-2.0195637,4.378268,
772208775237183,3,291.52734,-2.0105903,4.385773,
772208795592409,3,291.45392,-2.0115242,4.389225,
772208813658816,3,291.4404,-2.0008283,4.394269,
772208833006961,3,291.1803,-1.9887532,4.389329,
772208855345827,3,291.02185,-1.9773208,4.3836703,
772208873717408,3,290.84485,-1.9682808,4.3832684,
772208893065553,3,290.7328,-1.9725332,4.3869224,
772208915343386,3,290.69653,-1.9771135,4.3930845,
772208933745486,3,290.5969,-1.9671893,4.3945827,
772208955443484,3,290.47202,-1.9534168,4.3919673,
772208975585084,3,290.36426,-1.9474174,4.3871913,
772208993865113,3,290.30423,-1.9402947,4.38219,
772209013213259,3,290.24762,-1.9299632,4.383199,
772209035857302,3,290.18695,-1.9181569,4.3778033,
772209053893191,3,290.12805,-1.9089668,4.3754606,
772209073271852,3,290.07593,-1.9029714,4.373938,
772209095519166,3,289.83597,-1.9005415,4.375508,
772209113921266,3,289.69086,-1.895705,4.3786707,
772209136595827,3,289.56253,-1.8896605,4.3794155,
772209155638797,3,289.46808,-1.8862865,4.375776,
772209174071413,3,289.40677,-1.8801031,4.379681,
772209193419556,3,289.33884,-1.8814977,4.378778,
772209215880494,3,289.31323,-1.8807725,4.377448,
772209234130007,3,289.30496,-1.8736045,4.3809695,
772209253447635,3,289.24966,-1.8625715,4.380434,
772209276091677,3,289.19107,-1.8579253,4.3751183,
772209294127565,3,289.17834,-1.852504,4.376241,
772209316832643,3,289.13495,-1.8446512,4.386807,
772209335784059,3,289.07996,-1.8403186,4.3860326,
772209354216677,3,289.05518,-1.8357438,4.3841667,
772209373564822,3,289.04037,-1.826774,4.3900676,
772209395903688,3,288.97845,-1.8189844,4.397246,
772209414275269,3,288.9459,-1.8070006,4.386951,
772209433623415,3,288.8989,-1.7914697,4.391243,
772209456023318,3,288.80447,-1.771619,4.3952518,
772209474303348,3,288.71967,-1.7641044,4.3926544,
772209496977907,3,288.6774,-1.7476392,4.3956704,
772209516387085,3,288.58292,-1.7321965,4.3759036,
772209534392457,3,288.54477,-1.7216649,4.3672266,
772209553740603,3,288.5735,-1.7140557,4.3533754,
772209576079471,3,288.49963,-1.7086046,4.34399,
772209594481570,3,288.48694,-1.7013993,4.336292,
772209613799196,3,288.46805,-1.6888777,4.3341603,
772209636077027,3,288.40933,-1.6730536,4.3201294,
772209654479128,3,288.36423,-1.6650968,4.308203,
772209676116091,3,288.33466,-1.6529397,4.3016367,
772209696288210,3,288.29034,-1.6471856,4.2976117,
772209714568238,3,288.3046,-1.6408666,4.296148,
772209733916383,3,288.27527,-1.6323829,4.293339,
772209756590944,3,288.20587,-1.6217182,4.2944913,
772209774626833,3,288.1103,-1.5983342,4.2894297,
772209793974979,3,288.06836,-1.5883538,4.2769756,
772209816283327,3,288.0105,-1.5701275,4.2698755,
772209836302857,3,287.94632,-1.5546987,4.256061,
772209856261354,3,287.88452,-1.5460076,4.2566185,
772209876311403,3,287.83334,-1.5255883,4.245504,
772209894713504,3,287.7679,-1.5194982,4.2489595,
772209914061648,3,287.7158,-1.5147815,4.2502027,
772209936522584,3,287.71637,-1.4983673,4.246493,
772209954772096,3,287.63095,-1.4815784,4.2588058,
772209974120241,3,287.523,-1.475869,4.2710195,
772209996733767,3,287.48093,-1.4616871,4.3040957,
772210014800173,3,287.3474,-1.4450954,4.313873,
772210037505250,3,287.23752,-1.4304262,4.310914,
772210056487183,3,287.17337,-1.4133426,4.303099,
772210074919801,3,287.07605,-1.4010669,4.299947,
772210094298464,3,287.07126,-1.3933408,4.298405,
772210116576297,3,287.22003,-1.3822037,4.285591,
772210134978395,3,287.3971,-1.3844713,4.272661,
772210154296021,3,287.5182,-1.3688147,4.26534,
772210176726442,3,287.45834,-1.3564738,4.239737,
772210195464235,3,287.48517,-1.3236963,4.2311363,
772210217711551,3,287.4364,-1.3212863,4.2150946,
772210237029177,3,287.48376,-1.3254223,4.2164574,
772210255095582,3,287.51233,-1.3201203,4.2312717,
772210274443727,3,287.44986,-1.3227811,4.2303143,
772210296782595,3,287.4782,-1.3282601,4.2380404,
772210315154177,3,287.51807,-1.33444,4.242177,
772210334502322,3,287.57156,-1.3410866,4.259386,
772210356780152,3,287.56158,-1.3522245,4.2866235,
772210375151734,3,287.5595,-1.3470881,4.2973785,
772210396819215,3,287.53363,-1.3500702,4.2979684,
772210416991335,3,287.56042,-1.3511456,4.3068557,
772210435271365,3,287.54022,-1.3474188,4.3155293,
772210454650026,3,287.49646,-1.3355805,4.331118,
772210477355103,3,287.4111,-1.3339604,4.3405533,
772210495299440,3,287.41925,-1.3362645,4.3487897,
772210514678103,3,287.42316,-1.3365179,4.350355,
772210536955935,3,287.3983,-1.3409702,4.353059,
772210555327517,3,287.40472,-1.3341923,4.3564353,
772210576994996,3,287.4298,-1.3167835,4.353198,
772210597014527,3,287.3912,-1.3040853,4.335377,
772210615416628,3,287.40256,-1.2989379,4.3292584,
772210634764773,3,287.41064,-1.302212,4.328597,
772210657256228,3,287.4203,-1.3099419,4.3237543,
772210675475221,3,287.48193,-1.3095427,4.32723,
772210694853883,3,287.48758,-1.3008814,4.325384,
772210717497926,3,287.4571,-1.2977334,4.3189774,
772210735503298,3,287.46625,-1.2984296,4.3158865,
772210757140262,3,287.46912,-1.2937522,4.3189983,
772210777190309,3,287.4322,-1.2964395,4.3222904,
772210795622925,3,287.64502,-1.2983472,4.329283,
772210814940553,3,287.78326,-1.2871279,4.33972,
772210837279421,3,287.81757,-1.2787724,4.3390875,
772210855651004,3,287.84692,-1.2719728,4.33458,
772210874999148,3,287.86514,-1.2627118,4.3399396,
772210897399049,3,287.84378,-1.253913,4.3387375,
772210915679078,3,287.82916,-1.247775,4.337361,
772210937377077,3,287.81485,-1.2415814,4.3429255,
772210957701785,3,287.78625,-1.2362926,4.343667,
772210975798708,3,287.769,-1.2326626,4.3476253,
772210995146852,3,287.55316,-1.2294853,4.3568816,
772211017485719,3,287.38126,-1.2259438,4.3630633,
772211035857301,3,287.2588,-1.2260886,4.3658357,
772211055174929,3,287.18015,-1.2317019,4.3649445,
772211077452762,3,287.1702,-1.2304965,4.3676662,
772211095854860,3,287.1209,-1.2333827,4.3676424,
772211118559938,3,287.1081,-1.2364942,4.373522,
772211137633424,3,287.10333,-1.2321396,4.377307,
772211155974489,3,287.0611,-1.2310641,4.376354,
772211175322635,3,287.05377,-1.2285677,4.3749537,
772211197966677,3,287.03305,-1.2259598,4.383091,
772211216002565,3,287.0033,-1.2282327,4.3810515,
772211235350709,3,287.0185,-1.2205358,4.380802,
772211257964235,3,286.9801,-1.2148367,4.3788114,
772211276030642,3,286.94873,-1.2082403,4.374689,
772211298705202,3,286.91696,-1.2136469,4.3732414,
772211317717652,3,286.94727,-1.2131293,4.376135,
772211336119752,3,286.94696,-1.2117891,4.3818364,
772211355467897,3,286.92273,-1.2126622,4.385574,
772211377928835,3,286.92245,-1.2135247,4.3892226,
772211396178348,3,286.9232,-1.2069963,4.3866134,
772211415557009,3,286.89395,-1.2079508,4.3833113,
772211438201050,3,286.89832,-1.2006215,4.3844004,
772211456236940,3,286.89832,-1.2006215,4.3844004,
772211478911502,3,286.86282,-1.1947616,4.3818283,
772211497832400,3,286.83942,-1.1871189,4.3848076,
772211516295535,3,286.79544,-1.1778256,4.386978,
772211535643678,3,286.74542,-1.1707118,4.3912897,
772211557982545,3,286.70984,-1.1681088,4.3949137,
772211576354128,3,286.69647,-1.1646234,4.397888,
772211595702273,3,286.66992,-1.1594161,4.4024787,
772211618102175,3,286.62756,-1.1485323,4.398317,
772211636351686,3,286.58408,-1.1475269,4.4003053,
772211659056764,3,286.57825,-1.1436195,4.4076524,
772211678435427,3,286.54694,-1.1390532,4.4115815,
772211696471316,3,286.51953,-1.1366373,4.412801,
772211715819461,3,286.51123,-1.1345935,4.4190326,
772211738127809,3,286.48734,-1.1309643,4.422592,
772211756468873,3,286.46594,-1.1280922,4.424612,
772211775817018,3,286.449,-1.1276087,4.4274907,
772211798125368,3,286.45404,-1.1223106,4.4336357,
772211816527469,3,286.40884,-1.1114136,4.4302716,
772211839202029,3,286.39447,-1.1072869,4.423299,
772211858306032,3,286.34717,-1.0969207,4.4210663,
772211876586061,3,286.30505,-1.087856,4.416923,
772211895964724,3,286.2623,-1.078316,4.4115877,
772211918639286,3,286.21967,-1.0697048,4.414414,
772211936675173,3,286.17444,-1.0662351,4.408573,
772211956053834,3,286.16595,-1.0684068,4.4020934,
772211978392702,3,286.1861,-1.0645201,4.4087405,
772211996733766,3,286.19513,-1.0637473,4.410739,
772212019377811,3,286.1494,-1.0545335,4.4187255,
772212038420779,3,286.10358,-1.047656,4.4181304,
772212056792360,3,286.05768,-1.0421394,4.4208474,
772212076171021,3,286.02893,-1.0388857,4.421823,
772212098601443,3,286.00977,-1.0322337,4.422007,
772212116881472,3,285.97455,-1.0240697,4.4209905,
772212136229617,3,285.94046,-1.0230634,4.4173408,
772212158812625,3,285.93365,-1.0216025,4.4170456,
772212176879030,3,285.9263,-1.0132927,4.4189844,
772212199614626,3,285.88123,-1.0059497,4.4154935,
772212218566043,3,285.85876,-0.99861944,4.4133162,
772212236968142,3,285.8168,-0.98980296,4.410712,
772212256346804,3,285.72168,-0.9879921,4.408509,
772212278685670,3,285.67365,-0.9804377,4.4114375,
772212297026734,3,285.6037,-0.9749702,4.40777,
772212316405397,3,285.55853,-0.9700256,4.408539,
772212338805301,3,285.52512,-0.9674734,4.409733,
772212357024295,3,285.50458,-0.9641416,4.4114256,
772212379698854,3,285.4573,-0.94803846,4.4096584,
772212399077516,3,285.38727,-0.94397956,4.399636,
772212417113405,3,285.37775,-0.93602943,4.39942,
772212436492068,3,285.33862,-0.93847364,4.393938,
772212458800419,3,285.3531,-0.9330647,4.3980775,
772212477202517,3,285.32114,-0.92962384,4.398772,
772212501555543,3,285.30856,-0.93364215,4.398761,
772212518859011,3,285.32703,-0.9326362,4.405004,
772212537261110,3,285.3079,-0.926516,4.405978,
772212559874637,3,285.26996,-0.91904116,4.4072523,
772212579009158,3,285.22995,-0.91232365,4.4071245,
772212597319703,3,285.1986,-0.9100807,4.4072595,
772212616667848,3,285.1937,-0.91110325,4.4009867,
772212639342410,3,285.2024,-0.8962946,4.3992414,
772212657378298,3,285.12933,-0.8875576,4.3894076,
772212676726444,3,285.0998,-0.8859113,4.385378,
772212699004274,3,285.0904,-0.87562746,4.3902493,
772212717406373,3,285.0423,-0.87489563,4.386505,
772212740080935,3,285.0395,-0.8765828,4.3844295,
772212759093387,3,285.0591,-0.8755794,4.3823433,
772212777495486,3,285.05615,-0.8756614,4.383831,
772212797026736,3,285.05127,-0.8750004,4.3899755,
772212819304567,3,285.02997,-0.8659334,4.392228,
772212837584596,3,284.99518,-0.86259115,4.3903337,
772212856871706,3,284.97607,-0.85158414,4.3834987,
772212879393680,3,284.9322,-0.8482735,4.3769364,
772212897551638,3,284.92523,-0.8405451,4.376817,
772212920226197,3,284.88126,-0.83446413,4.365253,
772212939208132,3,284.8698,-0.8350191,4.3656874,
772212957640749,3,284.87515,-0.8354913,4.3667407,
772212976988894,3,284.8698,-0.8343258,4.369688,
772212999297244,3,284.8601,-0.83772224,4.3572917,
772213017699343,3,284.89514,-0.837388,4.3576603,
772213037047486,3,284.93466,-0.8368968,4.3548026,
772213059447390,3,284.89215,-0.83522576,4.3536863,
772213077696902,3,284.88773,-0.8276868,4.3521395,
772213100371464,3,284.85184,-0.82163465,4.34768,
772213119719607,3,284.8275,-0.8198462,4.341976,
772213137786012,3,284.8255,-0.816718,4.3365574,
772213157164674,3,284.81998,-0.8177813,4.3384304,
772213179473025,3,284.82382,-0.82026094,4.3477674,
772213197875125,3,284.81854,-0.81343544,4.3505616,
772213217223269,3,284.78702,-0.80937207,4.3552356,
772213239501101,3,284.75287,-0.80046064,4.3564315,
772213257872683,3,284.70346,-0.79865026,4.360658,
772213280547245,3,284.68933,-0.7944947,4.368128,
772213299712283,3,284.669,-0.7860437,4.365287,
772213317961793,3,284.63455,-0.78225297,4.3645277,
772213337309938,3,284.60983,-0.78597516,4.36324,
772213360045536,3,284.62918,-0.7840487,4.364703,
772213378050906,3,284.62024,-0.7800964,4.3664665,
772213397368531,3,284.5957,-0.77503264,4.3643775,
772213419646365,3,284.58215,-0.77717113,4.360414,
772213438048465,3,284.59174,-0.7707309,4.3608966,
772213460753542,3,284.5553,-0.77137965,4.3588743,
772213479765993,3,284.56155,-0.76904863,4.355027,
772213498137575,3,284.55768,-0.7632779,4.3497343,
772213517516238,3,284.53552,-0.7599867,4.3387885,
772213539946658,3,284.52765,-0.7538309,4.338949,
772213558196168,3,284.4945,-0.7447978,4.3315687,
772213577544313,3,284.46655,-0.74387354,4.327865,
772213600218876,3,284.45566,-0.73776793,4.327279,
772213618346316,3,284.4385,-0.7293394,4.3243437,
772213640929323,3,284.38806,-0.7194959,4.3236523,
772213659941775,3,284.34512,-0.7258715,4.3168616,
772213678343876,3,284.3874,-0.7209186,4.318166,
772213697692019,3,284.35654,-0.7128951,4.3180556,
772213720000368,3,284.3189,-0.7115027,4.3157954,
772213738402469,3,284.31488,-0.69872135,4.316585,
772213757720095,3,284.24942,-0.6993606,4.307504,
772213780119997,3,284.26358,-0.69815123,4.311953,
772213798400027,3,284.25836,-0.6934064,4.3150396,
772213820067508,3,284.22543,-0.696635,4.319396,
772213840422733,3,284.23486,-0.6890971,4.3238897,
772213858489138,3,284.19415,-0.6933304,4.318692,
772213877837281,3,284.22003,-0.69292766,4.319621,
772213900176150,3,284.21695,-0.6844529,4.329636,
772213918547733,3,284.1682,-0.6789694,4.3241925,
772213937895876,3,284.1427,-0.6699215,4.32817,
772213960204226,3,284.0869,-0.66451716,4.3281174,
772213978575809,3,284.06726,-0.66770023,4.3290825,
772214000243290,3,284.0721,-0.65610164,4.3354907,
772214020384890,3,284.00494,-0.646772,4.3304396,
772214038664919,3,283.974,-0.6532925,4.323738,
772214058043581,3,284.01312,-0.65259254,4.3266587,
772214080687626,3,283.99847,-0.6542669,4.3236217,
772214098723513,3,284.02066,-0.6530368,4.3251667,
772214118071656,3,284.00955,-0.6520684,4.328427,
772214140380008,3,283.99567,-0.6554049,4.330529,
772214158751591,3,284.0159,-0.65445995,4.328741,
772214180419070,3,284.05386,-0.65790766,4.333507,
772214200408083,3,284.0258,-0.6585927,4.339626,
772214218840701,3,284.01868,-0.6534611,4.3424478,
772214238188845,3,283.98987,-0.64567035,4.341348,
772214260649783,3,284.15955,-0.6449431,4.3360343,
772214278899294,3,284.30756,-0.64223415,4.336189,
772214298308475,3,284.39627,-0.64195347,4.331763,
772214320922001,3,284.46832,-0.645378,4.331117,
772214338927371,3,284.53745,-0.6380999,4.333779,
772214360594851,3,284.534,-0.62707067,4.3296847,
772214380614383,3,284.51242,-0.62771696,4.3246603,
772214399047001,3,284.53973,-0.6290543,4.3277693,
772214418395144,3,284.55798,-0.6216444,4.3275957,
772214440734011,3,284.51343,-0.62076986,4.3212705,
772214459105594,3,284.5325,-0.6222589,4.3178525,
772214478453739,3,284.54993,-0.6222546,4.319863,
772214500853640,3,284.55383,-0.62014014,4.321378,
772214519103152,3,284.5391,-0.6214055,4.3213367,
772214540770633,3,284.53958,-0.6203931,4.325183,
772214561125858,3,284.53653,-0.62391406,4.3211675,
772214579192263,3,284.56506,-0.6218745,4.3249645,
772214598540407,3,284.33627,-0.6165287,4.3313537,
772214620879275,3,284.16058,-0.6206588,4.334203,
772214639250858,3,284.0775,-0.62208515,4.3378615,
772214658599001,3,284.0041,-0.60803187,4.341116,
772214680876833,3,283.8838,-0.6075181,4.3292284,
772214699248416,3,283.86688,-0.6037706,4.3259835,
772214720915897,3,283.82825,-0.5924578,4.336992,
772214741088015,3,283.7353,-0.5914522,4.3476486,
772214759368044,3,283.7089,-0.5902645,4.34811,
772214778716189,3,283.6851,-0.59169316,4.3537374,
772214801360233,3,283.68176,-0.5860029,4.3656745,
772214819426638,3,283.64166,-0.58632565,4.3671904,
772214838774782,3,283.6434,-0.5837479,4.373359,
772214861052615,3,283.62024,-0.5840069,4.3741317,
772214879454716,3,283.6104,-0.5780263,4.384913,
772214901122195,3,283.56583,-0.57111573,4.384838,
772214921141726,3,283.5298,-0.5680674,4.3848233,
772214939635379,3,283.51996,-0.5681654,4.3913255,
772214958983524,3,283.52783,-0.5736868,4.3974724,
772214981413943,3,283.52536,-0.5655117,4.394199,
772214999632937,3,283.494,-0.5617225,4.3866506,
772215018981082,3,283.47653,-0.5704805,4.382741,
772215041594608,3,283.52908,-0.57909083,4.3833265,
772215059661013,3,283.5783,-0.581845,4.3799744,
772215081297976,3,283.59222,-0.5772056,4.3842807,
772215101317508,3,283.5646,-0.568362,4.3860126,
772215119719608,3,283.5119,-0.56252503,4.3789372,
772215139098269,3,283.49493,-0.56176883,4.367822,
772215161376101,3,283.50467,-0.5594755,4.3645406,
772215179778201,3,283.4924,-0.545303,4.367969,
772215199095829,3,283.4224,-0.54264617,4.354507,
772215221526247,3,283.22003,-0.5372313,4.3577332,
772215239775759,3,283.0459,-0.5367335,4.3572483,
772215261443240,3,282.94275,-0.53455925,4.3584003,
772215281859501,3,282.84784,-0.5398965,4.3641114,
772215299864871,3,282.82587,-0.5412711,4.3696313,
772215319243532,3,282.7913,-0.54217297,4.3696165,
772215341551883,3,282.76385,-0.535653,4.3680153,
772215359923466,3,282.7167,-0.5310351,4.3612084,
772215379271609,3,282.6927,-0.52757514,4.360189,
772215401549440,3,282.66287,-0.5272197,4.356339,
772215419951541,3,282.66632,-0.52802056,4.3543158,
772215441588504,3,282.66678,-0.53166765,4.3571224,
772215461730105,3,282.67773,-0.5279222,4.358411,
772215480040652,3,282.65833,-0.5168414,4.3521333,
772215499388797,3,282.60614,-0.50554794,4.3387327,
772215522063358,3,282.56958,-0.5058374,4.336165,
772215543364626,3,282.5746,-0.50323474,4.33966,
772215559477907,3,282.54773,-0.49758446,4.3388534,
772215581786258,3,282.5224,-0.48964176,4.334833,
772215600188358,3,282.48547,-0.48896998,4.330931,
772215621825320,3,282.48853,-0.49041677,4.3365126,
772215641753298,3,282.48514,-0.48966417,4.343334,
772215660246951,3,282.4798,-0.48488238,4.343672,
772215679595096,3,282.4525,-0.47519088,4.346362,
772215701994997,3,282.39832,-0.4718728,4.344701,
772215720305544,3,282.38922,-0.47053382,4.344314,
772215739653689,3,282.37122,-0.47280177,4.349376,
772215762297733,3,282.38232,-0.4692642,4.3534226,
772215780333621,3,282.36414,-0.46806955,4.3538,
772215802062136,3,282.3534,-0.4729783,4.354181,
772215822020633,3,282.38257,-0.46999636,4.357598,
772215840422733,3,282.35324,-0.46192068,4.3571696,
772215859770876,3,282.31607,-0.45129168,4.356779,
772215882079226,3,282.2606,-0.45309213,4.355809,
772215900481326,3,282.2672,-0.44609505,4.356609,
772215919829471,3,282.23608,-0.44076863,4.349136,
772215942290408,3,282.2075,-0.43524134,4.343033,
772215960509402,3,282.1882,-0.42850852,4.3436437,
772215982176883,3,282.15604,-0.42852134,4.3411217,
772216002501590,3,282.17035,-0.4271343,4.3428526,
772216020629031,3,282.15256,-0.42892557,4.344953,
772216039946657,3,282.1534,-0.43673956,4.3509374,
772216062285525,3,282.19116,-0.43821,4.3483233,
772216080657108,3,282.2076,-0.4403016,4.3486595,
772216100005251,3,282.21625,-0.44246835,4.3464336,
772216122283083,3,282.22284,-0.43821642,4.3488197,
772216140685184,3,282.20047,-0.42991406,4.3483386,
772216162322147,3,282.1563,-0.42365554,4.347018,
772216182494265,3,282.1287,-0.42072275,4.342279,
772216200774294,3,282.12073,-0.4210854,4.338139,
772216220152957,3,282.12228,-0.42714906,4.339368,
772216242827518,3,282.22546,-0.43931973,4.349617,
772216260832888,3,282.202,-0.43678972,4.356405,
772216280181032,3,282.1848,-0.43694317,4.356754,
772216302489383,3,282.17868,-0.4381293,4.3658,
772216320860966,3,282.18448,-0.44218552,4.3669047,
772216342497927,3,282.20178,-0.4478389,4.3720555,
772216362517458,3,282.22107,-0.45227805,4.376958,
772216380950076,3,282.23148,-0.4498326,4.378722,
772216400298220,3,282.2295,-0.4447232,4.3814335,
772216422820192,3,282.18726,-0.4307337,4.385476,
772216441008669,3,282.12366,-0.43052775,4.374433,
772216460356814,3,282.12488,-0.4325427,4.3752675,
772216483000857,3,282.1562,-0.43300545,4.3823223,
772216501036745,3,282.13544,-0.4344708,4.38323,
772216523680788,3,282.1419,-0.4390529,4.38096,
772216542693240,3,282.1707,-0.43793955,4.3817587,
772216561125857,3,282.20853,-0.44325745,4.3830433,
772216580474000,3,282.18884,-0.4436598,4.3844175,
772216602782351,3,282.18726,-0.45108634,4.381462,
772216621184451,3,282.23245,-0.45546252,4.382255,
772216640502078,3,282.25018,-0.4536734,4.3837743,
772216662932496,3,282.23578,-0.4579718,4.3869305,
772216681182009,3,282.2531,-0.45659405,4.391713,
772216703887088,3,282.2469,-0.4557541,4.3880873,
772216723204714,3,282.24982,-0.44831964,4.388744,
772216741301637,3,282.21155,-0.44584426,4.387842,
772216760649782,3,282.19098,-0.44978818,4.3839664,
772216782988650,3,282.2251,-0.4472972,4.3866086,
772216801360232,3,282.20773,-0.44494435,4.3864937,
772216820708375,3,282.1905,-0.44503036,4.383271,
772216842986208,3,282.19598,-0.44708738,4.3900957,
772216861357791,3,282.20135,-0.44775653,4.395176,
772216883025271,3,282.18985,-0.44938728,4.3924513,
772216903166871,3,282.20645,-0.45173207,4.3969774,
772216921446902,3,282.21307,-0.4545707,4.392688,
772216940825564,3,282.23328,-0.45815134,4.386905,
772216963469607,3,282.2586,-0.45785165,4.383773,
772216981505495,3,282.26312,-0.46589425,4.3801885,
772217000884157,3,282.5183,-0.4730816,4.3803363,
772217023131472,3,282.6984,-0.47129884,4.3823457,
772217041533572,3,282.78867,-0.4630353,4.382317,
772217064208131,3,282.82343,-0.45941946,4.369689,
772217083220583,3,282.87784,-0.4493305,4.3699265,
772217101653201,3,282.86603,-0.43855837,4.3658996,
772217121001345,3,283.0518,-0.42385042,4.358894,
772217143462282,3,283.15414,-0.4190192,4.351244,
772217161711794,3,283.27197,-0.4212192,4.3502636,
772217181029422,3,283.36105,-0.41885227,4.3501296,
772217203703982,3,283.4195,-0.41562685,4.349131,
772217221709352,3,283.49387,-0.40930554,4.349219,
772217243346315,3,283.52664,-0.40244168,4.3514433,
772217263396365,3,283.53638,-0.400682,4.3488007,
772217281798465,3,283.56375,-0.4016167,4.354892,
772217301177125,3,283.5836,-0.39502713,4.3596554,
772217323424440,3,283.55695,-0.38936582,4.361262,
772217341887576,3,283.5309,-0.39544764,4.3642025,
772217361235720,3,283.57272,-0.38965335,4.3686275,
772217383635621,3,283.5463,-0.38541916,4.364244,
772217401946169,3,283.55463,-0.3854845,4.362079,
772217424590213,3,283.59598,-0.3935458,4.364503,
772217443968875,3,283.60388,-0.39543438,4.3675623,
772217462035280,3,283.58957,-0.39481795,4.3774724,
772217481383425,3,283.5895,-0.3956374,4.379367,
772217503722293,3,283.5691,-0.40083015,4.3816504,
772217522093875,3,283.5889,-0.39890656,4.3805656,
772217541442018,3,283.58215,-0.39307857,4.376559,
772217563719851,3,283.55783,-0.39094514,4.3779044,
772217582121951,3,283.54935,-0.3886301,4.3723044,
772217604796511,3,283.4837,-0.38109535,4.376876,
772217623931032,3,283.40186,-0.37530005,4.3810096,
772217642150025,3,283.33896,-0.37240672,4.3776045,
772217661528687,3,283.10464,-0.37118688,4.37594,
772217684203249,3,282.94708,-0.3756887,4.3767104,
772217702208621,3,282.8557,-0.37398478,4.381519,
772217721556766,3,282.831,-0.3836072,4.382089,
772217743834596,3,282.76187,-0.3856354,4.385655,
772217762206177,3,282.7286,-0.38296965,4.3849316,
772217784880739,3,282.703,-0.38134703,4.380096,
772217803923708,3,282.6723,-0.37771755,4.3801193,
772217822325809,3,282.63382,-0.37566736,4.3816657,
772217841673953,3,282.6103,-0.37326288,4.3784337,
772217864134889,3,282.59875,-0.3716396,4.3735356,
772217882384400,3,282.58884,-0.370341,4.3726726,
772217901732545,3,282.58167,-0.36766928,4.3730364,
772217924346071,3,282.56082,-0.37094396,4.3669333,
772217942412478,3,282.58188,-0.3704108,4.3689456,
772217965087039,3,282.57813,-0.36475867,4.375381,
772217984068971,3,282.54272,-0.36675316,4.3791833,
772218002532105,3,282.54373,-0.36823362,4.384993,
772218021910768,3,282.53412,-0.36757728,4.390577,
772218044219118,3,282.53412,-0.36877343,4.3817916,
772218062621219,3,282.55295,-0.3622545,4.3817873,
772218081969363,3,282.51718,-0.36778495,4.3830304,
772218104369264,3,282.535,-0.35220307,4.384593,
772218122618775,3,282.4635,-0.34580243,4.37872,
772218145293336,3,282.45132,-0.33778492,4.3789377,
772218164702516,3,282.3988,-0.33428693,4.3765435,
772218182707888,3,282.39587,-0.33429164,4.3751283,
772218202086551,3,282.41336,-0.33589995,4.368546,
772218224394899,3,282.4287,-0.34050274,4.375896,
772218242796998,3,282.38983,-0.33430272,4.3818746,
772218262145143,3,282.3737,-0.33015737,4.3773584,
772218284392458,3,282.32178,-0.31982997,4.3761992,
772218302886111,3,282.30615,-0.31629294,4.373994,
772218325469119,3,282.2991,-0.31590852,4.378228,
772218344603639,3,282.28983,-0.30583745,4.3785825,
772218362944703,3,282.23206,-0.30489746,4.377904,
772218382231813,3,282.2264,-0.30203342,4.3780303,
772218404906375,3,282.2115,-0.29716706,4.3749437,
772218422942263,3,282.1983,-0.29923922,4.371946,
772218442290406,3,282.24557,-0.30351198,4.369208,
772218464507203,3,282.2457,-0.3035807,4.369338,
772218482970339,3,282.26672,-0.30748123,4.3685274,
772218505705935,3,282.25143,-0.30658987,4.371779,
772218524626834,3,282.23636,-0.29986376,4.3720303,
772218543059450,3,282.2102,-0.2951291,4.3653793,
772218562407593,3,282.1907,-0.29565778,4.363275,
772218584868532,3,282.1985,-0.30256236,4.3565173,
772218603087527,3,282.24066,-0.30493736,4.3615003,
772218622466189,3,282.25064,-0.30408424,4.369267,
772218645049197,3,282.25626,-0.3070253,4.3756375,
772218663085084,3,282.242,-0.30372733,4.376275,
772218685759645,3,282.22714,-0.30192095,4.378598,
772218704772097,3,282.22375,-0.30300313,4.386379,
772218723174197,3,282.2016,-0.2953818,4.389373,
772218742552859,3,282.16678,-0.28487834,4.384847,
772218764800172,3,282.11603,-0.27930206,4.382395,
772218783263307,3,282.09326,-0.2782252,4.378558,
772218802611452,3,282.08282,-0.27764806,4.3781033,
772218824980837,3,282.08844,-0.28067964,4.37525,
772218843260867,3,282.10583,-0.27776292,4.37618,
772218865935426,3,282.08875,-0.28663456,4.3728924,
772218885283570,3,282.1383,-0.2898894,4.3784103,
772218903349977,3,282.15268,-0.29396558,4.38309,
772218922759157,3,282.1756,-0.28923348,4.382468,
772218945036990,3,282.1396,-0.28207687,4.375962,
772218963408572,3,282.11246,-0.28467813,4.3728256,
772218982787233,3,282.1375,-0.27988222,4.3740783,
772219005065065,3,282.1063,-0.2804775,4.366583,
772219023467165,3,282.1185,-0.28838164,4.367798,
772219046141726,3,282.16846,-0.29620144,4.370544,
772219065245730,3,282.20258,-0.29608232,4.3743668,
772219083525758,3,282.19418,-0.2977182,4.376376,
772219102873902,3,282.20142,-0.29496303,4.3792043,
772219125578981,3,282.18103,-0.29638353,4.376119,
772219143614871,3,282.1933,-0.2907906,4.374528,
772219162963016,3,282.16644,-0.29862192,4.37092,
772219185210329,3,282.20898,-0.303239,4.3665795,
772219203642945,3,282.2423,-0.30672285,4.372133,
772219226317506,3,282.24963,-0.31148827,4.373045,
772219245268923,3,282.2754,-0.31069893,4.3714285,
772219263701541,3,282.2674,-0.31029147,4.371779,
772219283080203,3,282.26752,-0.3084076,4.372395,
772219305480104,3,282.25403,-0.30593586,4.3772597,
772219323760133,3,282.2389,-0.30256897,4.374069,
772219343108278,3,282.22443,-0.30268702,4.3718085,
772219365721804,3,282.20978,-0.2962076,4.374412,
772219383757693,3,282.1938,-0.29915574,4.3699675,
772219406462770,3,282.2107,-0.2985722,4.3701973,
772219425475221,3,282.21094,-0.3008962,4.3697367,
772219443877321,3,282.22046,-0.3006725,4.37199,
772219463225466,3,282.21396,-0.29650432,4.3738832,
772219485564334,3,282.19427,-0.3035141,4.3635387,
772219503935915,3,282.24713,-0.2996616,4.366378,
772219523284058,3,282.4361,-0.29396728,4.3687024,
772219545683961,3,282.56635,-0.29375383,4.364886,
772219563963991,3,282.67618,-0.29715362,4.3617506,
772219586638553,3,282.77716,-0.2988849,4.3650537,
772219605956179,3,282.8329,-0.2918516,4.3662696,
772219624053102,3,282.83472,-0.2871987,4.3609686,
772219643401246,3,282.8445,-0.28809434,4.358082,
772219665709597,3,282.87134,-0.28597525,4.3596635,
772219684111697,3,282.88266,-0.28300384,4.36394,
772219703459841,3,282.87195,-0.2835381,4.363328,
772219725676637,3,282.8728,-0.28532806,4.3648562,
772219744139771,3,282.8882,-0.28625017,4.3650084,
772219766844850,3,282.8927,-0.28519446,4.362673,
772219785948855,3,282.89343,-0.27987367,4.3594475,
772219804198367,3,282.88028,-0.28216693,4.3469453,
772219823577028,3,282.9,-0.28364184,4.3515334,
772219846251587,3,282.89957,-0.28382754,4.356752,
772219864287477,3,282.89294,-0.28167346,4.359965,
772219883635622,3,282.8862,-0.28010634,4.353187,
772219905882937,3,282.88242,-0.27661583,4.351805,
772219924285037,3,282.87146,-0.28207472,4.3488827,
772219947051149,3,282.9029,-0.27854922,4.345741,
772219966033082,3,282.91995,-0.28234005,4.3467636,
772219984435183,3,282.90494,-0.2794993,4.3471265,
772220003783328,3,282.91113,-0.28020623,4.3449636,
772220026274783,3,282.94202,-0.28737223,4.3501277,
772220044524293,3,282.92282,-0.29608533,4.3524237,
772220063872437,3,282.96136,-0.2973579,4.350757,
772220086516481,3,282.96234,-0.29741487,4.336823,
772220104460818,3,282.96234,-0.29741487,4.336823,
772220127165896,3,282.97687,-0.2935498,4.3411527,
772220146147829,3,282.96155,-0.28733146,4.3392544,
772220164549927,3,282.93524,-0.2823029,4.3392286,
772220183898073,3,282.9073,-0.2786568,4.342783,
772220206175905,3,282.87613,-0.2743819,4.342902,
772220224608523,3,282.85443,-0.2690291,4.343316,
772220243956668,3,282.8292,-0.26633438,4.338747,
772220266387086,3,282.81107,-0.26573226,4.339891,
772220284636598,3,282.80515,-0.2646633,4.3391438,
772220307311159,3,282.8035,-0.26193398,4.3385224,
772220326689822,3,282.78995,-0.25733358,4.342332,
772220344756228,3,282.76416,-0.2587564,4.3413424,
772220364104371,3,282.76996,-0.25475323,4.340106,
772220386412721,3,282.51965,-0.25032702,4.3387494,
772220404814821,3,282.35455,-0.2456073,4.3339705,
772220424162966,3,282.21817,-0.23978558,4.334505,
772220446440799,3,282.11078,-0.237563,4.326765,
772220464812380,3,282.05432,-0.23443091,4.3232026,
772220487486939,3,282.00397,-0.22681943,4.327189,
772220506621461,3,281.9309,-0.22784826,4.320586,
772220524932009,3,281.9318,-0.22646277,4.3112216,
772220544310672,3,281.9234,-0.21772775,4.308761,
772220566924197,3,281.86108,-0.21504496,4.3118663,
772220584960084,3,281.83752,-0.21605049,4.3083315,
772220604338746,3,281.84503,-0.21891493,4.3060784,
772220626586061,3,281.87384,-0.2192925,4.3063645,
772220644988162,3,281.86566,-0.2217751,4.30503,
772220667662722,3,281.86954,-0.21910276,4.3082385,
772220686675172,3,281.8567,-0.22075889,4.309582,
772220705077271,3,281.8592,-0.21626522,4.308112,
772220724455934,3,281.83688,-0.20700002,4.3166647,
772220746886355,3,281.98996,-0.20090936,4.3133926,
772220765135867,3,282.11996,-0.19517986,4.3117766,
772220784484011,3,282.1916,-0.1821337,4.307351,
772220807128052,3,282.20798,-0.17765671,4.2982807,
772220825163942,3,282.2437,-0.1749005,4.2988377,
772220847838503,3,282.2516,-0.16924123,4.3066907,
772220866850955,3,282.25137,-0.17769918,4.3041754,
772220885253054,3,282.31335,-0.18619621,4.3076105,
772220904631715,3,282.35992,-0.18720408,4.311902,
772220926970582,3,282.3706,-0.18528756,4.307693,
772220945311647,3,282.37357,-0.18500689,4.3105083,
772220964659793,3,282.37634,-0.18572833,4.30949,
772220987059695,3,282.38074,-0.1901765,4.3144045,
772221005339723,3,282.39948,-0.1862596,4.316204,
772221028014283,3,282.37347,-0.18704486,4.31199,
772221047392946,3,282.3935,-0.19296815,4.309518,
772221065398318,3,282.43735,-0.19346997,4.3107357,
772221084776981,3,282.4295,-0.19094725,4.3118806,
772221107085329,3,282.40634,-0.18113543,4.310039,
772221125487427,3,282.36395,-0.17639866,4.3012815,
772221144835573,3,282.3484,-0.17452739,4.2989063,
772221167113405,3,282.34235,-0.16509187,4.2987437,
772221185484988,3,282.29932,-0.15910946,4.2990947,
772221208159548,3,282.27484,-0.15364465,4.3010015,
772221227324586,3,282.2272,-0.15687919,4.304474,
772221245604615,3,282.2527,-0.15425041,4.305444,
772221264952761,3,282.23062,-0.1503636,4.3069553,
772221287657839,3,282.20966,-0.15791652,4.3074327,
772221305632693,3,282.25067,-0.1609976,4.3095374,
772221324980836,3,282.25946,-0.16143665,4.311972,
772221347258668,3,282.25586,-0.17092445,4.308659,
772221365630251,3,282.315,-0.1687947,4.312848,
772221387328249,3,282.07993,-0.1697407,4.309288,
772221407347781,3,281.9357,-0.17478545,4.311559,
772221425749880,3,281.85162,-0.17625374,4.318912,
772221445098023,3,281.77643,-0.18534178,4.3152466,
772221467558961,3,281.76697,-0.18371576,4.3164425,
772221485777956,3,281.72736,-0.18347201,4.3182435,
772221505156619,3,281.69547,-0.18833682,4.316425,
772221527770144,3,281.703,-0.19284093,4.320091,
772221545806032,3,281.71072,-0.19071823,4.318676,
772221568480593,3,281.68988,-0.18868539,4.3184824,
772221587493044,3,281.66992,-0.1879029,4.3196692,
772221611113651,3,281.6602,-0.19279568,4.321438,
772221625243289,3,281.686,-0.18680196,4.3244224,
772221647582154,3,281.644,-0.17960823,4.319776,
772221665953736,3,281.63446,-0.1817843,4.3176446,
772221685301882,3,281.61807,-0.1778599,4.3235006,
772221707732302,3,281.59152,-0.17518544,4.3310556,
772221726012332,3,281.57153,-0.17684007,4.334344,
772221748656374,3,281.57968,-0.17731285,4.3391843,
772221768004517,3,281.5746,-0.17676857,4.3321013,
772221786070924,3,281.57352,-0.1686436,4.330122,
772221805449587,3,281.53616,-0.16681331,4.3236012,
772221827788455,3,281.5255,-0.17014582,4.3232784,
772221846129519,3,281.57382,-0.17257246,4.3256354,
772221865477663,3,281.56497,-0.17598864,4.3226566,
772221887786012,3,281.58667,-0.17373553,4.31957,
772221906157595,3,281.5724,-0.17110012,4.3184476,
772221928832157,3,281.5633,-0.17886886,4.3179617,
772221947936159,3,281.60596,-0.18178025,4.3205237,
772221966246705,3,281.61908,-0.18138687,4.315888,
772221985625367,3,281.6227,-0.1782979,4.3066955,
772222008360964,3,281.60907,-0.1805809,4.3086915,
772222026305300,3,281.62738,-0.18521285,4.3149467,
772222045653446,3,281.64047,-0.18589416,4.321555,
772222067931276,3,281.6306,-0.18757953,4.328359,
772222086333375,3,281.64172,-0.18488991,4.3313174,
772222109007937,3,281.62573,-0.17863685,4.326295,
772222128020388,3,281.5997,-0.17310138,4.315993,
772222146422488,3,281.5689,-0.16898274,4.3192463,
772222165770633,3,281.5551,-0.16979022,4.3207326,
772222188201051,3,281.5511,-0.17485033,4.3307796,
772222206481080,3,281.56952,-0.18546216,4.336162,
772222225829226,3,281.6159,-0.18735413,4.346802,
772222248442753,3,281.6089,-0.18315546,4.3495765,
772222266478640,3,281.5876,-0.18002701,4.346934,
772222289183717,3,281.5832,-0.17988165,4.34175,
772222308226685,3,281.58847,-0.18023384,4.343026,
772222326628786,3,281.59076,-0.17632674,4.337284,
772222345976931,3,281.56592,-0.17858541,4.333313,
772222368315799,3,281.58514,-0.18355931,4.338335,
772222386656862,3,281.6183,-0.17845328,4.3447523,
772222406005006,3,281.58347,-0.17680506,4.3510966,
772222428404909,3,281.57495,-0.17818649,4.356536,
772222446684939,3,281.57303,-0.18116745,4.3639812,
772222469359501,3,281.57404,-0.1808317,4.369919,
772222488707644,3,281.7789,-0.1877648,4.3687735,
772222506774049,3,281.96863,-0.18778998,4.369108,
772222526122194,3,282.07245,-0.19248982,4.368806,
772222548461062,3,282.17145,-0.1900715,4.3735538,
772222566863162,3,282.20898,-0.18771507,4.374271,
772222586211306,3,282.2265,-0.19029497,4.3737354,
772222608489137,3,282.27228,-0.18700963,4.3787503,
772222626891236,3,282.26935,-0.18544167,4.379803,
772222649504763,3,282.27026,-0.18878742,4.38169,
772222668608768,3,282.29254,-0.19593953,4.3861704,
772222686949832,3,282.3396,-0.19730172,4.3881025,
772222706297976,3,282.3442,-0.19569726,4.389947,
772222728972536,3,282.33765,-0.18911783,4.385903,
772222747008424,3,282.31525,-0.18504167,4.37952,
772222766356570,3,282.29654,-0.18639235,4.3786845,
772222788573368,3,282.3068,-0.19381383,4.375346,
772222807036502,3,282.35107,-0.19700673,4.3764834,
772222829680543,3,282.36566,-0.20123017,4.378776,
772222848692995,3,282.60764,-0.19970211,4.3788695,
772222867125612,3,282.7459,-0.19471818,4.3763213,
772222886473758,3,282.83282,-0.19422747,4.3718023,
772222908904177,3,282.90677,-0.18917802,4.3691154,
772222927153688,3,282.94525,-0.19072868,4.3672104,
772222946532350,3,282.98575,-0.19341382,4.3675737,
772222969206912,3,283.03156,-0.19707866,4.370233,
772222987181765,3,283.0595,-0.19936743,4.3716636,
772223009856326,3,283.0857,-0.20154649,4.370419,
772223028807741,3,283.10913,-0.20819402,4.3700323,
772223047301392,3,283.14215,-0.20972826,4.375816,
772223066649538,3,283.1474,-0.20403866,4.3795123,
772223088988406,3,283.12137,-0.19650535,4.376455,
772223107329471,3,283.08362,-0.19297689,4.377421,
772223126708133,3,283.06976,-0.19537857,4.379689,
772223149108033,3,283.0758,-0.19250989,4.3815246,
772223167388063,3,283.0632,-0.18636952,4.3794646,
772223190062625,3,282.82367,-0.18929712,4.3760486,
772223209410770,3,282.70016,-0.18633045,4.374668,
772223227477175,3,282.57797,-0.18384127,4.37452,
772223246825319,3,282.4903,-0.1880508,4.3718677,
772223269133669,3,282.45844,-0.18770951,4.3745966,
772223287505251,3,282.4238,-0.18780471,4.3743067,
772223306883914,3,282.16278,-0.18143255,4.3761926,
772223329131229,3,281.944,-0.1766819,4.3688025,
772223347533327,3,281.80823,-0.17840974,4.36557,
772223370207888,3,281.7255,-0.18168484,4.370465,
772223389342410,3,281.67508,-0.17484522,4.3713675,
772223407652957,3,281.58655,-0.16700819,4.3715286,
772223427001101,3,281.51764,-0.16682185,4.3685436,
772223449675662,3,281.49713,-0.16243918,4.368995,
772223467711550,3,281.45624,-0.16127977,4.369154,
772223487059696,3,281.4419,-0.15744759,4.368716,
772223509337526,3,281.40988,-0.15347241,4.3671217,
772223527709108,3,281.39783,-0.15685742,4.372108,
772223550383670,3,281.40567,-0.1488872,4.3697767,
772223569396121,3,281.13638,-0.1486951,4.369117,
772223587828737,3,280.98077,-0.15177658,4.366826,
772223607176882,3,280.88998,-0.14699352,4.3666816,
772223629607303,3,280.79498,-0.14581701,4.3652086,
772223647856815,3,280.74048,-0.14499228,4.361475,
772223667204958,3,280.70145,-0.1416382,4.3552995,
772223689849002,3,280.66162,-0.14351971,4.347,
772223707884890,3,280.66693,-0.14531052,4.3486686,
772223730559451,3,280.6546,-0.14723386,4.348741,
772223749510866,3,280.66095,-0.14833266,4.35057,
772223767974001,3,280.67914,-0.15019774,4.3493595,
772223787352664,3,280.66245,-0.13906492,4.347071,
772223810881717,3,280.60297,-0.13788159,4.3450828,
772223828032595,3,280.6021,-0.13235573,4.3452563,
772223847380739,3,280.57242,-0.12832272,4.33882,
772223869780643,3,280.5542,-0.121799655,4.3344574,
772223888091190,3,280.5229,-0.1219734,4.334047,
772223910735231,3,280.73425,-0.116842635,4.333739,
772223930144412,3,280.85376,-0.112565644,4.3303022,
772223948149783,3,280.94507,-0.113621555,4.328723,
772223967497928,3,281.02173,-0.11769726,4.3315325,
772223989836794,3,281.09906,-0.11555792,4.337202,
772224008208376,3,281.1128,-0.11864175,4.3360763,
772224027556521,3,281.16452,-0.117428534,4.3435025,
772224049834354,3,281.16174,-0.11287962,4.346578,
772224068236452,3,281.1445,-0.11391419,4.3430595,
772224090880496,3,281.1634,-0.109149694,4.340001,
772224110045535,3,281.14755,-0.10322534,4.3399315,
772224128356082,3,281.11832,-0.1041645,4.3377213,
772224147673708,3,281.12662,-0.10374871,4.3398523,
772224170348269,3,281.12067,-0.094269246,4.3378124,
772224188384159,3,281.0928,-0.09382315,4.3318005,
772224207762821,3,281.0829,-0.0908454,4.3382287,
772224230010134,3,281.06262,-0.08969579,4.3302984,
772224248412234,3,281.0705,-0.08125751,4.327471,
772224270049198,3,281.02936,-0.08039456,4.328818,
772224290099246,3,281.23785,-0.08561026,4.324263,
772224308501345,3,281.41507,-0.08485233,4.326185,
772224327880007,3,281.5136,-0.08026521,4.324229,
772224350310428,3,281.56125,-0.075381614,4.3185244,
772224368559940,3,281.6073,-0.0772516,4.3140144,
772224387908083,3,281.6568,-0.07439124,4.3176246,
772224410521609,3,281.6628,-0.06845003,4.317983,
772224428557498,3,281.65558,-0.073163085,4.320486,
772224450224979,3,281.683,-0.08013202,4.325848,
772224470244509,3,281.71625,-0.079006106,4.331807,
772224488677127,3,281.71252,-0.07797731,4.336275,
772224508055789,3,281.70465,-0.0707563,4.341175,
772224530425174,3,281.66644,-0.0763054,4.339942,
772224548735720,3,281.7036,-0.074675545,4.342357,
772224568114382,3,281.7012,-0.07115138,4.33974,
772224590514285,3,281.6861,-0.069415875,4.338167,
772224608794315,3,281.67532,-0.06094942,4.3395705,
772224630431276,3,281.63184,-0.04631104,4.3379836,
772224650786502,3,281.5648,-0.047345597,4.33518,
772224668822391,3,281.57285,-0.049893897,4.3315234,
772224688170535,3,281.58826,-0.049673412,4.3264127,
772224710509401,3,281.59683,-0.044985123,4.31427,
772224728911502,3,281.58444,-0.04175466,4.304576,
772224748320682,3,281.58212,-0.0426413,4.3032146,
772224770445926,3,281.58698,-0.04702586,4.3076887,
772224788909059,3,281.60922,-0.046079233,4.31189,
772224810576541,3,281.58868,-0.05418219,4.312913,
772224830718143,3,281.63135,-0.057749685,4.317547,
772224849028690,3,281.64264,-0.057183206,4.320437,
772224868376833,3,281.62958,-0.051769853,4.3231077,
772224891081912,3,281.60135,-0.050826434,4.319767,
772224909056766,3,281.59726,-0.049516533,4.3221807,
772224928435428,3,281.5902,-0.0504115,4.3210616,
772224950682741,3,281.60098,-0.049529552,4.323616,
772224969084841,3,281.5838,-0.049187828,4.321272,
772224991789920,3,281.58792,-0.05639325,4.323313,
772225010771854,3,281.62357,-0.06480037,4.3341613,
772225029173952,3,281.6499,-0.068532,4.3358545,
772225048552615,3,281.66367,-0.06688976,4.339706,
772225070983035,3,281.6598,-0.07488195,4.3400726,
772225089293582,3,281.70496,-0.075293675,4.342646,
772225108702761,3,281.70148,-0.073851444,4.342363,
772225131255252,3,281.6873,-0.06986688,4.3339143,
772225149291141,3,281.67947,-0.06390092,4.331445,
772225171965701,3,281.65002,-0.05937442,4.3302503,
772225191008669,3,281.62747,-0.06110502,4.32605,
772225209410769,3,281.64417,-0.061308432,4.329458,
772225228758915,3,281.63715,-0.059723187,4.328404,
772225251067264,3,281.63452,-0.057844665,4.3336515,
772225269438845,3,281.61874,-0.06177566,4.3369527,
772225288817508,3,281.62958,-0.05903526,4.3429112,
772225311217410,3,281.60938,-0.059163325,4.3416095,
772225329466922,3,281.61148,-0.062329333,4.339158,
772225352141481,3,281.63168,-0.062242888,4.3366694,
772225371489627,3,281.63605,-0.0676635,4.3379607,
772225389586551,3,281.6643,-0.06765432,4.343528,
772225408934696,3,281.65775,-0.06467081,4.3436813,
772225431273561,3,281.6376,-0.06192144,4.3410454,
772225449614627,3,281.63998,-0.05650296,4.336973,
772225468962772,3,281.6073,-0.05638087,4.3364034,
772225491332156,3,281.6099,-0.056029543,4.3363767,
772225509642702,3,281.59973,-0.057102095,4.3365245,
772225532317263,3,281.6067,-0.058849778,4.3375826,
772225551421268,3,281.6189,-0.05321145,4.33542,
772225569731815,3,281.58923,-0.046536647,4.3301454,
772225589079958,3,281.56458,-0.048146226,4.3172674,
772225611754519,3,281.5883,-0.048492216,4.30918,
772225629790409,3,281.5994,-0.055578966,4.306951,
772225649169071,3,281.63763,-0.05544578,4.304758,
772225671446901,3,281.63757,-0.060131717,4.304834,
772225689849002,3,281.65887,-0.052566424,4.3111815,
772225712462528,3,281.60986,-0.04912337,4.302635,
772225731474979,3,281.6074,-0.044607542,4.297151,
772225749877077,3,281.58447,-0.038650762,4.2964168,
772225769225222,3,281.5551,-0.028303238,4.2936773,
772225791716678,3,281.50104,-0.020738589,4.2857785,
772225809935672,3,281.47552,-0.018986646,4.283689,
772225829283815,3,281.47076,-0.018897854,4.279736,
772225851988894,3,281.47388,-0.013409155,4.278516,
772225869963748,3,281.44305,-0.014875512,4.278014,
772225892607791,3,281.45,-0.017517515,4.279469,
772225911620241,3,281.4662,-0.016784122,4.279992,
772225930052859,3,281.455,-0.021586599,4.2797666,
772225949401004,3,281.49338,-0.01816745,4.283173,
772225971709354,3,281.46942,-0.018696576,4.2798424,
772225990111452,3,281.47064,-0.022195127,4.2804947,
772226009459597,3,281.48883,-0.015668027,4.2837067,
772226031859500,3,281.4536,-0.018400103,4.287297,
772226050109012,3,281.46695,-0.020628879,4.280184,
772226072814089,3,281.4805,-0.024911195,4.2726316,
772226092162234,3,281.51273,-0.025923772,4.280894,
772226110228641,3,281.5108,-0.025737649,4.284209,
772226129576785,3,281.5082,-0.0256702,4.286052,
772226151915651,3,281.50467,-0.023497133,4.2928166,
772226170287234,3,281.4863,-0.029713457,4.299645,
772226189635379,3,281.50604,-0.03544634,4.3021517,
772226211913211,3,281.5398,-0.031368498,4.3033595,
772226230315309,3,281.51166,-0.023066616,4.302676,
772226252959353,3,281.46234,-0.014882555,4.2910295,
772226272093875,3,281.4476,-0.011319118,4.291119,
772226290404422,3,281.42395,-0.013462303,4.2907977,
772226309752565,3,281.42975,-0.018923253,4.2935505,
772226332396609,3,281.44675,-0.013083441,4.294129,
772226350463016,3,281.43304,-0.012097759,4.2901597,
772226369811160,3,281.41806,-0.009038048,4.288469,
772226392058473,3,281.41714,-0.0075050974,4.2861476,
772226410491091,3,281.41022,-0.0050357706,4.285736,
772226433135135,3,281.39746,-0.0044359947,4.2853513,
772226452147586,3,281.39734,-0.0031401794,4.2896366,
772226470549684,3,281.38687,-0.006016543,4.287378,
772226489928347,3,281.17154,-0.0053196503,4.291552,
772226512389285,3,281.00043,-0.011886877,4.2879477,
772226530638797,3,280.9232,-0.016088298,4.29057,
772226549986940,3,280.85678,-0.019343736,4.286206,
772226572600466,3,280.82303,-0.01891557,4.288603,
772226590636356,3,280.77988,-0.018449195,4.289263,
772226613310915,3,280.7476,-0.025276396,4.286225,
772226632292848,3,280.7682,-0.030881846,4.292146,
772226650755984,3,280.77643,-0.030254537,4.298116,
772226670104129,3,280.7613,-0.026764525,4.3022857,
772226692412478,3,280.7315,-0.022924677,4.298278,
772226710784060,3,280.70377,-0.027237302,4.290755,
772226730162722,3,280.7424,-0.02520916,4.293775,
772226752562625,3,280.72125,-0.018302772,4.2895665,
772226770812136,3,280.68408,-0.012187192,4.289232,
772226793486696,3,280.65204,-0.027264623,4.28842,
772226812834841,3,280.73633,-0.0256194,4.292286,
772226830901248,3,280.7193,-0.018099148,4.294204,
772226850249392,3,280.67426,-0.014965158,4.287954,
772226872588259,3,280.672,-0.019839993,4.2855763,
772226890959841,3,280.69058,-0.026070194,4.289432,
772226910338504,3,280.72845,-0.027586069,4.2949786,
772226932585817,3,280.71832,-0.032860044,4.2950554,
772226950987917,3,280.74915,-0.038997397,4.293523,
772226973662478,3,280.7832,-0.036995936,4.297751,
772226992797000,3,280.77774,-0.043325815,4.295337,
772227011077028,3,280.80524,-0.045098677,4.299742,
772227030425173,3,280.81638,-0.043805208,4.303736,
772227053099734,3,280.80054,-0.048362657,4.310656,
772227071135623,3,280.8167,-0.05207529,4.3121266,
772227090514284,3,280.84213,-0.049652707,4.3122573,
772227112792116,3,280.82388,-0.052975167,4.304044,
772227131163699,3,280.84827,-0.055873305,4.302011,
772227153807742,3,280.86667,-0.061783772,4.3020225,
772227172789675,3,280.89734,-0.062652916,4.3076186,
772227191283327,3,280.89792,-0.07047818,4.310688,
772227210631472,3,280.93896,-0.072790414,4.3168583,
772227233061893,3,280.93796,-0.06962825,4.3212075,
772227251311403,3,280.924,-0.064431965,4.3224964,
772227270659548,3,280.88855,-0.064572625,4.321788,
772227293273074,3,280.89066,-0.067341626,4.3193398,
772227311339481,3,280.90942,-0.0707484,4.3224735,
772227334014040,3,280.92444,-0.06930873,4.3273535,
772227353026491,3,280.90973,-0.06457988,4.3234663,
772227371428591,3,280.8877,-0.06837127,4.321536,
772227390776737,3,280.90472,-0.066290416,4.318848,
772227413115603,3,280.90063,-0.06615595,4.30647,
772227431456667,3,280.91736,-0.06925152,4.306837,
772227450835330,3,280.93036,-0.07443777,4.3070817,
772227473235233,3,280.95532,-0.07478419,4.306858,
772227491515261,3,280.95862,-0.08115057,4.3079324,
772227514189821,3,280.99783,-0.08896666,4.308233,
772227533537966,3,281.0349,-0.09293864,4.3069406,
772227551604373,3,281.0542,-0.09022428,4.3076563,
772227570952517,3,281.0344,-0.09017583,4.304663,
772227593291384,3,281.03656,-0.08746594,4.303308,
772227611662966,3,281.03088,-0.08969728,4.302066,
772227631011112,3,281.04456,-0.09124774,4.301246,
772227653288942,3,281.05005,-0.091910265,4.302871,
772227674040895,3,281.05524,-0.081931345,4.303721,
772227694365603,3,280.76932,-0.076388,4.2985964,
772227713469608,3,280.58606,-0.078691274,4.2921042,
772227731749636,3,280.49445,-0.082107656,4.29224,
772227751128298,3,280.43884,-0.08905994,4.292375,
772227773863894,3,280.42346,-0.08578422,4.28918,
772227791808231,3,280.3738,-0.08191555,4.2847247,
772227811186892,3,280.3147,-0.08296505,4.2790895,
772227833434205,3,280.31927,-0.085951135,4.279004,
772227851836305,3,280.31754,-0.08428627,4.2762723,
772227873503786,3,280.30615,-0.08861512,4.2764726,
772227893492801,3,280.32635,-0.087626666,4.2776527,
772227911955934,3,280.302,-0.08176337,4.276391,
772227931304078,3,280.27234,-0.08577483,4.2764773,
772227953734498,3,280.3024,-0.08877456,4.27924,
772227971984011,3,280.3158,-0.09421204,4.2810917,
772227991362674,3,280.33646,-0.09589057,4.2870617,
772228014006716,3,280.32104,-0.075605735,4.284966,
772228032042604,3,280.23328,-0.07273599,4.2712255,
772228053679565,3,280.228,-0.070639975,4.266768,
772228073699097,3,280.21777,-0.0704547,4.264916,
772228092101198,3,280.21722,-0.06604752,4.260877,
772228111449343,3,280.2001,-0.06260446,4.2514315,
772228133788211,3,280.19226,-0.0694639,4.2440095,
772228152190309,3,280.24036,-0.074832216,4.2455134,
772228171538453,3,280.26563,-0.070981905,4.245065,
772228193968873,3,280.24673,-0.06334468,4.240718,
772228212218386,3,280.4391,-0.06247127,4.234798,
772228233855349,3,280.59375,-0.059435893,4.2339687,
772228254180056,3,280.6932,-0.060144525,4.2335224,
772228272276979,3,280.78656,-0.05886109,4.2311525,
772228291655640,3,280.83557,-0.055359334,4.2352324,
772228313963990,3,280.84866,-0.056047898,4.2346787,
772228332366091,3,280.83432,-0.053935878,4.2411366,
772228351683718,3,280.79037,-0.04982581,4.244809,
772228373961551,3,280.77936,-0.04459004,4.2497907,
772228392363649,3,280.74188,-0.03960144,4.2544227,
772228414031128,3,280.70807,-0.03586789,4.2515416,
772228434172731,3,280.68738,-0.037867427,4.2522135,
772228452452761,3,280.69748,-0.035481982,4.257954,
772228471800906,3,280.67978,-0.033807307,4.2596765,
772228494475466,3,280.66492,-0.037227523,4.2632594,
772228512511354,3,280.67776,-0.039898127,4.259744,
772228531859498,3,280.69992,-0.03820189,4.2642636,
772228554137331,3,280.68475,-0.03790414,4.267021,
772228572569949,3,280.6796,-0.036364358,4.2679234,
772228594206911,3,280.67496,-0.034268558,4.268987,
772228614226441,3,280.65225,-0.043539472,4.274472,
772228632659059,3,280.70068,-0.03475777,4.2768607,
772228651976686,3,280.65945,-0.034060877,4.2698894,
772228674468142,3,280.65414,-0.04167419,4.271435,
772228692687137,3,280.69327,-0.0428699,4.276524,
772228712065798,3,280.6933,-0.03887104,4.278662,
772228734709839,3,280.66956,-0.036346216,4.2771087,
772228752715211,3,280.66132,-0.0370382,4.275965,
772228774382692,3,280.66193,-0.033410087,4.273288,
772228794371707,3,280.64902,-0.03979781,4.2757177,
772228812804324,3,280.6745,-0.04183726,4.2827096,
772228832152467,3,280.67743,-0.041852627,4.2862587,
772228854491334,3,280.6762,-0.035721254,4.2927413,
772228872862917,3,280.64398,-0.031203292,4.287085,
772228892211062,3,280.62747,-0.028792663,4.282529,
772228914610964,3,280.62173,-0.030514298,4.276266,
772228932890992,3,280.636,-0.037453346,4.2759185,
772228954558472,3,280.67865,-0.039481487,4.2833486,
772228974913698,3,280.68088,-0.03542435,4.2780013,
772228992980105,3,280.6624,-0.044943716,4.281007,
772229012328250,3,280.713,-0.053166628,4.280065,
772229034667116,3,280.75214,-0.05566584,4.282846,
772229053038697,3,280.7706,-0.058957566,4.2763157,
772229072386842,3,280.78656,-0.06350775,4.275048,
772229094664675,3,280.8109,-0.06498926,4.2767377,
772229113066775,3,280.82214,-0.06849059,4.2750554,
772229134703738,3,280.83533,-0.06753244,4.2757125,
772229154845338,3,280.83466,-0.071073905,4.274434,
772229173155885,3,280.85202,-0.07182608,4.2761254,
772229192504030,3,280.8576,-0.07038256,4.280184,
772229215178591,3,280.84634,-0.06755315,4.2853255,
772229233214480,3,280.83176,-0.066487424,4.281383,
772229252562623,3,280.82074,-0.06908312,4.2798867,
772229274840455,3,280.8365,-0.06406292,4.287759,
772229293212038,3,280.80994,-0.06330498,4.2877493,
772229314879519,3,280.80328,-0.06905153,4.283976,
772229334899051,3,280.8306,-0.06812539,4.288717,
772229353331667,3,280.82874,-0.06820906,4.290216,
772229372679810,3,280.82504,-0.06861524,4.289566,
772229395140748,3,280.82504,-0.0730188,4.2834835,
772229413390261,3,280.85596,-0.07575963,4.281533,
772229432768924,3,280.8709,-0.076150864,4.2830033,
772229455382449,3,280.8778,-0.07630177,4.2834134,
772229473418336,3,280.86542,-0.072188504,4.2829747,
772229495055299,3,280.8462,-0.06930531,4.2774067,
772229515105348,3,280.84402,-0.062488135,4.278879,
772229533507449,3,280.8059,-0.06492758,4.2709494,
772229552886111,3,280.83203,-0.066352956,4.269005,
772229575194459,3,280.83984,-0.07029185,4.273907,
772229593566041,3,280.85007,-0.07356542,4.274532,
772229612914186,3,280.86472,-0.07281026,4.2784414,
772229635314089,3,280.86075,-0.07818776,4.2752023,
772229653563602,3,280.89032,-0.07741019,4.275308,
772229675231081,3,280.88208,-0.072832674,4.2711864,
772229695647339,3,280.86563,-0.0707531,4.268501,
772229713683229,3,280.86267,-0.07239682,4.264535,
772229733031374,3,280.87216,-0.06910894,4.264663,
772229755370242,3,280.85083,-0.06987414,4.259996,
772229773741824,3,280.8614,-0.07339425,4.2594295,
772229793089967,3,280.88168,-0.073899254,4.2570076,
772229815367799,3,280.86896,-0.06791536,4.248756,
772229833739382,3,280.863,-0.06859646,4.23946,
772229855406863,3,280.8668,-0.061270654,4.242929,
772229875487429,3,280.83243,-0.0586564,4.2382646,
772229893859010,3,280.82748,-0.056151845,4.2352853,
772229913176637,3,280.81586,-0.057067946,4.230059,
772229935881715,3,280.82663,-0.058325347,4.227517,
772229953917605,3,280.82977,-0.055251546,4.230406,
772229973265750,3,280.81207,-0.04946637,4.2361097,
772229995543581,3,280.77612,-0.047194693,4.232252,
772230013915162,3,280.7681,-0.045632284,4.2297053,
772230035582643,3,280.76767,-0.047749218,4.2243195,
772230055602175,3,280.77698,-0.042102784,4.2203627,
772230074004275,3,280.75665,-0.048505023,4.2205615,
772230093352420,3,280.7898,-0.0524851,4.2225423,
772230115813356,3,280.81317,-0.05294358,4.22674,
772230134062867,3,280.8043,-0.04904397,4.2247663,
772230153411013,3,280.78384,-0.05336769,4.220275,
772230176024539,3,280.8104,-0.043734133,4.2189946,
772230194090945,3,280.76904,-0.04260715,4.2167897,
772230215758424,3,280.7591,-0.041227665,4.216203,
772230235747437,3,280.75342,-0.037783545,4.216921,
772230254180055,3,280.73138,-0.034667484,4.2134995,
772230273528201,3,280.71912,-0.03243465,4.2060685,
772230295867068,3,280.71906,-0.03073393,4.1986303,
772230314238649,3,280.72202,-0.0352568,4.197801,
772230333586793,3,280.74982,-0.03844842,4.2040033,
772230355986696,3,280.7561,-0.036296908,4.207049,
772230374266726,3,280.74048,-0.029900007,4.206152,
772230395934207,3,280.70325,-0.016586687,4.2036676,
772230416289431,3,280.649,-0.01345654,4.20212,
772230434355836,3,280.62637,-0.01278462,4.208264,
772230453703981,3,280.61707,-0.020778289,4.2148495,
772230476134401,3,280.65143,-0.02148244,4.224099,
772230494414431,3,280.65143,-0.02148244,4.224099,
772230513823611,3,280.63766,-0.014225363,4.232274,
772230536131959,3,280.59015,-0.0154059185,4.231236,
772230554442506,3,280.59604,-0.010279435,4.2267656,
772230576201540,3,280.57632,-0.014776261,4.2211046,
772230596251589,3,280.60574,-0.017998403,4.2252946,
772230614531619,3,280.62106,-0.018541403,4.2272325,
772230633879763,3,280.6217,-0.016849436,4.230898,
772230656615357,3,280.61694,-0.01896893,4.23093,
772230674590211,3,280.61694,-0.01896893,4.23093,
772230693938357,3,280.62177,-0.019786417,4.225644,
772230716216189,3,280.62872,-0.014100072,4.2277555,
772230734618289,3,280.59808,-0.014194627,4.228121,
772230756255250,3,280.62512,-0.01842529,4.225316,
772230776305299,3,280.6216,-0.021502716,4.2330894,
772230794737917,3,280.68076,-0.023854649,4.2378316,
772230814086062,3,280.70483,-0.026968364,4.2406907,
772230836546999,3,280.73605,-0.03272408,4.2432485,
772230854796510,3,280.7769,-0.02326832,4.2438765,
772230874114137,3,280.7339,-0.030349733,4.245238,
772230896758180,3,280.78073,-0.04635031,4.2451878,
772230914794070,3,280.86743,-0.046884988,4.2480764,
772230936461551,3,280.86945,-0.045468785,4.2479095,
772230956481081,3,280.87146,-0.03956558,4.2498717,
772230974883179,3,280.83942,-0.0392134,4.250041,
772230994231325,3,280.83542,-0.041189246,4.2555346,
772231016570192,3,280.83722,-0.046087988,4.2634945,
772231034972293,3,280.86063,-0.05447162,4.2698584,
772231054289920,3,280.89847,-0.05612495,4.2751393,
772231076720338,3,280.89792,-0.05665621,4.2805896,
772231094969850,3,280.88782,-0.051448833,4.282458,
772231116637331,3,280.86185,-0.04690868,4.272259,
772231137023074,3,280.85623,-0.043964226,4.26427,
772231155058962,3,280.8471,-0.04029513,4.25909,
772231174407106,3,280.83142,-0.04384171,4.253396,
772231196745972,3,280.8573,-0.041906204,4.254092,
772231215148073,3,280.8423,-0.038981173,4.2552414,
772231234465701,3,280.82825,-0.04363872,4.252476,
772231256774051,3,280.8536,-0.046613913,4.26188,
772231275145632,3,280.8686,-0.05077179,4.258123,
772231296813111,3,280.8875,-0.046162263,4.25968,
772231316893678,3,280.8583,-0.049692623,4.2568116,
772231335234743,3,280.88773,-0.05036134,4.259006,
772231354582889,3,280.89005,-0.053546768,4.2584662,
772231377226931,3,280.90622,-0.061382283,4.262311,
772231395293336,3,280.94553,-0.058941133,4.2667255,
772231414641481,3,281.1338,-0.042473536,4.264667,
772231436949831,3,281.2031,-0.040222988,4.250046,
772231455290896,3,281.32153,-0.039457366,4.2473783,
772231477019411,3,281.38803,-0.039699413,4.236742,
772231497008424,3,281.45404,-0.03378831,4.236042,
772231515410523,3,281.46234,-0.040104955,4.2311006,
772231534728151,3,281.52472,-0.04274269,4.2263713,
772231557219607,3,281.5612,-0.040252015,4.233098,
772231575469119,3,281.54688,-0.035639502,4.2316604,
772231594786745,3,281.54138,-0.034156285,4.2307873,
772231617461304,3,281.54086,-0.036727637,4.226759,
772231635466676,3,281.5588,-0.03321009,4.232017,
772231657134157,3,281.54294,-0.032038927,4.229085,
772231677153689,3,281.53888,-0.028682953,4.2318397,
772231695555789,3,281.52353,-0.033448722,4.229877,
772231714903932,3,281.5488,-0.040881246,4.231483,
772231737242799,3,281.58487,-0.047469396,4.2370296,
772231755644899,3,281.61508,-0.042775556,4.2394004,
772231774993045,3,281.58136,-0.032539025,4.233428,
772231797362429,3,281.53574,-0.026489183,4.226205,
772231815642457,3,281.51678,-0.026580963,4.226366,
772231837309937,3,281.5209,-0.027171135,4.2317123,
772231857695680,3,281.51593,-0.029364904,4.2346764,
772231875762087,3,281.52148,-0.027056089,4.239654,
772231895110233,3,281.51123,-0.02764135,4.237909,
772231917479616,3,281.51636,-0.03232302,4.241932,
772231935820679,3,281.53622,-0.032301463,4.2453966,
772231955199342,3,281.52408,-0.03144299,4.241614,
772231977507692,3,281.5257,-0.03149507,4.238457,
772231995848758,3,281.53824,-0.0365413,4.2393675,
772232017516238,3,281.55008,-0.043626983,4.2392516,
772232037596803,3,281.59302,-0.048887085,4.243895,
772232055968385,3,281.61884,-0.056531988,4.2499957,
772232075286013,3,281.6556,-0.06665306,4.2602615,
772232097960574,3,281.68613,-0.0596948,4.261814,
772232115996462,3,281.64328,-0.057576794,4.2576785,
772232135344606,3,281.64764,-0.058826514,4.250037,
772232157622437,3,281.65643,-0.056149073,4.255771,
772232176024538,3,281.64413,-0.061976295,4.2575674,
772232197722536,3,281.72266,-0.07177272,4.262913,
772232217681033,3,281.72278,-0.0712643,4.265486,
772232236113649,3,281.71405,-0.07701168,4.2674093,
772232255492310,3,281.7324,-0.07477565,4.2740483,
772232277922731,3,281.71082,-0.07623112,4.2680097,
772232296172243,3,281.72897,-0.072133645,4.2691135,
772232315520389,3,281.7099,-0.07034649,4.2682667,
772232338133914,3,281.7017,-0.072494365,4.2687807,
772232356200319,3,281.7173,-0.07542772,4.270383,
772232377867799,3,281.72385,-0.08027268,4.268316,
772232397856813,3,281.75107,-0.08553983,4.271155,
772232416289431,3,281.7748,-0.08408799,4.272344,
772232435637576,3,281.77368,-0.08680107,4.2672267,
772232457976441,3,281.78595,-0.10122922,4.2646594,
772232476348023,3,281.8695,-0.09783739,4.26988,
772232495696169,3,281.85022,-0.0960276,4.2684426,
772232518126589,3,281.82935,-0.09903053,4.2677274,
772232536376102,3,281.85577,-0.103247546,4.269136,
772232558013063,3,281.875,-0.10737768,4.275905,
772232578429323,3,281.88174,-0.1064492,4.281508,
772232596465211,3,281.87134,-0.10576234,4.2833967,
772232615813357,3,281.6492,-0.11148883,4.28369,
772232638152224,3,281.5177,-0.12304873,4.288652,
772232656523806,3,281.4975,-0.12921427,4.292014,
772232675871950,3,281.41266,-0.13236578,4.2870455,
772232698149781,3,281.3726,-0.13352925,4.287974,
772232716521364,3,281.35034,-0.13696527,4.2931705,
772232738188845,3,281.3325,-0.14076842,4.293852,
772232758452517,3,281.33408,-0.14121857,4.2942405,
772232776640992,3,281.32117,-0.14080407,4.2906995,
772232795958619,3,281.315,-0.14604925,4.282973,
772232818663699,3,281.34515,-0.154225,4.2888227,
772232836699587,3,281.3795,-0.15365234,4.2912464,
772232856047733,3,281.3736,-0.15511315,4.2888627,
772232878356081,3,281.37207,-0.16012824,4.284494,
772232896727662,3,281.3995,-0.16478793,4.2827144,
772232918425661,3,281.43085,-0.16862673,4.2822356,
772232938414676,3,281.43765,-0.16158883,4.290954,
772232956816775,3,281.3955,-0.16205542,4.286956,
772232976164920,3,281.40662,-0.16433053,4.287775,
772232998595338,3,281.4192,-0.17132445,4.292501,
772233016875367,3,281.46347,-0.17968486,4.2914524,
772233036192995,3,281.47302,-0.17881721,4.2868037,
772233058837040,3,281.47815,-0.17406422,4.2764735,
772233076872927,3,281.4702,-0.1666003,4.26338,
772233098540406,3,281.44995,-0.16250344,4.239801,
772233118590456,3,281.45367,-0.16212116,4.2296424,
772233136992555,3,281.43973,-0.14955528,4.222832,
772233156340701,3,281.43304,-0.1469299,4.2190924,
772233178679568,3,281.39368,-0.128054,4.2072334,
772233197051149,3,281.288,-0.10467292,4.191766,
772233216399293,3,281.2019,-0.09754924,4.1660447,
772233238829714,3,281.1906,-0.08761215,4.153692,
772233257048708,3,281.17545,-0.08489373,4.1535773,
772233278746708,3,281.15726,-0.099163294,4.147754,
772233299071414,3,281.23096,-0.08413729,4.1472335,
772233317168336,3,281.14206,-0.08148931,4.1439285,
772233336516481,3,281.13162,-0.07791093,4.1376796,
772233358824832,3,281.11185,-0.08483269,4.1363153,
772233377226931,3,281.13797,-0.08865781,4.140909,
772233396544558,3,281.15076,-0.0900198,4.1476326,
772233418852906,3,281.15054,-0.10509938,4.1621227,
772233437224488,3,281.23093,-0.12601753,4.1682134,
772233459899050,3,281.34833,-0.15617076,4.1720905,
772233479033573,3,281.51028,-0.182548,4.175722,
772233497344119,3,281.64667,-0.20396097,4.185821,
772233516722780,3,281.75644,-0.22968216,4.1906166,
772233539366823,3,281.9262,-0.24152283,4.189688,
772233557372194,3,281.9262,-0.24152283,4.189688,
772233576750857,3,281.93823,-0.24833642,4.1827426,
772233599028690,3,281.97125,-0.24791422,4.1775584,
772233617400271,3,281.9654,-0.24379581,4.175984,
772233639067750,3,281.9441,-0.24307585,4.1751275,
772233659056765,3,281.95752,-0.25026938,4.171863,
772233677489382,3,281.99454,-0.24825788,4.1800346,
772233696837527,3,281.98172,-0.24909607,4.1789837,
772233719298464,3,281.9759,-0.24722801,4.1743326,
772233737547975,3,281.9785,-0.24883418,4.1708126,
772233756865603,3,281.9919,-0.25173447,4.1692986,
772233779448612,3,282.00266,-0.24484447,4.1717267,
772233797515017,3,281.96344,-0.24479559,4.167533,
772233820220095,3,281.9711,-0.24636225,4.17108,
772233839232547,3,281.98047,-0.25080043,4.1750584,
772233857695681,3,281.9978,-0.252851,4.181143,
772233877043826,3,281.99802,-0.24716654,4.177137,
772233899352175,3,281.97995,-0.25337288,4.174991,
772233917723757,3,282.01453,-0.2605165,4.1823215,
772233937071902,3,282.0401,-0.2680921,4.183027,
772233959471804,3,282.0086,-0.2708291,4.192055,
772233977721315,3,282.07095,-0.42335007,4.1956444,
772233999358279,3,282.88446,-0.3826081,4.1601515,
772234019713504,3,282.69388,-0.4110123,4.160705,
772234037810427,3,282.8648,-0.36457682,4.144374,
772234057158571,3,282.62067,-0.32718536,4.1376,
772234079466922,3,282.44617,-0.29492396,4.1361933,
772234097869021,3,282.27008,-0.30574933,4.1491365,
