772200526488404,3,0.036122087,-0.014768994,0.52389663,
772200545928102,3,0.036386374,-0.014747791,0.5227325,
772200566344363,3,0.036500044,-0.01489558,0.5229528,
772200587859256,3,0.03659871,-0.01490558,0.52257663,
772200605895143,3,0.036767285,-0.014702253,0.5209677,
772200626555543,3,0.037000798,-0.014616868,0.5197646,
772200646544557,3,0.037298422,-0.014625022,0.518856,
772200668181521,3,0.037390996,-0.014719473,0.51901186,
772200686339480,3,0.03752903,-0.014703266,0.5184967,
772200706694705,3,0.03763311,-0.01460922,0.51769304,
772200726042848,3,0.037874468,-0.01460769,0.5169466,
772200746367555,3,0.038018975,-0.014625022,0.51658595,
772200768035036,3,0.038141847,-0.014601569,0.5160931,
772200786070925,3,0.038298965,-0.014541234,0.5153126,
772200806517702,3,0.038353007,-0.0145402085,0.51514125,
772200826750856,3,0.038474426,-0.014523802,0.5126815,
772200848509889,3,0.038640797,-0.014515079,0.5107419,
772200866881471,3,0.038856342,-0.0146555565,0.50982094,
772200886809451,3,0.038976382,-0.014640806,0.5087089,
772200906157596,3,0.039199967,-0.014698198,0.50785404,
772200926573854,3,0.03957112,-0.014826393,0.50706095,
772200948180298,3,0.03973984,-0.014843469,0.50642234,
772200966216188,3,0.03981102,-0.014808292,0.505872,
772200986571413,3,0.039754085,-0.014718461,0.5054791,
772201006896121,3,0.039679047,-0.0146311335,0.5051854,
772201028502566,3,0.039680175,-0.014488877,0.50441873,
772201046813112,3,0.03978425,-0.014408952,0.50367385,
772201067015748,3,0.039857406,-0.014436331,0.5035671,
772201086363893,3,0.039980218,-0.014459021,0.5033036,
772201107054812,3,0.04001542,-0.014523289,0.5035087,
772201128417116,3,0.03996195,-0.01447653,0.5034223,
772201146422486,3,0.039889544,-0.0143462485,0.5029779,
772201167021851,3,0.03992091,-0.014235723,0.50233054,
772201187071901,3,0.04003013,-0.014131715,0.5014837,
772201208647830,3,0.04012791,-0.014150682,0.5012884,
772201226805789,3,0.04022842,-0.014121166,0.5008484,
772201247191530,3,0.040264703,-0.014093704,0.50060445,
772201266509156,3,0.0403741,-0.014064068,0.5001331,
772201287047487,3,0.04066426,-0.013939553,0.49866623,
772201308562381,3,0.040483933,-0.014027998,0.49963298,
772201326598269,3,0.040592737,-0.013919228,0.49876946,
772201347197634,3,0.04067928,-0.01388922,0.49836907,
772201367247682,3,0.040765487,-0.013908029,0.4984092,
772201392699343,3,0.04082189,-0.01388922,0.49795362,
772201406951052,3,0.041048855,-0.0137582505,0.49663767,
772201427275759,3,0.041096017,-0.013793945,0.49668503,
772201446654421,3,0.041390657,-0.013667515,0.4952373,
772201467070680,3,0.041204654,-0.013753917,0.49622777,
772201488677126,3,0.041253265,-0.013714315,0.49591202,
772201506896120,3,0.041346714,-0.013726262,0.49571386,
772201527251345,3,0.041451275,-0.01372789,0.49647376,
772201547423465,3,0.041542664,-0.013707795,0.49683583,
772201569090944,3,0.041631702,-0.013659336,0.49685317,
772201587584595,3,0.041737873,-0.013584951,0.4965379,
772201607543092,3,0.041803155,-0.013565192,0.49650875,
772201626891237,3,0.041867804,-0.013541554,0.49638,
772201647246463,3,0.041879013,-0.013475921,0.49614474,
772201668883425,3,0.041942835,-0.013463199,0.49702063,
772201686919313,3,0.042031202,-0.013414411,0.49730977,
772201707244020,3,0.04198136,-0.013399406,0.49792057,
772201727599245,3,0.041999992,-0.013256858,0.49755225,
772201749297245,3,0.04208081,-0.013160969,0.4988825,
772201767455202,3,0.042221155,-0.01316776,0.49993744,
772201787718873,3,0.04228076,-0.013105372,0.50045526,
772201807036500,3,0.042349603,-0.013088875,0.5008734,
772201827818971,3,0.042407796,-0.013062093,0.5010622,
772201849089725,3,0.042415176,-0.013047255,0.50130874,
772201867064578,3,0.042412013,-0.013010656,0.5013787,
772201887419802,3,0.04242466,-0.012985435,0.50139207,
772201907775025,3,0.042462576,-0.012963614,0.50129443,
772201929411990,3,0.04257962,-0.012906013,0.50181097,
772201947508913,3,0.042647462,-0.012919861,0.50246334,
772201967864139,3,0.042707864,-0.012892151,0.5027034,
772201987181765,3,0.04279988,-0.01286554,0.5027008,
772202007720094,3,0.042852417,-0.012901394,0.5029895,
772202029234987,3,0.04287988,-0.012923321,0.50320315,
772202047301393,3,0.04296355,-0.012900239,0.502989,
772202067961795,3,0.043026797,-0.0129169775,0.5029788,
772202087950808,3,0.04315941,-0.012927932,0.502724,
772202110594850,3,0.043224785,-0.0129779745,0.50283146,
772202127684693,3,0.04338737,-0.013002637,0.5025236,
772202148039919,3,0.043436453,-0.013026681,0.502525,
772202167418581,3,0.04354233,-0.013082612,0.502507,
772202187773807,3,0.043621995,-0.013122417,0.5024852,
772202209441286,3,0.043716002,-0.013125255,0.5022512,
772202227721314,3,0.04401714,-0.013064375,0.5011257,
772202247893434,3,0.04382273,-0.013150775,0.5020804,
772202268035036,3,0.04390019,-0.013158704,0.5019073,
772202289763554,3,0.04394633,-0.013138304,0.5016851,
772202308196170,3,0.043951076,-0.013174549,0.5018467,
772202328154664,3,0.04395328,-0.013189808,0.50191265,
772202347502809,3,0.04402577,-0.013192068,0.5017222,
772202367919069,3,0.04408378,-0.013234358,0.5017639,
772202389525516,3,0.044212714,-0.013265847,0.501557,
772202407530886,3,0.044323795,-0.013238861,0.50111955,
772202427916627,3,0.044382256,-0.013251237,0.501016,
772202448241334,3,0.044359587,-0.013247301,0.50106317,
772202469908816,3,0.04470141,-0.013126958,0.49954087,
772202488158328,3,0.04449057,-0.013253486,0.4997391,
772202508330447,3,0.04446494,-0.013279881,0.49924153,
772202527709108,3,0.044488393,-0.013347036,0.49901307,
772202548461061,3,0.044514343,-0.013324129,0.4984809,
772202569731814,3,0.04455349,-0.013337543,0.49820337,
772202587767702,3,0.04460881,-0.013358196,0.49797186,
772202608122928,3,0.04460029,-0.013372133,0.49794745,
772202628447634,3,0.044628177,-0.013380487,0.49782208,
772202651091676,3,0.0446759,-0.0134515725,0.4979804,
772202668181520,3,0.0446427,-0.013446586,0.49800402,
772202688536746,3,0.04460413,-0.013378261,0.49775273,
772202707884890,3,0.044632684,-0.0133799305,0.49766144,
772202728423220,3,0.044645038,-0.013401074,0.4977184,
772202749938111,3,0.044661723,-0.013432172,0.49780998,
772202767912965,3,0.044702075,-0.013437718,0.4977165,
772202788695437,3,0.0446804,-0.013475369,0.49795288,
772202808592899,3,0.04466089,-0.013472604,0.4979936,
772202831328494,3,0.044651378,-0.013480896,0.49805436,
772202848418337,3,0.044775017,-0.013454341,0.4975813,
772202868712527,3,0.044791322,-0.0134941535,0.49773023,
772202888091189,3,0.044820756,-0.013528894,0.49781168,
772202908354861,3,0.0448784,-0.013577819,0.49788865,
772202930052858,3,0.044928674,-0.013660426,0.49813995,
772202948058229,3,0.04496796,-0.013671875,0.49808738,
772202968535526,3,0.044940777,-0.013689303,0.49824634,
772202988738162,3,0.044935472,-0.013671875,0.49817973,
772203011443239,3,0.04490396,-0.013667515,0.49824455,
772203028838259,3,0.04511683,-0.013671875,0.4976756,
772203048857791,3,0.044904623,-0.013766371,0.49871388,
772203068205936,3,0.044913083,-0.013737656,0.4985564,
772203088622194,3,0.044969946,-0.013777191,0.49858704,
772203110228640,3,0.04493564,-0.013804744,0.4988152,
772203128325565,3,0.044874415,-0.013834396,0.4991253,
772203148619754,3,0.044855483,-0.013853771,0.49927306,
772203168913942,3,0.044808783,-0.013852157,0.49939588,
772203191619021,3,0.044780344,-0.013852695,0.499473,
772203208800418,3,0.04477901,-0.013833319,0.4993882,
772203229003055,3,0.044751715,-0.01381823,0.49939567,
772203248381716,3,0.044778347,-0.013821465,0.4993308,
772203269133670,3,0.044789657,-0.013854846,0.49946275,
772203290434940,3,0.04477136,-0.013833319,0.49940917,
772203308440311,3,0.044766698,-0.013851619,0.4995049,
772203328765016,3,0.04476137,-0.013893511,0.49972382,
772203349120242,3,0.044907942,-0.013943829,0.4995593,
772203371764285,3,0.04486877,-0.013984378,0.49986,
772203388854129,3,0.04489002,-0.013985444,0.4998107,
772203409819704,3,0.04483139,-0.014021092,0.5001377,
772203428526980,3,0.044790655,-0.014035432,0.50032264,
772203449095829,3,0.04479465,-0.01405771,0.50041676,
772203470580203,3,0.044837873,-0.014135932,0.50067127,
772203488585573,3,0.044846844,-0.014176983,0.50084054,
772203509276492,3,0.044821586,-0.014269179,0.50135237,
772203529265506,3,0.044838537,-0.014367007,0.5017717,
772203551940066,3,0.044818595,-0.01438152,0.50189346,
772203568968874,3,0.044887364,-0.014392913,0.50175697,
772203589354617,3,0.044830892,-0.014404297,0.5019691,
772203608702762,3,0.044772357,-0.014350402,0.50187737,
772203629149539,3,0.044828236,-0.014362858,0.5017771,
772203650755983,3,0.044868436,-0.014374265,0.50171995,
772203668761355,3,0.044871096,-0.01432962,0.5015014,
772203693389041,3,0.04482674,-0.014430652,0.50210387,
772203708739383,3,0.044805292,-0.01436182,0.50183487,
772203731413942,3,0.0447662,-0.014427554,0.5022598,
772203750792605,3,0.044814106,-0.014485277,0.50240064,
772203768859012,3,0.044778347,-0.014502241,0.5025792,
772203788207156,3,0.044766698,-0.014489906,0.50255597,
772203810515505,3,0.044801634,-0.014562737,0.50280374,
772203828887088,3,0.04489749,-0.014678416,0.50308734,
772203848235232,3,0.04488089,-0.014756377,0.5035026,
772203870513065,3,0.044905618,-0.014797218,0.50362504,
772203888915163,3,0.044899315,-0.014839453,0.5038447,
772203911589724,3,0.044951387,-0.01487656,0.5038715,
772203930754764,3,0.04492569,-0.014998761,0.5045275,
772203949004276,3,0.044938125,-0.014987332,0.5044356,
772203968535524,3,0.044949066,-0.015069628,0.50479764,
772203991149050,3,0.044950392,-0.015160327,0.5052222,
772204009062870,3,0.045029223,-0.015229953,0.50533164,
772204032988650,3,0.04505701,-0.015313866,0.505647,
772204050688845,3,0.045109067,-0.015388124,0.5058516,
772204069090945,3,0.04507718,-0.0154359825,0.5061662,
772204091796024,3,0.045121454,-0.015457206,0.5061425,
772204110777957,3,0.04508875,-0.01549091,0.50639516,
772204129210573,3,0.045100976,-0.015499565,0.50639814,
772204148528201,3,0.045247104,-0.015495719,0.5059773,
772204171019657,3,0.04560335,-0.016129918,0.50799084,
772204189238651,3,0.04577783,-0.016395638,0.50877154,
772204208586794,3,0.045847762,-0.01654672,0.5092984,
772204231230837,3,0.045871157,-0.016626677,0.5096139,
772204249266727,3,0.045903306,-0.016705357,0.50989896,
772204271910770,3,0.04589097,-0.016705357,0.50993973,
772204290953737,3,0.045934297,-0.016761014,0.510082,
772204309355838,3,0.04591921,-0.016827118,0.5104329,
772204328703983,3,0.045868233,-0.01687222,0.5107845,
772204351012332,3,0.045845002,-0.016955474,0.5112337,
772204369414431,3,0.045787435,-0.01693349,0.511295,
772204388762576,3,0.045710728,-0.016926888,0.5114771,
772204411192996,3,0.04566213,-0.016923366,0.5115939,
772204429442508,3,0.045636505,-0.01690178,0.51348203,
772204452117067,3,0.04561217,-0.016853662,0.5146732,
772204471495730,3,0.045815576,-0.016652646,0.5141185,
772204489531620,3,0.0456334,-0.016710708,0.5155545,
772204508879764,3,0.045612827,-0.016754344,0.5162772,
772204531249147,3,0.045538772,-0.016800087,0.51702166,
772204549590213,3,0.0453816,-0.016860735,0.51797575,
772204568938358,3,0.045332976,-0.016951518,0.5186893,
772204591216190,3,0.045309633,-0.016998045,0.5190805,
772204609618288,3,0.04531769,-0.01712512,0.51971877,
772204632262332,3,0.045236398,-0.017260328,0.5206235,
772204651732547,3,0.045172945,-0.017427435,0.5216083,
772204669707401,3,0.045087095,-0.017603537,0.52268547,
772204689055544,3,0.044999264,-0.01779842,0.5238435,
772204711760623,3,0.04505139,-0.017898189,0.5241638,
772204729735477,3,0.04510857,-0.017897356,0.52400875,
772204749114139,3,0.045131855,-0.017953468,0.52420473,
772204771391970,3,0.04513664,-0.018025119,0.5245232,
772204789794070,3,0.045226682,-0.018114181,0.5246755,
772204812438114,3,0.045401625,-0.018134736,0.5242749,
772204831450565,3,0.045696057,-0.018183151,0.5236716,
772204849883181,3,0.045868233,-0.018355252,0.5239631,
772204869200808,3,0.046305213,-0.01844474,0.5231425,
772204891692264,3,0.046109304,-0.018516904,0.5240213,
772204909941776,3,0.045919534,-0.018493552,0.5244502,
772204929289919,3,0.045824844,-0.018381616,0.524207,
772204951933962,3,0.04570877,-0.01835444,0.5244171,
772204969969852,3,0.04561544,-0.018281227,0.5243401,
772204992644412,3,0.045616746,-0.018304849,0.5244484,
772205011626345,3,0.04550489,-0.018356062,0.5249921,
772205030058963,3,0.045408517,-0.01829182,0.524977,
772205049407108,3,0.045356967,-0.018282041,0.5250786,
772205071745975,3,0.045246117,-0.018279597,0.52538073,
772205090087038,3,0.045137305,-0.018228985,0.52545774,
772205109435183,3,0.04504345,-0.01821263,0.5256489,
772205131865604,3,0.04504957,-0.018230211,0.5257132,
772205150572879,3,0.04501433,-0.018205265,0.52569926,
772205172789675,3,0.045011513,-0.018257981,0.5259448,
772205192107302,3,0.044995125,-0.01833982,0.5263637,
772205210204227,3,0.044875577,-0.01832397,0.52663004,
772205229552371,3,0.04484352,-0.018286116,0.5265518,
772205251891237,3,0.04483006,-0.018337788,0.5259527,
772205270293338,3,0.044780675,-0.018413609,0.52582467,
772205289610965,3,0.04467857,-0.01840592,0.52565163,
772205311919315,3,0.044588927,-0.018477429,0.52593654,
772205330290895,3,0.044403568,-0.018401872,0.5259077,
772205351958377,3,0.04424708,-0.018339008,0.5259145,
772205372130496,3,0.044101354,-0.018302407,0.52605957,
772205390410526,3,0.04400258,-0.018281227,0.52617645,
772205409728151,3,0.043914784,-0.01824451,0.5262107,
772205432433230,3,0.04384551,-0.018247776,0.5263885,
772205450438602,3,0.04376625,-0.018176593,0.5262654,
772205469817264,3,0.043776125,-0.018196259,0.5263113,
772205494048219,3,0.04377272,-0.018260837,0.5266043,
772205510741336,3,0.043662112,-0.01836134,0.52738786,
772205532103641,3,0.043633606,-0.018391747,0.52760077,
772205552153690,3,0.043798923,-0.018383643,0.5270809,
772205570555788,3,0.04383871,-0.018436255,0.52720547,
772205589903933,3,0.04375297,-0.018479848,0.5276551,
772205612425907,3,0.043628823,-0.018433021,0.5277971,
772205630675418,3,0.043678492,-0.01840268,0.52750874,
772205649993044,3,0.04350878,-0.018466942,0.5282986,
772205672667605,3,0.04345943,-0.018486299,0.5285312,
772205690703495,3,0.043442283,-0.018570742,0.52896994,
772205712340457,3,0.043323096,-0.018560309,0.5292352,
772205732359987,3,0.043336507,-0.018401466,0.5284404,
772205750762088,3,0.04317684,-0.018492343,0.52930963,
772205770110233,3,0.043112427,-0.018542638,0.52972186,
772205792510135,3,0.043188054,-0.018528167,0.529428,
772205810881716,3,0.043107763,-0.018619224,0.53007966,
772205830260379,3,0.043038744,-0.018632425,0.530337,
772205852660282,3,0.04297794,-0.018750811,0.53105944,
772205870909793,3,0.042951755,-0.018861344,0.53164357,
772205892516237,3,0.042794656,-0.018922867,0.5323863,
772205912871462,3,0.042833984,-0.019007724,0.53266305,
772205930968387,3,0.042811364,-0.019013211,0.5327541,
772205950316531,3,0.042726353,-0.019068774,0.5332574,
772205972655397,3,0.04260971,-0.019123396,0.5338516,
772205990996463,3,0.042516757,-0.01917359,0.5343519,
772206010344608,3,0.042350482,-0.01920116,0.5349703,
772206032622440,3,0.042170655,-0.019251537,0.5357293,
772206051024538,3,0.042155106,-0.01918874,0.53548753,
772206073699099,3,0.042161115,-0.019187186,0.5354641,
772206092864139,3,0.042128585,-0.01917631,0.53550524,
772206111144167,3,0.04214591,-0.019242246,0.53576046,
772206130461794,3,0.042058848,-0.019321073,0.53637683,
772206153166873,3,0.04193466,-0.01937806,0.53700674,
772206171172245,3,0.04186353,-0.019316446,0.5369338,
772206190550905,3,0.041912623,-0.019446379,0.53738487,
772206212859255,3,0.0419645,-0.019595992,0.53791714,
772206231230838,3,0.041909426,-0.019595232,0.53807557,
772206253874881,3,0.041893065,-0.019665068,0.53844494,
772206272887331,3,0.041966453,-0.019726729,0.53850967,
772206291319948,3,0.041736268,-0.019549552,0.5383802,
772206310637576,3,0.04166766,-0.019553363,0.53859705,
772206333129032,3,0.0416487,-0.019663554,0.53916126,
772206351348025,3,0.041531723,-0.019603975,0.5392315,
772206370696169,3,0.04155988,-0.019696869,0.5395718,
772206393309695,3,0.041598044,-0.019754658,0.5397271,
772206411376102,3,0.04164047,-0.019752018,0.5395891,
772206434050661,3,0.041677315,-0.019939728,0.54033583,
772206453063112,3,0.041619353,-0.019907568,0.54036236,
772206471495730,3,0.041550912,-0.01993076,0.54067,
772206490813358,3,0.04155199,-0.019945707,0.5407365,
772206513152224,3,0.04174769,-0.020002404,0.540415,
772206531523806,3,0.04158891,-0.020062655,0.54116064,
772206550871951,3,0.041560236,-0.020092344,0.5413784,
772206573241336,3,0.041581385,-0.0200827,0.5412735,
772206591551882,3,0.04161649,-0.020101983,0.5412574,
772206613188845,3,0.04155988,-0.020113839,0.54147893,
772206633605105,3,0.0415319,-0.020208444,0.5419908,
772206651610477,3,0.041478585,-0.020163044,0.5419447,
772206670989138,3,0.041500315,-0.02017819,0.54194933,
772206693297487,3,0.041478407,-0.020235708,0.54227257,
772206711669070,3,0.04147697,-0.020228343,0.54224753,
772206731047733,3,0.041446242,-0.020222818,0.5423082,
772206753325564,3,0.041369412,-0.020237181,0.5426012,
772206771819216,3,0.041259766,-0.020203281,0.54277307,
772206794402224,3,0.041219298,-0.020164892,0.54272,
772206813567264,3,0.041172273,-0.020161936,0.5428449,
772206831816775,3,0.041159425,-0.020100871,0.54260784,
772206851134401,3,0.041163225,-0.02005077,0.5423655,
772206873839480,3,0.041201036,-0.020105317,0.54250365,
772206891875370,3,0.041216042,-0.020031437,0.5421195,
772206911223513,3,0.041088585,-0.02008715,0.5427514,
772206933501345,3,0.041064277,-0.02008641,0.5428218,
772206951872927,3,0.040928338,-0.020153806,0.5435362,
772206973509891,3,0.040862754,-0.020133832,0.5436396,
772206993590456,3,0.04077368,-0.02013087,0.54389304,
772207011992556,3,0.04068514,-0.020167109,0.5443232,
772207031340701,3,0.040557116,-0.020175973,0.5447405,
772207053801639,3,0.040461108,-0.020150108,0.5449116,
772207072051150,3,0.040404167,-0.020149738,0.5450788,
772207095976930,3,0.04031112,-0.02017339,0.5454649,
772207113982302,3,0.040299475,-0.020136792,0.54533213,
772207132048709,3,0.04031944,-0.020166371,0.5454101,
772207153655153,3,0.04030262,-0.020221345,0.5457097,
772207173705202,3,0.040247306,-0.020236446,0.5459432,
772207192107302,3,0.04018691,-0.020311413,0.5464612,
772207211455448,3,0.040123083,-0.020313615,0.5466674,
772207233794314,3,0.040105253,-0.020295268,0.5466384,
772207252165895,3,0.04011008,-0.020278374,0.5465448,
772207271514041,3,0.040057853,-0.02031765,0.54688346,
772207293974979,3,0.040004063,-0.020313615,0.5470247,
772207312193972,3,0.039946284,-0.020383183,0.54751045,
772207333861451,3,0.039843943,-0.020390494,0.547851,
772207354247194,3,0.039757833,-0.020314349,0.54776555,
772207372283083,3,0.0396997,-0.020319482,0.5479653,
772207391631229,3,0.039585616,-0.020306645,0.54824805,
772207414000612,3,0.039477244,-0.02026073,0.5483647,
772207432341675,3,0.039344154,-0.020240862,0.54867584,
772207451720338,3,0.039278578,-0.0202416,0.5488774,
772207473967653,3,0.039252393,-0.02025926,0.549038,
772207492369754,3,0.03921935,-0.0202416,0.54905254,
772207514037234,3,0.03927137,-0.020322416,0.54926693,
772207534209353,3,0.039238345,-0.020375872,0.54961103,
772207552458863,3,0.03918305,-0.020364534,0.54972714,
772207571807008,3,0.039134532,-0.020412404,0.55008924,
772207594542604,3,0.039106343,-0.02046053,0.5504127,
772207612517458,3,0.03905201,-0.020421527,0.5504116,
772207631896121,3,0.03902357,-0.020458343,0.55067307,
772207654173952,3,0.03891306,-0.02056586,0.55149883,
772207672545533,3,0.03881145,-0.020590479,0.5519237,
772207694213014,3,0.038725737,-0.020581068,0.5521428,
772207717925173,3,0.038646776,-0.020610733,0.55251527,
772207732665164,3,0.03855142,-0.020620853,0.55285376,
772207751982791,3,0.0384721,-0.020667769,0.55330575,
772207774504762,3,0.03845118,-0.020682184,0.5534364,
772207792723755,3,0.038451567,-0.020772766,0.5519717,
772207812041383,3,0.038389124,-0.020831505,0.55112195,
772207834685426,3,0.038314912,-0.020879377,0.55064815,
772207852721316,3,0.038284954,-0.020941375,0.5503765,
772207874358279,3,0.03823257,-0.021020565,0.5504488,
772207894438845,3,0.03816606,-0.021046422,0.5504515,
772207912840943,3,0.038080066,-0.02111287,0.5507901,
772207932158571,3,0.037934612,-0.021134034,0.55117226,
772207954497439,3,0.03785361,-0.021086035,0.5510923,
772207972869021,3,0.037816193,-0.021108637,0.55123323,
772207992217166,3,0.037803188,-0.021128394,0.5513053,
772208014586549,3,0.037802793,-0.021152359,0.5513781,
772208032866578,3,0.037852034,-0.021177001,0.5513164,
772208054564577,3,0.037814617,-0.021210046,0.5515605,
772208074919802,3,0.037779134,-0.021241637,0.55179673,
772208092986208,3,0.037694238,-0.021225497,0.5519713,
772208112334352,3,0.037621427,-0.021264074,0.55236053,
772208134642701,3,0.037516322,-0.021277385,0.55273277,
772208153014284,3,0.037450727,-0.021246547,0.5527903,
772208172392947,3,0.037401754,-0.021263372,0.5530119,
772208194670779,3,0.03734793,-0.021358468,0.5536019,
772208213042360,3,0.03726485,-0.021338226,0.5537618,
772208234709839,3,0.03721123,-0.021327749,0.5538758,
772208254851442,3,0.037206624,-0.021331592,0.5539056,
772208273161989,3,0.037189998,-0.021361258,0.5540894,
772208292510135,3,0.037148304,-0.021400983,0.554394,
772208315184695,3,0.03705191,-0.021405857,0.5547089,
772208333220582,3,0.03697401,-0.02141247,0.55497575,
772208352568727,3,0.036963124,-0.0214236,0.5550573,
772208374846559,3,0.036959898,-0.021466682,0.5552611,
772208393218142,3,0.036917742,-0.021509329,0.55558246,
772208414885622,3,0.03687453,-0.021550857,0.5558997,
772208434905152,3,0.036842592,-0.021537023,0.55593747,
772208453337769,3,0.03680496,-0.021528026,0.5560089,
772208472685915,3,0.03673485,-0.021541866,0.5562846,
772208495116335,3,0.036742963,-0.021562608,0.55635566,
772208513365848,3,0.036762018,-0.021601962,0.556473,
772208532744509,3,0.03671943,-0.021639869,0.55677193,
772208555419068,3,0.036606442,-0.021631604,0.5570685,
772208573393922,3,0.036504332,-0.021599548,0.55722404,
772208595030886,3,0.036421575,-0.021637114,0.5576411,
772208615050418,3,0.03635626,-0.021640213,0.55783993,
772208633513552,3,0.03629165,-0.021637803,0.558018,
772208652861696,3,0.036206145,-0.021653635,0.55834347,
772208675200563,3,0.036156725,-0.021652259,0.5584839,
772208693572145,3,0.036106616,-0.021684237,0.55876833,
772208713774783,3,0.036026258,-0.021679083,0.5597646,
772208735289675,3,0.035947166,-0.021657076,0.5604451,
772208753569704,3,0.035961673,-0.021673582,0.56084955,
772208775237183,3,0.035944887,-0.021743255,0.5614591,
772208795592409,3,0.035926435,-0.021813387,0.56200296,
772208813658816,3,0.035956908,-0.0218308,0.56210726,
772208833006961,3,0.035953593,-0.021837626,0.5640028,
772208855345827,3,0.03586458,-0.021755245,0.56520724,
772208873717408,3,0.035793465,-0.021771677,0.5664089,
772208893065553,3,0.035750765,-0.021780232,0.5672082,
772208915343386,3,0.035798874,-0.021771677,0.5674628,
772208933745486,3,0.03588535,-0.021769624,0.5681927,
772208955443484,3,0.035839435,-0.021786388,0.5691062,
772208975585084,3,0.035755977,-0.021794936,0.5698861,
772208993865113,3,0.035699043,-0.021780232,0.5703333,
772209013213259,3,0.03563784,-0.021768255,0.5707034,
772209035857302,3,0.03558386,-0.021802455,0.57118315,
772209053893191,3,0.035477757,-0.021801088,0.5716156,
772209073271852,3,0.035413858,-0.02181407,0.5719499,
772209095519166,3,0.03539218,-0.021769281,0.5736545,
772209113921266,3,0.035423957,-0.021737428,0.57470745,
772209136595827,3,0.03542585,-0.02174394,0.5756295,
772209155638797,3,0.035424795,-0.021751136,0.5762949,
772209174071413,3,0.035381865,-0.02171754,0.57672155,
772209193419556,3,0.03537049,-0.02174908,0.57720566,
772209215880494,3,0.035374284,-0.021744968,0.57739025,
772209234130007,3,0.03537365,-0.021723371,0.5774513,
772209253447635,3,0.035348367,-0.02177065,0.5778414,
772209276091677,3,0.035277687,-0.021796986,0.5782451,
772209294127565,3,0.035225693,-0.021777153,0.57837194,
772209316832643,3,0.035201572,-0.02182295,0.57868063,
772209335784059,3,0.035205808,-0.021910176,0.579068,
772209354216677,3,0.0351554,-0.021907456,0.5792322,
772209373564822,3,0.03512063,-0.021906095,0.5793455,
772209395903688,3,0.03512911,-0.022011278,0.57978106,
772209414275269,3,0.035112992,-0.022064019,0.58006454,
772209433623415,3,0.034982465,-0.0220451,0.5803934,
772209456023318,3,0.03490101,-0.022127412,0.58100146,
772209474303348,3,0.03481145,-0.022220485,0.5816822,
772209496977907,3,0.0347504,-0.022231547,0.58191985,
772209516387085,3,0.03464303,-0.022311168,0.58259624,
772209534392457,3,0.03444114,-0.022238249,0.5829091,
772209553740603,3,0.034304146,-0.02211057,0.5827816,
772209576079471,3,0.034223255,-0.02215366,0.58321494,
772209594481570,3,0.034138247,-0.022120003,0.5833307,
772209613799196,3,0.03405718,-0.022091353,0.58345896,
772209636077027,3,0.03396605,-0.022113603,0.5838386,
772209654479128,3,0.03379033,-0.022074146,0.5842193,
772209676116091,3,0.033692732,-0.022052536,0.58442885,
772209696288210,3,0.033605937,-0.02205794,0.58472246,
772209714568238,3,0.033540916,-0.022005523,0.5847022,
772209733916383,3,0.033478215,-0.022014324,0.58493745,
772209756590944,3,0.033413835,-0.022064019,0.5853533,
772209774626833,3,0.033316698,-0.022145923,0.5860101,
772209793974979,3,0.033176634,-0.02212135,0.58634555,
772209816283327,3,0.033041842,-0.022119666,0.5867635,
772209836302857,3,0.032892004,-0.022118656,0.58723116,
772209856261354,3,0.032728504,-0.02210248,0.58767694,
772209876311403,3,0.03266607,-0.022154333,0.5880977,
772209894713504,3,0.03248263,-0.022116635,0.5885157,
772209914061648,3,0.03247575,-0.022197338,0.58888376,
772209936522584,3,0.032444306,-0.022181556,0.5889139,
772209954772096,3,0.032356232,-0.022267044,0.58956116,
772209974120241,3,0.032342184,-0.02244003,0.5903501,
772209996733767,3,0.032350246,-0.022506667,0.59060836,
772210014800173,3,0.032422483,-0.02276014,0.5914651,
772210037505250,3,0.032333657,-0.022879638,0.5922539,
772210056487183,3,0.032279693,-0.022942726,0.59269613,
772210074919801,3,0.03213465,-0.023011144,0.5934475,
772210094298464,3,0.032049213,-0.022924207,0.5933454,
772210116576297,3,0.03192856,-0.023048026,0.5923115,
772210134978395,3,0.03181074,-0.02299819,0.5911129,
772210154296021,3,0.031718086,-0.022953764,0.5902629,
772210176726442,3,0.031506915,-0.023065152,0.5907397,
772210195464235,3,0.03130431,-0.022977123,0.59053665,
772210217711551,3,0.031076426,-0.022960903,0.590859,
772210237029177,3,0.030970996,-0.02287866,0.59061337,
772210255095582,3,0.031018833,-0.022895264,0.590372,
772210274443727,3,0.031019794,-0.0230283,0.59082556,
772210296782595,3,0.031012587,-0.022992034,0.59061486,
772210315154177,3,0.03113176,-0.023033798,0.5903629,
772210334502322,3,0.031219944,-0.023025062,0.5900065,
772210356780152,3,0.03133952,-0.023114845,0.58998746,
772210375151734,3,0.03153244,-0.023264565,0.58999944,
772210396819215,3,0.031578247,-0.023350235,0.5902074,
772210416991335,3,0.031605605,-0.023334276,0.59004486,
772210435271365,3,0.031634822,-0.023399321,0.59022224,
772210454650026,3,0.031656012,-0.023481963,0.5905049,
772210477355103,3,0.03167742,-0.023632824,0.5910738,
772210495299440,3,0.03174814,-0.023671571,0.59101385,
772210514678103,3,0.03181378,-0.023714967,0.5909906,
772210536955935,3,0.031816825,-0.023744794,0.5911071,
772210555327517,3,0.031818934,-0.023743225,0.59109044,
772210576994996,3,0.03179457,-0.023807779,0.5908879,
772210597014527,3,0.031635765,-0.023853427,0.59119594,
772210615416628,3,0.031486332,-0.023794945,0.5911469,
772210634764773,3,0.031424038,-0.023778971,0.59108686,
772210657256228,3,0.031435415,-0.023800895,0.5910075,
772210675475221,3,0.031446315,-0.023728158,0.59056664,
772210694853883,3,0.031461477,-0.023743853,0.59051776,
772210717497926,3,0.031419296,-0.02376518,0.5907006,
772210735503298,3,0.031369694,-0.023727844,0.5906635,
772210757140262,3,0.03134237,-0.02371371,0.5906674,
772210777190309,3,0.031325962,-0.023757968,0.5908957,
772210795622925,3,0.031318113,-0.023821546,0.5894016,
772210814940553,3,0.03133999,-0.023902725,0.5884281,
772210837279421,3,0.03131526,-0.024033906,0.58819765,
772210855651004,3,0.031240461,-0.024074791,0.587997,
772210874999148,3,0.031158792,-0.024079742,0.58785045,
772210897399049,3,0.031132476,-0.024161905,0.5879876,
772210915679078,3,0.031073788,-0.024203498,0.5881414,
772210937377077,3,0.031019554,-0.024220731,0.5882415,
772210957701785,3,0.031002495,-0.024283709,0.58846456,
772210975798708,3,0.03097701,-0.024313146,0.5886,
772210995146852,3,0.031025797,-0.02429138,0.590111,
772211017485719,3,0.031087453,-0.024324175,0.5912913,
772211035857301,3,0.031126253,-0.024354786,0.59216285,
772211055174929,3,0.031157356,-0.02435907,0.592687,
772211077452762,3,0.031201325,-0.024316823,0.5927889,
772211095854860,3,0.031204907,-0.024328157,0.59312415,
772211118559938,3,0.031224478,-0.024312226,0.59320074,
772211137633424,3,0.03128479,-0.024332138,0.5932388,
772211155974489,3,0.031275738,-0.024370078,0.5935294,
772211175322635,3,0.03126144,-0.024362128,0.5936119,
772211197966677,3,0.031241415,-0.024365185,0.5937438,
772211216002565,3,0.031273358,-0.024429927,0.5939519,
772211235350709,3,0.031281933,-0.024406126,0.5938473,
772211257964235,3,0.03123259,-0.024426572,0.59410965,
772211276030642,3,0.031188667,-0.024441209,0.59432405,
772211298705202,3,0.031121707,-0.02443633,0.5945265,
772211317717652,3,0.03114779,-0.024414063,0.5943548,
772211336119752,3,0.031170744,-0.024431756,0.5943607,
772211355467897,3,0.03118795,-0.02447563,0.5944952,
772211377928835,3,0.031214694,-0.024494497,0.59449494,
772211396178348,3,0.031236168,-0.024512133,0.5944999,
772211415557009,3,0.031182693,-0.024521858,0.5947136,
772211438201050,3,0.0311717,-0.024509093,0.59469604,
772211456236940,3,0.0311717,-0.024509093,0.59469604,
772211478911502,3,0.031131519,-0.024529148,0.59491163,
772211497832400,3,0.03108122,-0.024538258,0.5951092,
772211516295535,3,0.03105724,-0.024585579,0.59539145,
772211535643678,3,0.03101451,-0.024639463,0.5957555,
772211557982545,3,0.03099913,-0.024689004,0.59601754,
772211576354128,3,0.031009704,-0.024722178,0.5961213,
772211595702273,3,0.030996246,-0.024751693,0.596287,
772211618102175,3,0.030995285,-0.024808219,0.59652656,
772211636351686,3,0.030903082,-0.02482233,0.5968803,
772211659056764,3,0.030913448,-0.024837034,0.5969095,
772211678435427,3,0.030927423,-0.024899352,0.59712917,
772211696471316,3,0.030918749,-0.024947181,0.597357,
772211715819461,3,0.030916821,-0.024963304,0.5974329,
772211738127809,3,0.03093465,-0.02500982,0.59757286,
772211756468873,3,0.03093465,-0.02504376,0.59771734,
772211775817018,3,0.030927906,-0.025065765,0.59783113,
772211798125368,3,0.030994322,-0.025123956,0.5978658,
772211816527469,3,0.030949097,-0.025151817,0.5981268,
772211839202029,3,0.030848548,-0.025114167,0.5982896,
772211858306032,3,0.030804317,-0.025139965,0.5985392,
772211876586061,3,0.030730458,-0.025162775,0.5988715,
772211895964724,3,0.030648645,-0.02517136,0.5991711,
772211918639286,3,0.030567342,-0.025176095,0.59944963,
772211936675173,3,0.03053759,-0.025226355,0.59976214,
772211956053834,3,0.030483134,-0.025208332,0.5998576,
772211978392702,3,0.030460885,-0.025153002,0.5996963,
772211996733766,3,0.030522948,-0.025200943,0.59969807,
772212019377811,3,0.03047898,-0.025226355,0.5999475,
772212038420779,3,0.03046969,-0.02531245,0.6003396,
772212056792360,3,0.030428827,-0.025336869,0.60057735,
772212076171021,3,0.030411681,-0.02537859,0.6008082,
772212098601443,3,0.030397223,-0.025396492,0.60093075,
772212116881472,3,0.03036068,-0.025423761,0.60116196,
772212136229617,3,0.030303448,-0.025443388,0.60143167,
772212158812625,3,0.030278604,-0.02542845,0.601447,
772212176879030,3,0.030269008,-0.025435189,0.6015036,
772212199614626,3,0.030230584,-0.025482014,0.6018254,
772212218566043,3,0.030171623,-0.025483476,0.60202116,
772212236968142,3,0.030109083,-0.025497213,0.60228187,
772212256346804,3,0.030061038,-0.02549429,0.6029417,
772212278685670,3,0.030052114,-0.025479674,0.60326827,
772212297026734,3,0.030034507,-0.025526125,0.6037682,
772212316405397,3,0.029983113,-0.025519995,0.60407996,
772212338805301,3,0.029964719,-0.02553984,0.6043517,
772212357024295,3,0.02996049,-0.025550632,0.6045026,
772212379698854,3,0.029943826,-0.025582395,0.6047472,
772212399077516,3,0.029842634,-0.025625464,0.60529304,
772212417113405,3,0.029761633,-0.025568996,0.6053497,
772212436492068,3,0.02971754,-0.025602194,0.6056497,
772212458800419,3,0.029704751,-0.025559962,0.60552835,
772212477202517,3,0.029695971,-0.025603358,0.60574883,
772212501555543,3,0.029680913,-0.025615577,0.60585415,
772212518859011,3,0.029705755,-0.025605977,0.6057401,
772212537261110,3,0.029729072,-0.02565278,0.6058626,
772212559874637,3,0.029700989,-0.025685867,0.60609436,
772212579009158,3,0.029668361,-0.025725866,0.6063628,
772212597319703,3,0.029632678,-0.025747867,0.60657054,
772212616667848,3,0.029617589,-0.025750183,0.60662866,
772212639342410,3,0.029586883,-0.025709642,0.6065589,
772212657378298,3,0.029485477,-0.02575944,0.60708886,
772212676726444,3,0.029384736,-0.0257305,0.60729164,
772212699004274,3,0.029348202,-0.0257108,0.60732925,
772212717406373,3,0.029316196,-0.025777943,0.6077058,
772212740080935,3,0.029292297,-0.025763487,0.60772324,
772212759093387,3,0.029293569,-0.025737736,0.6076138,
772212777495486,3,0.029282121,-0.02572992,0.607618,
772212797026736,3,0.029290007,-0.02574121,0.60763854,
772212819304567,3,0.02931213,-0.02577621,0.6077141,
772212837584596,3,0.029283648,-0.025833955,0.60804045,
772212856871706,3,0.029251572,-0.02583107,0.6081326,
772212879393680,3,0.029147977,-0.025835108,0.6084821,
772212897551638,3,0.029084262,-0.025801344,0.6085452,
772212920226197,3,0.029039908,-0.025833955,0.6088212,
772212939208132,3,0.02894431,-0.025785457,0.60892844,
772212957640749,3,0.028956406,-0.025784591,0.60888624,
772212976988894,3,0.028960008,-0.025790947,0.6089018,
772212999297244,3,0.028963868,-0.025809716,0.60896754,
772213017699343,3,0.028916497,-0.02571312,0.6087188,
772213037047486,3,0.028932981,-0.025682388,0.6085376,
772213059447390,3,0.028901806,-0.025708772,0.60874826,
772213077696902,3,0.028879886,-0.025705006,0.6088027,
772213100371464,3,0.028838063,-0.025723549,0.6090155,
772213119719607,3,0.028778577,-0.02572297,0.6092034,
772213137786012,3,0.028730903,-0.02569167,0.6092256,
772213157164674,3,0.028682107,-0.025668459,0.60928655,
772213179473025,3,0.028700026,-0.025673391,0.6092506,
772213197875125,3,0.028762003,-0.0257305,0.6092881,
772213217223269,3,0.028746976,-0.025771007,0.6095029,
772213239501101,3,0.028732458,-0.025820108,0.60975045,
772213257872683,3,0.028694054,-0.025867388,0.61007094,
772213280547245,3,0.028711187,-0.025893873,0.61012477,
772213299712283,3,0.028739199,-0.025968002,0.6103405,
772213317961793,3,0.028674833,-0.025976608,0.61058176,
772213337309938,3,0.028644416,-0.02598435,0.6107122,
772213360045536,3,0.028665219,-0.025970584,0.610588,
772213378050906,3,0.02865924,-0.025980623,0.61064917,
772213397368531,3,0.028642336,-0.026016446,0.6108515,
772213419646365,3,0.028606677,-0.026012722,0.61094797,
772213438048465,3,0.028594693,-0.025984637,0.6108729,
772213460753542,3,0.028554019,-0.026004128,0.6110831,
772213479765993,3,0.028551409,-0.025994958,0.6110542,
772213498137575,3,0.028519554,-0.025977181,0.6110851,
772213517516238,3,0.028455216,-0.025968002,0.611254,
772213539946658,3,0.028370779,-0.025911132,0.61128956,
772213558196168,3,0.028336618,-0.025941594,0.61152446,
772213577544313,3,0.028245497,-0.02592263,0.6117408,
772213600218876,3,0.02821013,-0.025910556,0.6118032,
772213618346316,3,0.028186085,-0.025925217,0.61194295,
772213640929323,3,0.028118335,-0.025945326,0.61224395,
772213659941775,3,0.02806237,-0.025977755,0.612559,
772213678343876,3,0.028058121,-0.025910556,0.61229604,
772213697692019,3,0.028031288,-0.025939008,0.61249876,
772213720000368,3,0.02798447,-0.025961976,0.6127457,
772213738402469,3,0.027971687,-0.025958532,0.6127731,
772213757720095,3,0.027895136,-0.026014442,0.613251,
772213780119997,3,0.02785531,-0.025955662,0.61313516,
772213798400027,3,0.02787269,-0.025990373,0.61322314,
772213820067508,3,0.027862532,-0.026022458,0.613388,
772213840422733,3,0.02791089,-0.026041634,0.6133101,
772213858489138,3,0.027893534,-0.02610079,0.61361086,
772213877837281,3,0.02787376,-0.02604707,0.6134526,
772213900176150,3,0.027890062,-0.026055936,0.6134378,
772213918547733,3,0.027894069,-0.02615383,0.6138241,
772213937895876,3,0.027833637,-0.026145283,0.6139874,
772213960204226,3,0.027804712,-0.026209608,0.6143437,
772213978575809,3,0.02777683,-0.02623234,0.6145264,
772214000243290,3,0.027797746,-0.026223818,0.6144232,
772214020384890,3,0.02776744,-0.026312595,0.6148872,
772214038664919,3,0.027684405,-0.026317408,0.61517525,
772214058043581,3,0.02768602,-0.026246537,0.61487913,
772214080687626,3,0.02769759,-0.026268385,0.6149302,
772214098723513,3,0.027688442,-0.026233759,0.6148176,
772214118071656,3,0.027690863,-0.026258456,0.6149129,
772214140380008,3,0.027701894,-0.02628483,0.61498487,
772214158751591,3,0.027734417,-0.026286814,0.614886,
772214180419070,3,0.027785145,-0.02627349,0.6146698,
772214200408083,3,0.027767709,-0.026295317,0.6148141,
772214218840701,3,0.027801497,-0.026332691,0.6148591,
772214238188845,3,0.027783535,-0.02636521,0.6150499,
772214260649783,3,0.027683329,-0.026444498,0.6139017,
772214278899294,3,0.027617851,-0.026445907,0.61285806,
772214298308475,3,0.02758843,-0.026485039,0.6122347,
772214320922001,3,0.027534906,-0.026472095,0.6117376,
772214338927371,3,0.02754627,-0.026471533,0.61126447,
772214360594851,3,0.027514605,-0.026517369,0.61125445,
772214380614383,3,0.02742483,-0.026546294,0.6114515,
772214399047001,3,0.02739384,-0.026515964,0.6112782,
772214418395144,3,0.027418308,-0.026532257,0.6111623,
772214440734011,3,0.027359549,-0.026566494,0.6114203,
772214459105594,3,0.02733503,-0.026529448,0.6112952,
772214478453739,3,0.027318398,-0.026505005,0.61121327,
772214500853640,3,0.02733203,-0.026513997,0.6111817,
772214519103152,3,0.027322762,-0.026535345,0.61128145,
772214540770633,3,0.027332304,-0.026529448,0.6112156,
772214561125858,3,0.027341025,-0.026555274,0.61128306,
772214579192263,3,0.0273383,-0.026512593,0.6111126,
772214598540407,3,0.027392209,-0.026501913,0.61266875,
772214620879275,3,0.027440581,-0.026526079,0.61385477,
772214639250858,3,0.027499165,-0.026503598,0.61444616,
772214658599001,3,0.027545188,-0.026508097,0.6149259,
772214680876833,3,0.027499707,-0.026572663,0.61576295,
772214699248416,3,0.027437052,-0.026490383,0.6159279,
772214720915897,3,0.027401727,-0.026476879,0.6161962,
772214741088015,3,0.027397648,-0.026593404,0.61683273,
772214759368044,3,0.02746175,-0.026664471,0.6170179,
772214778716189,3,0.027459038,-0.026674528,0.617138,
772214801360233,3,0.027499165,-0.026699655,0.6171469,
772214819426638,3,0.027538154,-0.026801594,0.6174604,
772214838774782,3,0.027545998,-0.026806874,0.6174739,
772214861052615,3,0.027571952,-0.026856301,0.6176026,
772214879454716,3,0.027567359,-0.02686601,0.6176643,
772214901122195,3,0.02759923,-0.026959028,0.6179455,
772214921141726,3,0.027561951,-0.0269861,0.61817986,
772214939635379,3,0.027544655,-0.026999742,0.6182809,
772214958983524,3,0.027581338,-0.027047513,0.6182307,
772214981413943,3,0.027645625,-0.027054483,0.6181944,
772214999632937,3,0.027581139,-0.027067423,0.61845595,
772215018981082,3,0.027511084,-0.027041811,0.6185786,
772215041594608,3,0.027544105,-0.026979472,0.6182204,
772215059661013,3,0.027595451,-0.026936911,0.6178828,
772215081297976,3,0.027596802,-0.026910067,0.6177687,
772215101317508,3,0.027596261,-0.026954884,0.61795235,
772215119719608,3,0.027548432,-0.02700928,0.6183276,
772215139098269,3,0.027480736,-0.026980024,0.6184269,
772215161376101,3,0.027413415,-0.026911452,0.6183684,
772215179778201,3,0.027384318,-0.026908407,0.61844885,
772215199095829,3,0.027324669,-0.026984995,0.6189532,
772215221526247,3,0.027275546,-0.026856024,0.62036616,
772215239775759,3,0.027303394,-0.026862126,0.6215439,
772215261443240,3,0.027318126,-0.026837707,0.62226886,
772215281859501,3,0.027324125,-0.026840484,0.6228685,
772215299864871,3,0.02740227,-0.026839651,0.62303853,
772215319243532,3,0.027455239,-0.02686601,0.6232722,
772215341551883,3,0.027458495,-0.026862126,0.6234529,
772215359923466,3,0.027415046,-0.026868228,0.6237667,
772215379271609,3,0.027358187,-0.026836874,0.6239284,
772215401549440,3,0.027339935,-0.026851585,0.6241176,
772215419951541,3,0.027315943,-0.026817711,0.6241123,
772215441588504,3,0.027305849,-0.026801871,0.62411386,
772215461730105,3,0.027343204,-0.026804928,0.6240299,
772215480040652,3,0.027329577,-0.026824934,0.6241727,
772215499388797,3,0.027230162,-0.026835486,0.62455106,
772215522063358,3,0.02709961,-0.026793253,0.6248138,
772215543364626,3,0.027084759,-0.026776005,0.6248,
772215559477907,3,0.027080081,-0.026812987,0.6249688,
772215581786258,3,0.02705283,-0.026830489,0.62513113,
772215600188358,3,0.026982786,-0.02683271,0.62537056,
772215621825320,3,0.026961517,-0.026817989,0.6253834,
772215641753298,3,0.026996588,-0.026842704,0.6253686,
772215660246951,3,0.027037954,-0.026894836,0.62544394,
772215679595096,3,0.027015625,-0.026918925,0.6256155,
772215701994997,3,0.026977815,-0.026977815,0.62597406,
772215720305544,3,0.026951842,-0.026973948,0.6260459,
772215739653689,3,0.026934698,-0.026979472,0.6261243,
772215762297733,3,0.026967594,-0.026999073,0.62609595,
772215780333621,3,0.026978644,-0.027036026,0.6262074,
772215802062136,3,0.026970081,-0.027044566,0.62627,
772215822020633,3,0.027008729,-0.027030788,0.6261034,
772215840422733,3,0.027000451,-0.027073754,0.6263147,
772215859770876,3,0.026957924,-0.02709851,0.6265628,
772215882079226,3,0.026903976,-0.027137797,0.6269012,
772215900481326,3,0.026911175,-0.027127912,0.62684274,
772215919829471,3,0.026867118,-0.02715454,0.6270966,
772215942290408,3,0.026794642,-0.027133405,0.6272509,
772215960509402,3,0.026734512,-0.02712187,0.62740284,
772215982176883,3,0.026703004,-0.027151797,0.62762606,
772216002501590,3,0.026698817,-0.027141092,0.62759906,
772216020629031,3,0.026685419,-0.027142739,0.6276501,
772216039946657,3,0.026710257,-0.027157284,0.6276261,
772216062285525,3,0.026786577,-0.02716332,0.6274018,
772216080657108,3,0.026784908,-0.027134778,0.62729275,
772216100005251,3,0.026792696,-0.02712654,0.6272356,
772216122283083,3,0.026790192,-0.027105931,0.6271604,
772216140685184,3,0.026782127,-0.027140269,0.6273243,
772216162322147,3,0.026735907,-0.027174288,0.6276132,
772216182494265,3,0.026692118,-0.027189912,0.62781847,
772216200774294,3,0.026649937,-0.027168805,0.6278723,
772216220152957,3,0.026627561,-0.02715015,0.6278716,
772216242827518,3,0.026805485,-0.027133131,0.62722,
772216260832888,3,0.026791027,-0.027145758,0.62731606,
772216280181032,3,0.026817989,-0.027197583,0.62743723,
772216302489383,3,0.026818546,-0.0272058,0.6274692,
772216320860966,3,0.02688098,-0.027249856,0.6274403,
772216342497927,3,0.026905637,-0.027243568,0.62733424,
772216362517458,3,0.026961517,-0.027250677,0.62718016,
772216380950076,3,0.027012039,-0.027271174,0.6270974,
772216400298220,3,0.027018659,-0.027279915,0.6271097,
772216422820192,3,0.027001005,-0.02732685,0.62735695,
772216441008669,3,0.026953502,-0.027416134,0.62787014,
772216460356814,3,0.026882365,-0.027346747,0.62782407,
772216483000857,3,0.0269582,-0.027373433,0.62768424,
772216501036745,3,0.026941888,-0.02738187,0.6277705,
772216523680788,3,0.026958752,-0.027379422,0.62770534,
772216542693240,3,0.026965108,-0.02734375,0.6275422,
772216561125857,3,0.02701921,-0.027334483,0.62732613,
772216580474000,3,0.027003488,-0.027339118,0.6273971,
772216602782351,3,0.027008729,-0.027346475,0.6274103,
772216621184451,3,0.027043466,-0.02730012,0.627109,
772216640502078,3,0.027066598,-0.027287561,0.6269854,
772216662932496,3,0.027071552,-0.027301757,0.62702614,
772216681182009,3,0.027107306,-0.02730885,0.6269361,
772216703887088,3,0.027133131,-0.027341025,0.62698185,
772216723204714,3,0.027105108,-0.027319761,0.62698734,
772216741301637,3,0.027067699,-0.027353013,0.6272439,
772216760649782,3,0.027047873,-0.02737044,0.6273786,
772216782988650,3,0.027062193,-0.02734048,0.6272117,
772216801360232,3,0.027051179,-0.027347565,0.62727594,
772216820708375,3,0.027036851,-0.027360095,0.62737083,
772216842986208,3,0.027018934,-0.027334757,0.6273299,
772216861357791,3,0.027066322,-0.027367445,0.6273059,
772216883025271,3,0.02709301,-0.02740526,0.6273701,
772216903166871,3,0.027093286,-0.02737561,0.6272509,
772216921446902,3,0.027128188,-0.027394384,0.62721163,
772216940825564,3,0.0271183,-0.027360095,0.6271066,
772216963469607,3,0.027108956,-0.02730394,0.62691367,
772216981505495,3,0.027098235,-0.02728729,0.62688,
772217000884157,3,0.027066322,-0.02728019,0.6251465,
772217023131472,3,0.027068524,-0.02728729,0.62390035,
772217041533572,3,0.027047321,-0.02732576,0.62324023,
772217064208131,3,0.02698472,-0.027382143,0.62305,
772217083220583,3,0.026881535,-0.027327942,0.6227122,
772217101653201,3,0.026815489,-0.027374795,0.62280035,
772217121001345,3,0.026670897,-0.02745551,0.62149155,
772217143462282,3,0.026508097,-0.027511626,0.6207758,
772217161711794,3,0.026408693,-0.027508646,0.6200566,
772217181029422,3,0.026387524,-0.027516501,0.6194164,
772217203703982,3,0.026368318,-0.027526788,0.619001,
772217221709352,3,0.026324201,-0.02756898,0.61851156,
772217243346315,3,0.026271505,-0.027612185,0.618296,
772217263396365,3,0.026234895,-0.027664214,0.6182327,
772217281798465,3,0.026205627,-0.027663944,0.61804956,
772217301177125,3,0.026236882,-0.027704852,0.61792004,
772217323424440,3,0.026222965,-0.027764222,0.6180717,
772217341887576,3,0.02618771,-0.02780498,0.6182585,
772217361235720,3,0.02624171,-0.027792651,0.6179636,
772217383635621,3,0.026241142,-0.02784782,0.61814576,
772217401946169,3,0.026187425,-0.027818108,0.61816734,
772217424590213,3,0.026245685,-0.027800692,0.61788106,
772217443968875,3,0.026273206,-0.027813286,0.6178256,
772217462035280,3,0.0263259,-0.027881244,0.6179217,
772217481383425,3,0.026341744,-0.027889794,0.6179214,
772217503722293,3,0.02633552,-0.027893534,0.61796725,
772217522093875,3,0.02637086,-0.02789113,0.6178492,
772217541442018,3,0.026351076,-0.027888993,0.6179106,
772217563719851,3,0.026304383,-0.02788926,0.61806834,
772217582121951,3,0.026295884,-0.027903682,0.6181573,
772217604796511,3,0.026260726,-0.027865207,0.61857724,
772217623931032,3,0.0262542,-0.027918363,0.61913574,
772217642150025,3,0.026251078,-0.027968224,0.619569,
772217661528687,3,0.026270937,-0.027905283,0.6211877,
772217684203249,3,0.026302116,-0.027855044,0.6222355,
772217702208621,3,0.026353903,-0.027821053,0.6228755,
772217721556766,3,0.026458582,-0.027798817,0.6231087,
772217743834596,3,0.026456328,-0.027790776,0.6235466,
772217762206177,3,0.026500788,-0.027793456,0.6237362,
772217784880739,3,0.026463369,-0.027767979,0.62398195,
772217803923708,3,0.026457174,-0.027765295,0.6241498,
772217822325809,3,0.026447034,-0.027785681,0.6243757,
772217841673953,3,0.026441118,-0.02779828,0.6245231,
772217864134889,3,0.026412925,-0.027789166,0.62465197,
772217882384400,3,0.026373968,-0.027760195,0.62471366,
772217901732545,3,0.026364362,-0.027753217,0.6247518,
772217924346071,3,0.026353056,-0.027766636,0.62486726,
772217942412478,3,0.026328446,-0.027715875,0.62476087,
772217965087039,3,0.026347684,-0.027728776,0.6247622,
772217984068971,3,0.02635447,-0.027799085,0.6250322,
772218002532105,3,0.026378488,-0.027817037,0.6250318,
772218021910768,3,0.0264223,-0.02784806,0.62506926,
772218044219118,3,0.026452387,-0.027877502,0.62504196,
772218062621219,3,0.026412925,-0.027826142,0.6249656,
772218081969363,3,0.026378205,-0.027851567,0.62518156,
772218104369264,3,0.026402485,-0.027839793,0.625056,
772218122618775,3,0.026331842,-0.02791089,0.62557185,
772218145293336,3,0.02626327,-0.027902914,0.6256222,
772218164702516,3,0.026223134,-0.027937518,0.6259799,
772218182707888,3,0.026190795,-0.027920362,0.6260856,
772218202086551,3,0.026161522,-0.02787082,0.625968,
772218224394899,3,0.026229214,-0.027899142,0.62586075,
772218242796998,3,0.026229214,-0.027964761,0.6261253,
772218262145143,3,0.026180312,-0.027953036,0.6262372,
772218284392458,3,0.026116487,-0.027989794,0.6265928,
772218302886111,3,0.02608423,-0.027990593,0.62670064,
772218325469119,3,0.0261065,-0.028019857,0.62674755,
772218344603639,3,0.026099363,-0.028022781,0.6267815,
772218362944703,3,0.026042493,-0.028066617,0.6271426,
772218382231813,3,0.026033908,-0.028063431,0.62715846,
772218404906375,3,0.026023317,-0.028079621,0.627257,
772218422942263,3,0.025968034,-0.028076572,0.6273488,
772218442290406,3,0.025986072,-0.028014272,0.62711656,
772218464507203,3,0.025987219,-0.028014805,0.62711567,
772218482970339,3,0.026004128,-0.027992722,0.6269721,
772218505705935,3,0.025998112,-0.027994584,0.6269977,
772218524626834,3,0.026000116,-0.02802039,0.62709755,
772218543059450,3,0.025977468,-0.028057855,0.62731946,
772218562407593,3,0.025908543,-0.028024908,0.6274136,
772218584868532,3,0.025897902,-0.02800922,0.6273851,
772218603087527,3,0.025901353,-0.027939972,0.6270972,
772218622466189,3,0.02594504,-0.027958099,0.6270262,
772218645049197,3,0.026042493,-0.02804112,0.6270416,
772218663085084,3,0.026037343,-0.028045904,0.6270774,
772218685759645,3,0.0260216,-0.02806051,0.6271869,
772218704772097,3,0.026081944,-0.028128667,0.6272609,
772218723174197,3,0.026062513,-0.028135022,0.6273512,
772218742552859,3,0.026043924,-0.02817974,0.6275921,
772218764800172,3,0.025961976,-0.028196657,0.6279259,
772218783263307,3,0.025922056,-0.028203791,0.62808603,
772218802611452,3,0.025882361,-0.02819058,0.62816316,
772218824980837,3,0.025889268,-0.028187936,0.62813026,
772218843260867,3,0.025883513,-0.028150907,0.6279994,
772218865935426,3,0.025878906,-0.028174717,0.6281084,
772218885283570,3,0.025908256,-0.028113829,0.62777036,
772218903349977,3,0.025956523,-0.028135551,0.6277012,
772218922759157,3,0.026008999,-0.02814376,0.62756103,
772218945036990,3,0.025973741,-0.028159374,0.6277184,
772218963408572,3,0.025897037,-0.028160168,0.62795687,
772218982787233,3,0.025899626,-0.028125487,0.62780094,
772219005065065,3,0.025878042,-0.028156994,0.6279894,
772219023467165,3,0.025831647,-0.028102696,0.6279178,
772219046141726,3,0.025884952,-0.028065821,0.6275946,
772219065245730,3,0.025943317,-0.028061839,0.62738705,
772219083525758,3,0.025965994,-0.028085459,0.6274042,
772219102873902,3,0.025987506,-0.028091028,0.62735534,
772219125578981,3,0.025988651,-0.028124958,0.62748593,
772219143614871,3,0.025972592,-0.02809156,0.62740594,
772219162963016,3,0.02594188,-0.028109854,0.627578,
772219185210329,3,0.025956523,-0.028052809,0.6273022,
772219203642945,3,0.025961116,-0.028003367,0.62708896,
772219226317506,3,0.026012722,-0.028024111,0.6270038,
772219245268923,3,0.026047641,-0.028014006,0.6268501,
772219263701541,3,0.026031047,-0.028004963,0.6268669,
772219283080203,3,0.026028184,-0.02800656,0.6268826,
772219305480104,3,0.02601301,-0.028014272,0.6269621,
772219323760133,3,0.02604049,-0.02806529,0.62707806,
772219343108278,3,0.025999831,-0.028055731,0.6271713,
772219365721804,3,0.025973741,-0.028081479,0.6273603,
772219383757693,3,0.02597001,-0.028084928,0.62738544,
772219406462770,3,0.025962837,-0.028040059,0.6272302,
772219425475221,3,0.025961116,-0.02804803,0.6272654,
772219443877321,3,0.02596169,-0.028033148,0.6272063,
772219463225466,3,0.025979763,-0.028053075,0.6272271,
772219485564334,3,0.025965707,-0.028076703,0.62736607,
772219503935915,3,0.02595193,-0.027982606,0.62703466,
772219523284058,3,0.025877755,-0.028072456,0.62575233,
772219545683961,3,0.025825879,-0.028140849,0.62487733,
772219563963991,3,0.025777366,-0.028144553,0.6241268,
772219586638553,3,0.025758281,-0.028119128,0.623441,
772219605956179,3,0.025775343,-0.028150113,0.62302953,
772219624053102,3,0.02572905,-0.028199827,0.6230429,
772219643401246,3,0.025675133,-0.0281919,0.6229501,
772219665709597,3,0.025655683,-0.028174717,0.6227807,
772219684111697,3,0.02564668,-0.028186085,0.6227372,
772219703459841,3,0.025658587,-0.028234417,0.62281466,
772219725676637,3,0.025648423,-0.028229931,0.62277204,
772219744139771,3,0.02567223,-0.028231515,0.62266064,
772219766844850,3,0.025675714,-0.02823257,0.6226268,
772219785948855,3,0.025656555,-0.028226763,0.622646,
772219804198367,3,0.025606267,-0.028218051,0.6227616,
772219823577028,3,0.025550922,-0.028140318,0.6226172,
772219846251587,3,0.025582688,-0.028161228,0.62259096,
772219864287477,3,0.025612377,-0.028195072,0.6226274,
772219883635622,3,0.025621101,-0.028215675,0.6226783,
772219905882937,3,0.025572201,-0.0281845,0.62270945,
772219924285037,3,0.025541883,-0.028187672,0.6228177,
772219947051149,3,0.025556171,-0.028144024,0.6225958,
772219966033082,3,0.025554422,-0.028128667,0.6225379,
772219984435183,3,0.025540715,-0.02814323,0.62264115,
772220003783328,3,0.025532255,-0.028126018,0.62259907,
772220026274783,3,0.02560161,-0.028129196,0.62238544,
772220044524293,3,0.025595207,-0.028132373,0.6224438,
772220063872437,3,0.025657427,-0.02811277,0.6221775,
772220086516481,3,0.025566956,-0.02803501,0.6221764,
772220104460818,3,0.025566956,-0.02803501,0.6221764,
772220127165896,3,0.025586473,-0.028042184,0.6221479,
772220146147829,3,0.025581522,-0.028044576,0.6221759,
772220164549927,3,0.025532546,-0.028064229,0.6224186,
772220183898073,3,0.025501888,-0.02807458,0.62255836,
772220206175905,3,0.02550773,-0.028119128,0.6227474,
772220224608523,3,0.025484936,-0.0281382,0.6229155,
772220243956668,3,0.025460953,-0.028158316,0.6230863,
772220266387086,3,0.025414089,-0.028149849,0.6232139,
772220284636598,3,0.025418194,-0.028161492,0.6232548,
772220307311159,3,0.02541233,-0.028157787,0.62326366,
772220326689822,3,0.025388865,-0.028164137,0.62336874,
772220344756228,3,0.025394732,-0.028210659,0.6235397,
772220364104371,3,0.025388278,-0.028192164,0.62348664,
772220386412721,3,0.025413502,-0.028151965,0.6251638,
772220404814821,3,0.025432551,-0.028127871,0.6263492,
772220424162966,3,0.025395319,-0.02809156,0.6272666,
772220446440799,3,0.025393559,-0.028102696,0.62797767,
772220464812380,3,0.025344808,-0.028052809,0.62839895,
772220487486939,3,0.025317159,-0.02803049,0.62872326,
772220506621461,3,0.025303325,-0.028085988,0.6292162,
772220524932009,3,0.025278283,-0.02803049,0.629235,
772220544310672,3,0.02522665,-0.02797435,0.62929094,
772220566924197,3,0.025162775,-0.02799831,0.62967503,
772220584960084,3,0.025169289,-0.028025972,0.6298181,
772220604338746,3,0.025155963,-0.027995916,0.6297802,
772220626586061,3,0.025161294,-0.027967159,0.6296736,
772220644988162,3,0.02516396,-0.027969556,0.6296949,
772220667662722,3,0.02517136,-0.027979942,0.62970245,
772220686675172,3,0.025173431,-0.027983405,0.6297048,
772220705077271,3,0.02517728,-0.027989527,0.62971014,
772220724455934,3,0.025149744,-0.027997779,0.62983197,
772220746886355,3,0.025092205,-0.028141642,0.62880796,
772220765135867,3,0.025010118,-0.028171279,0.62794447,
772220784484011,3,0.024947481,-0.028212506,0.6274413,
772220807128052,3,0.024828633,-0.028247608,0.6273584,
772220825163942,3,0.024737842,-0.028227028,0.6271433,
772220847838503,3,0.024721574,-0.02825552,0.6270092,
772220866850955,3,0.02473935,-0.028333727,0.62705445,
772220885253054,3,0.024758015,-0.028281085,0.62663615,
772220904631715,3,0.024814526,-0.028267384,0.62629426,
772220926970582,3,0.024842134,-0.028291095,0.626227,
772220945311647,3,0.024812724,-0.028274236,0.6262051,
772220964659793,3,0.024830135,-0.028292675,0.6261875,
772220987059695,3,0.024818428,-0.028280295,0.62615037,
772221005339723,3,0.024874203,-0.02830347,0.62604356,
772221028014283,3,0.024860121,-0.028334253,0.62620103,
772221047392946,3,0.02484963,-0.028296625,0.6260766,
772221065398318,3,0.024871808,-0.02826132,0.6258563,
772221084776981,3,0.02486971,-0.028262112,0.62586224,
772221107085329,3,0.024866715,-0.02828056,0.62594205,
772221125487427,3,0.024799809,-0.02831084,0.6262817,
772221144835573,3,0.02471856,-0.028278714,0.6264151,
772221167113405,3,0.024694134,-0.028265802,0.6264423,
772221185484988,3,0.024646718,-0.028307682,0.62676334,
772221208159548,3,0.0246198,-0.02833215,0.62695056,
772221227324586,3,0.024590427,-0.028374456,0.6272168,
772221245604615,3,0.024633413,-0.028374456,0.6270753,
772221264952761,3,0.024620103,-0.02839703,0.6272094,
772221287657839,3,0.02461526,-0.02842902,0.62735146,
772221305632693,3,0.024655785,-0.028395455,0.6270857,
772221324980836,3,0.024685383,-0.028393356,0.62697905,
772221347258668,3,0.024698054,-0.028415913,0.6270286,
772221365630251,3,0.024731819,-0.028342929,0.626625,
772221387328249,3,0.024803413,-0.02833399,0.62821114,
772221407347781,3,0.02482233,-0.028275816,0.62921447,
772221425749880,3,0.02489157,-0.02824497,0.6297726,
772221445098023,3,0.024961215,-0.028271073,0.630284,
772221467558961,3,0.024991345,-0.02820062,0.63035107,
772221485777956,3,0.025000881,-0.028197449,0.6306184,
772221505156619,3,0.025020842,-0.028207753,0.6308114,
772221527770144,3,0.02503989,-0.028169692,0.63075006,
772221545806032,3,0.025097549,-0.028169692,0.6306928,
772221568480593,3,0.025074681,-0.028172072,0.6308678,
772221587493044,3,0.025063684,-0.028178683,0.630996,
772221611113651,3,0.025067547,-0.028187407,0.63106304,
772221625243289,3,0.025106156,-0.028176304,0.63092273,
772221647582154,3,0.025087751,-0.028219108,0.6311759,
772221665953736,3,0.025028285,-0.028197449,0.6313008,
772221685301882,3,0.025024712,-0.028199036,0.6313306,
772221707732302,3,0.02504257,-0.028253937,0.6314961,
772221726012332,3,0.025060711,-0.028312681,0.6316783,
772221748656374,3,0.025104674,-0.02832952,0.63160366,
772221768004517,3,0.025123956,-0.028351339,0.63163096,
772221786070924,3,0.02508478,-0.028317155,0.63162464,
772221805449587,3,0.025034832,-0.028339248,0.6318769,
772221827788455,3,0.024977924,-0.028306365,0.6319341,
772221846129519,3,0.02502501,-0.028288988,0.6317111,
772221865477663,3,0.025028285,-0.028292412,0.6317139,
772221887786012,3,0.025025308,-0.02825341,0.6315697,
772221906157595,3,0.024995517,-0.028248135,0.6316469,
772221928832157,3,0.024970466,-0.028244443,0.6317159,
772221947936159,3,0.02501131,-0.028207224,0.63143146,
772221966246705,3,0.025045246,-0.028215675,0.63135403,
772221985625367,3,0.025017863,-0.028183442,0.6313155,
772222008360964,3,0.024946585,-0.028142435,0.6313852,
772222026305300,3,0.024968078,-0.028143495,0.63132054,
772222045653446,3,0.025029475,-0.028169956,0.6312246,
772222067931276,3,0.025073491,-0.02821277,0.63124925,
772222086333375,3,0.025122473,-0.028243652,0.6312119,
772222109007937,3,0.025126921,-0.028269755,0.63129985,
772222128020388,3,0.025060117,-0.02826633,0.631508,
772222146422488,3,0.02496599,-0.028230458,0.6316738,
772222165770633,3,0.024966586,-0.028260002,0.6317889,
772222188201051,3,0.024980012,-0.028270282,0.6317868,
772222206481080,3,0.02506517,-0.028311366,0.6316701,
772222225829226,3,0.025150632,-0.028301364,0.6313488,
772222248442753,3,0.025218675,-0.0283629,0.63137084,
772222266478640,3,0.02521247,-0.028398866,0.6315346,
772222289183717,3,0.02518793,-0.028393356,0.6315929,
772222308226685,3,0.025157444,-0.028363688,0.6315747,
772222326628786,3,0.02516544,-0.028365526,0.6315559,
772222345976931,3,0.025109718,-0.028349763,0.63167715,
772222368315799,3,0.025100814,-0.02831505,0.63154644,
772222386656862,3,0.025155371,-0.028320838,0.6313728,
772222406005006,3,0.025168696,-0.028387845,0.631586,
772222428404909,3,0.025198577,-0.028431116,0.6316513,
772222446684939,3,0.025230194,-0.028461237,0.63166136,
772222469359501,3,0.025294194,-0.02850283,0.6316132,
772222488707644,3,0.025262952,-0.028589481,0.63023984,
772222506774049,3,0.025256462,-0.028587397,0.62897444,
772222526122194,3,0.025231376,-0.028613187,0.6282668,
772222548461062,3,0.02523551,-0.028603291,0.62758976,
772222566863162,3,0.025246136,-0.02865794,0.6273366,
772222586211306,3,0.025219265,-0.02868107,0.62721026,
772222608489137,3,0.025233442,-0.028669637,0.62690544,
772222626891236,3,0.025241708,-0.028721046,0.6269327,
772222649504763,3,0.025233442,-0.028737126,0.6269202,
772222668608768,3,0.025256759,-0.02873894,0.6267536,
772222686949832,3,0.02532481,-0.028737644,0.6264588,
772222706297976,3,0.025332458,-0.028743347,0.6264098,
772222728972536,3,0.025341574,-0.028769515,0.62645155,
772222747008424,3,0.025274452,-0.028766925,0.6266363,
772222766356570,3,0.025213357,-0.028746458,0.6267371,
772222788573368,3,0.025219265,-0.028730903,0.62664443,
772222807036502,3,0.025237575,-0.028685225,0.6263934,
772222829680543,3,0.025263542,-0.028673274,0.6262584,
772222848692995,3,0.025248202,-0.02871897,0.6246271,
772222867125612,3,0.025201533,-0.028766666,0.6236671,
772222886473758,3,0.025125736,-0.028783755,0.6230685,
772222908904177,3,0.025079435,-0.028775988,0.6225495,
772222927153688,3,0.025026796,-0.028786601,0.62231493,
772222946532350,3,0.025013395,-0.028783755,0.6220334,
772222969206912,3,0.025025604,-0.028772105,0.6217288,
772222987181765,3,0.025058629,-0.028788414,0.62153536,
772223009856326,3,0.025069926,-0.028784273,0.6213736,
772223028807741,3,0.025080029,-0.02876822,0.62120306,
772223047301392,3,0.025110904,-0.028751122,0.6209815,
772223066649538,3,0.025152113,-0.02877573,0.62091094,
772223088988406,3,0.025134036,-0.028814282,0.62109816,
772223107329471,3,0.025076166,-0.028842453,0.62137973,
772223126708133,3,0.02506844,-0.028861564,0.62146884,
772223149108033,3,0.025089236,-0.02886621,0.6214113,
772223167388063,3,0.025086265,-0.028885303,0.62149256,
772223190062625,3,0.025093095,-0.028845811,0.6231089,
772223209410770,3,0.025127515,-0.028785827,0.62401694,
772223227477175,3,0.025129294,-0.02876563,0.62481344,
772223246825319,3,0.025131073,-0.02876304,0.6254431,
772223269133669,3,0.025154483,-0.028712485,0.62561846,
772223287505251,3,0.025178462,-0.028717414,0.6258769,
772223306883914,3,0.02524702,-0.028674314,0.62767226,
772223329131229,3,0.02526413,-0.028663399,0.6291083,
772223347533327,3,0.0252299,-0.02860303,0.6300515,
772223370207888,3,0.025241118,-0.028560279,0.63059825,
772223389342410,3,0.025303325,-0.028562106,0.63095224,
772223407652957,3,0.025275335,-0.02859313,0.63155544,
772223427001101,3,0.025247611,-0.028618656,0.6320155,
772223449675662,3,0.025233442,-0.028599905,0.63217753,
772223467711550,3,0.025212765,-0.02861553,0.63244104,
772223487059696,3,0.02520981,-0.028616052,0.6325447,
772223509337526,3,0.025190001,-0.028626204,0.63271457,
772223527709108,3,0.025163664,-0.028626464,0.63284606,
772223550383670,3,0.025217788,-0.028647019,0.6327832,
772223569396121,3,0.025207741,-0.028621519,0.6345667,
772223587828737,3,0.025243184,-0.028589742,0.6356219,
772223607176882,3,0.025272977,-0.028540445,0.63623667,
772223629607303,3,0.025265016,-0.028533919,0.6368726,
772223647856815,3,0.025262067,-0.02852086,0.63727665,
772223667204958,3,0.025248202,-0.028490802,0.6375154,
772223689849002,3,0.025203308,-0.028457833,0.6377513,
772223707884890,3,0.025169289,-0.028390469,0.63775104,
772223730559451,3,0.025192663,-0.028396504,0.637804,
772223749510866,3,0.025208628,-0.028385483,0.6377841,
772223767974001,3,0.025226945,-0.028376557,0.63773775,
772223787352664,3,0.025216607,-0.028377345,0.637814,
772223810881717,3,0.02515241,-0.028406473,0.63816696,
772223828032595,3,0.025141744,-0.028395455,0.6381751,
772223847380739,3,0.025113279,-0.028425874,0.6384045,
772223869780643,3,0.025049113,-0.02839703,0.6385111,
772223888091190,3,0.024984784,-0.028401226,0.6387472,
772223910735231,3,0.024937324,-0.028443955,0.6373063,
772223930144412,3,0.02486162,-0.02849551,0.6365034,
772223948149783,3,0.024801612,-0.028515374,0.6358982,
772223967497928,3,0.02477396,-0.02851851,0.63538504,
772223989836794,3,0.024805516,-0.028525563,0.63487506,
772224008208376,3,0.02481903,-0.028586354,0.634771,
772224027556521,3,0.024823831,-0.0285608,0.634442,
772224049834354,3,0.024851428,-0.028616572,0.6344229,
772224068236452,3,0.024838835,-0.028671196,0.6345744,
772224090880496,3,0.02482143,-0.028637914,0.6344302,
772224110045535,3,0.024779974,-0.028640516,0.63452435,
772224128356082,3,0.024750791,-0.028671974,0.6347097,
772224147673708,3,0.02473724,-0.02865924,0.63467926,
772224170348269,3,0.024749586,-0.028667297,0.6346538,
772224188384159,3,0.024686892,-0.028692756,0.6349463,
772224207762821,3,0.024647927,-0.028660279,0.63494015,
772224230010134,3,0.024660317,-0.028716635,0.6351149,
772224248412234,3,0.024616167,-0.028666778,0.63505924,
772224270049198,3,0.024558896,-0.028686782,0.6353249,
772224290099246,3,0.02450666,-0.028744383,0.63394004,
772224308501345,3,0.024467105,-0.028726753,0.632752,
772224327880007,3,0.024448523,-0.028765371,0.6320673,
772224350310428,3,0.024396662,-0.02878712,0.6316953,
772224368559940,3,0.024326319,-0.028781943,0.6314655,
772224387908083,3,0.0243015,-0.028751122,0.631115,
772224410521609,3,0.024296593,-0.028797213,0.631097,
772224428557498,3,0.024268672,-0.028823331,0.6311425,
772224450224979,3,0.024298739,-0.028824365,0.6309426,
772224470244509,3,0.02435968,-0.028830826,0.6306945,
772224488677127,3,0.024388414,-0.02887421,0.6307207,
772224508055789,3,0.024407653,-0.028906962,0.6307519,
772224530425174,3,0.024398798,-0.028974155,0.63099694,
772224548735720,3,0.024418944,-0.02894328,0.6307719,
772224568114382,3,0.02442047,-0.028960522,0.6308097,
772224590514285,3,0.024394523,-0.028962323,0.63088644,
772224608794315,3,0.02436488,-0.028970297,0.6310013,
772224630431276,3,0.024329076,-0.0290127,0.6312783,
772224650786502,3,0.024245942,-0.029059658,0.63172984,
772224668822391,3,0.024233647,-0.029039653,0.63168514,
772224688170535,3,0.024226267,-0.02900628,0.6315757,
772224710509401,3,0.02419457,-0.028965924,0.63151616,
772224728911502,3,0.024095207,-0.028915465,0.6316396,
772224748320682,3,0.024024913,-0.028860014,0.6316497,
772224770445926,3,0.024026465,-0.028844777,0.63158286,
772224788909059,3,0.024081599,-0.028860273,0.63146317,
772224810576541,3,0.024088405,-0.028896907,0.63158846,
772224830718143,3,0.024139386,-0.028861046,0.63130426,
772224849028690,3,0.02419919,-0.028886335,0.6312281,
772224868376833,3,0.024207192,-0.0289049,0.63128775,
772224891081912,3,0.024197957,-0.028946627,0.631493,
772224909056766,3,0.024169615,-0.028926544,0.6315139,
772224928435428,3,0.024170846,-0.028945597,0.6315892,
772224950682741,3,0.024168689,-0.028925255,0.631519,
772224969084841,3,0.024180401,-0.02895409,0.63159573,
772224991789920,3,0.024168689,-0.02894328,0.6315941,
772225010771854,3,0.024218578,-0.028923195,0.63135207,
772225029173952,3,0.024320805,-0.02895692,0.63115144,
772225048552615,3,0.024352338,-0.028958207,0.63105595,
772225070983035,3,0.024371913,-0.028984439,0.6310974,
772225089293582,3,0.024428401,-0.02896824,0.6308464,
772225108702761,3,0.024428401,-0.02895692,0.63080215,
772225131255252,3,0.024414063,-0.02896541,0.63088304,
772225149291141,3,0.024346525,-0.02893324,0.6309758,
772225171965701,3,0.02430579,-0.028941222,0.6311397,
772225191008669,3,0.024275117,-0.028950486,0.63127935,
772225209410769,3,0.024253624,-0.028914435,0.63120586,
772225228758915,3,0.024278801,-0.02894431,0.6312432,
772225251067264,3,0.02426775,-0.028935557,0.63124377,
772225269438845,3,0.024281561,-0.028983153,0.631386,
772225288817508,3,0.02431958,-0.02899035,0.6312909,
772225311217410,3,0.024340404,-0.02903606,0.63140404,
772225329466922,3,0.024334894,-0.029029388,0.6313947,
772225352141481,3,0.024339486,-0.028999344,0.63126,
772225371489627,3,0.024321113,-0.028979296,0.63124096,
772225389586551,3,0.024366409,-0.028971069,0.6310598,
772225408934696,3,0.024386581,-0.029001912,0.6311186,
772225431273561,3,0.02437558,-0.029018864,0.63122106,
772225449614627,3,0.024354175,-0.02901116,0.63126,
772225468962772,3,0.024299966,-0.029009363,0.63143045,
772225491332156,3,0.024288004,-0.029002426,0.6314429,
772225509642702,3,0.024280641,-0.029008077,0.63148975,
772225532317263,3,0.024292605,-0.029003197,0.63143,
772225551421268,3,0.024308855,-0.029002426,0.6313734,
772225569731815,3,0.024266215,-0.029009363,0.63154006,
772225589079958,3,0.024201345,-0.029003968,0.6317317,
772225611754519,3,0.02413815,-0.028916754,0.63159114,
772225629790409,3,0.024097063,-0.028860789,0.63150454,
772225649169071,3,0.02412302,-0.028824624,0.63127536,
772225671446901,3,0.024106337,-0.028800316,0.63123393,
772225689849002,3,0.02413568,-0.028790744,0.6310997,
772225712462528,3,0.024126109,-0.028857173,0.63139653,
772225731474979,3,0.024058074,-0.028817385,0.6314585,
772225749877077,3,0.024002885,-0.028801352,0.63157713,
772225769225222,3,0.023968717,-0.028821522,0.63176924,
772225791716678,3,0.023885889,-0.028858207,0.63218665,
772225809935672,3,0.023807153,-0.02883186,0.63234204,
772225829283815,3,0.02378461,-0.028826175,0.63239187,
772225851988894,3,0.023755146,-0.028794624,0.6323636,
772225869963748,3,0.023728786,-0.028824624,0.6325701,
772225892607791,3,0.02373381,-0.028813766,0.63251114,
772225911620241,3,0.023757027,-0.028809628,0.63241655,
772225930052859,3,0.023751382,-0.028818937,0.6324738,
772225949401004,3,0.023780538,-0.028788155,0.632255,
772225971709354,3,0.023773957,-0.028820489,0.6324047,
772225990111452,3,0.023757968,-0.028807301,0.6324056,
772226009459597,3,0.02378085,-0.028797729,0.632291,
772226031859500,3,0.02377427,-0.028842453,0.6324919,
772226050109012,3,0.023804024,-0.028852526,0.6324348,
772226072814089,3,0.023774585,-0.02880187,0.63232905,
772226092162234,3,0.023752637,-0.028731938,0.6321224,
772226110228641,3,0.02380903,-0.028779095,0.6321247,
772226129576785,3,0.02382561,-0.028799023,0.63214874,
772226151915651,3,0.023837803,-0.028813249,0.63216513,
772226170287234,3,0.023864668,-0.02886337,0.63227767,
772226189635379,3,0.02393014,-0.028883496,0.63214236,
772226211913211,3,0.023990465,-0.02887782,0.6319232,
772226230315309,3,0.02396996,-0.028905673,0.6321003,
772226252959353,3,0.023911452,-0.028937101,0.6324154,
772226272093875,3,0.023810908,-0.028887108,0.6325506,
772226290404422,3,0.023788368,-0.02890928,0.63271064,
772226309752565,3,0.023794632,-0.028901033,0.63265675,
772226332396609,3,0.023843741,-0.028902322,0.63250065,
772226350463016,3,0.023823421,-0.028923195,0.63265085,
772226369811160,3,0.023754518,-0.028907219,0.6328133,
772226392058473,3,0.023757342,-0.028896134,0.63276005,
772226410491091,3,0.023741342,-0.02889433,0.63280535,
772226433135135,3,0.023726273,-0.028899485,0.6328769,
772226452147586,3,0.02372282,-0.0289049,0.6329085,
772226470549684,3,0.023736006,-0.0289353,0.6329845,
772226489928347,3,0.02379651,-0.028861305,0.63441986,
772226512389285,3,0.023857798,-0.028851494,0.63555896,
772226530638797,3,0.023903973,-0.028778577,0.63608253,
772226549986940,3,0.023958145,-0.02876304,0.6365194,
772226572600466,3,0.02396685,-0.028710667,0.63675743,
772226590636356,3,0.02398705,-0.028716635,0.63704485,
772226613310915,3,0.023994192,-0.028714819,0.637247,
772226632292848,3,0.024019022,-0.028665997,0.6371312,
772226650755984,3,0.024091497,-0.02867899,0.6370583,
772226670104129,3,0.024119932,-0.02871897,0.6372024,
772226692412478,3,0.024129815,-0.02875164,0.6373543,
772226710784060,3,0.02408562,-0.028749825,0.63753176,
772226730162722,3,0.024065815,-0.028667297,0.6372973,
772226752562625,3,0.024071077,-0.028701844,0.6374371,
772226770812136,3,0.024014678,-0.028711187,0.63767296,
772226793486696,3,0.023976175,-0.028731938,0.6378939,
772226812834841,3,0.024052499,-0.02865768,0.6373518,
772226830901248,3,0.024072006,-0.028698469,0.63745475,
772226850249392,3,0.024029875,-0.02873842,0.63775426,
772226872588259,3,0.023985496,-0.02870963,0.6377895,
772226890959841,3,0.023991397,-0.02867821,0.6376466,
772226910338504,3,0.024057144,-0.028668856,0.63739413,
772226932585817,3,0.024091806,-0.028706774,0.6374287,
772226950987917,3,0.024115916,-0.028676132,0.6372288,
772226973662478,3,0.024148026,-0.028637134,0.63696885,
772226992797000,3,0.024161289,-0.028674833,0.63707477,
772227011077028,3,0.024174238,-0.028636873,0.63688177,
772227030425173,3,0.02421427,-0.02864988,0.6368002,
772227053099734,3,0.024231495,-0.028687302,0.6368908,
772227071135623,3,0.02429506,-0.028713522,0.6367851,
772227090514284,3,0.024324175,-0.02869769,0.6366255,
772227112792116,3,0.024312226,-0.028710408,0.63671696,
772227131163699,3,0.024280028,-0.028647799,0.6365768,
772227153807742,3,0.024284324,-0.028618135,0.63644576,
772227172789675,3,0.024312839,-0.028594954,0.6362576,
772227191283327,3,0.024351114,-0.02862178,0.6362371,
772227210631472,3,0.024418944,-0.028610844,0.6359699,
772227233061893,3,0.024464669,-0.028646758,0.6359613,
772227251311403,3,0.024469541,-0.028676393,0.6360622,
772227270659548,3,0.024446694,-0.028716117,0.6362952,
772227293273074,3,0.02444578,-0.028712224,0.63628227,
772227311339481,3,0.024442123,-0.02868107,0.63617224,
772227334014040,3,0.024485674,-0.028684964,0.63604224,
772227353026491,3,0.024504228,-0.028721565,0.636125,
772227371428591,3,0.024461014,-0.02872312,0.63627577,
772227390776737,3,0.02445553,-0.028698727,0.6361978,
772227413115603,3,0.024431756,-0.028684186,0.6362175,
772227431456667,3,0.024366409,-0.028606156,0.6361234,
772227450835330,3,0.02438536,-0.02859313,0.6360089,
772227473235233,3,0.024415893,-0.02857384,0.6358339,
772227491515261,3,0.024414063,-0.028568625,0.6358205,
772227514189821,3,0.024460102,-0.028544363,0.635571,
772227533537966,3,0.024497539,-0.028519033,0.63534623,
772227551604373,3,0.02451578,-0.028489757,0.6351717,
772227570952517,3,0.024498755,-0.028507534,0.6352967,
772227593291384,3,0.024483543,-0.02849185,0.63528526,
772227611662966,3,0.02446802,-0.028487403,0.63531864,
772227631011112,3,0.024472281,-0.028471706,0.63524276,
772227653288942,3,0.024469541,-0.02845888,0.635199,
772227674040895,3,0.024485674,-0.02846909,0.6351884,
772227694365603,3,0.024493888,-0.028470399,0.6370645,
772227713469608,3,0.024465887,-0.0284264,0.6383129,
772227731749636,3,0.024475021,-0.028355017,0.63892657,
772227751128298,3,0.024509093,-0.028320313,0.6393307,
772227773863894,3,0.024571938,-0.02828056,0.6394184,
772227791808231,3,0.02454676,-0.028262375,0.6397499,
772227811186892,3,0.02448963,-0.028253937,0.6401302,
772227833434205,3,0.024475934,-0.028194543,0.6400985,
772227851836305,3,0.024494192,-0.028189257,0.6401257,
772227873503786,3,0.024467714,-0.02816837,0.64020836,
772227893492801,3,0.024498755,-0.028148789,0.6400795,
772227911955934,3,0.024496017,-0.028167047,0.6401988,
772227931304078,3,0.024461623,-0.028189521,0.64043015,
772227953734498,3,0.024488412,-0.028159903,0.6402422,
772227971984011,3,0.024525503,-0.028166782,0.6401576,
772227991362674,3,0.024563447,-0.028155936,0.6399981,
772228014006716,3,0.024595276,-0.028189521,0.64003026,
772228032042604,3,0.024479283,-0.02826132,0.64070404,
772228053679565,3,0.024383526,-0.028183706,0.6407211,
772228073699097,3,0.024351727,-0.028173659,0.640791,
772228092101198,3,0.024335505,-0.028160697,0.64079267,
772228111449343,3,0.024282482,-0.028154083,0.6409452,
772228133788211,3,0.024217347,-0.028109588,0.6409623,
772228152190309,3,0.024206884,-0.028027833,0.6406615,
772228171538453,3,0.02424502,-0.028017199,0.64048064,
772228193968873,3,0.024220424,-0.028025705,0.6405882,
772228212218386,3,0.024099845,-0.028083866,0.63932335,
772228233855349,3,0.023996366,-0.028089171,0.63835895,
772228254180056,3,0.023977108,-0.028112505,0.6375858,
772228272276979,3,0.023958145,-0.0281186,0.63702244,
772228291655640,3,0.023928896,-0.028126018,0.6366919,
772228313963990,3,0.023917682,-0.028176833,0.63661337,
772228332366091,3,0.023918306,-0.028170485,0.6367038,
772228351683718,3,0.023943836,-0.028256575,0.6370389,
772228373961551,3,0.023948815,-0.02825552,0.6370735,
772228392363649,3,0.023954414,-0.028308734,0.63730264,
772228414031128,3,0.023952547,-0.028359221,0.637533,
772228434172731,3,0.02392142,-0.02835817,0.637649,
772228452452761,3,0.0239373,-0.028352128,0.6375882,
772228471800906,3,0.023950992,-0.028395193,0.63771987,
772228494475466,3,0.023955036,-0.028414864,0.6377904,
772228512511354,3,0.023996055,-0.028431641,0.6377253,
772228531859498,3,0.02398736,-0.028390206,0.6375946,
772228554137331,3,0.0240063,-0.028424565,0.637669,
772228572569949,3,0.024017159,-0.028445788,0.6377172,
772228594206911,3,0.024013437,-0.028454691,0.6377657,
772228614226441,3,0.02400754,-0.028483218,0.6378969,
772228632659059,3,0.024095826,-0.028470922,0.63756114,
772228651976686,3,0.024060551,-0.028519554,0.637866,
772228674468142,3,0.02401685,-0.028483218,0.6378696,
772228692687137,3,0.02405993,-0.028460976,0.637642,
772228712065798,3,0.024103865,-0.028494988,0.6376309,
772228734709839,3,0.02409057,-0.028517725,0.6377622,
772228752715211,3,0.024060242,-0.028515635,0.63785356,
772228774382692,3,0.024054047,-0.028508319,0.6378442,
772228794371707,3,0.024033286,-0.028511716,0.6379268,
772228812804324,3,0.024074791,-0.028499693,0.63774484,
772228832152467,3,0.02412858,-0.028533658,0.6377004,
772228854491334,3,0.024151728,-0.028555322,0.6377103,
772228872862917,3,0.024159748,-0.028620997,0.6379382,
772228892211062,3,0.0240983,-0.028604593,0.63804823,
772228914610964,3,0.024063028,-0.02858844,0.6380812,
772228932890992,3,0.024021812,-0.028543318,0.6380275,
772228954558472,3,0.024065815,-0.028505182,0.6377266,
772228974913698,3,0.024119314,-0.028546711,0.6377065,
772228992980105,3,0.02406272,-0.028531307,0.6378267,
772229012328250,3,0.024133211,-0.028502045,0.63748014,
772229034667116,3,0.024178244,-0.028465949,0.63719195,
772229053038697,3,0.024203807,-0.02847406,0.63713706,
772229072386842,3,0.024179785,-0.028418535,0.63699865,
772229094664675,3,0.024192723,-0.028389681,0.6368458,
772229113066775,3,0.024221653,-0.028394405,0.6367677,
772229134703738,3,0.024231495,-0.028368153,0.63663197,
772229154845338,3,0.024224114,-0.02837183,0.6366719,
772229173155885,3,0.024232725,-0.028350288,0.63655883,
772229192504030,3,0.024253009,-0.0283629,0.63654155,
772229215178591,3,0.024265293,-0.028390732,0.636609,
772229233214480,3,0.024281869,-0.028430069,0.6367085,
772229252562623,3,0.024246557,-0.028418273,0.63677835,
772229274840455,3,0.024260689,-0.028400963,0.6366642,
772229293212038,3,0.024277573,-0.02846621,0.63686305,
772229314879519,3,0.024274196,-0.02846909,0.636886,
772229334899051,3,0.024274811,-0.02842404,0.63670886,
772229353331667,3,0.024302725,-0.028451549,0.6367242,
772229372679810,3,0.024315903,-0.028462809,0.63672566,
772229395140748,3,0.02431192,-0.028456263,0.6367132,
772229413390261,3,0.024301192,-0.02839834,0.6365207,
772229432768924,3,0.024300272,-0.028374981,0.6364354,
772229455382449,3,0.024314677,-0.02838732,0.6364365,
772229473418336,3,0.024318049,-0.028393356,0.6364472,
772229495055299,3,0.024289232,-0.028399652,0.6365677,
772229515105348,3,0.024245635,-0.028376557,0.6366183,
772229533507449,3,0.024214579,-0.02841198,0.63685834,
772229552886111,3,0.024187487,-0.028347922,0.6366969,
772229575194459,3,0.024188718,-0.028338986,0.63665867,
772229593566041,3,0.024233647,-0.028353179,0.6365664,
772229612914186,3,0.02426683,-0.028370516,0.6365264,
772229635314089,3,0.024270207,-0.028366052,0.6364979,
772229653563602,3,0.024276039,-0.02832005,0.63630044,
772229675231081,3,0.024271742,-0.02832268,0.6363248,
772229695647339,3,0.024227805,-0.028318208,0.63644856,
772229713683229,3,0.02420473,-0.028310576,0.6364956,
772229733031374,3,0.024193339,-0.028275026,0.6363925,
772229755370242,3,0.024182558,-0.028301628,0.63653123,
772229773741824,3,0.024154505,-0.028258685,0.63645667,
772229793089967,3,0.02416314,-0.028240222,0.6363547,
772229815367799,3,0.024067981,-0.028199036,0.6365053,
772229833739382,3,0.024072316,-0.028191635,0.6364631,
772229855406863,3,0.024020882,-0.02813714,0.63641566,
772229875487429,3,0.024010334,-0.028194807,0.6366771,
772229893859010,3,0.023964364,-0.028171543,0.63673604,
772229913176637,3,0.023935745,-0.028160963,0.6367882,
772229935881715,3,0.02390709,-0.028122308,0.63673204,
772229953917605,3,0.023892438,-0.028107204,0.6367197,
772229973265750,3,0.023898674,-0.028133698,0.6368022,
772229995543581,3,0.023900233,-0.028202733,0.6370667,
772230013915162,3,0.023863731,-0.02818397,0.63711274,
772230035582643,3,0.023848116,-0.02817604,0.6371336,
772230055602175,3,0.023819042,-0.028133962,0.6370635,
772230074004275,3,0.023774898,-0.0281284,0.6371871,
772230093352420,3,0.023809657,-0.028099515,0.63695997,
772230115813356,3,0.023858735,-0.028122574,0.6368888,
772230134062867,3,0.023873096,-0.028127342,0.6368622,
772230153411013,3,0.023827175,-0.028124427,0.637001,
772230176024539,3,0.023824047,-0.028076172,0.6368204,
772230194090945,3,0.023744794,-0.028104022,0.63718975,
772230215758424,3,0.023744794,-0.028105082,0.63719374,
772230235747437,3,0.023739146,-0.028109323,0.6372287,
772230254180055,3,0.02372062,-0.028129725,0.63736737,
772230273528201,3,0.023687303,-0.028121248,0.6374446,
772230295867068,3,0.023634402,-0.028077234,0.6374446,
772230314238649,3,0.0235877,-0.028036337,0.63743925,
772230333586793,3,0.023603803,-0.02801374,0.6372983,
772230355986696,3,0.023655199,-0.028035806,0.637216,
772230374266726,3,0.023660552,-0.028066883,0.63731986,
772230395934207,3,0.02362305,-0.02809368,0.63754696,
772230416289431,3,0.023539638,-0.028130785,0.6379666,
772230434355836,3,0.023513988,-0.02814376,0.63812244,
772230453703981,3,0.023550713,-0.02818397,0.638177,
772230476134401,3,0.023657087,-0.028203791,0.63792473,
772230494414431,3,0.023657087,-0.028203791,0.63792473,
772230513823611,3,0.023683215,-0.028240485,0.63798827,
772230536131959,3,0.023694536,-0.02832531,0.63828695,
772230554442506,3,0.023691077,-0.028314523,0.638259,
772230576201540,3,0.023643857,-0.028308209,0.63839066,
772230596251589,3,0.023630619,-0.028257629,0.63823664,
772230614531619,3,0.023669682,-0.02826132,0.63812345,
772230633879763,3,0.023690134,-0.02827687,0.6381182,
772230656615357,3,0.023714652,-0.028308997,0.6381653,
772230674590211,3,0.023714652,-0.028308997,0.6381653,
772230693938357,3,0.023709625,-0.028293202,0.6381204,
772230716216189,3,0.023683527,-0.028263956,0.6380916,
772230734618289,3,0.02366496,-0.028300574,0.63829523,
772230756255250,3,0.023665275,-0.028266065,0.63816047,
772230776305299,3,0.023677235,-0.02826343,0.6381098,
772230794737917,3,0.023757655,-0.02833136,0.63778305,
772230814086062,3,0.023754833,-0.028334253,0.63757014,
772230836546999,3,0.023786489,-0.028340826,0.63732857,
772230854796510,3,0.023828112,-0.028340563,0.6370746,
772230874114137,3,0.023779284,-0.028384695,0.6373309,
772230896758180,3,0.023821859,-0.028355807,0.63701856,
772230914794070,3,0.023904596,-0.028296625,0.6364707,
772230936461551,3,0.02392142,-0.028313471,0.6364523,
772230956481081,3,0.023918929,-0.028317682,0.63645756,
772230974883179,3,0.02389961,-0.028355017,0.63665724,
772230994231325,3,0.023890566,-0.028355807,0.6366802,
772231016570192,3,0.023940412,-0.028389944,0.6366428,
772231034972293,3,0.024007851,-0.028416961,0.6365208,
772231054289920,3,0.024092734,-0.028418535,0.63624406,
772231076720338,3,0.024127346,-0.028451025,0.63625515,
772231094969850,3,0.024161289,-0.028480342,0.636257,
772231116637331,3,0.02414494,-0.028515635,0.63645065,
772231137023074,3,0.024072625,-0.028470136,0.63650906,
772231155058962,3,0.024004748,-0.028431116,0.6365785,
772231174407106,3,0.023952547,-0.02841434,0.6366834,
772231196745972,3,0.02393761,-0.028365526,0.63653994,
772231215148073,3,0.023928585,-0.028375244,0.6366094,
772231234465701,3,0.023918618,-0.028393617,0.63671464,
772231256774051,3,0.023930453,-0.028357908,0.6365338,
772231275145632,3,0.024003506,-0.028393356,0.6364333,
772231296813111,3,0.023997609,-0.028357908,0.6363115,
772231316893678,3,0.023983011,-0.028390732,0.6364887,
772231335234743,3,0.023986738,-0.028355544,0.63633657,
772231354582889,3,0.024007231,-0.028365526,0.6363099,
772231377226931,3,0.02401561,-0.0283495,0.63621813,
772231395293336,3,0.024084384,-0.028337933,0.6359441,
772231414641481,3,0.024043823,-0.028425874,0.6346091,
772231436949831,3,0.023910206,-0.028515896,0.6341371,
772231455290896,3,0.023785863,-0.028449455,0.6333917,
772231477019411,3,0.023744166,-0.028455477,0.63292956,
772231497008424,3,0.023671571,-0.02839493,0.6324913,
772231515410523,3,0.02362368,-0.028421156,0.63244873,
772231534728151,3,0.023624312,-0.028370254,0.6320274,
772231557219607,3,0.02361043,-0.028329255,0.6317622,
772231575469119,3,0.02362242,-0.028395979,0.63188213,
772231594786745,3,0.023596857,-0.028396767,0.6318977,
772231617461304,3,0.02357759,-0.028400177,0.6319243,
772231635466676,3,0.023566842,-0.028367102,0.63178957,
772231657134157,3,0.02357601,-0.028417224,0.6319355,
772231677153689,3,0.023553878,-0.028404636,0.6319394,
772231695555789,3,0.02355704,-0.02843662,0.6320449,
772231714903932,3,0.023564313,-0.028400702,0.63186884,
772231737242799,3,0.023619581,-0.02838417,0.6316133,
772231755644899,3,0.023686673,-0.028387582,0.6314034,
772231774993045,3,0.02366685,-0.028426662,0.6316187,
772231797362429,3,0.023582328,-0.028433476,0.6319241,
772231815642457,3,0.02350955,-0.028410407,0.63207096,
772231837309937,3,0.023516204,-0.02841434,0.63206565,
772231857695680,3,0.023545334,-0.028446836,0.63209826,
772231875762087,3,0.023572216,-0.028451812,0.6320283,
772231895110233,3,0.023585172,-0.02849394,0.6321533,
772231917479616,3,0.023581382,-0.028474584,0.6320875,
772231935820679,3,0.023636607,-0.028484788,0.6319457,
772231955199342,3,0.023637554,-0.028504398,0.632021,
772231977507692,3,0.023626834,-0.028490802,0.6320011,
772231995848758,3,0.023610746,-0.028463332,0.6319458,
772232017516238,3,0.023637554,-0.028459929,0.63184446,
772232037596803,3,0.023678495,-0.02842273,0.6315594,
772232055968385,3,0.023733495,-0.028428758,0.6314026,
772232075286013,3,0.023815602,-0.028432427,0.63114727,
772232097960574,3,0.023915814,-0.028456787,0.63091385,
772232115996462,3,0.023887448,-0.028501,0.631183,
772232135344606,3,0.023852801,-0.028473537,0.6311875,
772232157622437,3,0.023819355,-0.028419321,0.6310815,
772232176024538,3,0.023840304,-0.028470399,0.63121736,
772232197722536,3,0.023961255,-0.028452074,0.6307447,
772232217681033,3,0.023965297,-0.02844867,0.6307184,
772232236113649,3,0.023975864,-0.02846019,0.63073015,
772232255492310,3,0.024025533,-0.02845862,0.6305606,
772232277922731,3,0.024045063,-0.028505445,0.63068557,
772232296172243,3,0.024015298,-0.028462023,0.63060683,
772232315520389,3,0.024002885,-0.028488187,0.6307528,
772232338133914,3,0.023991708,-0.028491326,0.6308046,
772232356200319,3,0.024003195,-0.028482694,0.6307291,
772232377867799,3,0.024023984,-0.028481387,0.63065743,
772232397856813,3,0.024036385,-0.028446836,0.63047564,
772232416289431,3,0.024085002,-0.02844186,0.6302979,
772232435637576,3,0.024091497,-0.028462023,0.6303564,
772232457976441,3,0.024066743,-0.02841539,0.6302514,
772232476348023,3,0.024137842,-0.028332412,0.6296859,
772232495696169,3,0.024149569,-0.028379707,0.62983537,
772232518126589,3,0.02412333,-0.028377868,0.62991554,
772232536376102,3,0.02414494,-0.028361587,0.62977993,
772232558013063,3,0.024177628,-0.028353704,0.62964076,
772232578429323,3,0.024227498,-0.02838417,0.6295983,
772232596465211,3,0.024255773,-0.028421419,0.6296554,
772232615813357,3,0.02431958,-0.02838417,0.63119376,
772232638152224,3,0.024396967,-0.028325574,0.6320332,
772232656523806,3,0.02456557,-0.02828451,0.6322454,
772232675871950,3,0.02458467,-0.028263694,0.63275063,
772232698149781,3,0.024586791,-0.028213827,0.63300145,
772232716521364,3,0.024612838,-0.028201148,0.6331828,
772232738188845,3,0.024666661,-0.02821858,0.63329864,
772232758452517,3,0.024696246,-0.028194807,0.6332637,
772232776640992,3,0.024696246,-0.028194807,0.6333721,
772232795958619,3,0.02467874,-0.028173659,0.63342154,
772232818663699,3,0.024665454,-0.028095802,0.6332085,
772232836699587,3,0.024745071,-0.028101105,0.63300467,
772232856047733,3,0.02475982,-0.028113564,0.6330317,
772232878356081,3,0.024754101,-0.028094742,0.6329941,
772232896727662,3,0.024754101,-0.02804431,0.63280696,
772232918425661,3,0.024772154,-0.028015602,0.63264024,
772232938414676,3,0.024791395,-0.027998576,0.6325171,
772232956816775,3,0.02480101,-0.028089968,0.6328535,
772232976164920,3,0.024785986,-0.028049622,0.63274527,
772232998595338,3,0.02480942,-0.028056528,0.63269866,
772233016875367,3,0.024875702,-0.028029693,0.6323744,
772233036192995,3,0.024902644,-0.02803182,0.63229406,
772233058837040,3,0.024865516,-0.027973285,0.6321847,
772233076872927,3,0.024747178,-0.02790395,0.63229793,
772233098540406,3,0.024628878,-0.027838724,0.6324279,
772233118590456,3,0.024505747,-0.027731463,0.632407,
772233136992555,3,0.0244104,-0.027684405,0.6325327,
772233156340701,3,0.024363656,-0.027667984,0.63262177,
772233178679568,3,0.024288004,-0.02767256,0.6328927,
772233197051149,3,0.024159439,-0.027744086,0.63360226,
772233216399293,3,0.023912698,-0.02767687,0.6341542,
772233238829714,3,0.023758596,-0.027575735,0.63426167,
772233257048708,3,0.023628727,-0.027500791,0.6343929,
772233278746708,3,0.023593068,-0.027496727,0.6344957,
772233299071414,3,0.023631249,-0.02741722,0.63404876,
772233317168336,3,0.023546917,-0.027494559,0.63464093,
772233336516481,3,0.023497188,-0.027472058,0.6347148,
772233358824832,3,0.023437181,-0.027457139,0.63485646,
772233377226931,3,0.023459107,-0.027428089,0.634666,
772233396544558,3,0.023496553,-0.027440038,0.6345905,
772233418852906,3,0.023556408,-0.027478838,0.6345466,
772233437224488,3,0.02372753,-0.027483989,0.6339958,
772233459899050,3,0.023885889,-0.02741885,0.63320893,
772233479033573,3,0.02409428,-0.027317306,0.6321087,
772233497344119,3,0.024266522,-0.027229616,0.6311844,
772233516722780,3,0.024453398,-0.027199775,0.63044745,
772233539366823,3,0.024681458,-0.027095485,0.6292718,
772233557372194,3,0.024681458,-0.027095485,0.6292718,
772233576750857,3,0.024665454,-0.027057236,0.62917167,
772233599028690,3,0.024650648,-0.026992448,0.628957,
772233617400271,3,0.024607692,-0.02697091,0.62901247,
772233639067750,3,0.024586791,-0.026980577,0.6291196,
772233659056765,3,0.02457891,-0.026968976,0.62909967,
772233677489382,3,0.024604967,-0.02691422,0.628793,
772233696837527,3,0.024643695,-0.026972843,0.62890077,
772233719298464,3,0.024639463,-0.026965661,0.62888616,
772233737547975,3,0.02459588,-0.026936911,0.62891436,
772233756865603,3,0.02458467,-0.026912283,0.62885296,
772233779448612,3,0.024591336,-0.026896775,0.6287668,
772233797515017,3,0.024566783,-0.026940782,0.62902504,
772233820220095,3,0.024548579,-0.026909791,0.6289597,
772233839232547,3,0.024572847,-0.026922524,0.6289312,
772233857695681,3,0.024627363,-0.02693027,0.62878346,
772233877043826,3,0.024676325,-0.026960135,0.6287437,
772233899352175,3,0.02462555,-0.026962345,0.6289201,
772233917723757,3,0.024647625,-0.026920587,0.62867576,
772233937071902,3,0.02472067,-0.026938293,0.62850684,
772233959471804,3,0.024723684,-0.026991345,0.6287112,
772233977721315,3,0.024818128,-0.026947696,0.62822413,
772233999358279,3,0.025709353,-0.026313728,0.62271637,
772234019713504,3,0.025256462,-0.026269237,0.6240233,
772234037810427,3,0.025438411,-0.026130177,0.6228732,
772234057158571,3,0.02507587,-0.02624086,0.6245331,
772234079466922,3,0.024843033,-0.02636097,0.6258015,
772234097869021,3,0.02465095,-0.026483914,0.62694424,
