772200526488404,2,12.98,4.753,-129.158,
772200545928102,2,12.98,4.753,-129.158,
772200566344363,2,12.98,4.753,-129.158,
772200587859256,2,12.98,4.753,-129.158,
772200605895143,2,12.98,4.753,-129.158,
772200626555543,2,12.98,4.753,-129.158,
772200646544557,2,12.98,4.753,-129.158,
772200668181521,2,12.98,4.753,-129.158,
772200686339480,2,12.98,4.753,-129.158,
772200706694705,2,12.98,4.753,-129.158,
772200726042848,2,12.98,4.753,-129.158,
772200746367555,2,12.98,4.753,-129.158,
772200768035036,2,12.98,4.753,-129.158,
772200786070925,2,12.98,4.753,-129.158,
772200806517702,2,12.98,4.753,-129.158,
772200826750856,2,12.98,5.088,-129.158,
772200848509889,2,12.98,5.088,-129.158,
772200866881471,2,12.98,5.088,-129.158,
772200886809451,2,12.98,5.088,-129.158,
772200906157596,2,12.98,5.088,-129.158,
772200926573854,2,12.98,5.088,-129.158,
772200948180298,2,12.98,5.088,-129.158,
772200966216188,2,12.98,5.088,-129.158,
772200986571413,2,12.98,5.088,-129.158,
772201006896121,2,12.98,5.088,-129.158,
772201028502566,2,12.98,5.088,-129.158,
772201046813112,2,12.98,5.088,-129.158,
772201067015748,2,12.98,5.088,-129.158,
772201086363893,2,12.98,5.088,-129.158,
772201107054812,2,12.98,5.088,-129.158,
772201128417116,2,12.98,5.088,-129.158,
772201146422486,2,12.98,5.088,-129.158,
772201167021851,2,12.98,5.088,-129.158,
772201187071901,2,12.98,5.088,-129.158,
772201208647830,2,12.98,5.088,-129.158,
772201226805789,2,12.98,5.088,-129.158,
772201247191530,2,12.98,5.088,-129.158,
772201266509156,2,12.98,5.088,-129.158,
772201287047487,2,12.98,5.088,-129.158,
772201308562381,2,12.98,5.088,-129.158,
772201326598269,2,12.98,5.088,-129.158,
772201347197634,2,12.98,5.088,-129.158,
772201367247682,2,12.98,5.088,-129.158,
772201392699343,2,12.98,5.088,-129.158,
772201406951052,2,12.98,5.088,-129.158,
772201427275759,2,12.98,5.088,-129.158,
772201446654421,2,12.98,5.088,-128.828,
772201467070680,2,12.98,5.088,-128.828,
772201488677126,2,12.98,5.088,-128.828,
772201506896120,2,12.98,5.088,-128.828,
772201527251345,2,13.284,5.088,-128.828,
772201547423465,2,13.284,5.088,-128.828,
772201569090944,2,13.284,5.088,-128.828,
772201587584595,2,13.284,5.088,-128.828,
772201607543092,2,13.284,5.088,-128.828,
772201626891237,2,13.284,5.088,-128.828,
772201647246463,2,13.284,5.088,-128.828,
772201668883425,2,13.592,5.088,-128.828,
772201686919313,2,13.592,5.088,-128.828,
772201707244020,2,13.592,5.088,-128.828,
772201727599245,2,13.592,5.088,-128.828,
772201749297245,2,13.592,4.779,-128.828,
772201767455202,2,13.592,4.779,-128.828,
772201787718873,2,13.592,4.779,-128.828,
772201807036500,2,13.592,4.779,-128.828,
772201827818971,2,13.592,4.779,-128.828,
772201849089725,2,13.592,4.779,-128.828,
772201867064578,2,13.592,4.779,-128.828,
772201887419802,2,13.592,4.779,-128.828,
772201907775025,2,13.592,4.779,-128.828,
772201929411990,2,13.912,4.779,-128.828,
772201947508913,2,13.912,4.779,-128.828,
772201967864139,2,13.912,4.779,-128.828,
772201987181765,2,13.912,4.779,-128.828,
772202007720094,2,13.912,4.779,-128.828,
772202029234987,2,13.912,4.779,-128.828,
772202047301393,2,13.912,4.779,-128.828,
772202067961795,2,13.912,4.779,-128.828,
772202087950808,2,13.912,4.779,-128.828,
772202110594850,2,13.912,4.779,-128.828,
772202127684693,2,13.912,4.779,-128.828,
772202148039919,2,13.912,4.779,-128.828,
772202167418581,2,13.912,4.779,-128.828,
772202187773807,2,13.912,4.779,-128.828,
772202209441286,2,13.912,4.779,-128.828,
772202227721314,2,13.912,4.779,-128.828,
772202247893434,2,13.912,4.779,-128.828,
772202268035036,2,13.912,4.779,-128.828,
772202289763554,2,13.912,4.779,-128.828,
772202308196170,2,13.912,4.779,-128.828,
772202328154664,2,13.912,4.779,-128.828,
772202347502809,2,13.912,4.779,-128.828,
772202367919069,2,13.912,4.779,-128.828,
772202389525516,2,13.912,4.779,-128.828,
772202407530886,2,13.912,4.779,-128.828,
772202427916627,2,13.912,4.779,-128.828,
772202448241334,2,13.912,4.779,-128.828,
772202469908816,2,13.912,4.779,-128.828,
772202488158328,2,13.604,4.779,-128.828,
772202508330447,2,13.604,4.779,-128.828,
772202527709108,2,13.604,4.779,-128.828,
772202548461061,2,13.604,4.779,-128.828,
772202569731814,2,13.604,4.779,-128.828,
772202587767702,2,13.604,4.779,-128.828,
772202608122928,2,13.604,4.779,-128.828,
772202628447634,2,13.604,4.779,-128.828,
772202651091676,2,13.604,4.779,-128.828,
772202668181520,2,13.604,4.779,-128.828,
772202688536746,2,13.604,4.779,-128.828,
772202707884890,2,13.604,4.779,-128.828,
772202728423220,2,13.604,4.779,-128.828,
772202749938111,2,13.604,4.779,-128.828,
772202767912965,2,13.604,4.779,-128.828,
772202788695437,2,13.604,4.779,-128.828,
772202808592899,2,13.604,4.779,-128.828,
772202831328494,2,13.604,4.779,-128.828,
772202848418337,2,13.604,4.779,-128.828,
772202868712527,2,13.604,4.779,-128.828,
772202888091189,2,13.604,4.779,-128.828,
772202908354861,2,13.604,4.779,-128.828,
772202930052858,2,13.604,4.779,-128.828,
772202948058229,2,13.604,4.779,-128.828,
772202968535526,2,13.604,4.779,-128.828,
772202988738162,2,13.604,4.779,-128.828,
772203011443239,2,13.604,4.779,-128.828,
772203028838259,2,13.604,4.779,-128.828,
772203048857791,2,13.604,4.779,-128.828,
772203068205936,2,13.604,4.779,-128.828,
772203088622194,2,13.604,4.779,-128.828,
772203110228640,2,13.604,4.779,-128.828,
772203128325565,2,13.604,4.779,-128.828,
772203148619754,2,13.604,4.779,-128.828,
772203168913942,2,13.604,4.779,-128.828,
772203191619021,2,13.604,4.779,-128.828,
772203208800418,2,13.604,4.779,-128.828,
772203229003055,2,13.604,4.779,-128.828,
772203248381716,2,13.604,4.779,-128.828,
772203269133670,2,13.604,4.779,-128.828,
772203290434940,2,13.604,4.779,-128.828,
772203308440311,2,13.604,4.779,-128.828,
772203328765016,2,13.604,4.779,-128.828,
772203349120242,2,13.604,4.779,-128.828,
772203371764285,2,13.604,4.779,-128.828,
772203388854129,2,13.604,4.779,-128.828,
772203409819704,2,13.604,4.779,-128.828,
772203428526980,2,13.604,4.779,-128.828,
772203449095829,2,13.604,4.779,-128.828,
772203470580203,2,13.604,4.779,-128.828,
772203488585573,2,13.604,4.779,-128.828,
772203509276492,2,13.604,4.779,-128.828,
772203529265506,2,13.604,4.779,-128.828,
772203551940066,2,13.604,4.779,-128.828,
772203568968874,2,13.604,4.779,-128.828,
772203589354617,2,13.604,4.779,-128.828,
772203608702762,2,13.604,4.779,-128.828,
772203629149539,2,13.604,4.779,-128.828,
772203650755983,2,13.604,4.779,-128.828,
772203668761355,2,13.604,4.779,-128.828,
772203693389041,2,13.604,4.779,-128.828,
772203708739383,2,13.604,4.779,-128.828,
772203731413942,2,13.604,4.779,-128.828,
772203750792605,2,13.604,4.779,-128.828,
772203768859012,2,13.604,4.779,-128.828,
772203788207156,2,13.604,4.779,-128.828,
772203810515505,2,13.604,4.779,-128.828,
772203828887088,2,13.604,4.779,-128.828,
772203848235232,2,13.604,4.779,-128.828,
772203870513065,2,13.604,4.779,-128.828,
772203888915163,2,13.604,4.779,-128.828,
772203911589724,2,13.604,4.779,-128.828,
772203930754764,2,13.604,4.779,-128.828,
772203949004276,2,13.604,4.779,-128.828,
772203968535524,2,13.604,4.779,-128.828,
772203991149050,2,13.604,4.779,-128.828,
772204009062870,2,13.604,4.779,-128.828,
772204032988650,2,13.604,4.779,-128.828,
772204050688845,2,13.604,4.779,-128.828,
772204069090945,2,13.604,4.779,-128.828,
772204091796024,2,13.604,4.779,-128.828,
772204110777957,2,13.604,4.779,-128.828,
772204129210573,2,13.604,4.779,-128.828,
772204148528201,2,13.604,4.779,-128.828,
772204171019657,2,13.604,4.779,-128.518,
772204189238651,2,13.604,4.779,-128.518,
772204208586794,2,13.604,4.779,-128.518,
772204231230837,2,13.604,4.779,-128.518,
772204249266727,2,13.604,4.779,-128.518,
772204271910770,2,13.604,4.779,-128.518,
772204290953737,2,13.604,4.779,-128.518,
772204309355838,2,13.604,4.779,-128.518,
772204328703983,2,13.604,4.779,-128.518,
772204351012332,2,13.604,4.779,-128.518,
772204369414431,2,13.604,4.779,-128.518,
772204388762576,2,13.604,4.779,-128.518,
772204411192996,2,13.604,4.779,-128.518,
772204429442508,2,13.604,4.435,-128.518,
772204452117067,2,13.604,4.435,-128.518,
772204471495730,2,13.604,4.435,-128.518,
772204489531620,2,13.604,4.435,-128.518,
772204508879764,2,13.604,4.435,-128.518,
772204531249147,2,13.604,4.435,-128.518,
772204549590213,2,13.604,4.435,-128.518,
772204568938358,2,13.604,4.435,-128.518,
772204591216190,2,13.604,4.435,-128.518,
772204609618288,2,13.604,4.435,-128.518,
772204632262332,2,13.604,4.435,-128.518,
772204651732547,2,13.604,4.435,-128.518,
772204669707401,2,13.604,4.435,-128.518,
772204689055544,2,13.604,4.435,-128.518,
772204711760623,2,13.604,4.435,-128.518,
772204729735477,2,13.604,4.435,-128.518,
772204749114139,2,13.604,4.435,-128.518,
772204771391970,2,13.604,4.435,-128.518,
772204789794070,2,13.604,4.435,-128.518,
772204812438114,2,13.604,4.435,-128.518,
772204831450565,2,13.604,4.435,-128.518,
772204849883181,2,13.604,4.435,-128.518,
772204869200808,2,13.604,4.435,-128.518,
772204891692264,2,13.604,4.435,-128.518,
772204909941776,2,13.604,4.435,-128.518,
772204929289919,2,13.604,4.435,-128.518,
772204951933962,2,13.604,4.435,-128.518,
772204969969852,2,13.604,4.435,-128.518,
772204992644412,2,13.604,4.435,-128.518,
772205011626345,2,13.604,4.435,-128.518,
772205030058963,2,13.604,4.435,-128.518,
772205049407108,2,13.604,4.435,-128.518,
772205071745975,2,13.604,4.435,-128.518,
772205090087038,2,13.604,4.435,-128.518,
772205109435183,2,13.604,4.435,-128.518,
772205131865604,2,13.604,4.435,-128.518,
772205150572879,2,13.604,4.435,-128.518,
772205172789675,2,13.604,4.435,-128.518,
772205192107302,2,13.604,4.435,-128.518,
772205210204227,2,13.604,4.435,-128.518,
772205229552371,2,13.604,4.435,-128.518,
772205251891237,2,13.293,4.435,-128.518,
772205270293338,2,13.293,4.435,-128.518,
772205289610965,2,13.293,4.435,-128.518,
772205311919315,2,13.293,4.435,-128.518,
772205330290895,2,13.293,4.435,-128.518,
772205351958377,2,13.293,4.435,-128.518,
772205372130496,2,13.293,4.435,-128.518,
772205390410526,2,13.293,4.435,-128.518,
772205409728151,2,13.293,4.435,-128.518,
772205432433230,2,13.293,4.435,-128.518,
772205450438602,2,13.293,4.435,-128.518,
772205469817264,2,13.293,4.435,-128.518,
772205494048219,2,13.293,4.435,-128.518,
772205510741336,2,13.293,4.435,-128.518,
772205532103641,2,13.293,4.435,-128.518,
772205552153690,2,13.293,4.435,-128.518,
772205570555788,2,13.293,4.435,-128.518,
772205589903933,2,13.293,4.435,-128.518,
772205612425907,2,13.293,4.435,-128.518,
772205630675418,2,13.293,4.435,-128.518,
772205649993044,2,13.293,4.435,-128.518,
772205672667605,2,13.293,4.435,-128.518,
772205690703495,2,13.293,4.435,-128.518,
772205712340457,2,13.293,4.435,-128.851,
772205732359987,2,13.293,4.435,-128.851,
772205750762088,2,13.293,4.435,-128.851,
772205770110233,2,13.293,4.435,-128.851,
772205792510135,2,13.293,4.435,-128.851,
772205810881716,2,13.293,4.435,-128.851,
772205830260379,2,13.293,4.435,-128.851,
772205852660282,2,13.293,4.435,-128.851,
772205870909793,2,13.293,4.435,-128.851,
772205892516237,2,13.293,4.435,-128.851,
772205912871462,2,13.293,4.435,-128.851,
772205930968387,2,13.293,4.435,-128.851,
772205950316531,2,13.293,4.435,-128.851,
772205972655397,2,13.293,4.435,-128.851,
772205990996463,2,13.293,4.435,-128.851,
772206010344608,2,13.293,4.435,-128.851,
772206032622440,2,13.293,4.435,-128.851,
772206051024538,2,13.293,4.435,-128.851,
772206073699099,2,13.293,4.435,-128.851,
772206092864139,2,13.293,4.435,-128.851,
772206111144167,2,13.293,4.435,-128.851,
772206130461794,2,13.293,4.435,-128.851,
772206153166873,2,13.293,4.435,-128.851,
772206171172245,2,13.293,4.435,-128.851,
772206190550905,2,13.293,4.435,-128.851,
772206212859255,2,13.293,4.435,-128.851,
772206231230838,2,13.293,4.435,-128.851,
772206253874881,2,13.293,4.435,-128.851,
772206272887331,2,13.293,4.435,-128.851,
772206291319948,2,13.293,4.435,-128.851,
772206310637576,2,13.293,4.435,-128.851,
772206333129032,2,13.293,4.435,-128.851,
772206351348025,2,13.293,4.435,-128.851,
772206370696169,2,13.293,4.435,-128.851,
772206393309695,2,13.293,4.435,-128.851,
772206411376102,2,13.293,4.435,-128.851,
772206434050661,2,13.293,4.435,-128.851,
772206453063112,2,13.293,4.435,-128.851,
772206471495730,2,13.293,4.435,-128.851,
772206490813358,2,13.293,4.435,-128.851,
772206513152224,2,13.293,4.435,-128.851,
772206531523806,2,13.293,4.435,-128.851,
772206550871951,2,13.293,4.435,-128.851,
772206573241336,2,13.293,4.435,-128.851,
772206591551882,2,13.293,4.435,-128.851,
772206613188845,2,13.293,4.435,-128.851,
772206633605105,2,13.293,4.435,-128.851,
772206651610477,2,13.293,4.435,-128.851,
772206670989138,2,13.293,4.435,-128.851,
772206693297487,2,13.293,4.435,-128.851,
772206711669070,2,13.293,4.435,-128.851,
772206731047733,2,13.293,4.435,-128.851,
772206753325564,2,13.293,4.435,-128.851,
772206771819216,2,13.293,4.435,-128.851,
772206794402224,2,13.293,4.435,-128.851,
772206813567264,2,13.293,4.435,-128.851,
772206831816775,2,13.293,4.435,-128.851,
772206851134401,2,13.293,4.435,-128.851,
772206873839480,2,13.293,4.435,-128.851,
772206891875370,2,13.293,4.435,-128.851,
772206911223513,2,13.293,4.435,-128.851,
772206933501345,2,13.293,4.435,-128.851,
772206951872927,2,13.293,4.435,-128.851,
772206973509891,2,13.293,4.435,-128.851,
772206993590456,2,13.293,4.435,-128.851,
772207011992556,2,13.293,4.435,-128.851,
772207031340701,2,13.293,4.435,-128.851,
772207053801639,2,13.293,4.435,-128.851,
772207072051150,2,13.293,4.435,-128.851,
772207095976930,2,13.293,4.435,-128.851,
772207113982302,2,13.293,4.435,-128.851,
772207132048709,2,13.293,4.435,-128.851,
772207153655153,2,13.293,4.435,-128.851,
772207173705202,2,13.293,4.435,-128.851,
772207192107302,2,13.293,4.435,-128.851,
772207211455448,2,13.293,4.435,-128.851,
772207233794314,2,13.293,4.435,-128.851,
772207252165895,2,13.293,4.435,-128.851,
772207271514041,2,13.293,4.435,-128.851,
772207293974979,2,13.293,4.435,-128.851,
772207312193972,2,13.293,4.435,-128.851,
772207333861451,2,13.293,4.435,-128.851,
772207354247194,2,13.293,4.435,-128.851,
772207372283083,2,13.293,4.435,-128.851,
772207391631229,2,13.293,4.435,-128.851,
772207414000612,2,13.293,4.435,-128.851,
772207432341675,2,13.293,4.435,-128.851,
772207451720338,2,13.293,4.435,-128.851,
772207473967653,2,13.293,4.435,-128.851,
772207492369754,2,13.293,4.435,-128.851,
772207514037234,2,13.293,4.435,-128.851,
772207534209353,2,13.293,4.435,-128.851,
772207552458863,2,13.293,4.435,-128.851,
772207571807008,2,13.293,4.435,-128.851,
772207594542604,2,13.293,4.435,-128.547,
772207612517458,2,13.293,4.435,-128.547,
772207631896121,2,13.293,4.435,-128.547,
772207654173952,2,13.293,4.435,-128.547,
772207672545533,2,13.293,4.435,-128.547,
772207694213014,2,13.293,4.435,-128.547,
772207717925173,2,13.293,4.435,-128.547,
772207732665164,2,13.293,4.435,-128.547,
772207751982791,2,13.293,4.435,-128.547,
772207774504762,2,13.293,4.435,-128.547,
772207792723755,2,13.293,4.753,-128.547,
772207812041383,2,13.293,4.753,-128.547,
772207834685426,2,13.293,4.753,-128.547,
772207852721316,2,13.293,4.753,-128.547,
772207874358279,2,13.293,4.753,-128.547,
772207894438845,2,13.293,4.753,-128.547,
772207912840943,2,13.293,4.753,-128.547,
772207932158571,2,13.293,4.753,-128.547,
772207954497439,2,13.293,4.753,-128.547,
772207972869021,2,13.293,4.753,-128.547,
772207992217166,2,13.293,4.753,-128.547,
772208014586549,2,13.293,4.753,-128.547,
772208032866578,2,13.293,4.753,-128.547,
772208054564577,2,13.293,4.753,-128.547,
772208074919802,2,13.293,4.753,-128.547,
772208092986208,2,13.293,4.753,-128.547,
772208112334352,2,13.293,4.753,-128.547,
772208134642701,2,13.293,4.753,-128.547,
772208153014284,2,13.293,4.753,-128.547,
772208172392947,2,13.293,4.753,-128.547,
772208194670779,2,13.293,4.753,-128.547,
772208213042360,2,13.293,4.753,-128.547,
772208234709839,2,13.293,4.753,-128.547,
772208254851442,2,13.293,4.753,-128.547,
772208273161989,2,13.293,4.753,-128.547,
772208292510135,2,13.293,4.753,-128.547,
772208315184695,2,13.293,4.753,-128.547,
772208333220582,2,13.293,4.753,-128.547,
772208352568727,2,13.293,4.753,-128.547,
772208374846559,2,13.293,4.753,-128.547,
772208393218142,2,13.293,4.753,-128.547,
772208414885622,2,13.293,4.753,-128.547,
772208434905152,2,13.293,4.753,-128.547,
772208453337769,2,13.293,4.753,-128.547,
772208472685915,2,13.293,4.753,-128.547,
772208495116335,2,13.293,4.753,-128.547,
772208513365848,2,13.293,4.753,-128.547,
772208532744509,2,13.293,4.753,-128.547,
772208555419068,2,13.293,4.753,-128.945,
772208573393922,2,13.293,4.753,-128.945,
772208595030886,2,13.293,4.753,-128.945,
772208615050418,2,13.293,4.753,-129.289,
772208633513552,2,13.293,4.753,-129.289,
772208652861696,2,13.293,4.753,-129.289,
772208675200563,2,13.293,4.753,-129.289,
772208693572145,2,13.293,4.753,-129.644,
772208713774783,2,13.623,4.753,-129.644,
772208735289675,2,13.623,4.753,-129.644,
772208753569704,2,13.623,4.753,-129.644,
772208775237183,2,13.623,4.753,-129.966,
772208795592409,2,13.623,4.753,-129.966,
772208813658816,2,13.623,4.753,-129.966,
772208833006961,2,13.623,4.449,-129.966,
772208855345827,2,13.623,4.449,-129.966,
772208873717408,2,13.623,4.449,-129.966,
772208893065553,2,13.623,4.449,-130.284,
772208915343386,2,13.623,4.449,-130.284,
772208933745486,2,13.94,4.449,-130.284,
772208955443484,2,13.94,4.449,-130.284,
772208975585084,2,13.94,4.449,-130.284,
772208993865113,2,13.94,4.449,-130.284,
772209013213259,2,13.94,4.449,-130.284,
772209035857302,2,13.94,4.449,-130.284,
772209053893191,2,13.94,4.449,-130.284,
772209073271852,2,13.94,4.449,-130.284,
772209095519166,2,13.94,4.141,-130.284,
772209113921266,2,13.94,4.141,-130.284,
772209136595827,2,13.94,4.141,-130.284,
772209155638797,2,13.94,4.141,-130.284,
772209174071413,2,13.94,4.141,-130.284,
772209193419556,2,13.94,4.141,-130.284,
772209215880494,2,13.94,4.141,-130.284,
772209234130007,2,13.94,4.141,-130.284,
772209253447635,2,13.94,4.141,-130.284,
772209276091677,2,13.94,4.141,-130.284,
772209294127565,2,13.94,4.141,-130.284,
772209316832643,2,13.94,4.141,-130.284,
772209335784059,2,13.94,4.141,-130.284,
772209354216677,2,13.94,4.141,-130.284,
772209373564822,2,13.94,4.141,-130.284,
772209395903688,2,13.94,4.141,-130.284,
772209414275269,2,13.94,4.141,-130.284,
772209433623415,2,13.94,4.141,-130.284,
772209456023318,2,13.94,4.141,-130.284,
772209474303348,2,13.94,4.141,-130.284,
772209496977907,2,13.94,4.141,-130.284,
772209516387085,2,13.94,4.141,-130.284,
772209534392457,2,13.94,4.141,-130.284,
772209553740603,2,13.94,4.141,-130.598,
772209576079471,2,13.94,4.141,-130.598,
772209594481570,2,13.94,4.141,-130.598,
772209613799196,2,13.94,4.141,-130.598,
772209636077027,2,13.94,4.141,-130.598,
772209654479128,2,13.94,4.141,-130.598,
772209676116091,2,13.94,4.141,-130.598,
772209696288210,2,13.94,4.141,-130.598,
772209714568238,2,13.94,4.141,-130.598,
772209733916383,2,13.94,4.141,-130.598,
772209756590944,2,13.94,4.141,-130.598,
772209774626833,2,13.94,4.141,-130.598,
772209793974979,2,13.94,4.141,-130.598,
772209816283327,2,13.94,4.141,-130.598,
772209836302857,2,13.94,4.141,-130.598,
772209856261354,2,13.94,4.141,-130.598,
772209876311403,2,13.94,4.141,-130.598,
772209894713504,2,13.94,4.141,-130.598,
772209914061648,2,13.94,4.141,-130.598,
772209936522584,2,13.94,4.141,-130.598,
772209954772096,2,13.94,4.141,-130.598,
772209974120241,2,13.94,4.141,-130.598,
772209996733767,2,13.94,4.141,-130.598,
772210014800173,2,13.94,4.141,-130.598,
772210037505250,2,13.94,4.141,-130.598,
772210056487183,2,13.94,4.141,-130.598,
772210074919801,2,13.94,4.141,-130.598,
772210094298464,2,13.94,4.141,-130.598,
772210116576297,2,13.94,4.473,-130.598,
772210134978395,2,13.94,4.473,-130.598,
772210154296021,2,13.94,4.473,-130.296,
772210176726442,2,13.94,4.473,-130.296,
772210195464235,2,13.94,4.473,-130.296,
772210217711551,2,13.94,4.473,-130.296,
772210237029177,2,13.94,4.473,-130.296,
772210255095582,2,13.94,4.473,-130.296,
772210274443727,2,13.94,4.473,-130.296,
772210296782595,2,13.94,4.473,-130.296,
772210315154177,2,13.94,4.473,-130.296,
772210334502322,2,13.94,4.473,-130.296,
772210356780152,2,13.94,4.473,-130.296,
772210375151734,2,13.94,4.473,-130.296,
772210396819215,2,13.94,4.473,-130.296,
772210416991335,2,13.94,4.473,-130.296,
772210435271365,2,13.94,4.473,-130.296,
772210454650026,2,13.94,4.473,-130.296,
772210477355103,2,13.94,4.473,-130.296,
772210495299440,2,13.94,4.473,-130.296,
772210514678103,2,13.94,4.473,-130.296,
772210536955935,2,13.94,4.473,-130.296,
772210555327517,2,13.94,4.473,-130.296,
772210576994996,2,13.639,4.473,-130.296,
772210597014527,2,13.639,4.473,-130.296,
772210615416628,2,13.639,4.473,-130.296,
772210634764773,2,13.639,4.473,-130.296,
772210657256228,2,13.639,4.473,-130.296,
772210675475221,2,13.639,4.473,-130.296,
772210694853883,2,13.639,4.473,-130.296,
772210717497926,2,13.639,4.473,-130.296,
772210735503298,2,13.639,4.473,-130.296,
772210757140262,2,13.639,4.473,-130.296,
772210777190309,2,13.639,4.473,-130.296,
772210795622925,2,13.639,4.774,-130.296,
772210814940553,2,13.639,4.774,-130.296,
772210837279421,2,13.639,4.774,-130.296,
772210855651004,2,13.639,4.774,-130.296,
772210874999148,2,13.639,4.774,-130.296,
772210897399049,2,13.639,4.774,-130.296,
772210915679078,2,13.639,4.774,-130.296,
772210937377077,2,13.639,4.774,-130.296,
772210957701785,2,13.639,4.774,-130.296,
772210975798708,2,13.639,4.774,-130.296,
772210995146852,2,13.639,4.467,-130.296,
772211017485719,2,13.639,4.467,-130.296,
772211035857301,2,13.639,4.467,-130.296,
772211055174929,2,13.639,4.467,-130.296,
772211077452762,2,13.639,4.467,-130.296,
772211095854860,2,13.639,4.467,-130.296,
772211118559938,2,13.639,4.467,-130.296,
772211137633424,2,13.639,4.467,-130.296,
772211155974489,2,13.639,4.467,-130.296,
772211175322635,2,13.639,4.467,-130.296,
772211197966677,2,13.639,4.467,-130.296,
772211216002565,2,13.639,4.467,-130.296,
772211235350709,2,13.639,4.467,-130.296,
772211257964235,2,13.639,4.467,-130.296,
772211276030642,2,13.639,4.467,-130.296,
772211298705202,2,13.639,4.467,-130.296,
772211317717652,2,13.639,4.467,-130.296,
772211336119752,2,13.639,4.467,-130.296,
772211355467897,2,13.639,4.467,-130.296,
772211377928835,2,13.639,4.467,-130.296,
772211396178348,2,13.639,4.467,-130.296,
772211415557009,2,13.639,4.467,-130.296,
772211438201050,2,13.639,4.467,-130.296,
772211456236940,2,13.639,4.467,-130.296,
772211478911502,2,13.639,4.467,-130.296,
772211497832400,2,13.639,4.467,-130.296,
772211516295535,2,13.639,4.467,-130.296,
772211535643678,2,13.639,4.467,-130.296,
772211557982545,2,13.639,4.467,-130.296,
772211576354128,2,13.639,4.467,-129.981,
772211595702273,2,13.639,4.467,-129.981,
772211618102175,2,13.639,4.467,-129.981,
772211636351686,2,13.639,4.467,-129.981,
772211659056764,2,13.639,4.467,-129.981,
772211678435427,2,13.639,4.467,-129.981,
772211696471316,2,13.639,4.467,-129.981,
772211715819461,2,13.639,4.467,-129.981,
772211738127809,2,13.639,4.467,-129.981,
772211756468873,2,13.639,4.467,-129.981,
772211775817018,2,13.639,4.467,-129.981,
772211798125368,2,13.639,4.467,-129.981,
772211816527469,2,13.639,4.467,-129.981,
772211839202029,2,13.639,4.467,-129.981,
772211858306032,2,13.639,4.467,-129.981,
772211876586061,2,13.639,4.467,-129.981,
772211895964724,2,13.639,4.467,-129.981,
772211918639286,2,13.639,4.467,-129.981,
772211936675173,2,13.639,4.467,-129.981,
772211956053834,2,13.639,4.467,-129.981,
772211978392702,2,13.639,4.467,-129.981,
772211996733766,2,13.639,4.467,-129.981,
772212019377811,2,13.639,4.467,-129.981,
772212038420779,2,13.639,4.467,-129.981,
772212056792360,2,13.639,4.467,-129.981,
772212076171021,2,13.639,4.467,-129.981,
772212098601443,2,13.639,4.467,-129.981,
772212116881472,2,13.639,4.467,-129.981,
772212136229617,2,13.639,4.467,-129.981,
772212158812625,2,13.639,4.467,-129.981,
772212176879030,2,13.639,4.467,-129.981,
772212199614626,2,13.639,4.467,-129.981,
772212218566043,2,13.639,4.467,-129.981,
772212236968142,2,13.639,4.467,-129.981,
772212256346804,2,13.949,4.467,-129.981,
772212278685670,2,13.949,4.467,-129.981,
772212297026734,2,13.949,4.467,-129.981,
772212316405397,2,13.949,4.467,-129.981,
772212338805301,2,13.949,4.467,-130.296,
772212357024295,2,13.949,4.467,-130.296,
772212379698854,2,13.949,4.467,-130.296,
772212399077516,2,13.949,4.467,-130.296,
772212417113405,2,13.949,4.467,-130.296,
772212436492068,2,13.949,4.467,-130.296,
772212458800419,2,13.949,4.467,-130.296,
772212477202517,2,13.949,4.467,-130.296,
772212501555543,2,13.949,4.467,-130.296,
772212518859011,2,13.949,4.467,-130.296,
772212537261110,2,13.949,4.467,-130.296,
772212559874637,2,13.949,4.467,-130.296,
772212579009158,2,13.949,4.467,-130.296,
772212597319703,2,13.949,4.467,-130.296,
772212616667848,2,13.949,4.467,-130.296,
772212639342410,2,13.949,4.467,-130.296,
772212657378298,2,13.949,4.467,-130.296,
772212676726444,2,13.949,4.467,-130.296,
772212699004274,2,13.949,4.467,-130.296,
772212717406373,2,13.949,4.467,-130.296,
772212740080935,2,13.949,4.467,-130.296,
772212759093387,2,13.949,4.467,-130.296,
772212777495486,2,13.949,4.467,-130.296,
772212797026736,2,13.949,4.467,-130.296,
772212819304567,2,13.949,4.467,-130.296,
772212837584596,2,13.949,4.467,-130.296,
772212856871706,2,13.949,4.467,-130.296,
772212879393680,2,13.949,4.467,-130.296,
772212897551638,2,13.949,4.467,-130.296,
772212920226197,2,13.949,4.467,-130.296,
772212939208132,2,13.949,4.467,-130.296,
772212957640749,2,13.949,4.467,-130.296,
772212976988894,2,13.949,4.467,-130.296,
772212999297244,2,13.949,4.467,-130.296,
772213017699343,2,13.949,4.467,-130.296,
772213037047486,2,13.949,4.467,-130.296,
772213059447390,2,13.949,4.467,-130.296,
772213077696902,2,13.949,4.467,-130.296,
772213100371464,2,13.949,4.467,-130.296,
772213119719607,2,13.949,4.467,-130.296,
772213137786012,2,13.949,4.467,-130.296,
772213157164674,2,13.949,4.467,-130.296,
772213179473025,2,13.949,4.467,-130.296,
772213197875125,2,13.949,4.467,-130.296,
772213217223269,2,13.949,4.467,-130.296,
772213239501101,2,13.949,4.467,-130.296,
772213257872683,2,13.949,4.467,-130.296,
772213280547245,2,13.949,4.467,-130.296,
772213299712283,2,13.949,4.467,-130.296,
772213317961793,2,13.949,4.467,-130.296,
772213337309938,2,13.949,4.467,-130.296,
772213360045536,2,13.949,4.467,-130.296,
772213378050906,2,13.949,4.467,-130.296,
772213397368531,2,13.949,4.467,-130.296,
772213419646365,2,13.949,4.467,-130.296,
772213438048465,2,13.949,4.467,-130.296,
772213460753542,2,13.949,4.467,-130.296,
772213479765993,2,13.949,4.467,-130.296,
772213498137575,2,13.949,4.467,-130.296,
772213517516238,2,13.949,4.467,-130.296,
772213539946658,2,13.949,4.467,-130.296,
772213558196168,2,13.949,4.467,-130.296,
772213577544313,2,13.949,4.467,-130.296,
772213600218876,2,13.949,4.467,-130.296,
772213618346316,2,13.949,4.467,-130.296,
772213640929323,2,13.949,4.467,-130.296,
772213659941775,2,13.949,4.467,-130.296,
772213678343876,2,13.949,4.467,-130.296,
772213697692019,2,13.949,4.467,-130.296,
772213720000368,2,13.949,4.467,-130.296,
772213738402469,2,13.949,4.467,-130.296,
772213757720095,2,13.949,4.467,-130.296,
772213780119997,2,13.949,4.467,-130.296,
772213798400027,2,13.949,4.467,-130.296,
772213820067508,2,13.949,4.467,-130.296,
772213840422733,2,13.949,4.467,-130.296,
772213858489138,2,13.949,4.467,-130.296,
772213877837281,2,13.949,4.467,-130.296,
772213900176150,2,13.949,4.467,-130.296,
772213918547733,2,13.949,4.467,-130.296,
772213937895876,2,13.949,4.467,-130.296,
772213960204226,2,13.949,4.467,-130.296,
772213978575809,2,13.949,4.467,-130.296,
772214000243290,2,13.949,4.467,-130.296,
772214020384890,2,13.949,4.467,-130.296,
772214038664919,2,13.949,4.467,-130.296,
772214058043581,2,13.949,4.467,-130.296,
772214080687626,2,13.949,4.467,-130.296,
772214098723513,2,13.949,4.467,-130.296,
772214118071656,2,13.949,4.467,-130.296,
772214140380008,2,13.949,4.467,-130.296,
772214158751591,2,13.949,4.467,-130.296,
772214180419070,2,13.949,4.467,-130.296,
772214200408083,2,13.949,4.467,-130.296,
772214218840701,2,13.949,4.467,-130.296,
772214238188845,2,13.949,4.467,-130.296,
772214260649783,2,13.949,4.774,-130.296,
772214278899294,2,13.949,4.774,-130.296,
772214298308475,2,13.949,4.774,-130.296,
772214320922001,2,13.949,4.774,-130.296,
772214338927371,2,13.949,4.774,-130.296,
772214360594851,2,13.949,4.774,-130.296,
772214380614383,2,13.949,4.774,-130.296,
772214399047001,2,13.949,4.774,-130.296,
772214418395144,2,13.949,4.774,-130.296,
772214440734011,2,13.949,4.774,-130.296,
772214459105594,2,13.949,4.774,-130.296,
772214478453739,2,13.949,4.774,-130.296,
772214500853640,2,13.949,4.774,-130.296,
772214519103152,2,13.949,4.774,-130.296,
772214540770633,2,13.949,4.774,-130.296,
772214561125858,2,13.949,4.774,-130.296,
772214579192263,2,13.949,4.774,-130.296,
772214598540407,2,13.949,4.47,-130.296,
772214620879275,2,13.949,4.47,-130.296,
772214639250858,2,13.949,4.47,-130.296,
772214658599001,2,13.949,4.47,-130.296,
772214680876833,2,13.949,4.47,-130.296,
772214699248416,2,13.949,4.47,-130.296,
772214720915897,2,13.949,4.47,-130.296,
772214741088015,2,13.949,4.47,-130.296,
772214759368044,2,13.949,4.47,-130.296,
772214778716189,2,13.949,4.47,-130.296,
772214801360233,2,13.949,4.47,-129.985,
772214819426638,2,13.949,4.47,-129.985,
772214838774782,2,13.949,4.47,-129.985,
772214861052615,2,13.949,4.47,-129.985,
772214879454716,2,13.949,4.47,-129.985,
772214901122195,2,13.949,4.47,-129.985,
772214921141726,2,13.949,4.47,-129.985,
772214939635379,2,13.949,4.47,-129.985,
772214958983524,2,13.949,4.47,-129.985,
772214981413943,2,13.949,4.47,-129.985,
772214999632937,2,13.949,4.47,-129.985,
772215018981082,2,13.949,4.47,-129.985,
772215041594608,2,13.949,4.47,-129.985,
772215059661013,2,13.949,4.47,-129.985,
772215081297976,2,13.949,4.47,-129.985,
772215101317508,2,13.949,4.47,-129.985,
772215119719608,2,13.949,4.47,-129.985,
772215139098269,2,13.949,4.47,-129.985,
772215161376101,2,13.949,4.47,-129.985,
772215179778201,2,13.949,4.47,-129.985,
772215199095829,2,13.949,4.47,-129.985,
772215221526247,2,13.949,4.167,-129.985,
772215239775759,2,13.949,4.167,-129.985,
772215261443240,2,13.949,4.167,-129.985,
772215281859501,2,13.949,4.167,-129.985,
772215299864871,2,13.949,4.167,-129.985,
772215319243532,2,13.949,4.167,-129.985,
772215341551883,2,13.949,4.167,-129.985,
772215359923466,2,13.949,4.167,-129.985,
772215379271609,2,13.949,4.167,-129.985,
772215401549440,2,13.949,4.167,-129.985,
772215419951541,2,13.949,4.167,-129.985,
772215441588504,2,13.949,4.167,-129.985,
772215461730105,2,13.949,4.167,-129.985,
772215480040652,2,13.949,4.167,-129.985,
772215499388797,2,13.949,4.167,-129.985,
772215522063358,2,13.949,4.167,-129.985,
772215543364626,2,13.949,4.167,-129.985,
772215559477907,2,13.949,4.167,-129.985,
772215581786258,2,13.949,4.167,-129.985,
772215600188358,2,13.949,4.167,-129.985,
772215621825320,2,13.949,4.167,-129.985,
772215641753298,2,13.949,4.167,-129.985,
772215660246951,2,13.949,4.167,-129.985,
772215679595096,2,13.949,4.167,-129.985,
772215701994997,2,13.949,4.167,-129.985,
772215720305544,2,13.949,4.167,-129.985,
772215739653689,2,13.949,4.167,-129.985,
772215762297733,2,13.949,4.167,-129.985,
772215780333621,2,13.949,4.167,-129.985,
772215802062136,2,13.949,4.167,-129.985,
772215822020633,2,13.949,4.167,-130.302,
772215840422733,2,13.949,4.167,-130.302,
772215859770876,2,13.949,4.167,-130.302,
772215882079226,2,13.949,4.167,-130.302,
772215900481326,2,13.949,4.167,-130.302,
772215919829471,2,13.949,4.167,-130.302,
772215942290408,2,13.949,4.167,-130.302,
772215960509402,2,13.949,4.167,-130.302,
772215982176883,2,13.949,4.167,-130.302,
772216002501590,2,13.949,4.167,-130.302,
772216020629031,2,13.949,4.167,-130.302,
772216039946657,2,13.949,4.167,-130.302,
772216062285525,2,13.949,4.167,-130.302,
772216080657108,2,13.949,4.167,-130.302,
772216100005251,2,13.949,4.167,-130.302,
772216122283083,2,13.949,4.167,-130.302,
772216140685184,2,13.949,4.167,-130.302,
772216162322147,2,13.949,4.167,-130.302,
772216182494265,2,13.949,4.167,-130.302,
772216200774294,2,13.949,4.167,-130.302,
772216220152957,2,13.949,4.167,-130.302,
772216242827518,2,13.949,4.167,-130.302,
772216260832888,2,13.949,4.167,-130.302,
772216280181032,2,13.949,4.167,-130.302,
772216302489383,2,13.949,4.167,-130.302,
772216320860966,2,13.949,4.167,-130.302,
772216342497927,2,13.949,4.167,-130.302,
772216362517458,2,13.949,4.167,-130.302,
772216380950076,2,13.949,4.167,-130.302,
772216400298220,2,13.949,4.167,-130.302,
772216422820192,2,13.949,4.167,-130.302,
772216441008669,2,13.949,4.167,-130.302,
772216460356814,2,13.949,4.167,-130.302,
772216483000857,2,13.949,4.167,-130.302,
772216501036745,2,13.949,4.167,-130.302,
772216523680788,2,13.949,4.167,-130.302,
772216542693240,2,13.949,4.167,-130.302,
772216561125857,2,13.949,4.167,-130.302,
772216580474000,2,13.949,4.167,-130.302,
772216602782351,2,13.949,4.167,-130.302,
772216621184451,2,13.949,4.167,-130.302,
772216640502078,2,13.949,4.167,-130.302,
772216662932496,2,13.949,4.167,-130.302,
772216681182009,2,13.949,4.167,-130.302,
772216703887088,2,13.949,4.167,-130.302,
772216723204714,2,13.949,4.167,-130.302,
772216741301637,2,13.949,4.167,-130.302,
772216760649782,2,13.949,4.167,-130.302,
772216782988650,2,13.949,4.167,-130.302,
772216801360232,2,13.949,4.167,-130.302,
772216820708375,2,13.949,4.167,-130.302,
772216842986208,2,13.949,4.167,-130.302,
772216861357791,2,13.949,4.167,-130.302,
772216883025271,2,13.949,4.167,-130.302,
772216903166871,2,13.949,4.167,-130.302,
772216921446902,2,13.949,4.167,-130.302,
772216940825564,2,13.949,4.167,-130.302,
772216963469607,2,13.949,4.167,-130.302,
772216981505495,2,13.949,4.167,-130.302,
772217000884157,2,13.949,4.476,-130.302,
772217023131472,2,13.949,4.476,-130.302,
772217041533572,2,13.949,4.476,-130.302,
772217064208131,2,13.949,4.476,-130.302,
772217083220583,2,13.949,4.476,-129.96,
772217101653201,2,13.949,4.476,-129.96,
772217121001345,2,13.949,4.797,-129.96,
772217143462282,2,13.949,4.797,-129.96,
772217161711794,2,13.949,4.797,-129.96,
772217181029422,2,13.949,4.797,-129.644,
772217203703982,2,13.949,4.797,-129.644,
772217221709352,2,13.638,4.797,-129.644,
772217243346315,2,13.638,4.797,-129.644,
772217263396365,2,13.638,4.797,-129.644,
772217281798465,2,13.638,4.797,-129.644,
772217301177125,2,13.638,4.797,-129.644,
772217323424440,2,13.638,4.797,-129.644,
772217341887576,2,13.638,4.797,-129.644,
772217361235720,2,13.638,4.797,-129.644,
772217383635621,2,13.638,4.797,-129.644,
772217401946169,2,13.638,4.797,-129.644,
772217424590213,2,13.638,4.797,-129.644,
772217443968875,2,13.638,4.797,-129.644,
772217462035280,2,13.638,4.797,-129.644,
772217481383425,2,13.638,4.797,-129.98,
772217503722293,2,13.638,4.797,-129.98,
772217522093875,2,13.638,4.797,-129.98,
772217541442018,2,13.638,4.797,-129.98,
772217563719851,2,13.638,4.797,-129.98,
772217582121951,2,13.638,4.797,-129.98,
772217604796511,2,13.961,4.797,-129.98,
772217623931032,2,13.961,4.797,-129.98,
772217642150025,2,13.961,4.797,-129.98,
772217661528687,2,13.961,4.493,-129.98,
772217684203249,2,13.961,4.493,-129.98,
772217702208621,2,13.961,4.493,-129.98,
772217721556766,2,13.961,4.493,-129.98,
772217743834596,2,13.961,4.493,-129.98,
772217762206177,2,13.961,4.493,-129.98,
772217784880739,2,13.961,4.493,-129.98,
772217803923708,2,13.961,4.493,-129.98,
772217822325809,2,13.961,4.493,-129.98,
772217841673953,2,13.961,4.493,-129.98,
772217864134889,2,13.961,4.493,-130.281,
772217882384400,2,13.961,4.493,-130.281,
772217901732545,2,13.961,4.493,-130.281,
772217924346071,2,13.961,4.493,-130.281,
772217942412478,2,13.961,4.493,-130.281,
772217965087039,2,13.961,4.493,-130.281,
772217984068971,2,13.961,4.493,-130.281,
772218002532105,2,13.961,4.493,-130.281,
772218021910768,2,13.961,4.493,-130.281,
772218044219118,2,13.961,4.493,-130.281,
772218062621219,2,13.961,4.493,-130.281,
772218081969363,2,13.961,4.493,-130.281,
772218104369264,2,13.961,4.493,-130.281,
772218122618775,2,13.961,4.493,-130.281,
772218145293336,2,13.961,4.493,-130.281,
772218164702516,2,13.961,4.493,-130.281,
772218182707888,2,13.961,4.493,-130.281,
772218202086551,2,13.961,4.493,-130.281,
772218224394899,2,13.961,4.493,-130.281,
772218242796998,2,13.961,4.493,-130.281,
772218262145143,2,13.961,4.493,-130.281,
772218284392458,2,13.961,4.493,-130.281,
772218302886111,2,13.961,4.493,-130.281,
772218325469119,2,13.961,4.493,-130.281,
772218344603639,2,13.961,4.493,-130.281,
772218362944703,2,13.961,4.493,-130.281,
772218382231813,2,13.961,4.493,-130.281,
772218404906375,2,13.961,4.493,-130.281,
772218422942263,2,13.961,4.493,-130.281,
772218442290406,2,13.961,4.493,-130.281,
772218464507203,2,13.961,4.493,-130.281,
772218482970339,2,13.961,4.493,-130.281,
772218505705935,2,13.961,4.493,-130.281,
772218524626834,2,13.961,4.493,-130.281,
772218543059450,2,13.961,4.493,-130.281,
772218562407593,2,13.961,4.493,-130.281,
772218584868532,2,13.961,4.493,-130.281,
772218603087527,2,13.961,4.493,-130.281,
772218622466189,2,13.961,4.493,-130.281,
772218645049197,2,13.961,4.493,-130.281,
772218663085084,2,13.961,4.493,-130.281,
772218685759645,2,13.961,4.493,-130.281,
772218704772097,2,13.961,4.493,-130.281,
772218723174197,2,13.961,4.493,-130.281,
772218742552859,2,13.961,4.493,-130.281,
772218764800172,2,13.961,4.493,-130.281,
772218783263307,2,13.961,4.493,-130.281,
772218802611452,2,13.961,4.493,-130.281,
772218824980837,2,13.961,4.493,-130.281,
772218843260867,2,13.961,4.493,-130.281,
772218865935426,2,13.961,4.493,-130.281,
772218885283570,2,13.961,4.493,-130.281,
772218903349977,2,13.961,4.493,-130.281,
772218922759157,2,13.961,4.493,-130.281,
772218945036990,2,13.961,4.493,-129.977,
772218963408572,2,13.961,4.493,-129.977,
772218982787233,2,13.961,4.493,-129.977,
772219005065065,2,13.961,4.493,-129.977,
772219023467165,2,13.961,4.493,-129.977,
772219046141726,2,13.961,4.493,-129.977,
772219065245730,2,13.961,4.493,-129.977,
772219083525758,2,13.961,4.493,-129.977,
772219102873902,2,13.961,4.493,-129.977,
772219125578981,2,13.961,4.493,-129.977,
772219143614871,2,13.961,4.493,-129.977,
772219162963016,2,13.961,4.493,-129.977,
772219185210329,2,13.961,4.493,-129.977,
772219203642945,2,13.961,4.493,-129.977,
772219226317506,2,13.961,4.493,-129.977,
772219245268923,2,13.961,4.493,-129.977,
772219263701541,2,13.961,4.493,-129.977,
772219283080203,2,13.961,4.493,-129.977,
772219305480104,2,13.961,4.493,-129.977,
772219323760133,2,13.961,4.493,-129.977,
772219343108278,2,13.961,4.493,-129.977,
772219365721804,2,13.961,4.493,-129.977,
772219383757693,2,13.961,4.493,-129.977,
772219406462770,2,13.961,4.493,-129.977,
772219425475221,2,13.961,4.493,-129.977,
772219443877321,2,13.961,4.493,-129.977,
772219463225466,2,13.961,4.493,-129.977,
772219485564334,2,13.961,4.493,-129.977,
772219503935915,2,13.961,4.493,-129.977,
772219523284058,2,13.961,4.815,-129.977,
772219545683961,2,13.961,4.815,-129.977,
772219563963991,2,13.961,4.815,-129.977,
772219586638553,2,13.961,4.815,-129.977,
772219605956179,2,13.961,4.815,-129.582,
772219624053102,2,13.961,4.815,-129.582,
772219643401246,2,13.961,4.815,-129.582,
772219665709597,2,13.961,4.815,-129.582,
772219684111697,2,13.961,4.815,-129.582,
772219703459841,2,13.961,4.815,-129.582,
772219725676637,2,13.961,4.815,-129.582,
772219744139771,2,13.961,4.815,-129.582,
772219766844850,2,13.961,4.815,-129.582,
772219785948855,2,13.961,4.815,-129.582,
772219804198367,2,13.961,4.815,-129.582,
772219823577028,2,13.961,4.815,-129.582,
772219846251587,2,13.961,4.815,-129.582,
772219864287477,2,13.961,4.815,-129.582,
772219883635622,2,13.961,4.815,-129.582,
772219905882937,2,13.961,4.815,-129.582,
772219924285037,2,13.961,4.815,-129.582,
772219947051149,2,13.961,4.815,-129.582,
772219966033082,2,13.961,4.815,-129.582,
772219984435183,2,13.961,4.815,-129.582,
772220003783328,2,13.961,4.815,-129.582,
772220026274783,2,13.961,4.815,-129.582,
772220044524293,2,13.961,4.815,-129.888,
772220063872437,2,13.961,4.815,-129.888,
772220086516481,2,13.961,4.815,-129.888,
772220104460818,2,13.961,4.815,-129.888,
772220127165896,2,13.961,4.815,-129.888,
772220146147829,2,13.961,4.815,-129.888,
772220164549927,2,13.961,4.815,-129.888,
772220183898073,2,13.961,4.815,-129.888,
772220206175905,2,13.961,4.815,-130.23,
772220224608523,2,13.961,4.815,-130.23,
772220243956668,2,13.961,4.815,-130.23,
772220266387086,2,13.961,4.815,-130.23,
772220284636598,2,13.961,4.815,-130.23,
772220307311159,2,13.961,4.815,-130.23,
772220326689822,2,13.961,4.815,-130.23,
772220344756228,2,13.961,4.815,-130.23,
772220364104371,2,13.961,4.815,-130.23,
772220386412721,2,13.961,4.487,-130.23,
772220404814821,2,13.961,4.487,-130.23,
772220424162966,2,13.961,4.487,-130.23,
772220446440799,2,13.961,4.487,-130.23,
772220464812380,2,13.961,4.487,-130.23,
772220487486939,2,13.961,4.487,-130.23,
772220506621461,2,13.961,4.487,-130.23,
772220524932009,2,13.961,4.487,-130.23,
772220544310672,2,13.961,4.487,-130.23,
772220566924197,2,13.961,4.487,-130.23,
772220584960084,2,13.961,4.487,-130.23,
772220604338746,2,13.961,4.487,-130.23,
772220626586061,2,13.961,4.487,-130.23,
772220644988162,2,13.961,4.487,-130.23,
772220667662722,2,13.961,4.487,-129.924,
772220686675172,2,13.961,4.487,-129.924,
772220705077271,2,13.961,4.487,-129.924,
772220724455934,2,13.961,4.487,-129.924,
772220746886355,2,13.961,4.791,-129.924,
772220765135867,2,13.961,4.791,-129.924,
772220784484011,2,13.961,4.791,-129.924,
772220807128052,2,13.961,4.791,-129.924,
772220825163942,2,13.961,4.791,-129.924,
772220847838503,2,13.961,4.791,-129.924,
772220866850955,2,13.961,4.791,-129.924,
772220885253054,2,13.961,4.791,-129.924,
772220904631715,2,13.961,4.791,-129.924,
772220926970582,2,13.961,4.791,-129.924,
772220945311647,2,13.961,4.791,-129.924,
772220964659793,2,13.961,4.791,-129.924,
772220987059695,2,13.961,4.791,-129.924,
772221005339723,2,13.961,4.791,-129.924,
772221028014283,2,13.961,4.791,-129.924,
772221047392946,2,13.961,4.791,-129.924,
772221065398318,2,13.961,4.791,-129.924,
772221084776981,2,13.961,4.791,-129.924,
772221107085329,2,13.961,4.791,-129.924,
772221125487427,2,13.961,4.791,-129.924,
772221144835573,2,13.961,4.791,-129.924,
772221167113405,2,13.961,4.791,-129.924,
772221185484988,2,13.961,4.791,-129.924,
772221208159548,2,13.961,4.791,-129.924,
772221227324586,2,13.961,4.791,-129.924,
772221245604615,2,13.961,4.791,-129.924,
772221264952761,2,13.961,4.791,-129.924,
772221287657839,2,13.961,4.791,-129.924,
772221305632693,2,13.961,4.791,-129.924,
772221324980836,2,13.961,4.791,-129.924,
772221347258668,2,13.961,4.791,-129.924,
772221365630251,2,13.961,4.791,-129.924,
772221387328249,2,13.961,4.475,-129.924,
772221407347781,2,13.961,4.475,-129.924,
772221425749880,2,13.961,4.475,-129.924,
772221445098023,2,13.961,4.475,-129.924,
772221467558961,2,13.961,4.475,-129.924,
772221485777956,2,13.961,4.475,-129.924,
772221505156619,2,13.961,4.475,-129.924,
772221527770144,2,13.961,4.475,-129.924,
772221545806032,2,13.961,4.475,-130.265,
772221568480593,2,13.961,4.475,-130.265,
772221587493044,2,13.961,4.475,-130.265,
772221611113651,2,13.961,4.475,-130.265,
772221625243289,2,13.961,4.475,-130.265,
772221647582154,2,13.961,4.475,-130.265,
772221665953736,2,13.961,4.475,-130.265,
772221685301882,2,13.961,4.475,-130.265,
772221707732302,2,13.961,4.475,-130.265,
772221726012332,2,13.961,4.475,-130.265,
772221748656374,2,13.961,4.475,-130.265,
772221768004517,2,13.961,4.475,-130.265,
772221786070924,2,13.961,4.475,-130.265,
772221805449587,2,13.961,4.475,-130.265,
772221827788455,2,13.961,4.475,-130.265,
772221846129519,2,13.961,4.475,-130.265,
772221865477663,2,13.961,4.475,-130.265,
772221887786012,2,13.961,4.475,-130.265,
772221906157595,2,13.961,4.475,-130.265,
772221928832157,2,13.961,4.475,-130.265,
772221947936159,2,13.961,4.475,-130.265,
772221966246705,2,13.961,4.475,-130.265,
772221985625367,2,13.961,4.475,-130.265,
772222008360964,2,13.961,4.475,-130.265,
772222026305300,2,13.961,4.475,-130.265,
772222045653446,2,13.961,4.475,-130.265,
772222067931276,2,13.961,4.475,-130.265,
772222086333375,2,13.961,4.475,-130.265,
772222109007937,2,13.961,4.475,-130.265,
772222128020388,2,13.961,4.475,-130.265,
772222146422488,2,13.961,4.475,-130.265,
772222165770633,2,13.961,4.475,-130.265,
772222188201051,2,13.961,4.475,-130.265,
772222206481080,2,13.961,4.475,-130.265,
772222225829226,2,13.961,4.475,-130.265,
772222248442753,2,13.961,4.475,-130.265,
772222266478640,2,13.961,4.475,-130.265,
772222289183717,2,13.961,4.475,-130.265,
772222308226685,2,13.961,4.475,-130.265,
772222326628786,2,13.961,4.475,-130.265,
772222345976931,2,13.961,4.475,-130.265,
772222368315799,2,13.961,4.475,-129.953,
772222386656862,2,13.961,4.475,-129.953,
772222406005006,2,13.961,4.475,-129.953,
772222428404909,2,13.961,4.475,-129.953,
772222446684939,2,13.961,4.475,-129.953,
772222469359501,2,13.961,4.475,-129.953,
772222488707644,2,13.961,4.786,-129.953,
772222506774049,2,13.961,4.786,-129.953,
772222526122194,2,13.961,4.786,-129.953,
772222548461062,2,13.961,4.786,-129.953,
772222566863162,2,13.961,4.786,-129.953,
772222586211306,2,13.961,4.786,-129.953,
772222608489137,2,13.961,4.786,-129.953,
772222626891236,2,13.961,4.786,-129.953,
772222649504763,2,13.961,4.786,-129.953,
772222668608768,2,13.961,4.786,-129.652,
772222686949832,2,13.961,4.786,-129.652,
772222706297976,2,13.961,4.786,-129.652,
772222728972536,2,13.961,4.786,-129.652,
772222747008424,2,13.961,4.786,-129.652,
772222766356570,2,13.961,4.786,-129.652,
772222788573368,2,13.961,4.786,-129.652,
772222807036502,2,13.961,4.786,-129.652,
772222829680543,2,13.961,4.786,-129.652,
772222848692995,2,13.961,5.104,-129.652,
772222867125612,2,13.961,5.104,-129.652,
772222886473758,2,13.961,5.104,-129.652,
772222908904177,2,13.961,5.104,-129.652,
772222927153688,2,13.961,5.104,-129.652,
772222946532350,2,13.961,5.104,-129.652,
772222969206912,2,13.961,5.104,-129.652,
772222987181765,2,13.961,5.104,-129.652,
772223009856326,2,13.961,5.104,-129.652,
772223028807741,2,13.961,5.104,-129.652,
772223047301392,2,13.961,5.104,-129.652,
772223066649538,2,13.961,5.104,-129.652,
772223088988406,2,13.961,5.104,-129.652,
772223107329471,2,13.961,5.104,-129.652,
772223126708133,2,13.961,5.104,-129.652,
772223149108033,2,13.961,5.104,-129.652,
772223167388063,2,13.961,5.104,-129.652,
772223190062625,2,13.961,4.795,-129.652,
772223209410770,2,13.961,4.795,-129.652,
772223227477175,2,13.961,4.795,-129.652,
772223246825319,2,13.961,4.795,-130.017,
772223269133669,2,13.961,4.795,-130.017,
772223287505251,2,13.961,4.795,-130.017,
772223306883914,2,13.961,4.458,-130.017,
772223329131229,2,13.961,4.458,-130.017,
772223347533327,2,13.961,4.458,-130.017,
772223370207888,2,13.961,4.458,-130.017,
772223389342410,2,13.961,4.458,-130.352,
772223407652957,2,13.961,4.458,-130.352,
772223427001101,2,13.961,4.458,-130.352,
772223449675662,2,13.961,4.458,-130.352,
772223467711550,2,13.961,4.458,-130.352,
772223487059696,2,13.961,4.458,-130.352,
772223509337526,2,13.961,4.458,-130.352,
772223527709108,2,13.961,4.458,-130.352,
772223550383670,2,13.961,4.458,-130.352,
772223569396121,2,13.961,4.145,-130.352,
772223587828737,2,13.961,4.145,-130.352,
772223607176882,2,13.961,4.145,-130.352,
772223629607303,2,13.961,4.145,-130.352,
772223647856815,2,13.961,4.145,-130.352,
772223667204958,2,13.961,4.145,-130.352,
772223689849002,2,13.961,4.145,-130.352,
772223707884890,2,13.961,4.145,-130.352,
772223730559451,2,13.961,4.145,-130.352,
772223749510866,2,13.961,4.145,-130.352,
772223767974001,2,13.961,4.145,-130.352,
772223787352664,2,13.961,4.145,-130.352,
772223810881717,2,13.961,4.145,-130.352,
772223828032595,2,13.961,4.145,-130.352,
772223847380739,2,13.961,4.145,-130.352,
772223869780643,2,13.961,4.145,-130.352,
772223888091190,2,13.961,4.145,-130.352,
772223910735231,2,13.961,4.447,-130.352,
772223930144412,2,13.961,4.447,-130.036,
772223948149783,2,13.961,4.447,-130.036,
772223967497928,2,13.961,4.447,-130.036,
772223989836794,2,13.961,4.447,-130.036,
772224008208376,2,13.961,4.447,-130.036,
772224027556521,2,13.961,4.447,-130.036,
772224049834354,2,13.961,4.447,-130.036,
772224068236452,2,13.961,4.447,-130.036,
772224090880496,2,13.961,4.447,-130.036,
772224110045535,2,13.961,4.447,-130.036,
772224128356082,2,13.961,4.447,-130.036,
772224147673708,2,13.961,4.447,-130.036,
772224170348269,2,13.961,4.447,-130.036,
772224188384159,2,13.961,4.447,-130.036,
772224207762821,2,13.961,4.447,-130.036,
772224230010134,2,13.961,4.447,-130.036,
772224248412234,2,13.961,4.447,-130.036,
772224270049198,2,13.961,4.447,-130.036,
772224290099246,2,13.961,4.751,-130.036,
772224308501345,2,13.961,4.751,-130.036,
772224327880007,2,13.961,4.751,-129.736,
772224350310428,2,13.961,4.751,-129.736,
772224368559940,2,13.961,4.751,-129.736,
772224387908083,2,13.961,4.751,-129.736,
772224410521609,2,13.961,4.751,-129.736,
772224428557498,2,13.961,4.751,-129.736,
772224450224979,2,13.961,4.751,-129.736,
772224470244509,2,13.961,4.751,-129.736,
772224488677127,2,13.961,4.751,-129.736,
772224508055789,2,13.961,4.751,-129.736,
772224530425174,2,13.961,4.751,-129.432,
772224548735720,2,13.961,4.751,-129.432,
772224568114382,2,13.961,4.751,-129.432,
772224590514285,2,13.961,4.751,-129.432,
772224608794315,2,13.961,4.751,-129.432,
772224630431276,2,13.961,4.751,-129.432,
772224650786502,2,13.961,4.751,-129.432,
772224668822391,2,13.961,4.751,-129.432,
772224688170535,2,13.961,4.751,-129.432,
772224710509401,2,13.961,4.751,-129.432,
772224728911502,2,13.961,4.751,-129.432,
772224748320682,2,13.961,4.751,-129.432,
772224770445926,2,13.961,4.751,-129.432,
772224788909059,2,13.961,4.751,-129.432,
772224810576541,2,13.961,4.751,-129.432,
772224830718143,2,13.961,4.751,-129.75,
772224849028690,2,13.961,4.751,-129.75,
772224868376833,2,13.961,4.751,-129.75,
772224891081912,2,13.961,4.751,-129.75,
772224909056766,2,13.961,4.751,-129.75,
772224928435428,2,13.961,4.751,-129.75,
772224950682741,2,13.961,4.751,-129.75,
772224969084841,2,13.961,4.751,-129.75,
772224991789920,2,13.961,4.751,-129.75,
772225010771854,2,13.961,4.751,-129.75,
772225029173952,2,13.961,4.751,-129.75,
772225048552615,2,13.961,4.751,-129.75,
772225070983035,2,13.961,4.751,-129.75,
772225089293582,2,13.961,4.751,-129.75,
772225108702761,2,13.961,4.751,-129.75,
772225131255252,2,13.961,4.751,-129.75,
772225149291141,2,13.961,4.751,-129.75,
772225171965701,2,13.961,4.751,-129.75,
772225191008669,2,13.961,4.751,-129.75,
772225209410769,2,13.961,4.751,-129.75,
772225228758915,2,13.961,4.751,-129.75,
772225251067264,2,13.961,4.751,-129.75,
772225269438845,2,13.961,4.751,-129.75,
772225288817508,2,13.961,4.751,-129.75,
772225311217410,2,13.961,4.751,-129.75,
772225329466922,2,13.961,4.751,-129.75,
772225352141481,2,13.961,4.751,-129.75,
772225371489627,2,13.961,4.751,-129.75,
772225389586551,2,13.961,4.751,-129.75,
772225408934696,2,13.961,4.751,-129.75,
772225431273561,2,13.961,4.751,-129.75,
772225449614627,2,13.961,4.751,-129.75,
772225468962772,2,13.961,4.751,-129.75,
772225491332156,2,13.961,4.751,-129.75,
772225509642702,2,13.961,4.751,-129.75,
772225532317263,2,13.961,4.751,-129.75,
772225551421268,2,13.961,4.751,-129.75,
772225569731815,2,13.961,4.751,-129.75,
772225589079958,2,13.961,4.751,-129.75,
772225611754519,2,13.961,4.751,-129.75,
772225629790409,2,13.961,4.751,-129.75,
772225649169071,2,13.961,4.751,-129.75,
772225671446901,2,13.961,4.751,-129.75,
772225689849002,2,13.961,4.751,-129.75,
772225712462528,2,13.961,4.751,-129.75,
772225731474979,2,13.961,4.751,-129.75,
772225749877077,2,13.961,4.751,-129.75,
772225769225222,2,13.961,4.751,-129.75,
772225791716678,2,13.961,4.751,-129.75,
772225809935672,2,13.961,4.751,-129.75,
772225829283815,2,13.961,4.751,-129.75,
772225851988894,2,13.961,4.751,-129.75,
772225869963748,2,13.961,4.751,-129.75,
772225892607791,2,13.961,4.751,-129.75,
772225911620241,2,13.961,4.751,-129.75,
772225930052859,2,13.961,4.751,-129.75,
772225949401004,2,13.961,4.751,-129.75,
772225971709354,2,13.961,4.751,-129.75,
772225990111452,2,13.961,4.751,-129.75,
772226009459597,2,13.961,4.751,-129.75,
772226031859500,2,13.961,4.751,-129.75,
772226050109012,2,13.961,4.751,-129.75,
772226072814089,2,13.961,4.751,-129.75,
772226092162234,2,13.961,4.751,-129.75,
772226110228641,2,13.961,4.751,-129.75,
772226129576785,2,13.961,4.751,-129.75,
772226151915651,2,13.961,4.751,-129.75,
772226170287234,2,13.961,4.751,-129.75,
772226189635379,2,13.961,4.751,-129.75,
772226211913211,2,13.961,4.751,-129.75,
772226230315309,2,13.961,4.751,-129.75,
772226252959353,2,13.961,4.751,-129.75,
772226272093875,2,13.961,4.751,-129.75,
772226290404422,2,13.961,4.751,-129.75,
772226309752565,2,13.961,4.751,-129.75,
772226332396609,2,13.961,4.751,-129.75,
772226350463016,2,13.961,4.751,-129.75,
772226369811160,2,13.961,4.751,-129.75,
772226392058473,2,13.961,4.751,-129.75,
772226410491091,2,13.961,4.751,-129.75,
772226433135135,2,13.961,4.751,-129.75,
772226452147586,2,13.961,4.751,-129.75,
772226470549684,2,13.961,4.751,-129.75,
772226489928347,2,13.961,4.423,-129.75,
772226512389285,2,13.961,4.423,-130.119,
772226530638797,2,13.961,4.423,-130.119,
772226549986940,2,13.961,4.423,-130.119,
772226572600466,2,13.961,4.423,-130.119,
772226590636356,2,13.961,4.423,-130.119,
772226613310915,2,13.961,4.423,-130.119,
772226632292848,2,13.961,4.423,-130.119,
772226650755984,2,13.961,4.423,-130.119,
772226670104129,2,13.961,4.423,-130.119,
772226692412478,2,13.961,4.423,-130.119,
772226710784060,2,13.961,4.423,-130.119,
772226730162722,2,13.961,4.423,-130.119,
772226752562625,2,13.961,4.423,-130.119,
772226770812136,2,13.961,4.423,-130.119,
772226793486696,2,13.961,4.423,-130.119,
772226812834841,2,13.961,4.423,-130.119,
772226830901248,2,13.961,4.423,-130.119,
772226850249392,2,13.961,4.423,-130.119,
772226872588259,2,13.961,4.423,-130.119,
772226890959841,2,13.961,4.423,-130.119,
772226910338504,2,13.961,4.423,-130.119,
772226932585817,2,13.961,4.423,-130.119,
772226950987917,2,13.961,4.423,-130.119,
772226973662478,2,13.961,4.423,-130.119,
772226992797000,2,13.961,4.423,-130.119,
772227011077028,2,13.961,4.423,-130.119,
772227030425173,2,13.961,4.423,-130.119,
772227053099734,2,13.961,4.423,-130.119,
772227071135623,2,13.961,4.423,-130.119,
772227090514284,2,13.961,4.423,-130.119,
772227112792116,2,13.961,4.423,-130.119,
772227131163699,2,13.961,4.423,-130.119,
772227153807742,2,13.961,4.423,-130.119,
772227172789675,2,13.961,4.423,-130.119,
772227191283327,2,13.961,4.423,-130.119,
772227210631472,2,13.961,4.423,-130.119,
772227233061893,2,13.961,4.423,-130.119,
772227251311403,2,13.961,4.423,-130.119,
772227270659548,2,13.961,4.423,-130.119,
772227293273074,2,13.961,4.423,-130.119,
772227311339481,2,13.961,4.423,-130.119,
772227334014040,2,13.961,4.423,-130.119,
772227353026491,2,13.961,4.423,-130.119,
772227371428591,2,13.961,4.423,-130.119,
772227390776737,2,13.961,4.423,-130.119,
772227413115603,2,13.961,4.423,-130.119,
772227431456667,2,13.961,4.423,-130.119,
772227450835330,2,13.961,4.423,-130.119,
772227473235233,2,13.961,4.423,-130.119,
772227491515261,2,13.961,4.423,-130.119,
772227514189821,2,13.961,4.423,-130.119,
772227533537966,2,13.961,4.423,-130.119,
772227551604373,2,13.961,4.423,-130.119,
772227570952517,2,13.961,4.423,-130.119,
772227593291384,2,13.961,4.423,-130.119,
772227611662966,2,13.961,4.423,-130.119,
772227631011112,2,13.961,4.423,-130.119,
772227653288942,2,13.961,4.423,-130.119,
772227674040895,2,13.961,4.423,-130.119,
772227694365603,2,13.961,4.104,-130.447,
772227713469608,2,13.961,4.104,-130.447,
772227731749636,2,13.961,4.104,-130.447,
772227751128298,2,13.961,4.104,-130.447,
772227773863894,2,13.961,4.104,-130.447,
772227791808231,2,13.961,4.104,-130.447,
772227811186892,2,13.961,4.104,-130.447,
772227833434205,2,13.961,4.104,-130.447,
772227851836305,2,13.961,4.104,-130.447,
772227873503786,2,13.961,4.104,-130.447,
772227893492801,2,13.961,4.104,-130.447,
772227911955934,2,13.961,4.104,-130.447,
772227931304078,2,13.961,4.104,-130.447,
772227953734498,2,13.961,4.104,-130.447,
772227971984011,2,13.961,4.104,-130.447,
772227991362674,2,13.961,4.104,-130.447,
772228014006716,2,13.961,4.104,-130.447,
772228032042604,2,13.961,4.104,-130.447,
772228053679565,2,13.961,4.104,-130.447,
772228073699097,2,13.961,4.104,-130.447,
772228092101198,2,13.961,4.104,-130.447,
772228111449343,2,13.961,4.104,-130.447,
772228133788211,2,13.961,4.104,-130.122,
772228152190309,2,13.961,4.104,-130.122,
772228171538453,2,13.961,4.104,-130.122,
772228193968873,2,13.961,4.104,-130.122,
772228212218386,2,13.961,4.425,-130.122,
772228233855349,2,13.961,4.425,-130.122,
772228254180056,2,13.961,4.425,-130.122,
772228272276979,2,13.961,4.425,-130.122,
772228291655640,2,13.961,4.425,-130.122,
772228313963990,2,13.961,4.425,-130.122,
772228332366091,2,14.263,4.425,-130.122,
772228351683718,2,14.263,4.425,-130.122,
772228373961551,2,14.263,4.425,-130.122,
772228392363649,2,14.263,4.425,-130.122,
772228414031128,2,14.263,4.425,-130.122,
772228434172731,2,14.263,4.425,-130.122,
772228452452761,2,14.263,4.425,-130.122,
772228471800906,2,14.263,4.425,-130.122,
772228494475466,2,14.263,4.425,-130.122,
772228512511354,2,14.263,4.425,-130.122,
772228531859498,2,14.263,4.425,-130.122,
772228554137331,2,14.263,4.425,-130.122,
772228572569949,2,14.263,4.425,-130.122,
772228594206911,2,14.263,4.425,-130.122,
772228614226441,2,14.263,4.425,-130.122,
772228632659059,2,14.263,4.425,-130.122,
772228651976686,2,14.263,4.425,-130.122,
772228674468142,2,14.263,4.425,-130.122,
772228692687137,2,14.263,4.425,-130.122,
772228712065798,2,14.263,4.425,-130.122,
772228734709839,2,14.263,4.425,-130.122,
772228752715211,2,14.263,4.425,-130.122,
772228774382692,2,14.263,4.425,-130.122,
772228794371707,2,14.263,4.425,-130.122,
772228812804324,2,14.263,4.425,-130.122,
772228832152467,2,14.263,4.425,-130.122,
772228854491334,2,14.263,4.425,-130.122,
772228872862917,2,14.263,4.425,-130.122,
772228892211062,2,14.263,4.425,-129.774,
772228914610964,2,14.263,4.425,-129.774,
772228932890992,2,14.263,4.425,-129.774,
772228954558472,2,14.263,4.425,-129.774,
772228974913698,2,14.263,4.425,-129.774,
772228992980105,2,14.263,4.425,-129.774,
772229012328250,2,14.263,4.425,-129.774,
772229034667116,2,14.263,4.425,-129.774,
772229053038697,2,14.263,4.425,-129.774,
772229072386842,2,14.263,4.425,-129.774,
772229094664675,2,14.263,4.425,-129.774,
772229113066775,2,14.263,4.425,-129.774,
772229134703738,2,14.263,4.425,-129.774,
772229154845338,2,14.263,4.425,-129.774,
772229173155885,2,14.263,4.425,-129.774,
772229192504030,2,14.263,4.425,-129.774,
772229215178591,2,14.263,4.425,-129.774,
772229233214480,2,14.263,4.425,-129.774,
772229252562623,2,14.263,4.425,-129.774,
772229274840455,2,14.263,4.425,-129.774,
772229293212038,2,14.263,4.425,-129.774,
772229314879519,2,14.263,4.425,-129.774,
772229334899051,2,14.263,4.425,-129.774,
772229353331667,2,14.263,4.425,-129.774,
772229372679810,2,14.263,4.425,-129.774,
772229395140748,2,14.263,4.425,-129.774,
772229413390261,2,14.263,4.425,-129.774,
772229432768924,2,14.263,4.425,-129.774,
772229455382449,2,14.263,4.425,-129.774,
772229473418336,2,14.263,4.425,-129.774,
772229495055299,2,14.263,4.425,-129.774,
772229515105348,2,14.263,4.425,-129.774,
772229533507449,2,14.263,4.425,-129.774,
772229552886111,2,14.263,4.425,-129.774,
772229575194459,2,14.263,4.425,-129.774,
772229593566041,2,14.263,4.425,-129.774,
772229612914186,2,14.263,4.425,-129.774,
772229635314089,2,14.263,4.425,-129.774,
772229653563602,2,14.263,4.425,-129.774,
772229675231081,2,14.263,4.425,-129.774,
772229695647339,2,14.263,4.425,-129.774,
772229713683229,2,14.263,4.425,-129.774,
772229733031374,2,14.263,4.425,-129.774,
772229755370242,2,14.263,4.425,-129.774,
772229773741824,2,14.263,4.425,-129.774,
772229793089967,2,14.263,4.425,-129.774,
772229815367799,2,14.263,4.425,-129.774,
772229833739382,2,14.263,4.425,-129.774,
772229855406863,2,14.263,4.425,-129.774,
772229875487429,2,14.263,4.425,-129.774,
772229893859010,2,14.263,4.425,-129.774,
772229913176637,2,14.263,4.425,-129.774,
772229935881715,2,14.263,4.425,-129.774,
772229953917605,2,14.263,4.425,-129.774,
772229973265750,2,14.263,4.425,-129.774,
772229995543581,2,14.263,4.425,-129.774,
772230013915162,2,14.263,4.425,-129.774,
772230035582643,2,14.263,4.425,-129.774,
772230055602175,2,14.263,4.425,-129.774,
772230074004275,2,14.263,4.425,-129.774,
772230093352420,2,14.263,4.425,-129.774,
772230115813356,2,14.263,4.425,-129.774,
772230134062867,2,14.263,4.425,-129.774,
772230153411013,2,14.263,4.425,-129.774,
772230176024539,2,14.263,4.425,-129.774,
772230194090945,2,14.263,4.425,-129.774,
772230215758424,2,14.263,4.425,-129.774,
772230235747437,2,14.263,4.425,-129.774,
772230254180055,2,14.263,4.425,-129.774,
772230273528201,2,14.263,4.425,-129.774,
772230295867068,2,14.263,4.425,-129.774,
772230314238649,2,14.263,4.425,-129.774,
772230333586793,2,14.263,4.425,-129.774,
772230355986696,2,14.263,4.425,-129.774,
772230374266726,2,14.263,4.425,-129.774,
772230395934207,2,14.263,4.425,-129.774,
772230416289431,2,14.263,4.425,-129.774,
772230434355836,2,14.263,4.425,-130.075,
772230453703981,2,14.263,4.425,-130.075,
772230476134401,2,14.263,4.425,-130.075,
772230494414431,2,14.263,4.425,-130.075,
772230513823611,2,14.263,4.425,-130.075,
772230536131959,2,14.263,4.425,-130.075,
772230554442506,2,14.263,4.425,-130.075,
772230576201540,2,14.263,4.425,-130.075,
772230596251589,2,14.263,4.425,-130.075,
772230614531619,2,14.263,4.425,-130.075,
772230633879763,2,14.263,4.425,-130.075,
772230656615357,2,14.263,4.425,-130.075,
772230674590211,2,14.263,4.425,-130.075,
772230693938357,2,14.263,4.425,-130.075,
772230716216189,2,14.263,4.425,-130.075,
772230734618289,2,14.263,4.425,-130.075,
772230756255250,2,14.263,4.425,-130.075,
772230776305299,2,14.263,4.425,-130.075,
772230794737917,2,13.961,4.425,-130.075,
772230814086062,2,13.961,4.425,-130.075,
772230836546999,2,13.961,4.425,-130.075,
772230854796510,2,13.961,4.425,-130.075,
772230874114137,2,13.961,4.425,-130.075,
772230896758180,2,13.961,4.425,-130.075,
772230914794070,2,13.961,4.425,-130.075,
772230936461551,2,13.961,4.425,-130.075,
772230956481081,2,13.961,4.425,-130.075,
772230974883179,2,13.961,4.425,-130.075,
772230994231325,2,13.961,4.425,-130.075,
772231016570192,2,13.961,4.425,-130.075,
772231034972293,2,13.961,4.425,-130.075,
772231054289920,2,13.961,4.425,-130.075,
772231076720338,2,13.961,4.425,-130.075,
772231094969850,2,13.961,4.425,-130.075,
772231116637331,2,13.961,4.425,-130.075,
772231137023074,2,13.961,4.425,-130.075,
772231155058962,2,13.961,4.425,-130.075,
772231174407106,2,13.961,4.425,-130.075,
772231196745972,2,13.961,4.425,-130.075,
772231215148073,2,13.961,4.425,-130.075,
772231234465701,2,13.961,4.425,-130.075,
772231256774051,2,13.961,4.425,-130.075,
772231275145632,2,13.961,4.425,-130.075,
772231296813111,2,13.961,4.425,-130.075,
772231316893678,2,13.961,4.425,-130.075,
772231335234743,2,13.961,4.425,-130.075,
772231354582889,2,13.961,4.425,-130.075,
772231377226931,2,13.961,4.425,-130.075,
772231395293336,2,13.961,4.425,-130.075,
772231414641481,2,13.961,4.734,-130.075,
772231436949831,2,13.961,4.734,-130.075,
772231455290896,2,13.961,4.734,-130.075,
772231477019411,2,13.961,4.734,-130.075,
772231497008424,2,13.961,4.734,-130.075,
772231515410523,2,13.961,4.734,-130.075,
772231534728151,2,13.961,4.734,-130.075,
772231557219607,2,13.961,4.734,-130.075,
772231575469119,2,13.961,4.734,-130.075,
772231594786745,2,13.961,4.734,-130.075,
772231617461304,2,13.961,4.734,-130.075,
772231635466676,2,13.961,4.734,-130.075,
772231657134157,2,13.961,4.734,-130.075,
772231677153689,2,13.961,4.734,-130.075,
772231695555789,2,13.961,4.734,-130.075,
772231714903932,2,13.961,4.734,-130.075,
772231737242799,2,13.961,4.734,-130.075,
772231755644899,2,13.961,4.734,-130.075,
772231774993045,2,13.961,4.734,-130.075,
772231797362429,2,13.961,4.734,-130.075,
772231815642457,2,13.961,4.734,-130.075,
772231837309937,2,13.961,4.734,-130.075,
772231857695680,2,13.961,4.734,-130.075,
772231875762087,2,13.961,4.734,-130.075,
772231895110233,2,13.961,4.734,-130.075,
772231917479616,2,13.961,4.734,-130.075,
772231935820679,2,13.961,4.734,-130.075,
772231955199342,2,13.961,4.734,-130.075,
772231977507692,2,13.961,4.734,-130.075,
772231995848758,2,13.961,4.734,-130.075,
772232017516238,2,13.961,4.734,-130.075,
772232037596803,2,13.961,4.734,-130.075,
772232055968385,2,13.961,4.734,-130.075,
772232075286013,2,13.961,4.734,-130.075,
772232097960574,2,13.961,4.734,-130.075,
772232115996462,2,13.961,4.734,-130.075,
772232135344606,2,13.961,4.734,-130.075,
772232157622437,2,13.961,4.734,-130.075,
772232176024538,2,13.961,4.734,-130.075,
772232197722536,2,13.961,4.734,-130.075,
772232217681033,2,13.961,4.734,-130.075,
772232236113649,2,13.961,4.734,-130.075,
772232255492310,2,13.961,4.734,-130.075,
772232277922731,2,13.961,4.734,-130.075,
772232296172243,2,13.961,4.734,-130.075,
772232315520389,2,13.961,4.734,-130.075,
772232338133914,2,13.961,4.734,-130.075,
772232356200319,2,13.961,4.734,-130.075,
772232377867799,2,13.961,4.734,-130.075,
772232397856813,2,13.961,4.734,-130.075,
772232416289431,2,13.961,4.734,-130.075,
772232435637576,2,13.961,4.734,-130.075,
772232457976441,2,13.961,4.734,-130.075,
772232476348023,2,13.961,4.734,-130.075,
772232495696169,2,13.961,4.734,-130.075,
772232518126589,2,13.961,4.734,-130.075,
772232536376102,2,13.961,4.734,-130.075,
772232558013063,2,13.961,4.734,-130.075,
772232578429323,2,13.961,4.734,-130.075,
772232596465211,2,13.961,4.734,-130.075,
772232615813357,2,13.961,4.411,-130.075,
772232638152224,2,13.961,4.411,-130.075,
772232656523806,2,13.961,4.411,-130.075,
772232675871950,2,13.961,4.411,-130.075,
772232698149781,2,13.961,4.411,-130.075,
772232716521364,2,13.961,4.411,-130.075,
772232738188845,2,13.961,4.411,-130.075,
772232758452517,2,13.961,4.411,-130.075,
772232776640992,2,13.961,4.411,-130.075,
772232795958619,2,13.961,4.411,-130.075,
772232818663699,2,13.961,4.411,-130.075,
772232836699587,2,13.961,4.411,-130.075,
772232856047733,2,13.961,4.411,-130.075,
772232878356081,2,13.961,4.411,-130.075,
772232896727662,2,13.961,4.411,-130.075,
772232918425661,2,13.961,4.411,-130.075,
772232938414676,2,13.961,4.411,-130.075,
772232956816775,2,13.961,4.411,-130.075,
772232976164920,2,13.961,4.411,-130.075,
772232998595338,2,13.961,4.411,-130.075,
772233016875367,2,13.961,4.411,-130.075,
772233036192995,2,13.961,4.411,-130.075,
772233058837040,2,13.961,4.411,-130.075,
772233076872927,2,13.961,4.411,-130.075,
772233098540406,2,13.961,4.411,-130.075,
772233118590456,2,13.961,4.411,-130.075,
772233136992555,2,13.961,4.411,-130.075,
772233156340701,2,13.961,4.411,-130.075,
772233178679568,2,13.961,4.411,-130.075,
772233197051149,2,13.961,4.411,-130.075,
772233216399293,2,13.961,4.411,-130.075,
772233238829714,2,13.961,4.411,-130.075,
772233257048708,2,13.961,4.411,-130.075,
772233278746708,2,13.961,4.411,-130.075,
772233299071414,2,13.961,4.411,-130.075,
772233317168336,2,13.961,4.411,-130.075,
772233336516481,2,13.961,4.411,-130.075,
772233358824832,2,13.961,4.411,-130.075,
772233377226931,2,13.961,4.411,-130.075,
772233396544558,2,13.961,4.411,-130.075,
772233418852906,2,13.961,4.411,-130.075,
772233437224488,2,13.961,4.411,-130.075,
772233459899050,2,13.961,4.411,-130.075,
772233479033573,2,13.961,4.411,-130.075,
772233497344119,2,13.961,4.411,-130.075,
772233516722780,2,13.961,4.411,-130.075,
772233539366823,2,13.961,4.411,-130.075,
772233557372194,2,13.961,4.411,-130.075,
772233576750857,2,13.961,4.411,-130.075,
772233599028690,2,13.961,4.411,-130.075,
772233617400271,2,13.961,4.411,-130.075,
772233639067750,2,13.961,4.411,-130.075,
772233659056765,2,13.961,4.411,-130.075,
772233677489382,2,13.961,4.411,-130.075,
772233696837527,2,13.961,4.411,-130.075,
772233719298464,2,13.961,4.411,-130.075,
772233737547975,2,13.961,4.411,-130.075,
772233756865603,2,13.961,4.411,-130.075,
772233779448612,2,13.961,4.411,-130.075,
772233797515017,2,13.961,4.411,-130.075,
772233820220095,2,13.961,4.411,-130.075,
772233839232547,2,13.961,4.411,-130.075,
772233857695681,2,13.961,4.411,-130.075,
772233877043826,2,13.961,4.411,-130.075,
772233899352175,2,13.961,4.411,-130.075,
772233917723757,2,13.961,4.411,-130.075,
772233937071902,2,13.961,4.411,-130.075,
772233959471804,2,13.961,4.411,-130.075,
772233977721315,2,13.961,4.411,-130.075,
772233999358279,2,13.961,4.411,-130.075,
772234019713504,2,13.961,4.411,-130.075,
772234037810427,2,13.961,4.411,-130.38,
772234057158571,2,13.961,4.411,-130.38,
772234079466922,2,13.961,4.411,-130.38,
772234097869021,2,13.961,4.411,-130.38,
