14454236912000,0,25.0,2400.0,0.0,
14454256107000,0,26.0,2400.0,0.0,
14454277958000,0,26.0,2400.0,0.0,
14456384342000,0,27.0,2400.0,0.0,
14456403599000,0,27.0,2400.0,0.0,
14456418156000,0,27.0,2400.0,0.0,
14456440128000,0,27.0,2400.0,0.0,
14456459690000,0,27.0,2400.0,0.0,
14456478123000,0,0.0,4500.0,0.0,
14456500095000,0,24.0,2400.0,0.0,
14456518558000,0,24.0,2400.0,0.0,
14456538181000,0,27.0,2400.0,0.0,
14456560123000,0,27.0,2400.0,0.0,
14456579014000,0,27.0,2400.0,0.0,
14456598240000,0,27.0,2400.0,0.0,
14456620182000,0,27.0,2400.0,0.0,
14456638798000,0,27.0,2400.0,0.0,
14456658329000,0,27.0,2400.0,0.0,
14456680271000,0,25.0,2400.0,0.0,
14456699680000,0,25.0,2400.0,0.0,
14456718449000,0,27.0,2400.0,0.0,
14456740299000,0,27.0,2400.0,0.0,
14456759342000,0,27.0,2400.0,0.0,
14456778629000,0,27.0,2400.0,0.0,
14456800480000,0,27.0,2400.0,0.0,
14456818790000,0,27.0,2400.0,0.0,
14456838444000,0,27.0,2400.0,0.0,
14456860355000,0,25.0,2400.0,0.0,
14456879002000,0,25.0,2400.0,0.0,
14456898472000,0,27.0,2400.0,0.0,
14456920383000,0,27.0,2400.0,0.0,
14456939640000,0,27.0,2400.0,0.0,
14456958561000,0,27.0,2400.0,0.0,
14456980473000,0,27.0,2400.0,0.0,
14456998997000,0,27.0,2400.0,0.0,
14457018620000,0,27.0,2400.0,0.0,
14457040592000,0,26.0,2400.0,0.0,
14457059055000,0,26.0,2400.0,0.0,
14457078678000,0,28.0,2400.0,0.0,
14457100681000,0,28.0,2400.0,0.0,
14457119785000,0,25.0,2400.0,0.0,
14457138828000,0,25.0,2400.0,0.0,
14457160648000,0,25.0,2400.0,0.0,
14457179508000,0,26.0,2400.0,0.0,
14457198795000,0,26.0,2400.0,0.0,
14457220737000,0,27.0,2400.0,0.0,
14457239262000,0,27.0,2400.0,0.0,
14457258854000,0,28.0,2400.0,0.0,
14457280796000,0,28.0,2400.0,0.0,
14457299686000,0,26.0,2400.0,0.0,
14457318974000,0,26.0,2400.0,0.0,
14457340885000,0,26.0,2400.0,0.0,
14457359531000,0,25.0,2400.0,0.0,
14457379032000,0,25.0,2400.0,0.0,
14457400974000,0,28.0,2400.0,0.0,
14457419865000,0,28.0,2400.0,0.0,
14457439121000,0,26.0,2400.0,0.0,
14457460941000,0,26.0,2400.0,0.0,
14457479862000,0,29.0,2400.0,0.0,
14457499088000,0,29.0,2400.0,0.0,
14457521000000,0,29.0,2400.0,0.0,
14457539494000,0,29.0,2400.0,0.0,
14457559147000,0,29.0,2400.0,0.0,
14457581089000,0,29.0,2400.0,0.0,
14457599796000,0,29.0,2400.0,0.0,
14457619266000,0,26.0,2400.0,0.0,
14457641178000,0,26.0,2400.0,0.0,
14457660862000,0,29.0,2400.0,0.0,
14457679234000,0,29.0,2400.0,0.0,
14457701359000,0,26.0,2400.0,0.0,
14457719700000,0,29.0,2400.0,0.0,
14457739323000,0,29.0,2400.0,0.0,
14457761295000,0,29.0,2400.0,0.0,
14457779789000,0,29.0,2400.0,0.0,
14457799351000,0,28.0,2400.0,0.0,
14457821323000,0,28.0,2400.0,0.0,
14457840366000,0,29.0,2400.0,0.0,
14457859409000,0,29.0,2400.0,0.0,
14457881351000,0,29.0,2400.0,0.0,
14457900394000,0,30.0,2400.0,0.0,
14457919529000,0,30.0,2400.0,0.0,
14457941471000,0,30.0,2400.0,0.0,
14457960087000,0,30.0,2400.0,0.0,
14457979649000,0,29.0,2400.0,0.0,
14458001530000,0,29.0,2400.0,0.0,
14458020512000,0,28.0,2400.0,0.0,
14458039799000,0,28.0,2400.0,0.0,
14458061710000,0,29.0,2400.0,0.0,
14458080357000,0,29.0,2400.0,0.0,
14458099857000,0,29.0,2400.0,0.0,
14458121586000,0,28.0,2400.0,0.0,
14458140476000,0,28.0,2400.0,0.0,
14458159702000,0,28.0,2400.0,0.0,
14458181644000,0,28.0,2400.0,0.0,
14458200870000,0,29.0,2400.0,0.0,
14458219791000,0,29.0,2400.0,0.0,
14458241764000,0,28.0,2400.0,0.0,
14458260288000,0,30.0,2400.0,0.0,
14458279942000,0,30.0,2400.0,0.0,
14458302402000,0,30.0,2400.0,0.0,
14458320438000,0,30.0,2400.0,0.0,
14458339878000,0,30.0,2400.0,0.0,
14458361790000,0,30.0,2400.0,0.0,
14458381046000,0,30.0,2400.0,0.0,
14458399937000,0,30.0,2400.0,0.0,
14458421879000,0,28.0,2400.0,0.0,
14458440372000,0,31.0,2400.0,0.0,
14458459995000,0,31.0,2400.0,0.0,
14458481937000,0,29.0,2400.0,0.0,
14458500462000,0,29.0,2400.0,0.0,
14458520115000,0,30.0,2400.0,0.0,
14458542057000,0,30.0,2400.0,0.0,
14458561039000,0,30.0,2400.0,0.0,
14458580173000,0,30.0,2400.0,0.0,
14458602085000,0,28.0,2400.0,0.0,
14458621342000,0,28.0,2400.0,0.0,
14458640171000,0,28.0,2400.0,0.0,
14458662113000,0,29.0,2400.0,0.0,
14458680668000,0,29.0,2400.0,0.0,
14458700230000,0,29.0,2400.0,0.0,
14458722202000,0,29.0,2400.0,0.0,
14458741093000,0,29.0,2400.0,0.0,
14458760349000,0,29.0,2400.0,0.0,
14458782230000,0,30.0,2400.0,0.0,
14458800846000,0,28.0,2400.0,0.0,
14458820377000,0,28.0,2400.0,0.0,
14458842289000,0,29.0,2400.0,0.0,
14458861179000,0,29.0,2400.0,0.0,
14458880405000,0,28.0,2400.0,0.0,
14458902409000,0,28.0,2400.0,0.0,
14458921268000,0,28.0,2400.0,0.0,
14458940464000,0,28.0,2400.0,0.0,
14458962376000,0,30.0,2400.0,0.0,
14458980869000,0,28.0,2400.0,0.0,
14459000858000,0,28.0,2400.0,0.0,
14459022648000,0,28.0,2400.0,0.0,
14459041294000,0,28.0,2400.0,0.0,
14459060764000,0,28.0,2400.0,0.0,
14459082706000,0,28.0,2400.0,0.0,
14459102055000,0,28.0,2400.0,0.0,
14459120762000,0,28.0,2400.0,0.0,
14459142734000,0,28.0,2400.0,0.0,
14459161198000,0,30.0,2400.0,0.0,
14459180881000,0,30.0,2400.0,0.0,
14459202732000,0,29.0,2400.0,0.0,
14459221317000,0,29.0,2400.0,0.0,
14459240971000,0,29.0,2400.0,0.0,
14459262730000,0,29.0,2400.0,0.0,
14459281834000,0,32.0,2400.0,0.0,
14459300938000,0,32.0,2400.0,0.0,
14459322910000,0,29.0,2400.0,0.0,
14459341740000,0,31.0,2400.0,0.0,
14459360874000,0,31.0,2400.0,0.0,
14459382786000,0,30.0,2400.0,0.0,
14459401493000,0,30.0,2400.0,0.0,
14459426334000,0,33.0,2400.0,0.0,
14459446873000,0,33.0,2400.0,0.0,
14459461918000,0,32.0,2400.0,0.0,
14459481144000,0,30.0,2400.0,0.0,
14459503056000,0,30.0,2400.0,0.0,
14459521519000,0,30.0,2400.0,0.0,
14459541019000,0,30.0,2400.0,0.0,
14459562839000,0,29.0,2400.0,0.0,
14459582249000,0,29.0,2400.0,0.0,
14459601292000,0,31.0,2400.0,0.0,
14459623081000,0,31.0,2400.0,0.0,
14459641972000,0,28.0,2400.0,0.0,
14459661106000,0,29.0,2400.0,0.0,
14459683048000,0,29.0,2400.0,0.0,
14459701603000,0,29.0,2400.0,0.0,
14459721226000,0,29.0,2400.0,0.0,
14459743809000,0,30.0,2400.0,0.0,
14459761814000,0,30.0,2400.0,0.0,
14459781284000,0,28.0,2400.0,0.0,
14459803196000,0,28.0,2400.0,0.0,
14459822453000,0,27.0,2400.0,0.0,
14459841373000,0,28.0,2400.0,0.0,
14459863285000,0,28.0,2400.0,0.0,
14459881779000,0,28.0,2400.0,0.0,
14459901463000,0,28.0,2400.0,0.0,
14459923313000,0,30.0,2400.0,0.0,
14459941868000,0,30.0,2400.0,0.0,
14459961460000,0,28.0,2400.0,0.0,
14459983463000,0,28.0,2400.0,0.0,
14460002506000,0,30.0,2400.0,0.0,
14460021580000,0,28.0,2400.0,0.0,
14460043491000,0,28.0,2400.0,0.0,
14460062290000,0,28.0,2400.0,0.0,
14460081547000,0,28.0,2400.0,0.0,
14460103458000,0,30.0,2400.0,0.0,
14460122013000,0,30.0,2400.0,0.0,
14460141605000,0,28.0,2400.0,0.0,
14460163639000,0,28.0,2400.0,0.0,
14460182651000,0,29.0,2400.0,0.0,
14460201755000,0,28.0,2400.0,0.0,
14460223698000,0,28.0,2400.0,0.0,
14460242374000,0,29.0,2400.0,0.0,
14460261845000,0,29.0,2400.0,0.0,
14460283787000,0,30.0,2400.0,0.0,
14460302647000,0,30.0,2400.0,0.0,
14460321873000,0,29.0,2400.0,0.0,
14460343754000,0,29.0,2400.0,0.0,
14460362675000,0,30.0,2400.0,0.0,
14460381931000,0,28.0,2400.0,0.0,
14460403904000,0,28.0,2400.0,0.0,
14460422337000,0,28.0,2400.0,0.0,
14460441990000,0,28.0,2400.0,0.0,
14460463871000,0,30.0,2400.0,0.0,
14460482487000,0,30.0,2400.0,0.0,
14460502048000,0,28.0,2400.0,0.0,
14460523960000,0,28.0,2400.0,0.0,
14460543735000,0,30.0,2400.0,0.0,
14460562016000,0,28.0,2400.0,0.0,
14460583958000,0,28.0,2400.0,0.0,
14460602543000,0,29.0,2400.0,0.0,
14460622318000,0,29.0,2400.0,0.0,
14460644199000,0,30.0,2400.0,0.0,
14460662632000,0,30.0,2400.0,0.0,
14460682255000,0,28.0,2400.0,0.0,
14460704136000,0,28.0,2400.0,0.0,
14460723087000,0,29.0,2400.0,0.0,
14460742191000,0,28.0,2400.0,0.0,
14460764103000,0,28.0,2400.0,0.0,
14460782932000,0,30.0,2400.0,0.0,
14460802219000,0,30.0,2400.0,0.0,
14460824223000,0,30.0,2400.0,0.0,
14460842838000,0,30.0,2400.0,0.0,
14460862370000,0,28.0,2400.0,0.0,
14460884281000,0,28.0,2400.0,0.0,
14460903202000,0,30.0,2400.0,0.0,
14460922428000,0,28.0,2400.0,0.0,
14460944279000,0,28.0,2400.0,0.0,
14460962986000,0,30.0,2400.0,0.0,
14460982487000,0,30.0,2400.0,0.0,
14461004368000,0,28.0,2400.0,0.0,
14461023228000,0,28.0,2400.0,0.0,
14461042820000,0,30.0,2400.0,0.0,
14461064487000,0,30.0,2400.0,0.0,
14461083408000,0,29.0,2400.0,0.0,
14461102756000,0,29.0,2400.0,0.0,
14461124516000,0,29.0,2400.0,0.0,
14461143009000,0,29.0,2400.0,0.0,
14461162724000,0,29.0,2400.0,0.0,
14461184574000,0,29.0,2400.0,0.0,
14461203220000,0,29.0,2400.0,0.0,
14461222752000,0,26.0,2400.0,0.0,
14461244602000,0,26.0,2400.0,0.0,
14461263950000,0,26.0,2400.0,0.0,
14461282780000,0,27.0,2400.0,0.0,
14461304630000,0,27.0,2400.0,0.0,
14461323185000,0,28.0,2400.0,0.0,
14461342777000,0,28.0,2400.0,0.0,
14461364750000,0,25.0,2400.0,0.0,
14461383244000,0,25.0,2400.0,0.0,
14461402866000,0,27.0,2400.0,0.0,
14461424747000,0,26.0,2400.0,0.0,
14461443760000,0,26.0,2400.0,0.0,
14461462894000,0,27.0,2400.0,0.0,
14461484867000,0,27.0,2400.0,0.0,
14461504185000,0,26.0,2400.0,0.0,
14461522984000,0,26.0,2400.0,0.0,
14461544895000,0,24.0,2400.0,0.0,
14461563419000,0,24.0,2400.0,0.0,
14461583012000,0,23.0,2400.0,0.0,
14461605045000,0,26.0,2400.0,0.0,
14461623875000,0,26.0,2400.0,0.0,
14461643101000,0,24.0,2400.0,0.0,
14461664982000,0,24.0,2400.0,0.0,
14461683628000,0,24.0,2400.0,0.0,
14461703129000,0,24.0,2400.0,0.0,
14461725040000,0,23.0,2400.0,0.0,
14461743870000,0,23.0,2400.0,0.0,
14461763187000,0,21.0,2400.0,0.0,
14461785099000,0,21.0,2400.0,0.0,
14461804142000,0,21.0,2400.0,0.0,
14461823307000,0,21.0,2400.0,0.0,
14461845219000,0,21.0,2400.0,0.0,
14461863682000,0,24.0,2400.0,0.0,
14461883335000,0,24.0,2400.0,0.0,
14461905216000,0,24.0,2400.0,0.0,
14461923862000,0,24.0,2400.0,0.0,
14461943333000,0,23.0,2400.0,0.0,
14461965275000,0,24.0,2400.0,0.0,
14461984531000,0,24.0,2400.0,0.0,
14462003483000,0,23.0,2400.0,0.0,
14462025333000,0,23.0,2400.0,0.0,
14462043827000,0,22.0,2400.0,0.0,
14462063480000,0,22.0,2400.0,0.0,
14462085392000,0,23.0,2400.0,0.0,
14462103947000,0,23.0,2400.0,0.0,
14462123539000,0,23.0,2400.0,0.0,
14462145390000,0,23.0,2400.0,0.0,
14462164463000,0,23.0,2400.0,0.0,
14462183598000,0,23.0,2400.0,0.0,
14462205570000,0,23.0,2400.0,0.0,
14462224369000,0,22.0,2400.0,0.0,
14462243687000,0,22.0,2400.0,0.0,
14462265629000,0,20.0,2400.0,0.0,
14462284122000,0,20.0,2400.0,0.0,
14462303745000,0,23.0,2400.0,0.0,
14462325657000,0,24.0,2400.0,0.0,
14462344517000,0,24.0,2400.0,0.0,
14462363834000,0,22.0,2400.0,0.0,
14462385715000,0,22.0,2400.0,0.0,
14462404362000,0,21.0,2400.0,0.0,
14462423893000,0,21.0,2400.0,0.0,
14462445805000,0,20.0,2400.0,0.0,
14462468479000,0,20.0,2400.0,0.0,
14462487339000,0,22.0,2400.0,0.0,
14462505833000,0,23.0,2400.0,0.0,
14462524693000,0,23.0,2400.0,0.0,
14462543919000,0,23.0,2400.0,0.0,
14462565891000,0,23.0,2400.0,0.0,
14462584293000,0,23.0,2400.0,0.0,
14462603947000,0,23.0,2400.0,0.0,
14462625858000,0,23.0,2400.0,0.0,
14462644535000,0,23.0,2400.0,0.0,
14462664036000,0,23.0,2400.0,0.0,
14462686008000,0,24.0,2400.0,0.0,
14462705265000,0,24.0,2400.0,0.0,
14462724094000,0,23.0,2400.0,0.0,
14462746098000,0,23.0,2400.0,0.0,
14462764561000,0,24.0,2400.0,0.0,
14462784153000,0,24.0,2400.0,0.0,
14462806065000,0,23.0,2400.0,0.0,
14462824589000,0,23.0,2400.0,0.0,
14462844212000,0,22.0,2400.0,0.0,
14462866154000,0,23.0,2400.0,0.0,
14462885197000,0,23.0,2400.0,0.0,
14462904301000,0,22.0,2400.0,0.0,
14462926182000,0,22.0,2400.0,0.0,
14462945042000,0,23.0,2400.0,0.0,
14462964390000,0,23.0,2400.0,0.0,
14462986271000,0,23.0,2400.0,0.0,
14463004917000,0,23.0,2400.0,0.0,
14463024479000,0,23.0,2400.0,0.0,
14463046421000,0,24.0,2400.0,0.0,
14463065311000,0,24.0,2400.0,0.0,
14463084507000,0,22.0,2400.0,0.0,
14463106327000,0,22.0,2400.0,0.0,
14463125004000,0,23.0,2400.0,0.0,
14463144474000,0,23.0,2400.0,0.0,
14463166538000,0,23.0,2400.0,0.0,
14463185429000,0,23.0,2400.0,0.0,
14463204746000,0,23.0,2400.0,0.0,
14463226719000,0,24.0,2400.0,0.0,
14463245579000,0,24.0,2400.0,0.0,
14463264683000,0,23.0,2400.0,0.0,
14463286594000,0,23.0,2400.0,0.0,
14463305180000,0,23.0,2400.0,0.0,
14463324802000,0,23.0,2400.0,0.0,
14463346775000,0,23.0,2400.0,0.0,
14463365330000,0,22.0,2400.0,0.0,
14463384769000,0,22.0,2400.0,0.0,
14463406681000,0,23.0,2400.0,0.0,
14463426426000,0,23.0,2400.0,0.0,
14463444797000,0,22.0,2400.0,0.0,
14463466770000,0,22.0,2400.0,0.0,
14463485294000,0,22.0,2400.0,0.0,
14463504887000,0,22.0,2400.0,0.0,
14463526829000,0,23.0,2400.0,0.0,
14463545383000,0,23.0,2400.0,0.0,
14463564915000,0,23.0,2400.0,0.0,
14463586948000,0,23.0,2400.0,0.0,
14463605900000,0,23.0,2400.0,0.0,
14463624943000,0,22.0,2400.0,0.0,
14463646854000,0,22.0,2400.0,0.0,
14463665775000,0,23.0,2400.0,0.0,
14463685001000,0,23.0,2400.0,0.0,
14463706974000,0,23.0,2400.0,0.0,
14463725529000,0,23.0,2400.0,0.0,
14463745151000,0,23.0,2400.0,0.0,
14463767063000,0,23.0,2400.0,0.0,
14463786015000,0,23.0,2400.0,0.0,
14463805424000,0,23.0,2400.0,0.0,
14463827274000,0,23.0,2400.0,0.0,
14463845921000,0,23.0,2400.0,0.0,
14463865452000,0,23.0,2400.0,0.0,
14463887394000,0,23.0,2400.0,0.0,
14463906284000,0,22.0,2400.0,0.0,
14463925510000,0,22.0,2400.0,0.0,
14463947361000,0,23.0,2400.0,0.0,
14463966343000,0,23.0,2400.0,0.0,
14463985599000,0,22.0,2400.0,0.0,
14464007359000,0,22.0,2400.0,0.0,
14464025852000,0,23.0,2400.0,0.0,
14464045475000,0,23.0,2400.0,0.0,
14464067265000,0,22.0,2400.0,0.0,
14464085941000,0,23.0,2400.0,0.0,
14464105412000,0,23.0,2400.0,0.0,
14464127384000,0,23.0,2400.0,0.0,
14464146641000,0,23.0,2400.0,0.0,
14464165501000,0,22.0,2400.0,0.0,
14464187412000,0,22.0,2400.0,0.0,
14464205967000,0,23.0,2400.0,0.0,
14464225620000,0,23.0,2400.0,0.0,
14464247501000,0,23.0,2400.0,0.0,
14464266087000,0,23.0,2400.0,0.0,
14464285648000,0,23.0,2400.0,0.0,
14464307560000,0,23.0,2400.0,0.0,
14464326603000,0,23.0,2400.0,0.0,
14464345737000,0,21.0,2400.0,0.0,
14464367588000,0,21.0,2400.0,0.0,
14464386906000,0,23.0,2400.0,0.0,
14464405674000,0,23.0,2400.0,0.0,
14464427647000,0,22.0,2400.0,0.0,
14464446232000,0,23.0,2400.0,0.0,
14464465794000,0,23.0,2400.0,0.0,
14464487644000,0,23.0,2400.0,0.0,
14464506565000,0,23.0,2400.0,0.0,
14464525822000,0,23.0,2400.0,0.0,
14464547703000,0,23.0,2400.0,0.0,
14464566380000,0,22.0,2400.0,0.0,
14464585880000,0,22.0,2400.0,0.0,
14464607822000,0,22.0,2400.0,0.0,
14464626682000,0,22.0,2400.0,0.0,
14464645939000,0,22.0,2400.0,0.0,
14464667881000,0,23.0,2400.0,0.0,
14464686802000,0,23.0,2400.0,0.0,
14464705997000,0,22.0,2400.0,0.0,
14464727909000,0,22.0,2400.0,0.0,
14464746586000,0,24.0,2400.0,0.0,
14464766117000,0,24.0,2400.0,0.0,
14464787998000,0,23.0,2400.0,0.0,
14464806675000,0,23.0,2400.0,0.0,
14464826176000,0,23.0,2400.0,0.0,
14464848087000,0,21.0,2400.0,0.0,
14464867344000,0,21.0,2400.0,0.0,
14464886234000,0,24.0,2400.0,0.0,
14464908146000,0,24.0,2400.0,0.0,
14464926670000,0,24.0,2400.0,0.0,
14464946293000,0,24.0,2400.0,0.0,
14464968204000,0,24.0,2400.0,0.0,
14464986729000,0,24.0,2400.0,0.0,
14465006351000,0,24.0,2400.0,0.0,
14465028324000,0,24.0,2400.0,0.0,
14465047306000,0,24.0,2400.0,0.0,
14465066318000,0,26.0,2400.0,0.0,
14465088261000,0,26.0,2400.0,0.0,
14465107120000,0,27.0,2400.0,0.0,
14465126408000,0,27.0,2400.0,0.0,
14465148350000,0,27.0,2400.0,0.0,
14465166843000,0,26.0,2400.0,0.0,
14465186466000,0,26.0,2400.0,0.0,
14465208408000,0,28.0,2400.0,0.0,
14465227390000,0,28.0,2400.0,0.0,
14465246494000,0,28.0,2400.0,0.0,
14465268406000,0,28.0,2400.0,0.0,
14465287083000,0,29.0,2400.0,0.0,
14465306553000,0,29.0,2400.0,0.0,
14465328464000,0,29.0,2400.0,0.0,
14465347843000,0,29.0,2400.0,0.0,
14465366611000,0,29.0,2400.0,0.0,
14465388523000,0,29.0,2400.0,0.0,
14465407536000,0,29.0,2400.0,0.0,
14465426762000,0,31.0,2400.0,0.0,
14465448673000,0,31.0,2400.0,0.0,
14465467136000,0,31.0,2400.0,0.0,
14465486729000,0,31.0,2400.0,0.0,
14465508671000,0,31.0,2400.0,0.0,
14465527348000,0,29.0,2400.0,0.0,
14465546818000,0,29.0,2400.0,0.0,
14465568729000,0,32.0,2400.0,0.0,
14465587986000,0,32.0,2400.0,0.0,
14465606876000,0,31.0,2400.0,0.0,
14465628788000,0,31.0,2400.0,0.0,
14465647312000,0,32.0,2400.0,0.0,
14465666996000,0,31.0,2400.0,0.0,
14465688877000,0,31.0,2400.0,0.0,
14465707401000,0,35.0,2400.0,0.0,
14465726994000,0,35.0,2400.0,0.0,
14465748936000,0,34.0,2400.0,0.0,
14465767918000,0,34.0,2400.0,0.0,
14465787052000,0,33.0,2400.0,0.0,
14465808994000,0,33.0,2400.0,0.0,
14465827854000,0,32.0,2400.0,0.0,
14465847172000,0,33.0,2400.0,0.0,
14465868961000,0,33.0,2400.0,0.0,
14465887547000,0,33.0,2400.0,0.0,
14465907139000,0,33.0,2400.0,0.0,
14465929050000,0,31.0,2400.0,0.0,
14465947971000,0,31.0,2400.0,0.0,
14465967197000,0,32.0,2400.0,0.0,
14465989170000,0,32.0,2400.0,0.0,
14466007725000,0,32.0,2400.0,0.0,
14466027256000,0,32.0,2400.0,0.0,
14466049168000,0,32.0,2400.0,0.0,
14466068058000,0,33.0,2400.0,0.0,
14466087315000,0,33.0,2400.0,0.0,
14466109226000,0,33.0,2400.0,0.0,
14466128147000,0,33.0,2400.0,0.0,
14466147373000,0,33.0,2400.0,0.0,
14466169315000,0,33.0,2400.0,0.0,
14466187839000,0,32.0,2400.0,0.0,
14466207432000,0,32.0,2400.0,0.0,
14466229374000,0,32.0,2400.0,0.0,
14466248020000,0,33.0,2400.0,0.0,
14466267460000,0,33.0,2400.0,0.0,
14466289371000,0,34.0,2400.0,0.0,
14466309147000,0,34.0,2400.0,0.0,
14466327518000,0,32.0,2400.0,0.0,
14466349461000,0,32.0,2400.0,0.0,
14466368015000,0,33.0,2400.0,0.0,
14466387669000,0,32.0,2400.0,0.0,
14466409519000,0,32.0,2400.0,0.0,
14466428074000,0,33.0,2400.0,0.0,
14466447697000,0,33.0,2400.0,0.0,
14466469578000,0,32.0,2400.0,0.0,
14466488651000,0,32.0,2400.0,0.0,
14466507725000,0,33.0,2400.0,0.0,
14466529606000,0,33.0,2400.0,0.0,
14466548435000,0,34.0,2400.0,0.0,
14466567783000,0,32.0,2400.0,0.0,
14466589695000,0,32.0,2400.0,0.0,
14466608250000,0,33.0,2400.0,0.0,
14466627872000,0,33.0,2400.0,0.0,
14466649815000,0,33.0,2400.0,0.0,
14466668644000,0,33.0,2400.0,0.0,
14466687870000,0,33.0,2400.0,0.0,
14466709873000,0,33.0,2400.0,0.0,
14466728580000,0,32.0,2400.0,0.0,
14466747929000,0,32.0,2400.0,0.0,
14466769871000,0,32.0,2400.0,0.0,
14466788761000,0,32.0,2400.0,0.0,
14466808018000,0,32.0,2400.0,0.0,
14466829960000,0,33.0,2400.0,0.0,
14466848820000,0,33.0,2400.0,0.0,
14466868046000,0,32.0,2400.0,0.0,
14466889957000,0,32.0,2400.0,0.0,
14466908482000,0,33.0,2400.0,0.0,
14466928165000,0,32.0,2400.0,0.0,
14466950138000,0,32.0,2400.0,0.0,
14466968876000,0,33.0,2400.0,0.0,
14466988316000,0,33.0,2400.0,0.0,
14467010258000,0,33.0,2400.0,0.0,
14467029453000,0,33.0,2400.0,0.0,
14467048313000,0,33.0,2400.0,0.0,
14467070103000,0,33.0,2400.0,0.0,
14467088627000,0,32.0,2400.0,0.0,
14467108280000,0,33.0,2400.0,0.0,
14467130192000,0,33.0,2400.0,0.0,
14467148746000,0,33.0,2400.0,0.0,
14467168400000,0,33.0,2400.0,0.0,
14467190281000,0,33.0,2400.0,0.0,
14467209293000,0,33.0,2400.0,0.0,
14467228397000,0,33.0,2400.0,0.0,
14467250370000,0,33.0,2400.0,0.0,
14467269688000,0,33.0,2400.0,0.0,
14467288456000,0,32.0,2400.0,0.0,
14467310429000,0,32.0,2400.0,0.0,
14467328983000,0,33.0,2400.0,0.0,
14467348545000,0,33.0,2400.0,0.0,
14467370457000,0,33.0,2400.0,0.0,
14467389347000,0,33.0,2400.0,0.0,
14467408604000,0,33.0,2400.0,0.0,
14467430546000,0,33.0,2400.0,0.0,
14467449162000,0,32.0,2400.0,0.0,
14467468632000,0,33.0,2400.0,0.0,
14467490604000,0,33.0,2400.0,0.0,
14467509403000,0,33.0,2400.0,0.0,
14467528660000,0,33.0,2400.0,0.0,
14467550816000,0,32.0,2400.0,0.0,
14467569553000,0,32.0,2400.0,0.0,
14467588810000,0,33.0,2400.0,0.0,
14467610630000,0,33.0,2400.0,0.0,
14467629124000,0,33.0,2400.0,0.0,
14467648777000,0,32.0,2400.0,0.0,
14467670719000,0,32.0,2400.0,0.0,
14467689396000,0,32.0,2400.0,0.0,
14467708866000,0,32.0,2400.0,0.0,
14467730747000,0,32.0,2400.0,0.0,
14467750126000,0,32.0,2400.0,0.0,
14467768955000,0,33.0,2400.0,0.0,
14467790836000,0,32.0,2400.0,0.0,
14467809391000,0,32.0,2400.0,0.0,
14467828983000,0,34.0,2400.0,0.0,
14467850956000,0,34.0,2400.0,0.0,
14467869419000,0,33.0,2400.0,0.0,
14467889042000,0,33.0,2400.0,0.0,
14467911045000,0,33.0,2400.0,0.0,
14467930057000,0,33.0,2400.0,0.0,
14467949131000,0,33.0,2400.0,0.0,
14467971012000,0,33.0,2400.0,0.0,
14467989872000,0,33.0,2400.0,0.0,
14468009220000,0,33.0,2400.0,0.0,
14468031071000,0,33.0,2400.0,0.0,
14468049625000,0,32.0,2400.0,0.0,
14468069248000,0,32.0,2400.0,0.0,
14468091160000,0,33.0,2400.0,0.0,
14468110050000,0,33.0,2400.0,0.0,
14468129246000,0,33.0,2400.0,0.0,
14468151188000,0,32.0,2400.0,0.0,
14468169804000,0,32.0,2400.0,0.0,
14468189396000,0,33.0,2400.0,0.0,
14468211430000,0,33.0,2400.0,0.0,
14468230808000,0,33.0,2400.0,0.0,
14468249516000,0,33.0,2400.0,0.0,
14468271458000,0,33.0,2400.0,0.0,
14468290409000,0,33.0,2400.0,0.0,
14468309452000,0,33.0,2400.0,0.0,
14468331394000,0,32.0,2400.0,0.0,
14468349827000,0,32.0,2400.0,0.0,
14468369480000,0,33.0,2400.0,0.0,
14468391361000,0,33.0,2400.0,0.0,
14468410099000,0,32.0,2400.0,0.0,
14468429539000,0,32.0,2400.0,0.0,
14468451481000,0,33.0,2400.0,0.0,
14468470737000,0,33.0,2400.0,0.0,
14468489597000,0,33.0,2400.0,0.0,
14468511539000,0,32.0,2400.0,0.0,
14468530308000,0,32.0,2400.0,0.0,
14468549656000,0,33.0,2400.0,0.0,
14468571659000,0,33.0,2400.0,0.0,
14468590183000,0,32.0,2400.0,0.0,
14468609653000,0,32.0,2400.0,0.0,
14468631596000,0,33.0,2400.0,0.0,
14468650913000,0,33.0,2400.0,0.0,
14468669773000,0,33.0,2400.0,0.0,
14468691746000,0,32.0,2400.0,0.0,
14468710606000,0,32.0,2400.0,0.0,
14468729893000,0,33.0,2400.0,0.0,
14468751835000,0,33.0,2400.0,0.0,
14468770390000,0,32.0,2400.0,0.0,
14468789921000,0,32.0,2400.0,0.0,
14468811954000,0,33.0,2400.0,0.0,
14468830967000,0,33.0,2400.0,0.0,
14468850346000,0,32.0,2400.0,0.0,
14468872196000,0,33.0,2400.0,0.0,
14468890812000,0,33.0,2400.0,0.0,
14468910221000,0,33.0,2400.0,0.0,
14468932041000,0,33.0,2400.0,0.0,
14468951328000,0,32.0,2400.0,0.0,
14468970158000,0,32.0,2400.0,0.0,
14468992039000,0,33.0,2400.0,0.0,
14469010929000,0,33.0,2400.0,0.0,
14469030155000,0,32.0,2400.0,0.0,
14469052097000,0,32.0,2400.0,0.0,
14469070560000,0,32.0,2400.0,0.0,
14469090244000,0,33.0,2400.0,0.0,
14469112278000,0,33.0,2400.0,0.0,
14469130894000,0,33.0,2400.0,0.0,
14469150455000,0,33.0,2400.0,0.0,
14469172459000,0,33.0,2400.0,0.0,
14469192203000,0,33.0,2400.0,0.0,
14469210545000,0,32.0,2400.0,0.0,
14469232517000,0,33.0,2400.0,0.0,
14469251041000,0,33.0,2400.0,0.0,
14469270603000,0,33.0,2400.0,0.0,
14469292545000,0,33.0,2400.0,0.0,
14469311130000,0,32.0,2400.0,0.0,
14469330723000,0,32.0,2400.0,0.0,
14469352634000,0,33.0,2400.0,0.0,
14469371647000,0,33.0,2400.0,0.0,
14469390781000,0,32.0,2400.0,0.0,
14469412662000,0,33.0,2400.0,0.0,
14469431522000,0,33.0,2400.0,0.0,
14469450809000,0,32.0,2400.0,0.0,
14469473179000,0,32.0,2400.0,0.0,
14469491337000,0,33.0,2400.0,0.0,
14469510746000,0,33.0,2400.0,0.0,
14469532688000,0,33.0,2400.0,0.0,
14469551517000,0,32.0,2400.0,0.0,
14469570652000,0,32.0,2400.0,0.0,
14469592747000,0,33.0,2400.0,0.0,
14469611210000,0,33.0,2400.0,0.0,
14469630741000,0,32.0,2400.0,0.0,
14469652866000,0,32.0,2400.0,0.0,
14469671513000,0,33.0,2400.0,0.0,
14469690769000,0,33.0,2400.0,0.0,
14469712711000,0,32.0,2400.0,0.0,
14469731602000,0,32.0,2400.0,0.0,
14469750828000,0,32.0,2400.0,0.0,
14469772739000,0,32.0,2400.0,0.0,
14469791264000,0,32.0,2400.0,0.0,
14469810886000,0,32.0,2400.0,0.0,
14469832828000,0,32.0,2400.0,0.0,
14469851566000,0,33.0,2400.0,0.0,
14469870975000,0,33.0,2400.0,0.0,
14469892979000,0,32.0,2400.0,0.0,
14469912144000,0,33.0,2400.0,0.0,
14469931004000,0,33.0,2400.0,0.0,
14469953464000,0,32.0,2400.0,0.0,
14469971439000,0,32.0,2400.0,0.0,
14469991093000,0,33.0,2400.0,0.0,
14470012974000,0,33.0,2400.0,0.0,
14470031528000,0,32.0,2400.0,0.0,
14470051151000,0,32.0,2400.0,0.0,
14470073093000,0,33.0,2400.0,0.0,
14470092197000,0,33.0,2400.0,0.0,
14470111301000,0,33.0,2400.0,0.0,
14470133244000,0,33.0,2400.0,0.0,
14470152592000,0,33.0,2400.0,0.0,
14470171574000,0,32.0,2400.0,0.0,
14470193424000,0,32.0,2400.0,0.0,
14470211765000,0,33.0,2400.0,0.0,
14470231388000,0,33.0,2400.0,0.0,
14470253452000,0,33.0,2400.0,0.0,
14470272160000,0,32.0,2400.0,0.0,
14470291386000,0,32.0,2400.0,0.0,
14470313297000,0,33.0,2400.0,0.0,
14470331882000,0,33.0,2400.0,0.0,
14470351444000,0,33.0,2400.0,0.0,
14470373356000,0,33.0,2400.0,0.0,
14470392216000,0,33.0,2400.0,0.0,
14470411472000,0,33.0,2400.0,0.0,
14470433445000,0,33.0,2400.0,0.0,
14470452274000,0,33.0,2400.0,0.0,
14470471531000,0,33.0,2400.0,0.0,
14470493473000,0,33.0,2400.0,0.0,
14470512821000,0,33.0,2400.0,0.0,
14470531620000,0,0.0,4500.0,0.0,
14470553562000,0,31.0,2400.0,0.0,
14470572239000,0,31.0,2400.0,0.0,
14470591709000,0,33.0,2400.0,0.0,
14470613621000,0,33.0,2400.0,0.0,
14470632908000,0,32.0,2400.0,0.0,
14470651829000,0,32.0,2400.0,0.0,
14470673832000,0,33.0,2400.0,0.0,
14470692600000,0,33.0,2400.0,0.0,
14470711735000,0,32.0,2400.0,0.0,
14470733677000,0,33.0,2400.0,0.0,
14470752201000,0,33.0,2400.0,0.0,
14470771824000,0,33.0,2400.0,0.0,
14470793797000,0,33.0,2400.0,0.0,
14470812717000,0,33.0,2400.0,0.0,
14470831882000,0,33.0,2400.0,0.0,
14470853947000,0,33.0,2400.0,0.0,
14470872807000,0,33.0,2400.0,0.0,
14470892063000,0,32.0,2400.0,0.0,
14470913883000,0,34.0,2400.0,0.0,
14470932407000,0,34.0,2400.0,0.0,
14470952030000,0,32.0,2400.0,0.0,
14470973942000,0,32.0,2400.0,0.0,
14470992985000,0,33.0,2400.0,0.0,
14471012089000,0,33.0,2400.0,0.0,
14471034000000,0,33.0,2400.0,0.0,
14471052708000,0,32.0,2400.0,0.0,
14471072208000,0,32.0,2400.0,0.0,
14471094089000,0,33.0,2400.0,0.0,
14471113346000,0,33.0,2400.0,0.0,
14471132297000,0,33.0,2400.0,0.0,
14471154209000,0,33.0,2400.0,0.0,
14471173130000,0,33.0,2400.0,0.0,
14471192265000,0,33.0,2400.0,0.0,
14471214207000,0,33.0,2400.0,0.0,
14471232700000,0,33.0,2400.0,0.0,
14471252323000,0,33.0,2400.0,0.0,
14471274174000,0,33.0,2400.0,0.0,
14471293644000,0,33.0,2400.0,0.0,
14471312321000,0,0.0,4500.0,0.0,
14471334263000,0,31.0,2400.0,0.0,
14471353580000,0,31.0,2400.0,0.0,
14471372440000,0,33.0,2400.0,0.0,
14471394352000,0,33.0,2400.0,0.0,
14471412815000,0,32.0,2400.0,0.0,
14471432499000,0,32.0,2400.0,0.0,
14471454441000,0,33.0,2400.0,0.0,
14471472996000,0,33.0,2400.0,0.0,
14471492557000,0,35.0,2400.0,0.0,
14471514408000,0,31.0,2400.0,0.0,
14471533482000,0,31.0,2400.0,0.0,
14471552616000,0,32.0,2400.0,0.0,
14471574589000,0,32.0,2400.0,0.0,
14471599491000,0,34.0,2400.0,0.0,
14471612705000,0,34.0,2400.0,0.0,
14471634617000,0,32.0,2400.0,0.0,
14471653080000,0,35.0,2400.0,0.0,
14471672672000,0,34.0,2400.0,0.0,
14471694645000,0,35.0,2400.0,0.0,
14471713505000,0,35.0,2400.0,0.0,
14471732761000,0,34.0,2400.0,0.0,
14471754673000,0,34.0,2400.0,0.0,
14471773289000,0,32.0,2400.0,0.0,
14471792820000,0,32.0,2400.0,0.0,
14471814732000,0,32.0,2400.0,0.0,
14471833591000,0,32.0,2400.0,0.0,
14471852879000,0,32.0,2400.0,0.0,
14471874851000,0,32.0,2400.0,0.0,
14471893803000,0,32.0,2400.0,0.0,
14471912876000,0,32.0,2400.0,0.0,
14471934788000,0,32.0,2400.0,0.0,
14471953709000,0,33.0,2400.0,0.0,
14471973118000,0,33.0,2400.0,0.0,
14471994968000,0,29.0,2400.0,0.0,
14472013584000,0,31.0,2400.0,0.0,
14472033085000,0,31.0,2400.0,0.0,
14472054935000,0,31.0,2400.0,0.0,
14472074680000,0,31.0,2400.0,0.0,
14472093052000,0,31.0,2400.0,0.0,
14472114994000,0,31.0,2400.0,0.0,
14472133549000,0,33.0,2400.0,0.0,
14472153172000,0,33.0,2400.0,0.0,
14472175022000,0,30.0,2400.0,0.0,
14472193546000,0,28.0,2400.0,0.0,
14472213139000,0,28.0,2400.0,0.0,
14472235050000,0,29.0,2400.0,0.0,
14472254154000,0,29.0,2400.0,0.0,
14472273289000,0,29.0,2400.0,0.0,
14472295170000,0,29.0,2400.0,0.0,
14472313969000,0,29.0,2400.0,0.0,
14472333286000,0,29.0,2400.0,0.0,
14472355228000,0,28.0,2400.0,0.0,
14472373753000,0,28.0,2400.0,0.0,
14472393375000,0,28.0,2400.0,0.0,
14472415287000,0,29.0,2400.0,0.0,
14472434177000,0,29.0,2400.0,0.0,
14472453403000,0,28.0,2400.0,0.0,
14472475346000,0,28.0,2400.0,0.0,
14472493992000,0,25.0,2400.0,0.0,
14472513432000,0,25.0,2400.0,0.0,
14472535374000,0,26.0,2400.0,0.0,
14472554325000,0,26.0,2400.0,0.0,
14472573978000,0,26.0,2400.0,0.0,
14472595493000,0,29.0,2400.0,0.0,
14472614567000,0,29.0,2400.0,0.0,
14472633610000,0,28.0,2400.0,0.0,
14472655582000,0,28.0,2400.0,0.0,
14472674198000,0,26.0,2400.0,0.0,
14472693760000,0,26.0,2400.0,0.0,
14472715733000,0,29.0,2400.0,0.0,
14472734409000,0,28.0,2400.0,0.0,
14472753727000,0,28.0,2400.0,0.0,
14472775669000,0,29.0,2400.0,0.0,
14472794926000,0,29.0,2400.0,0.0,
14472813786000,0,25.0,2400.0,0.0,
14472835697000,0,25.0,2400.0,0.0,
14472854191000,0,29.0,2400.0,0.0,
14472873814000,0,29.0,2400.0,0.0,
14472895786000,0,28.0,2400.0,0.0,
14472914310000,0,29.0,2400.0,0.0,
14472933933000,0,29.0,2400.0,0.0,
14472955845000,0,28.0,2400.0,0.0,
14472974888000,0,28.0,2400.0,0.0,
14472993992000,0,30.0,2400.0,0.0,
14473015812000,0,30.0,2400.0,0.0,
14473035221000,0,31.0,2400.0,0.0,
14473054050000,0,31.0,2400.0,0.0,
14473075962000,0,29.0,2400.0,0.0,
14473094425000,0,30.0,2400.0,0.0,
14473114048000,0,30.0,2400.0,0.0,
14473136021000,0,31.0,2400.0,0.0,
14473154911000,0,31.0,2400.0,0.0,
14473174137000,0,31.0,2400.0,0.0,
14473196049000,0,31.0,2400.0,0.0,
14473214634000,0,31.0,2400.0,0.0,
14473234135000,0,31.0,2400.0,0.0,
14473256077000,0,31.0,2400.0,0.0,
14473274967000,0,29.0,2400.0,0.0,
14473294254000,0,29.0,2400.0,0.0,
14473316044000,0,29.0,2400.0,0.0,
14473335026000,0,29.0,2400.0,0.0,
14473354374000,0,29.0,2400.0,0.0,
14473376133000,0,29.0,2400.0,0.0,
14473394688000,0,32.0,2400.0,0.0,
14473414310000,0,32.0,2400.0,0.0,
14473436253000,0,30.0,2400.0,0.0,
14473454899000,0,30.0,2400.0,0.0,
14473474369000,0,30.0,2400.0,0.0,
14473496281000,0,30.0,2400.0,0.0,
14473515598000,0,30.0,2400.0,0.0,
14473534519000,0,29.0,2400.0,0.0,
14473556339000,0,29.0,2400.0,0.0,
14473574863000,0,30.0,2400.0,0.0,
14473594456000,0,30.0,2400.0,0.0,
14473616428000,0,28.0,2400.0,0.0,
14473634953000,0,28.0,2400.0,0.0,
14473654575000,0,28.0,2400.0,0.0,
14473676487000,0,29.0,2400.0,0.0,
14473695530000,0,29.0,2400.0,0.0,
14473714756000,0,30.0,2400.0,0.0,
14473736607000,0,30.0,2400.0,0.0,
14473755436000,0,28.0,2400.0,0.0,
14473774723000,0,28.0,2400.0,0.0,
14473796604000,0,29.0,2400.0,0.0,
14473815250000,0,30.0,2400.0,0.0,
14473834782000,0,30.0,2400.0,0.0,
14473856693000,0,30.0,2400.0,0.0,
14473875614000,0,30.0,2400.0,0.0,
14473894840000,0,30.0,2400.0,0.0,
14473916782000,0,30.0,2400.0,0.0,
14473935429000,0,28.0,2400.0,0.0,
14473954868000,0,30.0,2400.0,0.0,
14473976810000,0,30.0,2400.0,0.0,
14473996189000,0,28.0,2400.0,0.0,
14474014957000,0,28.0,2400.0,0.0,
14474036900000,0,29.0,2400.0,0.0,
14474055729000,0,29.0,2400.0,0.0,
14474074955000,0,29.0,2400.0,0.0,
14474096867000,0,29.0,2400.0,0.0,
14474115421000,0,29.0,2400.0,0.0,
14474135044000,0,29.0,2400.0,0.0,
14474157078000,0,29.0,2400.0,0.0,
14474175724000,0,28.0,2400.0,0.0,
14474195194000,0,28.0,2400.0,0.0,
14474217075000,0,29.0,2400.0,0.0,
14474236271000,0,29.0,2400.0,0.0,
14474255100000,0,27.0,2400.0,0.0,
14474277042000,0,27.0,2400.0,0.0,
14474295536000,0,29.0,2400.0,0.0,
14474315250000,0,29.0,2400.0,0.0,
14474337131000,0,29.0,2400.0,0.0,
14474355625000,0,29.0,2400.0,0.0,
14474375217000,0,29.0,2400.0,0.0,
14474397160000,0,29.0,2400.0,0.0,
14474416203000,0,29.0,2400.0,0.0,
14474435307000,0,29.0,2400.0,0.0,
14474457279000,0,29.0,2400.0,0.0,
14474476109000,0,29.0,2400.0,0.0,
14474495426000,0,28.0,2400.0,0.0,
14474517307000,0,28.0,2400.0,0.0,
14474535801000,0,29.0,2400.0,0.0,
14474555393000,0,29.0,2400.0,0.0,
14474577335000,0,26.0,2400.0,0.0,
14474596287000,0,26.0,2400.0,0.0,
14474615513000,0,29.0,2400.0,0.0,
14474641209000,0,29.0,2400.0,0.0,
14474656010000,0,29.0,2400.0,0.0,
14474675480000,0,29.0,2400.0,0.0,
14474697361000,0,29.0,2400.0,0.0,
14474716343000,0,29.0,2400.0,0.0,
14474957798000,0,29.0,2400.0,0.0,
14474976170000,0,30.0,2400.0,0.0,
14474998020000,0,30.0,2400.0,0.0,
14475016361000,0,30.0,2400.0,0.0,
14475035984000,0,30.0,2400.0,0.0,
14475057774000,0,30.0,2400.0,0.0,
14475076359000,0,30.0,2400.0,0.0,
14475095921000,0,30.0,2400.0,0.0,
14475117924000,0,29.0,2400.0,0.0,
14475136936000,0,29.0,2400.0,0.0,
14475156040000,0,29.0,2400.0,0.0,
14475177952000,0,29.0,2400.0,0.0,
14475196812000,0,29.0,2400.0,0.0,
14475216312000,0,29.0,2400.0,0.0,
14475238193000,0,29.0,2400.0,0.0,
14475256718000,0,29.0,2400.0,0.0,
14475276401000,0,29.0,2400.0,0.0,
14475298313000,0,29.0,2400.0,0.0,
14475318027000,0,29.0,2400.0,0.0,
14475336399000,0,0.0,4500.0,0.0,
14475358372000,0,26.0,2400.0,0.0,
14475376987000,0,26.0,2400.0,0.0,
14475396488000,0,29.0,2400.0,0.0,
14475418430000,0,29.0,2400.0,0.0,
14475437290000,0,30.0,2400.0,0.0,
14475456455000,0,30.0,2400.0,0.0,
14475478367000,0,30.0,2400.0,0.0,
14475497257000,0,30.0,2400.0,0.0,
14475516361000,0,29.0,2400.0,0.0,
14475538242000,0,30.0,2400.0,0.0,
14475556828000,0,30.0,2400.0,0.0,
14475576481000,0,29.0,2400.0,0.0,
14475598362000,0,29.0,2400.0,0.0,
14475617069000,0,29.0,2400.0,0.0,
14475636509000,0,29.0,2400.0,0.0,
14475658451000,0,30.0,2400.0,0.0,
14475677738000,0,30.0,2400.0,0.0,
14475696598000,0,30.0,2400.0,0.0,
14475718479000,0,30.0,2400.0,0.0,
14475737003000,0,30.0,2400.0,0.0,
14475756657000,0,29.0,2400.0,0.0,
14475778568000,0,29.0,2400.0,0.0,
14475797092000,0,29.0,2400.0,0.0,
14475816624000,0,29.0,2400.0,0.0,
14475838535000,0,29.0,2400.0,0.0,
14475857639000,0,29.0,2400.0,0.0,
14475876743000,0,29.0,2400.0,0.0,
14475898655000,0,29.0,2400.0,0.0,
14475917942000,0,29.0,2400.0,0.0,
14475936741000,0,29.0,2400.0,0.0,
14475959476000,0,29.0,2400.0,0.0,
14475977238000,0,0.0,4500.0,0.0,
14475996799000,0,27.0,2400.0,0.0,
14476018711000,0,27.0,2400.0,0.0,
14476037632000,0,29.0,2400.0,0.0,
14476056950000,0,29.0,2400.0,0.0,
14476078831000,0,26.0,2400.0,0.0,
14476097477000,0,26.0,2400.0,0.0,
14476116917000,0,28.0,2400.0,0.0,
14476138889000,0,28.0,2400.0,0.0,
14476157719000,0,27.0,2400.0,0.0,
14476177036000,0,29.0,2400.0,0.0,
14476198887000,0,29.0,2400.0,0.0,
14476217838000,0,25.0,2400.0,0.0,
14476237034000,0,25.0,2400.0,0.0,
14476258945000,0,26.0,2400.0,0.0,
14476277531000,0,26.0,2400.0,0.0,
14476297153000,0,25.0,2400.0,0.0,
14476319004000,0,27.0,2400.0,0.0,
14476337650000,0,27.0,2400.0,0.0,
14476357151000,0,27.0,2400.0,0.0,
14476379124000,0,27.0,2400.0,0.0,
14476398380000,0,26.0,2400.0,0.0,
14476417271000,0,26.0,2400.0,0.0,
14476439213000,0,25.0,2400.0,0.0,
14476457676000,0,25.0,2400.0,0.0,
14476477329000,0,23.0,2400.0,0.0,
14476499241000,0,24.0,2400.0,0.0,
14476517704000,0,24.0,2400.0,0.0,
14476537327000,0,25.0,2400.0,0.0,
14476559238000,0,25.0,2400.0,0.0,
14476578342000,0,24.0,2400.0,0.0,
14476597446000,0,24.0,2400.0,0.0,
14476619297000,0,24.0,2400.0,0.0,
14476638157000,0,24.0,2400.0,0.0,
14476657536000,0,24.0,2400.0,0.0,
14476679417000,0,23.0,2400.0,0.0,
14476697971000,0,23.0,2400.0,0.0,
14476717503000,0,24.0,2400.0,0.0,
14476739414000,0,24.0,2400.0,0.0,
14476758396000,0,24.0,2400.0,0.0,
14476777622000,0,24.0,2400.0,0.0,
14476799534000,0,24.0,2400.0,0.0,
14476818089000,0,24.0,2400.0,0.0,
14476837559000,0,24.0,2400.0,0.0,
14476859623000,0,23.0,2400.0,0.0,
14476878941000,0,23.0,2400.0,0.0,
14476897739000,0,24.0,2400.0,0.0,
14476919620000,0,24.0,2400.0,0.0,
14476938541000,0,24.0,2400.0,0.0,
14476958012000,0,24.0,2400.0,0.0,
14476979923000,0,24.0,2400.0,0.0,
14476998417000,0,24.0,2400.0,0.0,
14477018009000,0,24.0,2400.0,0.0,
14477039982000,0,23.0,2400.0,0.0,
14477058598000,0,23.0,2400.0,0.0,
14477078098000,0,24.0,2400.0,0.0,
14477100162000,0,24.0,2400.0,0.0,
14477119266000,0,23.0,2400.0,0.0,
14477138370000,0,23.0,2400.0,0.0,
14477160160000,0,24.0,2400.0,0.0,
14477178593000,0,24.0,2400.0,0.0,
14477198215000,0,23.0,2400.0,0.0,
14477220249000,0,23.0,2400.0,0.0,
14477238682000,0,23.0,2400.0,0.0,
14477258274000,0,24.0,2400.0,0.0,
14477280247000,0,24.0,2400.0,0.0,
14477299229000,0,23.0,2400.0,0.0,
14477318363000,0,23.0,2400.0,0.0,
14477340305000,0,24.0,2400.0,0.0,
14477359074000,0,24.0,2400.0,0.0,
14477378330000,0,24.0,2400.0,0.0,
14477400394000,0,23.0,2400.0,0.0,
14477418858000,0,23.0,2400.0,0.0,
14477438419000,0,24.0,2400.0,0.0,
14477460239000,0,24.0,2400.0,0.0,
14477479099000,0,26.0,2400.0,0.0,
14477498356000,0,26.0,2400.0,0.0,
14477520206000,0,23.0,2400.0,0.0,
14477538792000,0,23.0,2400.0,0.0,
14477558384000,0,23.0,2400.0,0.0,
14477580296000,0,23.0,2400.0,0.0,
14477599155000,0,23.0,2400.0,0.0,
14477618473000,0,24.0,2400.0,0.0,
14477640385000,0,24.0,2400.0,0.0,
14477663273000,0,23.0,2400.0,0.0,
14477679417000,0,23.0,2400.0,0.0,
14477700382000,0,23.0,2400.0,0.0,
14477718784000,0,23.0,2400.0,0.0,
14477738468000,0,24.0,2400.0,0.0,
14477760349000,0,24.0,2400.0,0.0,
14477778995000,0,24.0,2400.0,0.0,
14477798435000,0,24.0,2400.0,0.0,
14477820438000,0,24.0,2400.0,0.0,
14477840275000,0,24.0,2400.0,0.0,
14477858616000,0,24.0,2400.0,0.0,
14477880527000,0,26.0,2400.0,0.0,
14477899052000,0,26.0,2400.0,0.0,
14477918583000,0,24.0,2400.0,0.0,
14477940525000,0,26.0,2400.0,0.0,
14477959110000,0,26.0,2400.0,0.0,
14477978703000,0,27.0,2400.0,0.0,
14478000706000,0,27.0,2400.0,0.0,
14478019688000,0,25.0,2400.0,0.0,
14478038761000,0,25.0,2400.0,0.0,
14478060764000,0,25.0,2400.0,0.0,
14478079594000,0,27.0,2400.0,0.0,
14478098911000,0,26.0,2400.0,0.0,
14478120731000,0,26.0,2400.0,0.0,
14478139255000,0,26.0,2400.0,0.0,
14478158848000,0,27.0,2400.0,0.0,
14478180790000,0,27.0,2400.0,0.0,
14478199711000,0,26.0,2400.0,0.0,
14478218998000,0,26.0,2400.0,0.0,
14478240940000,0,27.0,2400.0,0.0,
14478259556000,0,27.0,2400.0,0.0,
14478279087000,0,27.0,2400.0,0.0,
14478301029000,0,27.0,2400.0,0.0,
14478319828000,0,27.0,2400.0,0.0,
14478339085000,0,27.0,2400.0,0.0,
14478361118000,0,27.0,2400.0,0.0,
14478379948000,0,27.0,2400.0,0.0,
14478399174000,0,27.0,2400.0,0.0,
14478421055000,0,27.0,2400.0,0.0,
14478439548000,0,27.0,2400.0,0.0,
14478459202000,0,26.0,2400.0,0.0,
14478481174000,0,27.0,2400.0,0.0,
14478499851000,0,27.0,2400.0,0.0,
14478519352000,0,27.0,2400.0,0.0,
14478541264000,0,27.0,2400.0,0.0,
14478560368000,0,27.0,2400.0,0.0,
14478579227000,0,27.0,2400.0,0.0,
14478601353000,0,27.0,2400.0,0.0,
14478619724000,0,27.0,2400.0,0.0,
14478639378000,0,27.0,2400.0,0.0,
14478661350000,0,25.0,2400.0,0.0,
14478679844000,0,25.0,2400.0,0.0,
14478699467000,0,27.0,2400.0,0.0,
14478721409000,0,27.0,2400.0,0.0,
14478740421000,0,25.0,2400.0,0.0,
14478759495000,0,25.0,2400.0,0.0,
14478781437000,0,26.0,2400.0,0.0,
14478800785000,0,28.0,2400.0,0.0,
14478819584000,0,28.0,2400.0,0.0,
14478841557000,0,26.0,2400.0,0.0,
14478859928000,0,26.0,2400.0,0.0,
14478879520000,0,25.0,2400.0,0.0,
14478901737000,0,25.0,2400.0,0.0,
14478920658000,0,27.0,2400.0,0.0,
14478939854000,0,27.0,2400.0,0.0,
14478961796000,0,26.0,2400.0,0.0,
14478980534000,0,26.0,2400.0,0.0,
14478999973000,0,26.0,2400.0,0.0,
14479021885000,0,27.0,2400.0,0.0,
14479040714000,0,27.0,2400.0,0.0,
14479060001000,0,26.0,2400.0,0.0,
14479081913000,0,26.0,2400.0,0.0,
14479100864000,0,26.0,2400.0,0.0,
14479120151000,0,26.0,2400.0,0.0,
14479141972000,0,26.0,2400.0,0.0,
14479160465000,0,26.0,2400.0,0.0,
14479180210000,0,26.0,2400.0,0.0,
14479202061000,0,29.0,2400.0,0.0,
14479220737000,0,29.0,2400.0,0.0,
14479240299000,0,29.0,2400.0,0.0,
14479262089000,0,29.0,2400.0,0.0,
14479281315000,0,29.0,2400.0,0.0,
14479300327000,0,29.0,2400.0,0.0,
14479322178000,0,29.0,2400.0,0.0,
14479340672000,0,29.0,2400.0,0.0,
14479360294000,0,29.0,2400.0,0.0,
14479382328000,0,28.0,2400.0,0.0,
14479400791000,0,28.0,2400.0,0.0,
14479420261000,0,29.0,2400.0,0.0,
14479442142000,0,29.0,2400.0,0.0,
14479461094000,0,28.0,2400.0,0.0,
14479480198000,0,28.0,2400.0,0.0,
14479502079000,0,28.0,2400.0,0.0,
14479520969000,0,28.0,2400.0,0.0,
14479540256000,0,28.0,2400.0,0.0,
14479562229000,0,29.0,2400.0,0.0,
14479580692000,0,29.0,2400.0,0.0,
14479600315000,0,29.0,2400.0,0.0,
14479622257000,0,29.0,2400.0,0.0,
14479641178000,0,29.0,2400.0,0.0,
14479660404000,0,29.0,2400.0,0.0,
14479682316000,0,28.0,2400.0,0.0,
14479700901000,0,29.0,2400.0,0.0,
14479720554000,0,29.0,2400.0,0.0,
14479742557000,0,30.0,2400.0,0.0,
14479761662000,0,30.0,2400.0,0.0,
14479780430000,0,28.0,2400.0,0.0,
14479802372000,0,28.0,2400.0,0.0,
14479982975000,0,32.0,2400.0,0.0,
14480002079000,0,29.0,2400.0,0.0,
14480020786000,0,29.0,2400.0,0.0,
14480042759000,0,30.0,2400.0,0.0,
14480061222000,0,29.0,2400.0,0.0,
14480080814000,0,29.0,2400.0,0.0,
14480103092000,0,29.0,2400.0,0.0,
14480121372000,0,29.0,2400.0,0.0,
14480140964000,0,30.0,2400.0,0.0,
14480162846000,0,30.0,2400.0,0.0,
14480181950000,0,29.0,2400.0,0.0,
14480201023000,0,29.0,2400.0,0.0,
14480222874000,0,30.0,2400.0,0.0,
14480241734000,0,29.0,2400.0,0.0,
14480261051000,0,29.0,2400.0,0.0,
14480282963000,0,29.0,2400.0,0.0,
14480301548000,0,29.0,2400.0,0.0,
14480320957000,0,30.0,2400.0,0.0,
14480342899000,0,30.0,2400.0,0.0,
14480361790000,0,28.0,2400.0,0.0,
14480381077000,0,28.0,2400.0,0.0,
14480402958000,0,30.0,2400.0,0.0,
14480421574000,0,29.0,2400.0,0.0,
14480441105000,0,29.0,2400.0,0.0,
14480462986000,0,28.0,2400.0,0.0,
14480481846000,0,28.0,2400.0,0.0,
14480501133000,0,31.0,2400.0,0.0,
14480523136000,0,31.0,2400.0,0.0,
14480542088000,0,29.0,2400.0,0.0,
14480561161000,0,31.0,2400.0,0.0,
14480583073000,0,30.0,2400.0,0.0,
14480601627000,0,28.0,2400.0,0.0,
14480621311000,0,28.0,2400.0,0.0,
14480643162000,0,28.0,2400.0,0.0,
14480661808000,0,28.0,2400.0,0.0,
14480681339000,0,30.0,2400.0,0.0,
14480712193000,0,30.0,2400.0,0.0,
14480723026000,0,28.0,2400.0,0.0,
14480741398000,0,30.0,2400.0,0.0,
14480763218000,0,30.0,2400.0,0.0,
14480781742000,0,29.0,2400.0,0.0,
14480801395000,0,29.0,2400.0,0.0,
14480823338000,0,30.0,2400.0,0.0,
14480841862000,0,30.0,2400.0,0.0,
14480861485000,0,29.0,2400.0,0.0,
14480883366000,0,29.0,2400.0,0.0,
14480902470000,0,29.0,2400.0,0.0,
14480921635000,0,28.0,2400.0,0.0,
14480943546000,0,28.0,2400.0,0.0,
14480962406000,0,28.0,2400.0,0.0,
14480981663000,0,28.0,2400.0,0.0,
14481003574000,0,30.0,2400.0,0.0,
14481022099000,0,30.0,2400.0,0.0,
14481041691000,0,30.0,2400.0,0.0,
14481063663000,0,30.0,2400.0,0.0,
14481082584000,0,32.0,2400.0,0.0,
14481102116000,0,28.0,2400.0,0.0,
14481123722000,0,28.0,2400.0,0.0,
14481142338000,0,30.0,2400.0,0.0,
14481161900000,0,30.0,2400.0,0.0,
14481183872000,0,28.0,2400.0,0.0,
14481202702000,0,28.0,2400.0,0.0,
14481221836000,0,31.0,2400.0,0.0,
14481243748000,0,31.0,2400.0,0.0,
14481262699000,0,31.0,2400.0,0.0,
14481281864000,0,29.0,2400.0,0.0,
14481304111000,0,29.0,2400.0,0.0,
14481322300000,0,31.0,2400.0,0.0,
14481341923000,0,31.0,2400.0,0.0,
14481363865000,0,30.0,2400.0,0.0,
14481382542000,0,30.0,2400.0,0.0,
14481402073000,0,31.0,2400.0,0.0,
14481423954000,0,31.0,2400.0,0.0,
14481443241000,0,33.0,2400.0,0.0,
14481462070000,0,30.0,2400.0,0.0,
14481483952000,0,30.0,2400.0,0.0,
14481502506000,0,29.0,2400.0,0.0,
14481522129000,0,29.0,2400.0,0.0,
14481544010000,0,29.0,2400.0,0.0,
14481562687000,0,29.0,2400.0,0.0,
14481582340000,0,31.0,2400.0,0.0,
14481604099000,0,31.0,2400.0,0.0,
14481623142000,0,30.0,2400.0,0.0,
14481642246000,0,29.0,2400.0,0.0,
14481664158000,0,29.0,2400.0,0.0,
14481683475000,0,31.0,2400.0,0.0,
14481702274000,0,31.0,2400.0,0.0,
14481724247000,0,30.0,2400.0,0.0,
14481742771000,0,30.0,2400.0,0.0,
14481762333000,0,28.0,2400.0,0.0,
14481784245000,0,28.0,2400.0,0.0,
14481803165000,0,29.0,2400.0,0.0,
14481822453000,0,31.0,2400.0,0.0,
14481844334000,0,31.0,2400.0,0.0,
14481863010000,0,32.0,2400.0,0.0,
14481882450000,0,32.0,2400.0,0.0,
14481904606000,0,29.0,2400.0,0.0,
14481923222000,0,29.0,2400.0,0.0,
14481942539000,0,31.0,2400.0,0.0,
14481964451000,0,31.0,2400.0,0.0,
14481983341000,0,28.0,2400.0,0.0,
14482002598000,0,29.0,2400.0,0.0,
14482024509000,0,29.0,2400.0,0.0,
14482043064000,0,31.0,2400.0,0.0,
14482062595000,0,31.0,2400.0,0.0,
14482084537000,0,29.0,2400.0,0.0,
14482103428000,0,29.0,2400.0,0.0,
14482122715000,0,30.0,2400.0,0.0,
14482144566000,0,30.0,2400.0,0.0,
14482163914000,0,30.0,2400.0,0.0,
14482182713000,0,31.0,2400.0,0.0,
14482204655000,0,31.0,2400.0,0.0,
14482223148000,0,32.0,2400.0,0.0,
14482242832000,0,32.0,2400.0,0.0,
14482264744000,0,29.0,2400.0,0.0,
14482283268000,0,29.0,2400.0,0.0,
14482302952000,0,28.0,2400.0,0.0,
14482324924000,0,28.0,2400.0,0.0,
14482343937000,0,28.0,2400.0,0.0,
14482362949000,0,30.0,2400.0,0.0,
14482384830000,0,30.0,2400.0,0.0,
14482403660000,0,30.0,2400.0,0.0,
14482422977000,0,30.0,2400.0,0.0,
14482444859000,0,28.0,2400.0,0.0,
14482463383000,0,28.0,2400.0,0.0,
14482483036000,0,30.0,2400.0,0.0,
14482505009000,0,30.0,2400.0,0.0,
14482523899000,0,28.0,2400.0,0.0,
14482543125000,0,30.0,2400.0,0.0,
14482564945000,0,30.0,2400.0,0.0,
14482583652000,0,29.0,2400.0,0.0,
14482603489000,0,29.0,2400.0,0.0,
14482625095000,0,28.0,2400.0,0.0,
14482644474000,0,28.0,2400.0,0.0,
14482663151000,0,28.0,2400.0,0.0,
14482685154000,0,28.0,2400.0,0.0,
14482703983000,0,29.0,2400.0,0.0,
14482723209000,0,29.0,2400.0,0.0,
14482745121000,0,29.0,2400.0,0.0,
14482763676000,0,28.0,2400.0,0.0,
14482783329000,0,28.0,2400.0,0.0,
14482805210000,0,28.0,2400.0,0.0,
14482823856000,0,28.0,2400.0,0.0,
14482843327000,0,29.0,2400.0,0.0,
14482865269000,0,29.0,2400.0,0.0,
14482884525000,0,28.0,2400.0,0.0,
14482903507000,0,29.0,2400.0,0.0,
14482925327000,0,29.0,2400.0,0.0,
14483045719000,0,29.0,2400.0,0.0,
14483064793000,0,28.0,2400.0,0.0,
14483083836000,0,28.0,2400.0,0.0,
14483105534000,0,28.0,2400.0,0.0,
14483124332000,0,28.0,2400.0,0.0,
14483143650000,0,28.0,2400.0,0.0,
14483165592000,0,29.0,2400.0,0.0,
14483184116000,0,29.0,2400.0,0.0,
14483203831000,0,29.0,2400.0,0.0,
14483225712000,0,28.0,2400.0,0.0,
14483244572000,0,28.0,2400.0,0.0,
14483263798000,0,29.0,2400.0,0.0,
14483285679000,0,29.0,2400.0,0.0,
14483304356000,0,28.0,2400.0,0.0,
14483323826000,0,28.0,2400.0,0.0,
14483345768000,0,28.0,2400.0,0.0,
14483364658000,0,28.0,2400.0,0.0,
14483383884000,0,28.0,2400.0,0.0,
14483405827000,0,28.0,2400.0,0.0,
14483424717000,0,28.0,2400.0,0.0,
14483443943000,0,28.0,2400.0,0.0,
14483465763000,0,28.0,2400.0,0.0,
14483484348000,0,28.0,2400.0,0.0,
14483504032000,0,28.0,2400.0,0.0,
14483525913000,0,28.0,2400.0,0.0,
14483544559000,0,28.0,2400.0,0.0,
14483564091000,0,29.0,2400.0,0.0,
14483585972000,0,29.0,2400.0,0.0,
14483605717000,0,29.0,2400.0,0.0,
14483624149000,0,30.0,2400.0,0.0,
14483646061000,0,30.0,2400.0,0.0,
14483664463000,0,29.0,2400.0,0.0,
14483684086000,0,29.0,2400.0,0.0,
14483706089000,0,28.0,2400.0,0.0,
14483731022000,0,28.0,2400.0,0.0,
14483744205000,0,26.0,2400.0,0.0,
14483766087000,0,29.0,2400.0,0.0,
14483785130000,0,29.0,2400.0,0.0,
14483804295000,0,26.0,2400.0,0.0,
14483826206000,0,26.0,2400.0,0.0,
14483845097000,0,29.0,2400.0,0.0,
14483864353000,0,29.0,2400.0,0.0,
14483886265000,0,29.0,2400.0,0.0,
14483904911000,0,29.0,2400.0,0.0,
14483924503000,0,27.0,2400.0,0.0,
14483946415000,0,27.0,2400.0,0.0,
14483965275000,0,27.0,2400.0,0.0,
14483984501000,0,27.0,2400.0,0.0,
14484006351000,0,27.0,2400.0,0.0,
14484025028000,0,27.0,2400.0,0.0,
14484044559000,0,27.0,2400.0,0.0,
14484066471000,0,27.0,2400.0,0.0,
14484085300000,0,27.0,2400.0,0.0,
14484104588000,0,27.0,2400.0,0.0,
14484126530000,0,27.0,2400.0,0.0,
14484145420000,0,27.0,2400.0,0.0,
14484164616000,0,27.0,2400.0,0.0,
14484186558000,0,27.0,2400.0,0.0,
14484205112000,0,25.0,2400.0,0.0,
14484224705000,0,25.0,2400.0,0.0,
14484246647000,0,27.0,2400.0,0.0,
14484265263000,0,27.0,2400.0,0.0,
14484284763000,0,25.0,2400.0,0.0,
14484306797000,0,25.0,2400.0,0.0,
14484326084000,0,25.0,2400.0,0.0,
14484344974000,0,25.0,2400.0,0.0,
14484366856000,0,25.0,2400.0,0.0,
14484385319000,0,26.0,2400.0,0.0,
14484405003000,0,26.0,2400.0,0.0,
14484426945000,0,25.0,2400.0,0.0,
14484445530000,0,25.0,2400.0,0.0,
14484465092000,0,26.0,2400.0,0.0,
14484487003000,0,26.0,2400.0,0.0,
14484505985000,0,26.0,2400.0,0.0,
14484525028000,0,25.0,2400.0,0.0,
14484546970000,0,25.0,2400.0,0.0,
14484566196000,0,24.0,2400.0,0.0,
14484585026000,0,24.0,2400.0,0.0,
14484607029000,0,25.0,2400.0,0.0,
14484625553000,0,25.0,2400.0,0.0,
14484645176000,0,27.0,2400.0,0.0,
14484667026000,0,23.0,2400.0,0.0,
14484685886000,0,23.0,2400.0,0.0,
14484705418000,0,25.0,2400.0,0.0,
14484967625000,0,25.0,2400.0,0.0,
14484986271000,0,27.0,2400.0,0.0,
14485005741000,0,27.0,2400.0,0.0,
14485027622000,0,25.0,2400.0,0.0,
14485046879000,0,25.0,2400.0,0.0,
14485065769000,0,25.0,2400.0,0.0,
14485087681000,0,25.0,2400.0,0.0,
14485106144000,0,25.0,2400.0,0.0,
14485125797000,0,25.0,2400.0,0.0,
14485147495000,0,25.0,2400.0,0.0,
14485166019000,0,27.0,2400.0,0.0,
14485185581000,0,26.0,2400.0,0.0,
14485207584000,0,26.0,2400.0,0.0,
14485226597000,0,26.0,2400.0,0.0,
14485245670000,0,25.0,2400.0,0.0,
14485267612000,0,25.0,2400.0,0.0,
14485286442000,0,27.0,2400.0,0.0,
14485305668000,0,27.0,2400.0,0.0,
14485327610000,0,26.0,2400.0,0.0,
14485346134000,0,26.0,2400.0,0.0,
14485365757000,0,26.0,2400.0,0.0,
14485387699000,0,23.0,2400.0,0.0,
14485406589000,0,23.0,2400.0,0.0,
14485425816000,0,25.0,2400.0,0.0,
14485447727000,0,25.0,2400.0,0.0,
14485466434000,0,25.0,2400.0,0.0,
14485485905000,0,25.0,2400.0,0.0,
14485507847000,0,25.0,2400.0,0.0,
14485527164000,0,26.0,2400.0,0.0,
14485545933000,0,26.0,2400.0,0.0,
14485567875000,0,26.0,2400.0,0.0,
14485586857000,0,26.0,2400.0,0.0,
14485605991000,0,27.0,2400.0,0.0,
14485627903000,0,27.0,2400.0,0.0,
14485646397000,0,25.0,2400.0,0.0,
14485666111000,0,25.0,2400.0,0.0,
14485688053000,0,25.0,2400.0,0.0,
14485706669000,0,25.0,2400.0,0.0,
14485726139000,0,25.0,2400.0,0.0,
14485748081000,0,23.0,2400.0,0.0,
14485767277000,0,23.0,2400.0,0.0,
14485786167000,0,27.0,2400.0,0.0,
14485808109000,0,27.0,2400.0,0.0,
14485826664000,0,25.0,2400.0,0.0,
14485846256000,0,25.0,2400.0,0.0,
14485868168000,0,25.0,2400.0,0.0,
14485886692000,0,26.0,2400.0,0.0,
14485906284000,0,26.0,2400.0,0.0,
14485928226000,0,26.0,2400.0,0.0,
14485947269000,0,26.0,2400.0,0.0,
14485966404000,0,26.0,2400.0,0.0,
14485988255000,0,26.0,2400.0,0.0,
14486007114000,0,23.0,2400.0,0.0,
14486026401000,0,23.0,2400.0,0.0,
14486048313000,0,23.0,2400.0,0.0,
14486066868000,0,26.0,2400.0,0.0,
14486086491000,0,26.0,2400.0,0.0,
14486108372000,0,25.0,2400.0,0.0,
14486127262000,0,25.0,2400.0,0.0,
14486146488000,0,24.0,2400.0,0.0,
14486168461000,0,24.0,2400.0,0.0,
14486187077000,0,25.0,2400.0,0.0,
14486206638000,0,25.0,2400.0,0.0,
14486228489000,0,25.0,2400.0,0.0,
14486247379000,0,25.0,2400.0,0.0,
14486266636000,0,25.0,2400.0,0.0,
14486288578000,0,26.0,2400.0,0.0,
14486307499000,0,26.0,2400.0,0.0,
14486326694000,0,26.0,2400.0,0.0,
14486348637000,0,26.0,2400.0,0.0,
14486367100000,0,26.0,2400.0,0.0,
14486386753000,0,26.0,2400.0,0.0,
14486408695000,0,25.0,2400.0,0.0,
14486427341000,0,23.0,2400.0,0.0,
14486446812000,0,23.0,2400.0,0.0,
14486468723000,0,26.0,2400.0,0.0,
14486488468000,0,26.0,2400.0,0.0,
14486506870000,0,26.0,2400.0,0.0,
14486528751000,0,26.0,2400.0,0.0,
14486547276000,0,25.0,2400.0,0.0,
14486566898000,0,25.0,2400.0,0.0,
14486588840000,0,25.0,2400.0,0.0,
14486607365000,0,27.0,2400.0,0.0,
14486626957000,0,27.0,2400.0,0.0,
14486648899000,0,26.0,2400.0,0.0,
14486667942000,0,26.0,2400.0,0.0,
