14454236851000,3,9.803271,-0.24666385,-0.073709965,
14454256046000,3,9.803248,-0.24761137,-0.07350714,
14454277866000,3,9.803232,-0.24783817,-0.07511574,
14456384129000,3,9.803401,-0.24072015,-0.075973816,
14456403416000,3,9.803386,-0.24091713,-0.07745617,
14456418064000,3,9.803395,-0.24065526,-0.07691373,
14456440037000,3,9.803395,-0.24074762,-0.076679334,
14456459629000,3,9.803415,-0.23982641,-0.077090256,
14456478062000,3,9.803449,-0.23827158,-0.07761633,
14456500034000,3,9.803477,-0.23689066,-0.078227736,
14456518497000,3,9.803481,-0.23683658,-0.0778437,
14456538120000,3,9.803472,-0.2373685,-0.07745383,
14456560062000,3,9.803475,-0.23727205,-0.07737082,
14456578953000,3,9.803466,-0.23770547,-0.077072136,
14456598179000,3,9.803445,-0.23844343,-0.07764497,
14456620121000,3,9.803444,-0.23821576,-0.078283265,
14456638737000,3,9.803429,-0.23805678,-0.08081717,
14456658268000,3,9.803411,-0.23830548,-0.08216215,
14456680180000,3,9.803386,-0.2390373,-0.082962364,
14456699589000,3,9.803367,-0.2393243,-0.08437164,
14456718388000,3,9.803368,-0.23937546,-0.084118545,
14456740238000,3,9.80338,-0.23863077,-0.08489128,
14456759220000,3,9.8033695,-0.2389017,-0.085232645,
14456778538000,3,9.803379,-0.23840076,-0.08564532,
14456800388000,3,9.803354,-0.23971681,-0.0846943,
14456818729000,3,9.80337,-0.23941578,-0.08377602,
14456838383000,3,9.80335,-0.2402873,-0.08360183,
14456860325000,3,9.803363,-0.24023966,-0.082283735,
14456878941000,3,9.803372,-0.24022476,-0.08106208,
14456898411000,3,9.803379,-0.23984775,-0.08138532,
14456920353000,3,9.803379,-0.23987727,-0.08140929,
14456939579000,3,9.803367,-0.2403823,-0.08139467,
14456958500000,3,9.803379,-0.23991527,-0.081283614,
14456980412000,3,9.80339,-0.23946752,-0.0814163,
14456998936000,3,9.803404,-0.23854075,-0.082393035,
14457018558000,3,9.803392,-0.23876141,-0.08304653,
14457040501000,3,9.803394,-0.23855537,-0.08344401,
14457058994000,3,9.803426,-0.23694442,-0.08421616,
14457078617000,3,9.803421,-0.23684944,-0.08498539,
14457100559000,3,9.803379,-0.2379539,-0.08669103,
14457119663000,3,9.80337,-0.23868251,-0.085759886,
14457138737000,3,9.803349,-0.2394608,-0.08610709,
14457160587000,3,9.803354,-0.23959436,-0.08513445,
14457179447000,3,9.803359,-0.23923196,-0.0854875,
14457198704000,3,9.803323,-0.23987289,-0.08788988,
14457220676000,3,9.803331,-0.23992695,-0.0868582,
14457239170000,3,9.803347,-0.23966363,-0.08567981,
14457258793000,3,9.8033495,-0.23941228,-0.08614275,
14457280735000,3,9.803331,-0.23970161,-0.08743805,
14457299625000,3,9.80332,-0.24002515,-0.08781506,
14457318882000,3,9.80332,-0.23958647,-0.08902853,
14457340824000,3,9.803315,-0.23924978,-0.090326756,
14457359440000,3,9.803294,-0.23987581,-0.09093583,
14457378941000,3,9.803309,-0.23993425,-0.08911796,
14457400883000,3,9.803291,-0.24118221,-0.08772972,
14457419773000,3,9.8033,-0.24062926,-0.08833704,
14457439030000,3,9.803272,-0.24153204,-0.08889175,
14457460880000,3,9.803263,-0.2419307,-0.08893442,
14457479771000,3,9.803258,-0.24192426,-0.08954466,
14457499027000,3,9.803236,-0.24215223,-0.09124737,
14457520939000,3,9.80322,-0.24283056,-0.09115853,
14457539432000,3,9.803233,-0.24266952,-0.09020225,
14457559055000,3,9.803232,-0.24266456,-0.090378195,
14457581028000,3,9.803219,-0.24330491,-0.08997487,
14457599705000,3,9.803226,-0.24291328,-0.09019757,
14457619175000,3,9.80323,-0.24317425,-0.08909108,
14457641087000,3,9.803234,-0.24312311,-0.08897826,
14457660801000,3,9.803237,-0.24227293,-0.09081308,
14457679172000,3,9.803232,-0.24269204,-0.09037235,
14457701298000,3,9.80324,-0.24246407,-0.089839265,
14457719608000,3,9.803242,-0.24187516,-0.09124854,
14457739231000,3,9.803263,-0.24058688,-0.09269699,
14457761204000,3,9.80327,-0.24011078,-0.09301497,
14457779697000,3,9.803273,-0.23980859,-0.09350714,
14457799290000,3,9.803264,-0.23986675,-0.09439269,
14457821232000,3,9.803263,-0.23982905,-0.094559275,
14457840275000,3,9.803267,-0.23939826,-0.09520868,
14457859379000,3,9.803266,-0.23948272,-0.095019296,
14457881290000,3,9.803279,-0.23914778,-0.09456863,
14457900333000,3,9.803309,-0.23806058,-0.09420389,
14457919468000,3,9.803297,-0.23778935,-0.09604163,
14457941380000,3,9.803285,-0.23812634,-0.09650281,
14457959904000,3,9.803278,-0.23779257,-0.09791794,
14457979526000,3,9.803288,-0.23753537,-0.09755261,
14458001438000,3,9.803294,-0.2370061,-0.09822774,
14458020359000,3,9.803274,-0.23764877,-0.0986369,
14458039646000,3,9.803268,-0.2379913,-0.09840485,
14458061588000,3,9.803259,-0.23844022,-0.0982856,
14458080235000,3,9.803267,-0.2382713,-0.097901575,
14458099705000,3,9.803254,-0.23872195,-0.09808102,
14458121525000,3,9.803256,-0.23876405,-0.09777123,
14458140415000,3,9.803264,-0.23845074,-0.097864166,
14458159641000,3,9.8032675,-0.23837797,-0.09757132,
14458181583000,3,9.803254,-0.23885494,-0.09779928,
14458200779000,3,9.803235,-0.23903672,-0.0990864,
14458219730000,3,9.803227,-0.2389619,-0.10008126,
14458241703000,3,9.803227,-0.23918548,-0.09964345,
14458260197000,3,9.803219,-0.23944736,-0.09980653,
14458279850000,3,9.803216,-0.24010494,-0.09849194,
14458302341000,3,9.803212,-0.24033348,-0.0982856,
14458320347000,3,9.803214,-0.2403595,-0.098066404,
14458339817000,3,9.803205,-0.24050534,-0.098615855,
14458361729000,3,9.803214,-0.24068624,-0.097498834,
14458380985000,3,9.803205,-0.24100685,-0.097387195,
14458399906000,3,9.803216,-0.24067631,-0.09714579,
14458421818000,3,9.803227,-0.24005379,-0.097444475,
14458440311000,3,9.803235,-0.24018618,-0.09638591,
14458459934000,3,9.803241,-0.23981647,-0.09668752,
14458481876000,3,9.803229,-0.23998599,-0.0975228,
14458500401000,3,9.803225,-0.24028468,-0.09716332,
14458519993000,3,9.803199,-0.24055794,-0.09902269,
14458541965000,3,9.803188,-0.24118221,-0.098618194,
14458560947000,3,9.803191,-0.24106473,-0.09872341,
14458580082000,3,9.8032,-0.24107261,-0.09772563,
14458602024000,3,9.803217,-0.24081104,-0.096799746,
14458621281000,3,9.803207,-0.24116527,-0.096776366,
14458640110000,3,9.803201,-0.2415487,-0.09658757,
14458662022000,3,9.803208,-0.24147914,-0.09579963,
14458680607000,3,9.803203,-0.24172992,-0.09577274,
14458700169000,3,9.803186,-0.24201925,-0.096673496,
14458722141000,3,9.803176,-0.2424737,-0.09670915,
14458741001000,3,9.803171,-0.2428101,-0.0963596,
14458760288000,3,9.803174,-0.24241643,-0.09705694,
14458782169000,3,9.803171,-0.24270606,-0.096685186,
14458800785000,3,9.803167,-0.24291678,-0.09650223,
14458820316000,3,9.803162,-0.24322365,-0.09626725,
14458842228000,3,9.803174,-0.24340865,-0.094506666,
14458861088000,3,9.803165,-0.2438865,-0.09409692,
14458880344000,3,9.803181,-0.24309418,-0.09460428,
14458902317000,3,9.803176,-0.24342415,-0.09426117,
14458921177000,3,9.803199,-0.24264878,-0.09386545,
14458940403000,3,9.80318,-0.24356881,-0.09356968,
14458962315000,3,9.803188,-0.2434747,-0.092882864,
14458980839000,3,9.803209,-0.24304771,-0.0917752,
14459000736000,3,9.803223,-0.24237785,-0.092104286,
14459022526000,3,9.803222,-0.24252632,-0.09188041,
14459041172000,3,9.803238,-0.24214491,-0.091070265,
14459060642000,3,9.803243,-0.24219549,-0.09043489,
14459082584000,3,9.803255,-0.24220395,-0.08909224,
14459101902000,3,9.803252,-0.2420514,-0.089857385,
14459120640000,3,9.803237,-0.24260874,-0.09000643,
14459142612000,3,9.803239,-0.24299686,-0.0886106,
14459161076000,3,9.803269,-0.24278702,-0.085824765,
14459180759000,3,9.803271,-0.24296646,-0.08507541,
14459202610000,3,9.803275,-0.24249066,-0.08602467,
14459221195000,3,9.803276,-0.24233285,-0.086323366,
14459240849000,3,9.803271,-0.24238048,-0.08666472,
14459262577000,3,9.803252,-0.24260172,-0.088197924,
14459281712000,3,9.803263,-0.24194413,-0.088754974,
14459300816000,3,9.803271,-0.24146658,-0.089287475,
14459322758000,3,9.803241,-0.24213001,-0.09070494,
14459341618000,3,9.803239,-0.24281596,-0.08905893,
14459360813000,3,9.803225,-0.24309652,-0.08997721,
14459382755000,3,9.803249,-0.24168314,-0.09112112,
14459401371000,3,9.803255,-0.24145402,-0.09107611,
14459426212000,3,9.803271,-0.24046004,-0.09201719,
14459446751000,3,9.803274,-0.2399702,-0.09304946,
14459461826000,3,9.803268,-0.24085283,-0.09115911,
14459481052000,3,9.803283,-0.24041414,-0.09086159,
14459502995000,3,9.803265,-0.24089025,-0.09149814,
14459521458000,3,9.803259,-0.24131373,-0.091027595,
14459540958000,3,9.803266,-0.24113895,-0.0907178,
14459562778000,3,9.803258,-0.24122927,-0.09138591,
14459582218000,3,9.803256,-0.24167848,-0.09026421,
14459601231000,3,9.803246,-0.24274142,-0.088709965,
14459622990000,3,9.803247,-0.2425912,-0.08872341,
14459641911000,3,9.803259,-0.24222675,-0.08856033,
14459661076000,3,9.803268,-0.24182782,-0.08864158,
14459683018000,3,9.803244,-0.24264614,-0.08908406,
14459701511000,3,9.803264,-0.24217823,-0.088147655,
14459721165000,3,9.803284,-0.24196137,-0.086520344,
14459743748000,3,9.803291,-0.24234103,-0.084688455,
14459761753000,3,9.803291,-0.24222879,-0.0848036,
14459781223000,3,9.803288,-0.24266018,-0.08389643,
14459803135000,3,9.803273,-0.24312457,-0.08440029,
14459822391000,3,9.803254,-0.24381256,-0.08459961,
14459841312000,3,9.803258,-0.24374154,-0.08446692,
14459863193000,3,9.803262,-0.24357758,-0.0844336,
14459881718000,3,9.803269,-0.24372692,-0.08306348,
14459901401000,3,9.803281,-0.24359716,-0.08203005,
14459923252000,3,9.803287,-0.24334729,-0.08208675,
14459941807000,3,9.803282,-0.24324001,-0.0830705,
14459961399000,3,9.803305,-0.24296618,-0.081214055,
14459983402000,3,9.803315,-0.24233869,-0.081854105,
14460002415000,3,9.803296,-0.24271278,-0.08283786,
14460021519000,3,9.803302,-0.24305765,-0.081270754,
14460043430000,3,9.803312,-0.24320057,-0.07959785,
14460062229000,3,9.80332,-0.24344783,-0.07783435,
14460081486000,3,9.803318,-0.24382834,-0.07685294,
14460103397000,3,9.80331,-0.24395576,-0.07734978,
14460121952000,3,9.803318,-0.2434747,-0.07787877,
14460141544000,3,9.803326,-0.24286184,-0.07893676,
14460163578000,3,9.80332,-0.24312633,-0.07865619,
14460182560000,3,9.803307,-0.24335167,-0.0798153,
14460201694000,3,9.803309,-0.24305677,-0.08026362,
14460223637000,3,9.803303,-0.24332273,-0.08030805,
14460242313000,3,9.8032875,-0.24380496,-0.080755204,
14460261784000,3,9.803294,-0.24408174,-0.07912731,
14460283726000,3,9.803285,-0.24451603,-0.078857265,
14460302586000,3,9.803276,-0.24498716,-0.07841595,
14460321812000,3,9.803288,-0.24460079,-0.0782254,
14460343693000,3,9.803269,-0.24470133,-0.08023206,
14460362614000,3,9.803272,-0.24450171,-0.08048458,
14460381870000,3,9.803268,-0.24485154,-0.07986148,
14460403812000,3,9.803285,-0.24442221,-0.07915479,
14460422276000,3,9.803271,-0.24515666,-0.07855507,
14460441898000,3,9.803299,-0.24452393,-0.07696108,
14460463810000,3,9.803305,-0.24372604,-0.07876959,
14460482426000,3,9.803309,-0.2438713,-0.077801615,
14460501987000,3,9.803316,-0.2439432,-0.07669862,
14460523869000,3,9.803307,-0.24385522,-0.078306645,
14460543644000,3,9.8033,-0.24436523,-0.07734218,
14460561954000,3,9.8032875,-0.2449138,-0.07733751,
14460583897000,3,9.803288,-0.24541064,-0.07559329,
14460602451000,3,9.803297,-0.24558833,-0.07398294,
14460622227000,3,9.803294,-0.24578767,-0.07352877,
14460644108000,3,9.803292,-0.24611178,-0.07262275,
14460662571000,3,9.803308,-0.24548225,-0.07275719,
14460682194000,3,9.803293,-0.24586482,-0.07343349,
14460704075000,3,9.803305,-0.24563977,-0.0727759,
14460723026000,3,9.803299,-0.2460501,-0.07215221,
14460742130000,3,9.803297,-0.24590398,-0.07272797,
14460764042000,3,9.803303,-0.2461711,-0.07111352,
14460782902000,3,9.8032875,-0.24666151,-0.0715484,
14460802158000,3,9.803272,-0.24731034,-0.07145488,
14460824162000,3,9.803273,-0.24716158,-0.07177403,
14460842777000,3,9.803299,-0.2461033,-0.07176234,
14460862278000,3,9.803295,-0.24639322,-0.07144962,
14460884220000,3,9.803269,-0.24683103,-0.07341478,
14460903110000,3,9.8032675,-0.24674365,-0.07385142,
14460922337000,3,9.803274,-0.24698037,-0.07214871,
14460944157000,3,9.803277,-0.24660219,-0.073093876,
14460962894000,3,9.803259,-0.24688043,-0.07456103,
14460982395000,3,9.803258,-0.24665597,-0.075385205,
14461004307000,3,9.803255,-0.24655747,-0.0761141,
14461023167000,3,9.803241,-0.24723552,-0.07574586,
14461042759000,3,9.803233,-0.24733986,-0.07646248,
14461064396000,3,9.803237,-0.24714375,-0.07664251,
14461083317000,3,9.803256,-0.24649405,-0.07627426,
14461102604000,3,9.803241,-0.24714667,-0.07608955,
14461124454000,3,9.803259,-0.24708384,-0.07393208,
14461142948000,3,9.803264,-0.24712943,-0.07303426,
14461162662000,3,9.80326,-0.24741672,-0.07259236,
14461184483000,3,9.803275,-0.24704233,-0.071935356,
14461203159000,3,9.803273,-0.24683307,-0.07282266,
14461222660000,3,9.803284,-0.24662995,-0.07217442,
14461244541000,3,9.803295,-0.24635406,-0.071426235,
14461263859000,3,9.803294,-0.24672991,-0.07045009,
14461282719000,3,9.803282,-0.2472776,-0.07003975,
14461304569000,3,9.803274,-0.24772301,-0.06954116,
14461323124000,3,9.80329,-0.24742082,-0.068498954,
14461342716000,3,9.803295,-0.2469795,-0.06919804,
14461364689000,3,9.803299,-0.24649785,-0.07054536,
14461383152000,3,9.803298,-0.24649405,-0.07051497,
14461402805000,3,9.803294,-0.24689417,-0.06986849,
14461424686000,3,9.803279,-0.24695553,-0.07159049,
14461443699000,3,9.803257,-0.24769408,-0.07209493,
14461462833000,3,9.803281,-0.2470514,-0.07097908,
14461484776000,3,9.803291,-0.24604017,-0.07324351,
14461504093000,3,9.803318,-0.24501404,-0.07269699,
14461522922000,3,9.803328,-0.2447627,-0.07261866,
14461544804000,3,9.80333,-0.24458763,-0.07274141,
14461563328000,3,9.803336,-0.24437429,-0.07259528,
14461582951000,3,9.80335,-0.24393004,-0.07233517,
14461604954000,3,9.803359,-0.24366584,-0.072063364,
14461623814000,3,9.803363,-0.24336219,-0.07250585,
14461643040000,3,9.803382,-0.24262422,-0.07223872,
14461664921000,3,9.803402,-0.24161798,-0.073095635,
14461683537000,3,9.8033905,-0.24164954,-0.0743658,
14461703037000,3,9.803421,-0.24068362,-0.07355916,
14461724979000,3,9.803426,-0.24050096,-0.07354046,
14461743839000,3,9.803436,-0.2404615,-0.07221826,
14461763126000,3,9.803434,-0.24027678,-0.07296938,
14461785038000,3,9.803436,-0.24036096,-0.07267594,
14461804020000,3,9.803449,-0.24010815,-0.07162322,
14461823215000,3,9.803458,-0.24016894,-0.06996727,
14461845097000,3,9.803465,-0.24000089,-0.06979074,
14461863590000,3,9.803463,-0.23978579,-0.070872694,
14461883244000,3,9.80348,-0.23941432,-0.069640525,
14461905125000,3,9.803483,-0.2394722,-0.069071785,
14461923801000,3,9.803472,-0.23955256,-0.07054069,
14461943272000,3,9.803465,-0.23976943,-0.07056933,
14461965183000,3,9.803445,-0.24073534,-0.07001111,
14461984470000,3,9.803465,-0.24025692,-0.068985276,
14462003422000,3,9.803484,-0.23986207,-0.06754852,
14462025272000,3,9.80351,-0.23919396,-0.06624328,
14462043766000,3,9.803507,-0.23933424,-0.066106506,
14462063389000,3,9.803494,-0.23975305,-0.06648001,
14462085331000,3,9.803498,-0.23957273,-0.06663024,
14462103855000,3,9.803498,-0.2393436,-0.06728081,
14462123478000,3,9.803508,-0.2390639,-0.0670394,
14462145328000,3,9.803531,-0.23794688,-0.06772972,
14462164371000,3,9.803528,-0.23803602,-0.06780454,
14462183506000,3,9.803515,-0.23880963,-0.06659458,
14462205479000,3,9.80353,-0.23822746,-0.066809684,
14462224277000,3,9.803512,-0.23863135,-0.067868836,
14462243626000,3,9.803534,-0.23776071,-0.067881696,
14462265568000,3,9.803567,-0.23634267,-0.06777239,
14462284031000,3,9.803574,-0.23595338,-0.068429396,
14462303684000,3,9.803584,-0.23560148,-0.06824878,
14462325596000,3,9.8035965,-0.23501463,-0.068425305,
14462344425000,3,9.803582,-0.23539223,-0.06904665,
14462363743000,3,9.803605,-0.23462562,-0.068394326,
14462385654000,3,9.8036175,-0.23394085,-0.0688596,
14462404301000,3,9.803627,-0.23385377,-0.067802206,
14462423801000,3,9.803636,-0.23329934,-0.06865443,
14462445744000,3,9.803652,-0.23286913,-0.06764087,
14462468418000,3,9.8036175,-0.23417059,-0.06810498,
14462487308000,3,9.8036175,-0.23417059,-0.06810498,
14462505772000,3,9.80361,-0.23453502,-0.06794424,
14462524631000,3,9.803607,-0.23514673,-0.066291794,
14462543858000,3,9.803607,-0.23465076,-0.06807926,
14462565830000,3,9.803612,-0.23428223,-0.06878712,
14462584232000,3,9.803604,-0.23436347,-0.06939736,
14462603886000,3,9.803605,-0.23430297,-0.069593765,
14462625797000,3,9.803616,-0.23383799,-0.06974515,
14462644474000,3,9.803613,-0.23387305,-0.06995617,
14462663975000,3,9.803599,-0.23411037,-0.070907764,
14462685947000,3,9.803578,-0.23500615,-0.070766315,
14462705173000,3,9.803609,-0.23440702,-0.06863222,
14462724033000,3,9.803614,-0.23386341,-0.06973989,
14462745975000,3,9.803593,-0.2346566,-0.07004268,
14462764500000,3,9.803612,-0.23444647,-0.06808979,
14462784092000,3,9.803611,-0.23423809,-0.06886253,
14462806004000,3,9.803596,-0.23497985,-0.06854162,
14462824528000,3,9.803583,-0.23550767,-0.068556234,
14462844120000,3,9.80359,-0.23506841,-0.06889643,
14462866093000,3,9.803602,-0.23439124,-0.069642864,
14462885105000,3,9.8036,-0.23393531,-0.071405195,
14462904240000,3,9.8035755,-0.2347095,-0.0721639,
14462926121000,3,9.803566,-0.2349553,-0.07272504,
14462944981000,3,9.803572,-0.23452626,-0.07341537,
14462964298000,3,9.80357,-0.23443566,-0.07388766,
14462986179000,3,9.803583,-0.23409897,-0.073143564,
14463004795000,3,9.803585,-0.23365416,-0.074337155,
14463024387000,3,9.803585,-0.23356384,-0.07469138,
14463046329000,3,9.803591,-0.2336638,-0.07358079,
14463065220000,3,9.803581,-0.23405719,-0.07357377,
14463084415000,3,9.803565,-0.23469958,-0.07373802,
14463106266000,3,9.803556,-0.23512803,-0.07333236,
14463124943000,3,9.803553,-0.23511165,-0.0740525,
14463144413000,3,9.803544,-0.2353443,-0.07439385,
14463166447000,3,9.803549,-0.23536827,-0.07388474,
14463185368000,3,9.803517,-0.23599488,-0.07570377,
14463204624000,3,9.803502,-0.23688626,-0.07500117,
14463226597000,3,9.803494,-0.23760991,-0.073723406,
14463245457000,3,9.803498,-0.23747781,-0.073731005,
14463264591000,3,9.803489,-0.23781507,-0.073740944,
14463286533000,3,9.80346,-0.23905776,-0.073700614,
14463305088000,3,9.803462,-0.2391846,-0.0730705,
14463324711000,3,9.803489,-0.23826896,-0.07220774,
14463346683000,3,9.803492,-0.23830402,-0.07165303,
14463365269000,3,9.803488,-0.23877925,-0.070784435,
14463384708000,3,9.803481,-0.23880087,-0.0716279,
14463406620000,3,9.803498,-0.23806524,-0.07184242,
14463426334000,3,9.803508,-0.23737435,-0.07276362,
14463444736000,3,9.803508,-0.23725276,-0.07317454,
14463466679000,3,9.803489,-0.23771717,-0.07418752,
14463485172000,3,9.803483,-0.23791678,-0.074241295,
14463504826000,3,9.80348,-0.23772973,-0.0752911,
14463526768000,3,9.803464,-0.23858663,-0.07457798,
14463545292000,3,9.80345,-0.23926556,-0.074386254,
14463564854000,3,9.803455,-0.23934302,-0.07344401,
14463586887000,3,9.803472,-0.23863953,-0.07353636,
14463605839000,3,9.803467,-0.23876579,-0.07363164,
14463624882000,3,9.803457,-0.23863223,-0.07534546,
14463646793000,3,9.803452,-0.23897067,-0.07505261,
14463665714000,3,9.803466,-0.23872459,-0.07414777,
14463684940000,3,9.80347,-0.23815468,-0.07517478,
14463706882000,3,9.803475,-0.23778965,-0.07584113,
14463725437000,3,9.803485,-0.23684272,-0.07735212,
14463745060000,3,9.803478,-0.23658349,-0.07883973,
14463766941000,3,9.803486,-0.23713382,-0.07633272,
14463785862000,3,9.803503,-0.23613515,-0.077179104,
14463805271000,3,9.803498,-0.23605478,-0.07799626,
14463827152000,3,9.803506,-0.23631343,-0.0764239,
14463845798000,3,9.803506,-0.23598582,-0.07746084,
14463865330000,3,9.803496,-0.23661943,-0.07674129,
14463887272000,3,9.803506,-0.23657355,-0.07562369,
14463906162000,3,9.8034935,-0.2369833,-0.075914785,
14463925388000,3,9.803483,-0.23711744,-0.07670973,
14463947208000,3,9.803488,-0.23713294,-0.076024674,
14463966190000,3,9.803458,-0.23851475,-0.07560791,
14463985447000,3,9.803442,-0.23895255,-0.07633739,
14464007267000,3,9.80343,-0.23947366,-0.07621873,
14464025761000,3,9.803433,-0.23956396,-0.07548282,
14464045383000,3,9.803442,-0.23931758,-0.07518413,
14464067203000,3,9.803453,-0.2393398,-0.0735615,
14464085880000,3,9.803435,-0.24031448,-0.0728589,
14464105320000,3,9.80344,-0.24027036,-0.07229367,
14464127323000,3,9.803456,-0.23945816,-0.07282325,
14464146549000,3,9.8034725,-0.23880789,-0.07298867,
14464165440000,3,9.803459,-0.23891777,-0.07410627,
14464187351000,3,9.803455,-0.23899844,-0.07455811,
14464205906000,3,9.803467,-0.23895372,-0.07320435,
14464225529000,3,9.803476,-0.23848552,-0.07326514,
14464247440000,3,9.803472,-0.23833208,-0.07449205,
14464265995000,3,9.803474,-0.23848815,-0.07356091,
14464285587000,3,9.803473,-0.23860769,-0.073224224,
14464307499000,3,9.803458,-0.23886926,-0.07448212,
14464326511000,3,9.803431,-0.23956133,-0.07586685,
14464345646000,3,9.803418,-0.23967093,-0.077215925,
14464367496000,3,9.803408,-0.24004619,-0.07743512,
14464386845000,3,9.803374,-0.24096331,-0.07871815,
14464405613000,3,9.803372,-0.24110915,-0.078432314,
14464427586000,3,9.803386,-0.24061114,-0.078366265,
14464446171000,3,9.803379,-0.24064942,-0.07902385,
14464465733000,3,9.803395,-0.24035658,-0.07798633,
14464487583000,3,9.803391,-0.24039222,-0.078302555,
14464506504000,3,9.803383,-0.24097997,-0.07744097,
14464525791000,3,9.803383,-0.24114189,-0.0770622,
14464547642000,3,9.803377,-0.24118163,-0.077717446,
14464566318000,3,9.803362,-0.24171266,-0.07780688,
14464585819000,3,9.803351,-0.24229427,-0.0773568,
14464607761000,3,9.80333,-0.24347441,-0.07637831,
14464626621000,3,9.803316,-0.24414544,-0.076002456,
14464645847000,3,9.80331,-0.24438949,-0.076034606,
14464667820000,3,9.803296,-0.2451213,-0.075492755,
14464686710000,3,9.803284,-0.24579585,-0.07501695,
14464705906000,3,9.803291,-0.24557227,-0.07476678,
14464727848000,3,9.803276,-0.2458429,-0.07571663,
14464746494000,3,9.803262,-0.24602702,-0.07694588,
14464766026000,3,9.803281,-0.2452879,-0.07697861,
14464787937000,3,9.80328,-0.24507308,-0.077805124,
14464806614000,3,9.803291,-0.24442601,-0.078350484,
14464826084000,3,9.80329,-0.24424277,-0.07908172,
14464848026000,3,9.803287,-0.24439065,-0.078892924,
14464867252000,3,9.803284,-0.24455169,-0.07904782,
14464886173000,3,9.803277,-0.24500908,-0.07820494,
14464908054000,3,9.803299,-0.24452421,-0.07699264,
14464926609000,3,9.803296,-0.24473903,-0.07679215,
14464946201000,3,9.803277,-0.24583589,-0.075492755,
14464968113000,3,9.803279,-0.24559535,-0.075996615,
14464986668000,3,9.803288,-0.24508536,-0.07673369,
14465006260000,3,9.80329,-0.24522536,-0.07583529,
14465028233000,3,9.803287,-0.24586569,-0.074300334,
14465047214000,3,9.803276,-0.24615416,-0.07459493,
14465066257000,3,9.803292,-0.24567251,-0.07406419,
14465088169000,3,9.803301,-0.24509734,-0.0751286,
14465107029000,3,9.803292,-0.24516866,-0.07581951,
14465126316000,3,9.803305,-0.24472967,-0.07569675,
14465148258000,3,9.803314,-0.24460809,-0.07472587,
14465166782000,3,9.803326,-0.24459787,-0.0732365,
14465186375000,3,9.803335,-0.24442689,-0.072566055,
14465208317000,3,9.8033495,-0.24416678,-0.07159633,
14465227268000,3,9.803367,-0.24350159,-0.07147183,
14465246433000,3,9.80338,-0.24275896,-0.07209259,
14465268345000,3,9.8034,-0.24208441,-0.07180676,
14465286991000,3,9.803386,-0.2426555,-0.07157704,
14465306492000,3,9.803401,-0.2424588,-0.07015549,
14465328434000,3,9.803397,-0.24282764,-0.06941373,
14465347752000,3,9.8034115,-0.24250498,-0.06873802,
14465366550000,3,9.803409,-0.24255438,-0.06877368,
14465388462000,3,9.80343,-0.24239977,-0.06652619,
14465407413000,3,9.803434,-0.2424097,-0.06583645,
14465426670000,3,9.803458,-0.24153204,-0.06525135,
14465448582000,3,9.803462,-0.24116117,-0.0661293,
14465467075000,3,9.803468,-0.2412772,-0.06477964,
14465486668000,3,9.803472,-0.24152298,-0.06335516,
14465508610000,3,9.803491,-0.24111557,-0.061983872,
14465527287000,3,9.803484,-0.2412956,-0.06234686,
14465546757000,3,9.803488,-0.2407073,-0.0640484,
14465568668000,3,9.803519,-0.23886167,-0.06609832,
14465587925000,3,9.803529,-0.23860243,-0.065615505,
14465606815000,3,9.803519,-0.23888943,-0.06575228,
14465628727000,3,9.803514,-0.23918724,-0.06574761,
14465647251000,3,9.803518,-0.23889965,-0.06603987,
14465666935000,3,9.80352,-0.23839054,-0.06748422,
14465688786000,3,9.803529,-0.23796324,-0.06792729,
14465707340000,3,9.803542,-0.23704322,-0.069032036,
14465726902000,3,9.803548,-0.23724867,-0.0676362,
14465748844000,3,9.803556,-0.2367299,-0.06819851,
14465767857000,3,9.803555,-0.23613107,-0.07054186,
14465786991000,3,9.803548,-0.23625585,-0.07093699,
14465808903000,3,9.803548,-0.23591888,-0.07217735,
14465827793000,3,9.803549,-0.23542671,-0.07334639,
14465847080000,3,9.803534,-0.23568098,-0.07461656,
14465868870000,3,9.803523,-0.23615094,-0.07466566,
14465887485000,3,9.803506,-0.23682722,-0.07469313,
14465907078000,3,9.803489,-0.23757455,-0.07452654,
14465928928000,3,9.803492,-0.23792087,-0.07323884,
14465947880000,3,9.803482,-0.23859073,-0.07224574,
14465967136000,3,9.803475,-0.23883097,-0.07237726,
14465989078000,3,9.8034725,-0.23858927,-0.07360709,
14466007664000,3,9.803485,-0.23847441,-0.0722434,
14466027195000,3,9.803516,-0.23724341,-0.07208032,
14466049107000,3,9.803513,-0.23715048,-0.07275778,
14466067966000,3,9.803504,-0.23733547,-0.07321429,
14466087254000,3,9.80348,-0.23867431,-0.07231121,
14466109165000,3,9.803481,-0.23881811,-0.07169512,
14466128086000,3,9.803463,-0.2394041,-0.072031215,
14466147312000,3,9.803456,-0.2396531,-0.07203531,
14466169224000,3,9.803472,-0.23884033,-0.07294132,
14466187778000,3,9.80348,-0.23873395,-0.0721791,
14466207371000,3,9.8034725,-0.23879327,-0.072650224,
14466229282000,3,9.803488,-0.2380521,-0.073133625,
14466247959000,3,9.803491,-0.23819238,-0.072436295,
14466267399000,3,9.803499,-0.23792116,-0.072041154,
14466289310000,3,9.803478,-0.2392454,-0.0704419,
14466309055000,3,9.803462,-0.23999213,-0.07043723,
14466327457000,3,9.803466,-0.2395777,-0.07112112,
14466349400000,3,9.8034935,-0.2383017,-0.07163316,
14466367954000,3,9.803498,-0.23787469,-0.07240941,
14466387577000,3,9.803484,-0.23809594,-0.07346447,
14466409458000,3,9.803466,-0.23876171,-0.07380816,
14466428013000,3,9.803458,-0.23902562,-0.07399813,
14466447636000,3,9.803465,-0.23856385,-0.07456863,
14466469517000,3,9.803458,-0.23882923,-0.07456687,
14466488560000,3,9.803456,-0.23923282,-0.073642746,
14466507694000,3,9.803458,-0.23947248,-0.072481886,
14466529545000,3,9.803465,-0.23910658,-0.07284721,
14466548405000,3,9.8034525,-0.2396344,-0.07292495,
14466567722000,3,9.803442,-0.23991643,-0.073127195,
14466589634000,3,9.803434,-0.23998219,-0.07387304,
14466608189000,3,9.803418,-0.24062574,-0.07413375,
14466627781000,3,9.803426,-0.24012452,-0.07470365,
14466649723000,3,9.803431,-0.23968057,-0.075512044,
14466668583000,3,9.803433,-0.23960225,-0.075402156,
14466687809000,3,9.80343,-0.23993309,-0.07475217,
14466709782000,3,9.803443,-0.23954175,-0.074267015,
14466728519000,3,9.803441,-0.2397779,-0.0738181,
14466747868000,3,9.803429,-0.24012452,-0.074319035,
14466769810000,3,9.803407,-0.24093525,-0.07461013,
14466788670000,3,9.8033905,-0.24149756,-0.07501988,
14466807957000,3,9.8033905,-0.24215311,-0.07282032,
14466829899000,3,9.803414,-0.2414736,-0.071964584,
14466848759000,3,9.803418,-0.24106033,-0.07268354,
14466867985000,3,9.803434,-0.24094431,-0.07074644,
14466889896000,3,9.803427,-0.24120823,-0.0710878,
14466908421000,3,9.803413,-0.2414505,-0.072002575,
14466928074000,3,9.803401,-0.24231385,-0.070735335,
14466950077000,3,9.80339,-0.24304216,-0.06984686,
14466968723000,3,9.803393,-0.24302053,-0.06921382,
14466988193000,3,9.8033905,-0.24286154,-0.07036182,
14467010136000,3,9.803382,-0.24244916,-0.07292262,
14467029331000,3,9.803384,-0.24235564,-0.07291034,
14467048191000,3,9.803379,-0.24218525,-0.074293904,
14467070042000,3,9.803388,-0.24171734,-0.07465865,
14467088596000,3,9.803395,-0.2412392,-0.07514087,
14467108219000,3,9.803398,-0.24146862,-0.07398937,
14467130131000,3,9.803394,-0.241473,-0.07447452,
14467148685000,3,9.803398,-0.24091713,-0.07573709,
14467168339000,3,9.803388,-0.24152884,-0.07517945,
14467190189000,3,9.803379,-0.24216451,-0.07434183,
14467209232000,3,9.80337,-0.24235651,-0.07474983,
14467228336000,3,9.803357,-0.24314708,-0.07369769,
14467250309000,3,9.803351,-0.24318011,-0.07454466,
14467269596000,3,9.803321,-0.24407852,-0.07568857,
14467288395000,3,9.803322,-0.24407764,-0.07559505,
14467310368000,3,9.803308,-0.24451165,-0.075977325,
14467328892000,3,9.803292,-0.24466363,-0.07744155,
14467348484000,3,9.803308,-0.24390726,-0.07780688,
14467370396000,3,9.803309,-0.24452539,-0.07570143,
14467389255000,3,9.803322,-0.24403292,-0.07566519,
14467408512000,3,9.803341,-0.24372868,-0.074285135,
14467430454000,3,9.803361,-0.24312837,-0.07355156,
14467449070000,3,9.803359,-0.24336745,-0.073118426,
14467468571000,3,9.80334,-0.24428105,-0.0725795,
14467490543000,3,9.803369,-0.24351065,-0.07109248,
14467509342000,3,9.803372,-0.24356297,-0.07048223,
14467528599000,3,9.803359,-0.24398908,-0.07072715,
14467550755000,3,9.803382,-0.24353053,-0.06932196,
14467569462000,3,9.803376,-0.24365036,-0.06951485,
14467588718000,3,9.8033905,-0.24324001,-0.06914251,
14467610569000,3,9.803382,-0.24332039,-0.07007424,
14467629063000,3,9.803371,-0.24404462,-0.06888182,
14467648716000,3,9.803364,-0.24454263,-0.06812135,
14467670658000,3,9.80336,-0.24440761,-0.06919804,
14467689335000,3,9.803364,-0.24476124,-0.06748305,
14467708805000,3,9.8033495,-0.24510698,-0.06815993,
14467730717000,3,9.803335,-0.24527386,-0.06984218,
14467750065000,3,9.80333,-0.24534781,-0.06992811,
14467768864000,3,9.803335,-0.24508302,-0.07045476,
14467790775000,3,9.803327,-0.24563861,-0.069708325,
14467809330000,3,9.803302,-0.24659869,-0.06980594,
14467828922000,3,9.803289,-0.24686523,-0.07047873,
14467850895000,3,9.803278,-0.24712008,-0.07119418,
14467869389000,3,9.80325,-0.24809769,-0.07158172,
14467888981000,3,9.803241,-0.24838468,-0.071959905,
14467910923000,3,9.803237,-0.24792263,-0.07390578,
14467929966000,3,9.803241,-0.24761897,-0.07443594,
14467949070000,3,9.803267,-0.24679449,-0.0739239,
14467970951000,3,9.803263,-0.24712446,-0.073138885,
14467989811000,3,9.803251,-0.24793577,-0.07204349,
14468009129000,3,9.803281,-0.24706922,-0.07094693,
14468031010000,3,9.803271,-0.24712066,-0.071960494,
14468049534000,3,9.803254,-0.24762627,-0.07263269,
14468069157000,3,9.803231,-0.24883886,-0.07165771,
14468091099000,3,9.80322,-0.2494608,-0.07106325,
14468109959000,3,9.803219,-0.24961832,-0.070687406,
14468129185000,3,9.803238,-0.24901685,-0.07006547,
14468151127000,3,9.803239,-0.24894583,-0.070163086,
14468169743000,3,9.803256,-0.24836452,-0.06990648,
14468189335000,3,9.803268,-0.24785423,-0.070181206,
14468211307000,3,9.803262,-0.2481272,-0.06998948,
14468230656000,3,9.803271,-0.24776159,-0.0698568,
14468249393000,3,9.803272,-0.24781771,-0.06950199,
14468271336000,3,9.803272,-0.24842882,-0.06719313,
14468290256000,3,9.803264,-0.24878684,-0.06723814,
14468309391000,3,9.803253,-0.24912089,-0.06753157,
14468331333000,3,9.803258,-0.24912587,-0.0669564,
14468349796000,3,9.803276,-0.2483619,-0.06690554,
14468369419000,3,9.803257,-0.24893121,-0.0677268,
14468391300000,3,9.803247,-0.24961248,-0.066663556,
14468410068000,3,9.803273,-0.24878304,-0.06592647,
14468429478000,3,9.803276,-0.2484224,-0.06684709,
14468451420000,3,9.803277,-0.24850276,-0.066205285,
14468470646000,3,9.803264,-0.24863428,-0.06776772,
14468489536000,3,9.803266,-0.24850248,-0.0681459,
14468511478000,3,9.803263,-0.24889235,-0.06699381,
14468530247000,3,9.803261,-0.24893267,-0.06710954,
14468549595000,3,9.803266,-0.24829584,-0.0687766,
14468571598000,3,9.803279,-0.24757864,-0.069584996,
14468590122000,3,9.803279,-0.24736908,-0.07007307,
14468609623000,3,9.803295,-0.24639264,-0.071385905,
14468631535000,3,9.803326,-0.24499242,-0.07210662,
14468650822000,3,9.803318,-0.2449249,-0.073125444,
14468669712000,3,9.803317,-0.24443127,-0.07493921,
14468691654000,3,9.803317,-0.24390054,-0.07691139,
14468710514000,3,9.8032875,-0.24500556,-0.0769488,
14468729801000,3,9.803292,-0.24509998,-0.075918876,
14468751743000,3,9.803307,-0.2442869,-0.07696634,
14468770298000,3,9.803291,-0.24477848,-0.077191375,
14468789829000,3,9.803279,-0.2454235,-0.07675474,
14468811832000,3,9.8032875,-0.24538141,-0.07579613,
14468830845000,3,9.803292,-0.24513008,-0.075964466,
14468850224000,3,9.803291,-0.24513504,-0.076097734,
14468872074000,3,9.803281,-0.24616322,-0.07407588,
14468890690000,3,9.803306,-0.2452347,-0.073770754,
14468910099000,3,9.803323,-0.24428807,-0.0748001,
14468931950000,3,9.8033285,-0.2443284,-0.073681325,
14468951267000,3,9.803326,-0.24464755,-0.073129535,
14468970097000,3,9.80333,-0.24498804,-0.071384735,
14468991978000,3,9.803319,-0.24541327,-0.07145137,
14469010838000,3,9.803313,-0.24572015,-0.07107669,
14469030094000,3,9.803303,-0.24611266,-0.071287125,
14469052006000,3,9.803286,-0.24677229,-0.071442604,
14469070499000,3,9.803302,-0.2459335,-0.07204875,
14469090153000,3,9.803304,-0.2460203,-0.07144845,
14469112186000,3,9.803333,-0.24510144,-0.07053893,
14469130833000,3,9.80335,-0.24428485,-0.0709329,
14469150303000,3,9.803337,-0.24475452,-0.07118951,
14469172337000,3,9.803318,-0.2453335,-0.071994975,
14469192051000,3,9.803322,-0.24500294,-0.07240181,
14469210422000,3,9.803325,-0.24468642,-0.073047705,
14469232395000,3,9.803344,-0.24428369,-0.071937695,
14469250919000,3,9.803353,-0.24408582,-0.07123393,
14469270481000,3,9.803349,-0.24401714,-0.07209259,
14469292423000,3,9.80336,-0.24397302,-0.07065292,
14469311008000,3,9.80337,-0.24390112,-0.06958675,
14469330601000,3,9.803365,-0.24410014,-0.06950784,
14469352512000,3,9.803356,-0.24467853,-0.06875556,
14469371494000,3,9.803362,-0.24424891,-0.06940964,
14469390629000,3,9.803359,-0.24415158,-0.070134446,
14469412540000,3,9.803367,-0.24397476,-0.0697697,
14469431400000,3,9.803362,-0.24392246,-0.070798464,
14469450687000,3,9.803372,-0.24345513,-0.07068156,
14469473026000,3,9.803379,-0.24298868,-0.07150573,
14469491184000,3,9.8033905,-0.24253684,-0.071418054,
14469510685000,3,9.803398,-0.24246085,-0.07068857,
14469532627000,3,9.803392,-0.24260288,-0.07104104,
14469551426000,3,9.803402,-0.24254386,-0.06991466,
14469570591000,3,9.8033905,-0.24274932,-0.070808984,
14469592686000,3,9.803408,-0.2419082,-0.07113339,
14469611149000,3,9.80343,-0.24121611,-0.07035656,
14469630680000,3,9.803454,-0.23991673,-0.07163667,
14469652805000,3,9.803484,-0.23918432,-0.0698983,
14469671452000,3,9.803509,-0.2381614,-0.07006021,
14469690708000,3,9.803524,-0.23741409,-0.07039631,
14469712650000,3,9.803531,-0.23703298,-0.07056465,
14469731510000,3,9.803534,-0.2366206,-0.07172961,
14469750767000,3,9.803531,-0.23688072,-0.071301736,
14469772678000,3,9.803532,-0.2365414,-0.07230127,
14469791203000,3,9.803522,-0.23639995,-0.07408348,
14469810825000,3,9.803486,-0.2378367,-0.07419629,
14469832767000,3,9.803479,-0.23843,-0.073083945,
14469851475000,3,9.803468,-0.23872985,-0.073687755,
14469870884000,3,9.803465,-0.23903409,-0.07319266,
14469892887000,3,9.803467,-0.23899172,-0.07295593,
14469912083000,3,9.803457,-0.23887013,-0.07455285,
14469930973000,3,9.803425,-0.23999651,-0.075344875,
14469953403000,3,9.803402,-0.24084815,-0.075429045,
14469971378000,3,9.803399,-0.2408768,-0.0757441,
14469991032000,3,9.803399,-0.24048108,-0.07702187,
14470012913000,3,9.803401,-0.24020314,-0.07759412,
14470031437000,3,9.803381,-0.24098523,-0.077694654,
14470051060000,3,9.80339,-0.24064094,-0.077668935,
14470073002000,3,9.803379,-0.24098259,-0.07810499,
14470092106000,3,9.803383,-0.24080637,-0.078206696,
14470111210000,3,9.803364,-0.24160774,-0.07801672,
14470133182000,3,9.803335,-0.24241,-0.07915186,
14470152439000,3,9.803331,-0.24197073,-0.0809896,
14470171452000,3,9.803331,-0.24197073,-0.0809896,
14470193302000,3,9.803334,-0.24153906,-0.081842415,
14470211704000,3,9.803318,-0.24205461,-0.082357965,
14470231297000,3,9.803312,-0.24208559,-0.08286241,
14470253391000,3,9.803303,-0.24186873,-0.08458324,
14470272068000,3,9.803306,-0.2418512,-0.08429507,
14470291325000,3,9.8033085,-0.24196284,-0.08363105,
14470313236000,3,9.803295,-0.24255116,-0.0836293,
14470331821000,3,9.803302,-0.24260844,-0.08256839,
14470351383000,3,9.803278,-0.24333529,-0.08331541,
14470373264000,3,9.803291,-0.24319881,-0.08199147,
14470392155000,3,9.803304,-0.24281478,-0.081716165,
14470411411000,3,9.803302,-0.24262218,-0.08249065,
14470433353000,3,9.803299,-0.24243777,-0.08334581,
14470452213000,3,9.803309,-0.24267712,-0.08146248,
14470471470000,3,9.803323,-0.24241468,-0.08071955,
14470493412000,3,9.803312,-0.24277708,-0.08093349,
14470512760000,3,9.803319,-0.24215865,-0.081834234,
14470531559000,3,9.803329,-0.24213731,-0.08055881,
14470553471000,3,9.803319,-0.24218555,-0.081772275,
14470572178000,3,9.803312,-0.24239247,-0.081964,
14470591618000,3,9.803313,-0.24258856,-0.08127251,
14470613560000,3,9.803327,-0.24198563,-0.08147651,
14470632816000,3,9.803313,-0.2421268,-0.08270225,
14470651737000,3,9.803292,-0.24279374,-0.08321546,
14470673740000,3,9.803276,-0.24333647,-0.08354513,
14470692509000,3,9.803283,-0.24283262,-0.084106855,
14470711704000,3,9.803295,-0.2426251,-0.08331366,
14470733646000,3,9.803276,-0.24270898,-0.085348964,
14470752140000,3,9.80327,-0.24257864,-0.0862766,
14470771763000,3,9.803257,-0.24342619,-0.08542027,
14470793705000,3,9.803248,-0.24338673,-0.0864239,
14470812656000,3,9.803259,-0.24311903,-0.08603695,
14470831821000,3,9.803253,-0.24321927,-0.086340316,
14470853855000,3,9.803262,-0.24328971,-0.0852759,
14470872715000,3,9.803252,-0.24337447,-0.08617256,
14470891972000,3,9.803254,-0.24371085,-0.08492928,
14470913822000,3,9.803271,-0.24326399,-0.08414894,
14470932346000,3,9.803273,-0.24357115,-0.08308569,
14470951969000,3,9.803254,-0.24424745,-0.08332126,
14470973881000,3,9.803258,-0.24469928,-0.08166706,
14470992893000,3,9.803287,-0.24359453,-0.08147768,
14471012028000,3,9.803266,-0.24403878,-0.08275194,
14471033939000,3,9.803258,-0.24448183,-0.08216975,
14471052647000,3,9.803253,-0.24494274,-0.081342064,
14471072117000,3,9.803247,-0.2452385,-0.081124626,
14471094028000,3,9.80327,-0.24464199,-0.08023031,
14471113285000,3,9.80328,-0.24409372,-0.08083002,
14471132236000,3,9.803258,-0.24465427,-0.08162965,
14471154118000,3,9.803276,-0.24398908,-0.08149112,
14471173038000,3,9.803267,-0.24428777,-0.081837155,
14471192203000,3,9.803269,-0.24456017,-0.08073767,
14471214146000,3,9.803283,-0.243985,-0.08076573,
14471232609000,3,9.803296,-0.24374416,-0.07991058,
14471252232000,3,9.803309,-0.24366175,-0.07853753,
14471274113000,3,9.803318,-0.24300095,-0.07933833,
14471293583000,3,9.803321,-0.24294952,-0.07930033,
14471312260000,3,9.803303,-0.2436071,-0.07933073,
14471334202000,3,9.803322,-0.24304654,-0.07875264,
14471353489000,3,9.803326,-0.24249388,-0.07985914,
14471372379000,3,9.803343,-0.24187955,-0.07982348,
14471394291000,3,9.803335,-0.24189474,-0.08070143,
14471412754000,3,9.803321,-0.24257162,-0.08028934,
14471432438000,3,9.803296,-0.24379648,-0.07963292,
14471454380000,3,9.8033085,-0.24297903,-0.08064181,
14471472904000,3,9.803314,-0.24232203,-0.081848264,
14471492496000,3,9.803305,-0.24253362,-0.08247838,
14471514347000,3,9.803307,-0.24232087,-0.082858905,
14471533421000,3,9.803333,-0.24070027,-0.08427578,
14471552555000,3,9.80333,-0.2403975,-0.08546879,
14471574528000,3,9.80332,-0.2406316,-0.08605448,
14471599400000,3,9.803365,-0.23966713,-0.08365385,
14471612644000,3,9.803358,-0.23986791,-0.08384207,
14471634556000,3,9.803369,-0.2395172,-0.08372808,
14471653019000,3,9.803364,-0.23958676,-0.08385493,
14471672611000,3,9.803341,-0.24063598,-0.0836971,
14471694584000,3,9.803338,-0.24101621,-0.08297639,
14471713444000,3,9.803325,-0.24162206,-0.08275018,
14471732700000,3,9.803316,-0.24220455,-0.08203122,
14471754612000,3,9.8033285,-0.24200813,-0.081124626,
14471773228000,3,9.803312,-0.2426064,-0.081167296,
14471792759000,3,9.803332,-0.24210107,-0.0803402,
14471814671000,3,9.803338,-0.24189503,-0.08034721,
14471833500000,3,9.803343,-0.24144232,-0.081155606,
14471852818000,3,9.803351,-0.24117841,-0.08082243,
14471874760000,3,9.803349,-0.24115913,-0.081261404,
14471893711000,3,9.803346,-0.24167438,-0.080070734,
14471912815000,3,9.803326,-0.24221857,-0.08076397,
14471934727000,3,9.80331,-0.24309097,-0.08021511,
14471953617000,3,9.8033,-0.24374534,-0.07928105,
14471973057000,3,9.803281,-0.24458355,-0.07912965,
14471994907000,3,9.803292,-0.244087,-0.07927228,
14472013523000,3,9.803284,-0.24443449,-0.07921675,
14472032993000,3,9.803274,-0.2448834,-0.07901333,
14472054874000,3,9.803282,-0.24449235,-0.07928455,
14472074589000,3,9.8033,-0.24389966,-0.07882921,
14472092991000,3,9.803305,-0.24371319,-0.07892273,
14472114933000,3,9.803317,-0.24355859,-0.07785481,
14472133457000,3,9.803326,-0.24329993,-0.07745734,
14472153110000,3,9.803358,-0.24237113,-0.07621055,
14472174961000,3,9.803369,-0.2418056,-0.07669278,
14472193516000,3,9.803378,-0.24114715,-0.07758301,
14472213108000,3,9.803392,-0.24019817,-0.07872692,
14472235020000,3,9.803409,-0.23904988,-0.08005495,
14472254063000,3,9.803406,-0.23876405,-0.08143851,
14472273228000,3,9.803411,-0.23859833,-0.081260815,
14472295109000,3,9.803422,-0.2381693,-0.08115093,
14472313908000,3,9.803421,-0.23793636,-0.08202596,
14472333225000,3,9.803427,-0.23723581,-0.08316051,
14472355167000,3,9.803439,-0.23671062,-0.083412446,
14472373692000,3,9.803446,-0.23621581,-0.08392683,
14472393284000,3,9.803444,-0.23569122,-0.085832365,
14472415226000,3,9.803445,-0.23503917,-0.08723288,
14472434116000,3,9.80343,-0.23544893,-0.08782208,
14472453342000,3,9.803422,-0.23580344,-0.0878022,
14472475254000,3,9.803433,-0.23604164,-0.08602584,
14472493900000,3,9.803456,-0.23541707,-0.08508944,
14472513370000,3,9.80344,-0.2359747,-0.085279405,
14472535313000,3,9.803421,-0.2368737,-0.08495266,
14472554234000,3,9.803416,-0.23720366,-0.084672086,
14472573887000,3,9.803395,-0.2382485,-0.08421441,
14472595432000,3,9.803385,-0.23885435,-0.08365502,
14472614475000,3,9.803393,-0.23866467,-0.08311843,
14472633518000,3,9.803395,-0.23936056,-0.08088439,
14472655460000,3,9.803424,-0.23863925,-0.07964461,
14472674046000,3,9.803427,-0.23857553,-0.07936931,
14472693607000,3,9.803458,-0.23776889,-0.07794015,
14472715610000,3,9.803444,-0.23809622,-0.078801736,
14472734287000,3,9.8034525,-0.23805618,-0.07763269,
14472753635000,3,9.803449,-0.23846301,-0.07689503,
14472775578000,3,9.803421,-0.23943946,-0.07749884,
14472794834000,3,9.803415,-0.23997459,-0.076494046,
14472813724000,3,9.803418,-0.23985739,-0.076503396,
14472835636000,3,9.803419,-0.23940966,-0.077823244,
14472854099000,3,9.8034315,-0.23903818,-0.07743512,
14472873753000,3,9.803423,-0.23906916,-0.07846446,
14472895695000,3,9.803409,-0.2394418,-0.07899112,
14472914249000,3,9.803418,-0.23914164,-0.07871757,
14472933872000,3,9.803419,-0.23891982,-0.07932313,
14472955784000,3,9.803418,-0.23920624,-0.07868834,
14472974796000,3,9.803424,-0.23864539,-0.07962123,
14472993931000,3,9.80341,-0.23846272,-0.08193828,
14473015751000,3,9.803386,-0.23945408,-0.08186755,
14473035130000,3,9.803377,-0.23983021,-0.08157646,
14473053959000,3,9.803386,-0.23958647,-0.08130641,
14473075870000,3,9.803383,-0.23983431,-0.08101824,
14473094364000,3,9.8033695,-0.24024318,-0.08145254,
14473113987000,3,9.803383,-0.23990153,-0.08085867,
14473135929000,3,9.803385,-0.23991731,-0.080702014,
14473154819000,3,9.803363,-0.24033816,-0.081882164,
14473174076000,3,9.803371,-0.24022067,-0.08134557,
14473195988000,3,9.803349,-0.24100831,-0.081739545,
14473214573000,3,9.803337,-0.24139906,-0.081799164,
14473234074000,3,9.803346,-0.24164808,-0.08023381,
14473256016000,3,9.803333,-0.24201515,-0.080677465,
14473274906000,3,9.803321,-0.24234015,-0.08107085,
14473294163000,3,9.803323,-0.24200141,-0.08194938,
14473315983000,3,9.803318,-0.24179333,-0.08303601,
14473334965000,3,9.803333,-0.24162264,-0.081787474,
14473354313000,3,9.8033495,-0.24137188,-0.08049334,
14473376041000,3,9.803355,-0.24125557,-0.08016367,
14473394627000,3,9.803351,-0.24188247,-0.0787427,
14473414249000,3,9.803341,-0.24222267,-0.07881752,
14473436192000,3,9.803339,-0.24189621,-0.08016542,
14473454838000,3,9.803346,-0.24131694,-0.08112521,
14473474308000,3,9.803342,-0.2416022,-0.080726564,
14473496220000,3,9.803326,-0.242576,-0.07987843,
14473515507000,3,9.80332,-0.2425193,-0.080592126,
14473534428000,3,9.803325,-0.24188013,-0.08200024,
14473556278000,3,9.803325,-0.24178544,-0.08215572,
14473574802000,3,9.803307,-0.24240561,-0.08251812,
14473594395000,3,9.803294,-0.24298605,-0.08221242,
14473616337000,3,9.803284,-0.24368922,-0.08159634,
14473634891000,3,9.803273,-0.24351884,-0.08314532,
14473654484000,3,9.803267,-0.24343057,-0.08434359,
14473676426000,3,9.803268,-0.24323125,-0.084614225,
14473695438000,3,9.803255,-0.24317747,-0.08635902,
14473714664000,3,9.803255,-0.2431316,-0.08655308,
14473736546000,3,9.803266,-0.24258156,-0.08687165,
14473755375000,3,9.803269,-0.24217503,-0.08743513,
14473774662000,3,9.803274,-0.24232905,-0.08658055,
14473796543000,3,9.803279,-0.2426707,-0.08499416,
14473815159000,3,9.803288,-0.24293402,-0.08312778,
14473834690000,3,9.803287,-0.24297698,-0.08333237,
14473856602000,3,9.803292,-0.24279024,-0.082957104,
14473875553000,3,9.8033,-0.24264292,-0.08272213,
14473894779000,3,9.803296,-0.24265374,-0.08301263,
14473916691000,3,9.803311,-0.2425985,-0.08143793,
14473935337000,3,9.803307,-0.24302404,-0.08070377,
14473954807000,3,9.803317,-0.24278498,-0.08017536,
14473976749000,3,9.803298,-0.2428931,-0.08200375,
14473996098000,3,9.803304,-0.24288404,-0.08148644,
14474014866000,3,9.803292,-0.24323095,-0.081824295,
14474036808000,3,9.803304,-0.24322161,-0.08052023,
14474055668000,3,9.803307,-0.2431465,-0.08049159,
14474074894000,3,9.803307,-0.24323183,-0.08015432,
14474096806000,3,9.80329,-0.24344373,-0.08156068,
14474115360000,3,9.803279,-0.24366876,-0.08217326,
14474134983000,3,9.803274,-0.24316813,-0.084026195,
14474156986000,3,9.803279,-0.24334115,-0.08313304,
14474175663000,3,9.803294,-0.24257922,-0.08345161,
14474195103000,3,9.803311,-0.24189708,-0.08361995,
14474216984000,3,9.803292,-0.24261428,-0.08354513,
14474236179000,3,9.803287,-0.24246436,-0.08485446,
14474255039000,3,9.803294,-0.24210313,-0.08496377,
14474276981000,3,9.803307,-0.24180824,-0.08427929,
14474295475000,3,9.803304,-0.24179742,-0.084674425,
14474315159000,3,9.803308,-0.2417115,-0.08459844,
14474337040000,3,9.803321,-0.24113515,-0.08449615,
14474355564000,3,9.803318,-0.24099487,-0.0852759,
14474375156000,3,9.803315,-0.2414169,-0.08445465,
14474397099000,3,9.803322,-0.24181291,-0.08255261,
14474416111000,3,9.803336,-0.24159606,-0.08139292,
14474435245000,3,9.803337,-0.24174716,-0.08085867,
14474457188000,3,9.803322,-0.24263738,-0.08000176,
14474476017000,3,9.803336,-0.24195027,-0.0802116,
14474495335000,3,9.80333,-0.24221507,-0.08030922,
14474517246000,3,9.8033495,-0.24148792,-0.08010697,
14474535740000,3,9.803346,-0.24166122,-0.080088265,
14474555332000,3,9.803344,-0.24196781,-0.07940438,
14474577274000,3,9.803346,-0.24244215,-0.07780337,
14474596226000,3,9.80333,-0.24321547,-0.077259764,
14474615421000,3,9.80333,-0.24317719,-0.07742928,
14474641148000,3,9.80335,-0.24199615,-0.07840309,
14474655918000,3,9.803353,-0.2419985,-0.07804478,
14474675419000,3,9.80335,-0.24194033,-0.07862463,
14474697300000,3,9.803352,-0.2416776,-0.07926351,
14474716282000,3,9.803359,-0.2415373,-0.07883564,
14474957554000,3,9.803373,-0.2415718,-0.07687983,
14474976047000,3,9.803373,-0.2415718,-0.07687983,
14474997868000,3,9.803373,-0.24157326,-0.07687223,
14475016270000,3,9.803358,-0.24249388,-0.07591186,
14475035892000,3,9.8033495,-0.24339317,-0.07393851,
14475057713000,3,9.803372,-0.24254298,-0.07390578,
14475076328000,3,9.80338,-0.24204205,-0.07435469,
14475095859000,3,9.803356,-0.24315381,-0.07393676,
14475117863000,3,9.803328,-0.24429479,-0.07419278,
14475136845000,3,9.803335,-0.24417058,-0.07340777,
14475155979000,3,9.803338,-0.24376814,-0.07438333,
14475177891000,3,9.803328,-0.24344635,-0.07698095,
14475196720000,3,9.803335,-0.24325171,-0.07654782,
14475216190000,3,9.803313,-0.24401452,-0.07685878,
14475238102000,3,9.803315,-0.24416474,-0.07619944,
14475256596000,3,9.803311,-0.24417613,-0.07665537,
14475276249000,3,9.803321,-0.24344957,-0.07768004,
14475298191000,3,9.803319,-0.24311727,-0.0789578,
14475317905000,3,9.803317,-0.24296618,-0.07958616,
14475336307000,3,9.803324,-0.24234892,-0.08065993,
14475358250000,3,9.803319,-0.24193653,-0.082374334,
14475376865000,3,9.803325,-0.24176732,-0.082365565,
14475396336000,3,9.803316,-0.24181291,-0.08323358,
14475418308000,3,9.803286,-0.24295624,-0.08340777,
14475437168000,3,9.803274,-0.24286446,-0.0849813,
14475456364000,3,9.80325,-0.24384558,-0.08497253,
14475478275000,3,9.803255,-0.24386546,-0.08428104,
14475497135000,3,9.803282,-0.24334845,-0.082886375,
14475516300000,3,9.803274,-0.24326253,-0.08397768,
14475538181000,3,9.803248,-0.2442872,-0.08373861,
14475556766000,3,9.803228,-0.24532735,-0.08320786,
14475576420000,3,9.803226,-0.24602176,-0.08138649,
14475598301000,3,9.803231,-0.24605303,-0.08075111,
14475616978000,3,9.803241,-0.2455445,-0.081179574,
14475636448000,3,9.803261,-0.24482056,-0.0808914,
14475658390000,3,9.803267,-0.24424072,-0.08197686,
14475677647000,3,9.803279,-0.24381168,-0.08182605,
14475696506000,3,9.803294,-0.2435086,-0.08072949,
14475718418000,3,9.80329,-0.2434183,-0.08157997,
14475736912000,3,9.803286,-0.24350978,-0.081905544,
14475756565000,3,9.803282,-0.24354894,-0.08220307,
14475778477000,3,9.803235,-0.24503888,-0.08331132,
14475797031000,3,9.803222,-0.24583063,-0.08260405,
14475816563000,3,9.803211,-0.24633302,-0.08218027,
14475838474000,3,9.803192,-0.24661183,-0.08380875,
14475857578000,3,9.8032055,-0.24574617,-0.084750414,
14475876682000,3,9.803211,-0.24595776,-0.083431736,
14475898563000,3,9.803202,-0.24634092,-0.0833803,
14475917881000,3,9.803169,-0.24683541,-0.08559505,
14475936680000,3,9.803176,-0.24609394,-0.08705986,
14475959415000,3,9.803207,-0.24461189,-0.087571315,
14475977177000,3,9.803209,-0.24405836,-0.08897358,
14475996738000,3,9.803195,-0.24406888,-0.09052549,
14476018650000,3,9.803206,-0.24405923,-0.089343004,
14476037540000,3,9.803211,-0.24418548,-0.08853286,
14476056858000,3,9.803202,-0.24494506,-0.08737667,
14476078739000,3,9.803209,-0.2449702,-0.08648586,
14476097385000,3,9.803215,-0.24483489,-0.08616554,
14476116856000,3,9.803212,-0.24490328,-0.08619302,
14476138828000,3,9.803199,-0.24541941,-0.08643793,
14476157658000,3,9.803202,-0.24575375,-0.085157245,
14476176945000,3,9.803213,-0.24538697,-0.08483984,
14476198826000,3,9.803208,-0.24546821,-0.08528642,
14476217747000,3,9.803223,-0.24527708,-0.084071785,
14476236973000,3,9.803247,-0.24502368,-0.08197043,
14476258884000,3,9.803269,-0.24424891,-0.0814882,
14476277470000,3,9.803289,-0.24315497,-0.08245441,
14476297092000,3,9.803295,-0.24357086,-0.08039222,
14476318943000,3,9.803312,-0.24309243,-0.079929866,
14476337589000,3,9.803315,-0.2428291,-0.08024316,
14476357090000,3,9.803354,-0.24186581,-0.0784329,
14476379063000,3,9.803359,-0.2414581,-0.078937344,
14476398319000,3,9.803352,-0.2416507,-0.07933248,
14476417179000,3,9.803368,-0.24086101,-0.07982991,
14476439121000,3,9.803372,-0.24063832,-0.079949155,
14476457615000,3,9.803365,-0.24087505,-0.07996552,
14476477268000,3,9.803368,-0.24091245,-0.07973463,
14476499180000,3,9.80338,-0.24061055,-0.07901158,
14476517643000,3,9.803383,-0.24039778,-0.07914719,
14476537266000,3,9.803369,-0.24078445,-0.079955,
14476559147000,3,9.803371,-0.24045244,-0.080497436,
14476578251000,3,9.803365,-0.24064942,-0.08080138,
14476597355000,3,9.803368,-0.240401,-0.081184246,
14476619236000,3,9.803374,-0.24043344,-0.08029227,
14476638065000,3,9.803362,-0.24100743,-0.07990941,
14476657444000,3,9.803359,-0.24087563,-0.08082067,
14476679356000,3,9.803357,-0.24045186,-0.08222294,
14476697880000,3,9.803343,-0.24126375,-0.08159926,
14476717442000,3,9.803344,-0.24164924,-0.08031155,
14476739353000,3,9.803353,-0.24123628,-0.08051439,
14476758305000,3,9.803364,-0.24109279,-0.07957856,
14476777561000,3,9.803371,-0.24080695,-0.07961714,
14476799442000,3,9.8033495,-0.24157648,-0.07993337,
14476818058000,3,9.803345,-0.24199791,-0.07911796,
14476837528000,3,9.8033495,-0.2414543,-0.080111064,
14476859531000,3,9.803333,-0.2418705,-0.08099895,
14476878849000,3,9.803339,-0.24175476,-0.080579266,
14476897648000,3,9.80333,-0.24224079,-0.08030337,
14476919559000,3,9.803339,-0.24169016,-0.08073416,
14476938450000,3,9.803318,-0.24265812,-0.08022621,
14476957859000,3,9.803331,-0.24224341,-0.080059044,
14476979801000,3,9.803344,-0.24184828,-0.07979835,
14476998295000,3,9.803349,-0.24191871,-0.078899935,
14477017887000,3,9.80334,-0.24173926,-0.08054595,
14477039829000,3,9.803335,-0.2420891,-0.080074236,
14477058475000,3,9.803339,-0.24249242,-0.078337625,
14477077976000,3,9.803322,-0.24369478,-0.07683365,
14477099918000,3,9.803318,-0.24425592,-0.075479314,
14477119114000,3,9.803329,-0.24407122,-0.07460428,
14477138248000,3,9.803326,-0.2442074,-0.07452362,
14477159916000,3,9.803337,-0.24414924,-0.07326339,
14477178471000,3,9.803351,-0.24391076,-0.07232874,
14477198093000,3,9.803346,-0.2439505,-0.07279811,
14477220127000,3,9.803369,-0.2436635,-0.07067571,
14477238560000,3,9.803356,-0.24428281,-0.070271224,
14477258152000,3,9.803343,-0.24454613,-0.07109832,
14477280125000,3,9.80335,-0.24429215,-0.07098141,
14477299076000,3,9.803348,-0.24443099,-0.070814244,
14477318211000,3,9.803359,-0.24386838,-0.0712842,
14477340183000,3,9.803368,-0.24358255,-0.07083704,
14477358952000,3,9.803359,-0.24366234,-0.071985625,
14477378208000,3,9.803365,-0.24357729,-0.07147884,
14477400303000,3,9.803386,-0.24252632,-0.07219138,
14477418735000,3,9.803385,-0.24239539,-0.07264672,
14477438297000,3,9.8034115,-0.24104309,-0.073660865,
14477460148000,3,9.8034115,-0.24113575,-0.07338731,
14477479008000,3,9.803408,-0.24155836,-0.07246669,
14477498295000,3,9.803406,-0.24156888,-0.07271745,
14477520115000,3,9.8033905,-0.24243017,-0.07182781,
14477538700000,3,9.803378,-0.24319647,-0.07101941,
14477558323000,3,9.803385,-0.24274026,-0.07162439,
14477580235000,3,9.803394,-0.24202275,-0.07273381,
14477599064000,3,9.803382,-0.24202977,-0.074216746,
14477618381000,3,9.803394,-0.24169514,-0.07379004,
14477640324000,3,9.803393,-0.24171938,-0.07385668,
14477663120000,3,9.803355,-0.24309331,-0.07449732,
14477679356000,3,9.803351,-0.24323417,-0.07438684,
14477700321000,3,9.803369,-0.2432672,-0.07208265,
14477718723000,3,9.803381,-0.2426777,-0.07213117,
14477738407000,3,9.803402,-0.2414429,-0.07366262,
14477760319000,3,9.803412,-0.24062721,-0.074848026,
14477778934000,3,9.803409,-0.24055852,-0.07555764,
14477798405000,3,9.80341,-0.24072921,-0.0749509,
14477820377000,3,9.803412,-0.2404428,-0.07540391,
14477840153000,3,9.803411,-0.24052754,-0.075367086,
14477858555000,3,9.803426,-0.23996523,-0.0751929,
14477880466000,3,9.803424,-0.23942748,-0.077223524,
14477898960000,3,9.803424,-0.23956864,-0.076651864,
14477918552000,3,9.803435,-0.23908699,-0.07683014,
14477940495000,3,9.803451,-0.23861149,-0.0763181,
14477959049000,3,9.803445,-0.23870179,-0.076602764,
14477978641000,3,9.80344,-0.23891251,-0.07672843,
14478000614000,3,9.803457,-0.23814708,-0.07698037,
14478019627000,3,9.803455,-0.23834524,-0.076676995,
14478038700000,3,9.803452,-0.23836686,-0.0768921,
14478060673000,3,9.803452,-0.23874359,-0.07582535,
14478079533000,3,9.803439,-0.2395967,-0.07456103,
14478098850000,3,9.803462,-0.23891719,-0.07386895,
14478120670000,3,9.803459,-0.23891222,-0.074260585,
14478139194000,3,9.803473,-0.23875411,-0.07288345,
14478158787000,3,9.803491,-0.23821782,-0.07246435,
14478180759000,3,9.803487,-0.23828094,-0.07263386,
14478199650000,3,9.8034935,-0.23765317,-0.073696524,
14478218906000,3,9.803519,-0.2364885,-0.07409049,
14478240879000,3,9.803492,-0.23704848,-0.07593232,
14478259464000,3,9.803495,-0.23666532,-0.07667641,
14478279026000,3,9.803491,-0.23670214,-0.0770283,
14478300938000,3,9.803492,-0.23648325,-0.07763269,
14478319767000,3,9.803504,-0.2360434,-0.07727496,
14478339024000,3,9.803478,-0.2369415,-0.07798516,
14478361057000,3,9.803461,-0.23742871,-0.0786293,
14478379887000,3,9.80345,-0.2379086,-0.07863047,
14478399082000,3,9.803448,-0.23747517,-0.080204,
14478420994000,3,9.803425,-0.23849429,-0.07983225,
14478439487000,3,9.803427,-0.23880379,-0.07881869,
14478459141000,3,9.803416,-0.23950872,-0.07801029,
14478481083000,3,9.803398,-0.2403557,-0.07752573,
14478499790000,3,9.803382,-0.24104865,-0.07738953,
14478519260000,3,9.803359,-0.24210225,-0.07703005,
14478541141000,3,9.80338,-0.2417153,-0.07569792,
14478560307000,3,9.803383,-0.24174862,-0.07504852,
14478579197000,3,9.803364,-0.24230361,-0.07580957,
14478601292000,3,9.803379,-0.24206863,-0.07460312,
14478619663000,3,9.803383,-0.24191082,-0.07447569,
14478639317000,3,9.803386,-0.2415034,-0.07549977,
14478661259000,3,9.803384,-0.24161154,-0.075430796,
14478679752000,3,9.803375,-0.24199761,-0.07524784,
14478699406000,3,9.803356,-0.2425871,-0.07576222,
14478721348000,3,9.803334,-0.2436217,-0.07530045,
14478740330000,3,9.803346,-0.2434899,-0.07420038,
14478759434000,3,9.803368,-0.24284722,-0.07365093,
14478781376000,3,9.803338,-0.243966,-0.073731594,
14478800693000,3,9.803338,-0.24437633,-0.07228841,
14478819523000,3,9.803335,-0.24454409,-0.07220248,
14478841465000,3,9.803321,-0.24492636,-0.07285189,
14478859898000,3,9.803307,-0.2449743,-0.07451719,
14478879490000,3,9.803312,-0.24521658,-0.073108494,
14478901615000,3,9.803344,-0.24426293,-0.07205635,
14478920505000,3,9.803364,-0.24332769,-0.07238018,
14478939732000,3,9.803376,-0.24313627,-0.07131401,
14478961704000,3,9.803398,-0.24266544,-0.07004092,
14478980381000,3,9.803399,-0.24254619,-0.070314474,
14478999851000,3,9.803394,-0.2424892,-0.07122224,
14479021763000,3,9.8034115,-0.24168082,-0.07155308,
14479040592000,3,9.803404,-0.2414131,-0.07348025,
14479059879000,3,9.803398,-0.24164076,-0.07344518,
14479081791000,3,9.80341,-0.24119245,-0.07331132,
14479100712000,3,9.803411,-0.24063452,-0.07501111,
14479119938000,3,9.8034,-0.2408166,-0.07580256,
14479141849000,3,9.803398,-0.24066988,-0.07661913,
14479160343000,3,9.803375,-0.24114919,-0.07799919,
14479179996000,3,9.803371,-0.24115503,-0.078313075,
14479201939000,3,9.803383,-0.2405293,-0.07887597,
14479220615000,3,9.80339,-0.23990473,-0.080021635,
14479240177000,3,9.803388,-0.24011809,-0.07963585,
14479261967000,3,9.803395,-0.23981093,-0.0795885,
14479281193000,3,9.8033905,-0.24028204,-0.07882278,
14479300205000,3,9.803386,-0.24093233,-0.07730302,
14479322056000,3,9.803397,-0.24016748,-0.078391984,
14479340549000,3,9.803398,-0.23984891,-0.07905074,
14479360172000,3,9.8034,-0.23967911,-0.07931261,
14479382145000,3,9.803406,-0.24010932,-0.07729191,
14479400639000,3,9.803403,-0.23996991,-0.07822306,
14479420139000,3,9.803402,-0.23980303,-0.078837976,
14479442020000,3,9.803427,-0.23869419,-0.079002224,
14479461002000,3,9.803414,-0.2393585,-0.07860417,
14479480106000,3,9.803408,-0.23971125,-0.07822715,
14479501987000,3,9.803374,-0.24144202,-0.077127665,
14479520908000,3,9.803367,-0.24237697,-0.07529811,
14479540165000,3,9.803375,-0.24243659,-0.07386369,
14479562138000,3,9.803379,-0.242621,-0.07285072,
14479580631000,3,9.803385,-0.24261808,-0.07183833,
14479600254000,3,9.8033905,-0.24237815,-0.071999654,
14479622196000,3,9.803402,-0.24198067,-0.071884505,
14479641087000,3,9.803377,-0.24273966,-0.07274901,
14479660343000,3,9.803388,-0.24217209,-0.07306407,
14479682224000,3,9.803398,-0.24146746,-0.0739578,
14479700840000,3,9.803406,-0.24126697,-0.073663786,
14479720493000,3,9.803418,-0.24126667,-0.071936525,
14479742496000,3,9.8034525,-0.24099575,-0.0682102,
14479761600000,3,9.803461,-0.2403028,-0.06932021,
14479780399000,3,9.803435,-0.24125732,-0.069689624,
14479802311000,3,9.803441,-0.24084085,-0.070315644,
14479982822000,3,9.803405,-0.24192952,-0.07156477,
14480001926000,3,9.803396,-0.24228609,-0.07160335,
14480020695000,3,9.803404,-0.24213499,-0.07100713,
14480042637000,3,9.803383,-0.2425155,-0.072584175,
14480061100000,3,9.80337,-0.24287966,-0.07306816,
14480080692000,3,9.803354,-0.24324177,-0.074208565,
14480102970000,3,9.803341,-0.24339697,-0.07530045,
14480121220000,3,9.803335,-0.24352643,-0.0753741,
14480140842000,3,9.803336,-0.24351095,-0.075460024,
14480162724000,3,9.80333,-0.2440794,-0.0745961,
14480181797000,3,9.803327,-0.24384764,-0.07576281,
14480200901000,3,9.803311,-0.24492082,-0.07410978,
14480222752000,3,9.803318,-0.24490444,-0.07340777,
14480241611000,3,9.8033085,-0.24548605,-0.0727911,
14480260929000,3,9.803297,-0.2459256,-0.07271043,
14480282841000,3,9.803279,-0.24672055,-0.07238836,
14480301426000,3,9.803269,-0.24674891,-0.073691264,
14480320896000,3,9.803263,-0.24694677,-0.07383096,
14480342838000,3,9.803278,-0.24604572,-0.074897714,
14480361698000,3,9.803299,-0.24516426,-0.0749924,
14480381016000,3,9.8032875,-0.2452195,-0.07617606,
14480402897000,3,9.803297,-0.2446192,-0.077197805,
14480421513000,3,9.803315,-0.2440683,-0.07637656,
14480441044000,3,9.803327,-0.24341129,-0.07702479,
14480462925000,3,9.80332,-0.24366672,-0.07708967,
14480481785000,3,9.803309,-0.24390258,-0.07761516,
14480501072000,3,9.803285,-0.24477556,-0.07791209,
14480523075000,3,9.803304,-0.24402036,-0.07805004,
14480541996000,3,9.803317,-0.24319765,-0.078850836,
14480561100000,3,9.803309,-0.24340631,-0.07923662,
14480583012000,3,9.803313,-0.24322395,-0.079428926,
14480601536000,3,9.803315,-0.24283992,-0.08029285,
14480621220000,3,9.80331,-0.24326427,-0.07951076,
14480643101000,3,9.8033,-0.24355537,-0.07991233,
14480661747000,3,9.803276,-0.24503188,-0.078318335,
14480681278000,3,9.80327,-0.24553631,-0.07757658,
14480712131000,3,9.803302,-0.2450269,-0.07515432,
14480722935000,3,9.803302,-0.24526978,-0.074197456,
14480741306000,3,9.803307,-0.24500878,-0.07446283,
14480763187000,3,9.803329,-0.24456045,-0.07289514,
14480781712000,3,9.803341,-0.24446517,-0.07180033,
14480801334000,3,9.8033495,-0.24420536,-0.0712918,
14480823276000,3,9.803339,-0.24444267,-0.072021864,
14480841801000,3,9.803346,-0.24455345,-0.07073241,
14480861393000,3,9.80333,-0.24536183,-0.070175946,
14480883305000,3,9.803321,-0.24581455,-0.06968553,
14480902378000,3,9.803313,-0.24638154,-0.069063015,
14480921543000,3,9.803317,-0.24599662,-0.069714755,
14480943455000,3,9.803326,-0.24556233,-0.07001345,
14480962345000,3,9.803341,-0.24520022,-0.06923896,
14480981571000,3,9.803359,-0.24428777,-0.06977438,
14481003483000,3,9.803351,-0.24396512,-0.07179507,
14481022007000,3,9.803353,-0.24352877,-0.07328092,
14481041630000,3,9.8033495,-0.24387714,-0.0724889,
14481063602000,3,9.803346,-0.24409927,-0.07213117,
14481082493000,3,9.803339,-0.24402592,-0.07353227,
14481101994000,3,9.803339,-0.2437126,-0.07448153,
14481123569000,3,9.803356,-0.24312429,-0.074188106,
14481142246000,3,9.803351,-0.24296208,-0.07523732,
14481161777000,3,9.803341,-0.24276306,-0.07734803,
14481183750000,3,9.803325,-0.2433654,-0.07746961,
14481202579000,3,9.803321,-0.24372078,-0.07682722,
14481221775000,3,9.803317,-0.2439549,-0.076616205,
14481243687000,3,9.803319,-0.2436144,-0.07747487,
14481262608000,3,9.803318,-0.24338557,-0.078324765,
14481281773000,3,9.803336,-0.24319501,-0.076600425,
14481304050000,3,9.803337,-0.2432824,-0.07609306,
14481322239000,3,9.803342,-0.24345103,-0.07501169,
14481341862000,3,9.803336,-0.24356034,-0.0753741,
14481363773000,3,9.8033285,-0.24354017,-0.0763561,
14481382481000,3,9.8033495,-0.24283582,-0.075966805,
14481401981000,3,9.803336,-0.24307665,-0.07676058,
14481423862000,3,9.803368,-0.24200755,-0.07632804,
14481443150000,3,9.80339,-0.24100511,-0.076685764,
14481461979000,3,9.803378,-0.24135932,-0.07694296,
14481483891000,3,9.803366,-0.24180298,-0.07718787,
14481502445000,3,9.803347,-0.24277912,-0.076627314,
14481522068000,3,9.803334,-0.24260844,-0.07861586,
14481543949000,3,9.803335,-0.24236879,-0.079367556,
14481562565000,3,9.803342,-0.24136867,-0.08139526,
14481582249000,3,9.80332,-0.2418097,-0.08277356,
14481604008000,3,9.8033285,-0.2414698,-0.08274317,
14481623051000,3,9.803323,-0.24154344,-0.08314765,
14481642185000,3,9.80331,-0.24206689,-0.08309563,
14481664066000,3,9.803307,-0.24215017,-0.08326924,
14481683384000,3,9.80332,-0.24191695,-0.082467854,
14481702183000,3,9.803346,-0.24085955,-0.08253215,
14481724155000,3,9.803359,-0.23969139,-0.08421908,
14481742710000,3,9.8033495,-0.23980683,-0.08488193,
14481762272000,3,9.803351,-0.24000645,-0.08433774,
14481784183000,3,9.803365,-0.23948506,-0.084067106,
14481803104000,3,9.803392,-0.23888913,-0.08273615,
14481822361000,3,9.803401,-0.23828298,-0.08337971,
14481844242000,3,9.803392,-0.23742373,-0.08667583,
14481862919000,3,9.80339,-0.23744887,-0.086942956,
14481882359000,3,9.803417,-0.23659547,-0.08629648,
14481904545000,3,9.803413,-0.23648207,-0.087049924,
14481923161000,3,9.803423,-0.23647593,-0.08596388,
14481942478000,3,9.803423,-0.23611295,-0.08675591,
14481964390000,3,9.803418,-0.23640843,-0.08662614,
14481983250000,3,9.803413,-0.23671968,-0.086356685,
14482002537000,3,9.803429,-0.2363187,-0.0856009,
14482024448000,3,9.803447,-0.23640023,-0.08334289,
14482043003000,3,9.803447,-0.23700668,-0.08160452,
14482062534000,3,9.803443,-0.23700346,-0.08211656,
14482084476000,3,9.803434,-0.23717093,-0.08263035,
14482103367000,3,9.80343,-0.23706688,-0.083583124,
14482122654000,3,9.803437,-0.23674744,-0.083545715,
14482144505000,3,9.803445,-0.23661155,-0.0830477,
14482163822000,3,9.803451,-0.23618689,-0.0835802,
14482182651000,3,9.803448,-0.23613487,-0.08386896,
14482204594000,3,9.803425,-0.23664837,-0.08517361,
14482223087000,3,9.803409,-0.23673838,-0.08680618,
14482242771000,3,9.803393,-0.23768005,-0.08592413,
14482264683000,3,9.803416,-0.23690702,-0.08551205,
14482283176000,3,9.803412,-0.2368436,-0.08599486,
14482302860000,3,9.803426,-0.23634383,-0.08596037,
14482324772000,3,9.803434,-0.23530193,-0.08773732,
14482343784000,3,9.803435,-0.23510435,-0.088104405,
14482362888000,3,9.803424,-0.23553719,-0.08838789,
14482384739000,3,9.803411,-0.23648529,-0.08734745,
14482403599000,3,9.803412,-0.23663083,-0.08673253,
14482422916000,3,9.803427,-0.23583354,-0.08730653,
14482444797000,3,9.803416,-0.23632103,-0.08713175,
14482463322000,3,9.803425,-0.23640579,-0.08591186,
14482482975000,3,9.803426,-0.23625147,-0.08615794,
14482504948000,3,9.803425,-0.23619623,-0.08632921,
14482523838000,3,9.803418,-0.2370514,-0.08483283,
14482543064000,3,9.803416,-0.23701954,-0.08512393,
14482564884000,3,9.803408,-0.23749037,-0.08474749,
14482583591000,3,9.803403,-0.23750411,-0.08550562,
14482603428000,3,9.803377,-0.2382257,-0.086376555,
14482625034000,3,9.803397,-0.23799832,-0.084715344,
14482644382000,3,9.803403,-0.2370587,-0.086412214,
14482663120000,3,9.803411,-0.23702684,-0.085851066,
14482685093000,3,9.803426,-0.23624651,-0.086280696,
14482703922000,3,9.80343,-0.23597734,-0.086447865,
14482723148000,3,9.803441,-0.23542233,-0.08673604,
14482745060000,3,9.803441,-0.23504531,-0.0877607,
14482763615000,3,9.803456,-0.23522565,-0.08551848,
14482783268000,3,9.803455,-0.23542497,-0.0849965,
14482805149000,3,9.803457,-0.23518327,-0.08561609,
14482823795000,3,9.803451,-0.23497196,-0.08683658,
14482843266000,3,9.803433,-0.23552608,-0.0873077,
14482865208000,3,9.803424,-0.23614655,-0.08677812,
14482884464000,3,9.803429,-0.23625907,-0.08573183,
14482903446000,3,9.803426,-0.23614947,-0.08653963,
14482925266000,3,9.803454,-0.23501901,-0.086378895,
14483045567000,3,9.803504,-0.23318507,-0.08555764,
14483064640000,3,9.803478,-0.23374446,-0.08717618,
14483083714000,3,9.803461,-0.23433892,-0.08738427,
14483105503000,3,9.803438,-0.23493601,-0.08828326,
14483124271000,3,9.803443,-0.23448096,-0.08898937,
14483143589000,3,9.803437,-0.23428223,-0.09018822,
14483165531000,3,9.803463,-0.23339814,-0.08974866,
14483184055000,3,9.803459,-0.23377077,-0.08912439,
14483203739000,3,9.803442,-0.23435879,-0.0894412,
14483225620000,3,9.80341,-0.23538171,-0.09030396,
14483244480000,3,9.8034,-0.23527329,-0.0916203,
14483263737000,3,9.803373,-0.2361033,-0.09230477,
14483285618000,3,9.803368,-0.2365864,-0.09168109,
14483304295000,3,9.803357,-0.23745763,-0.09052549,
14483323765000,3,9.803344,-0.23765667,-0.09145605,
14483345707000,3,9.803357,-0.2378402,-0.08961539,
14483364567000,3,9.803361,-0.23803748,-0.08860592,
14483383793000,3,9.803342,-0.2385846,-0.089307345,
14483405766000,3,9.803327,-0.23930444,-0.08894377,
14483424625000,3,9.80332,-0.23992579,-0.08799276,
14483443882000,3,9.803318,-0.24009266,-0.08791443,
14483465702000,3,9.803321,-0.24052608,-0.086370125,
14483484287000,3,9.803308,-0.24119799,-0.085818335,
14483503971000,3,9.803323,-0.24094695,-0.0848264,
14483525852000,3,9.803308,-0.24115415,-0.08602993,
14483544498000,3,9.803317,-0.24085985,-0.085825935,
14483564030000,3,9.8033285,-0.24084377,-0.08444062,
14483585911000,3,9.803349,-0.23998365,-0.08476152,
14483605625000,3,9.803326,-0.24070203,-0.085364744,
14483624088000,3,9.803318,-0.2409636,-0.085227385,
14483646000000,3,9.803312,-0.24125381,-0.08531506,
14483664432000,3,9.803317,-0.24150692,-0.08389526,
14483684055000,3,9.80331,-0.24204555,-0.08326047,
14483706028000,3,9.803305,-0.2420552,-0.08384382,
14483730961000,3,9.803287,-0.2426739,-0.084192194,
14483744144000,3,9.803289,-0.24255174,-0.084110364,
14483766026000,3,9.803288,-0.24276744,-0.08372107,
14483785068000,3,9.803273,-0.24355567,-0.08315876,
14483804234000,3,9.8032875,-0.24331805,-0.08213819,
14483826145000,3,9.803301,-0.24273382,-0.082370825,
14483845005000,3,9.803288,-0.24336219,-0.08191899,
14483864262000,3,9.803285,-0.24371786,-0.08145079,
14483886173000,3,9.803272,-0.24418285,-0.08126608,
14483904789000,3,9.803273,-0.24423926,-0.08124562,
14483924381000,3,9.803285,-0.24390286,-0.08078268,
14483946293000,3,9.803272,-0.24393882,-0.08217794,
14483965122000,3,9.803258,-0.24460985,-0.081799746,
14483984379000,3,9.80326,-0.2445511,-0.08172727,
14484006290000,3,9.803267,-0.24465047,-0.080593295,
14484024967000,3,9.803274,-0.2442945,-0.08092355,
14484044468000,3,9.803265,-0.24456191,-0.081146255,
14484066410000,3,9.803284,-0.244253,-0.07979309,
14484085239000,3,9.803305,-0.24364363,-0.07914134,
14484104496000,3,9.803297,-0.24386546,-0.07927169,
14484126408000,3,9.803292,-0.24374476,-0.08010522,
14484145328000,3,9.803298,-0.24332157,-0.0807669,
14484164555000,3,9.803295,-0.24359044,-0.0803098,
14484186466000,3,9.8032875,-0.24415012,-0.07975743,
14484205021000,3,9.803271,-0.24464697,-0.08022446,
14484224644000,3,9.803317,-0.243373,-0.07855214,
14484246586000,3,9.80331,-0.24327129,-0.079393856,
14484265171000,3,9.80331,-0.24303047,-0.08017068,
14484284702000,3,9.803299,-0.24295945,-0.081775784,
14484306644000,3,9.803302,-0.24275048,-0.08204759,
14484325932000,3,9.803302,-0.2426853,-0.082358554,
14484344852000,3,9.803289,-0.24303105,-0.08264789,
14484366734000,3,9.803319,-0.24186756,-0.08262334,
14484385197000,3,9.803308,-0.24258156,-0.08202479,
14484404880000,3,9.8033285,-0.24208209,-0.08096856,
14484426823000,3,9.8033285,-0.24199557,-0.081128135,
14484445408000,3,9.803323,-0.24229749,-0.08096914,
14484464939000,3,9.803316,-0.24275896,-0.08045009,
14484486881000,3,9.8033495,-0.24099691,-0.08154665,
14484505833000,3,9.803377,-0.2400383,-0.08106968,
14484524906000,3,9.803363,-0.24075493,-0.080725394,
14484546848000,3,9.803331,-0.24229835,-0.07991233,
14484566135000,3,9.803318,-0.24313569,-0.078894086,
14484584965000,3,9.803338,-0.24235564,-0.078780696,
14484606968000,3,9.803326,-0.24289662,-0.07870938,
14484625492000,3,9.803302,-0.24393502,-0.07866437,
14484645084000,3,9.803303,-0.24392918,-0.07847089,
14484666965000,3,9.803311,-0.2436635,-0.0782102,
14484685825000,3,9.803317,-0.24330315,-0.07860884,
14484705357000,3,9.803294,-0.2436337,-0.08041209,
14484967503000,3,9.803325,-0.24273558,-0.079417236,
14484986149000,3,9.803298,-0.24349985,-0.08023498,
14485005619000,3,9.803287,-0.24411593,-0.07997487,
14485027500000,3,9.803294,-0.24370734,-0.08026012,
14485046726000,3,9.803295,-0.24333413,-0.081160285,
14485065647000,3,9.803305,-0.24317046,-0.08059388,
14485087559000,3,9.803321,-0.24277124,-0.07988252,
14485106022000,3,9.80331,-0.24341597,-0.07901099,
14485125675000,3,9.803303,-0.24361587,-0.079504915,
14485147434000,3,9.803305,-0.24355742,-0.07928221,
14485165958000,3,9.803321,-0.24288054,-0.07932488,
14485185520000,3,9.80332,-0.24276334,-0.079952076,
14485207493000,3,9.803328,-0.24283582,-0.078841485,
14485226536000,3,9.803311,-0.24373306,-0.0779419,
14485245609000,3,9.803308,-0.24392918,-0.0779343,
14485267551000,3,9.803303,-0.24416094,-0.0776438,
14485286381000,3,9.803307,-0.24408348,-0.07760171,
14485305607000,3,9.8033085,-0.24425533,-0.07679039,
14485327549000,3,9.803349,-0.24302638,-0.075456515,
14485346073000,3,9.803361,-0.24250703,-0.07555881,
14485365696000,3,9.803366,-0.24273324,-0.074266426,
14485387608000,3,9.803374,-0.24261692,-0.07343115,
14485406498000,3,9.8033695,-0.24261458,-0.07412322,
14485425755000,3,9.8033495,-0.24325639,-0.07459376,
14485447666000,3,9.803339,-0.24399084,-0.07345336,
14485466343000,3,9.803344,-0.24417175,-0.0724059,
14485485844000,3,9.803351,-0.24348873,-0.073651515,
14485507786000,3,9.803325,-0.24429625,-0.07463059,
14485527073000,3,9.803295,-0.24538697,-0.07462708,
14485545872000,3,9.803296,-0.24549569,-0.074237205,
14485567783000,3,9.803285,-0.24610534,-0.07386954,
14485586735000,3,9.8033,-0.24572833,-0.07314824,
14485605930000,3,9.803271,-0.24681905,-0.07322832,
14485627842000,3,9.803252,-0.24758682,-0.07317162,
14485646336000,3,9.803243,-0.24831104,-0.07188801,
14485666019000,3,9.803243,-0.24846652,-0.07143851,
14485687962000,3,9.80326,-0.2477274,-0.071499884,
14485706577000,3,9.803261,-0.24743718,-0.07238135,
14485726047000,3,9.803241,-0.24801731,-0.07323475,
14485747990000,3,9.803237,-0.24799101,-0.073735684,
14485767216000,3,9.80323,-0.24824236,-0.0737953,
14485786106000,3,9.803225,-0.2482032,-0.07463877,
14485808018000,3,9.803239,-0.24761137,-0.074891284,
14485826572000,3,9.803252,-0.24719957,-0.07443594,
14485846195000,3,9.803253,-0.24701662,-0.074837506,
14485868076000,3,9.803245,-0.24709056,-0.07577567,
14485886631000,3,9.803238,-0.2472171,-0.076053895,
14485906223000,3,9.803256,-0.2460916,-0.07767127,
14485928135000,3,9.803264,-0.24512336,-0.07961656,
14485947178000,3,9.803271,-0.24530923,-0.07807108,
14485966312000,3,9.803267,-0.24507892,-0.07923896,
14485988193000,3,9.80327,-0.24509968,-0.078891754,
14486007053000,3,9.803304,-0.24443333,-0.07681845,
14486026340000,3,9.803297,-0.2446984,-0.07669979,
14486048252000,3,9.803306,-0.24441637,-0.076591074,
14486066807000,3,9.803289,-0.24474984,-0.07742402,
14486086430000,3,9.803286,-0.24488604,-0.07761457,
14486108311000,3,9.803271,-0.2452499,-0.07817221,
14486127201000,3,9.80327,-0.24539019,-0.07800795,
14486146427000,3,9.803261,-0.24559593,-0.07855097,
14486168400000,3,9.803291,-0.24499534,-0.076577045,
14486187016000,3,9.803282,-0.24535131,-0.07674831,
14486206547000,3,9.803286,-0.24493454,-0.07735563,
14486228428000,3,9.803309,-0.24417233,-0.0770131,
14486247318000,3,9.803323,-0.24364246,-0.0768167,
14486266575000,3,9.803325,-0.24367578,-0.07663199,
14486288486000,3,9.803317,-0.24426995,-0.07556699,
14486307438000,3,9.803313,-0.24454935,-0.07495909,
14486326633000,3,9.803311,-0.24484307,-0.07435937,
14486348576000,3,9.803294,-0.24535833,-0.07494272,
14486367039000,3,9.803288,-0.24587154,-0.0740484,
14486386692000,3,9.803294,-0.24555327,-0.074272275,
14486408634000,3,9.803297,-0.24509676,-0.07533494,
14486427280000,3,9.803314,-0.24439415,-0.07549568,
14486446751000,3,9.803328,-0.24360973,-0.07626666,
14486468662000,3,9.803309,-0.24435091,-0.07611527,
14486488377000,3,9.803343,-0.24353229,-0.07452187,
14486506809000,3,9.803359,-0.24272096,-0.07505027,
14486528690000,3,9.803336,-0.24348173,-0.07570435,
14486547214000,3,9.803338,-0.24345513,-0.07526772,
14486566837000,3,9.803459,-0.24197395,-0.06361235,
14486588779000,3,9.803724,-0.23864187,-0.021031683,
14486607304000,3,9.803713,-0.23620091,0.042430446,
14486626865000,3,9.80289,-0.2326333,0.14000644,
14486648838000,3,9.800757,-0.22934505,0.25092238,
14486667850000,3,9.798712,-0.22754386,0.32226622,
