14454236851000,3,10.264542,-0.25797522,-0.08319851,
14454256046000,3,10.274118,-0.2633622,-0.07182605,
14454277866000,3,10.277111,-0.24480712,-0.09756372,
14456384129000,3,10.278907,-0.25139117,-0.094570965,
14456403416000,3,10.2657385,-0.23702596,-0.10474633,
14456418064000,3,10.262147,-0.26036942,-0.05626374,
14456440037000,3,10.264542,-0.2669535,-0.06464344,
14456459629000,3,10.263943,-0.24600422,-0.11252748,
14456478062000,3,10.26514,-0.23942018,-0.0796072,
14456500034000,3,10.271724,-0.23822308,-0.045489833,
14456518497000,3,10.2735195,-0.2753332,-0.06404489,
14456538120000,3,10.257957,-0.25139117,-0.092775315,
14456560062000,3,10.274716,-0.25019407,-0.08738836,
14456578953000,3,10.257359,-0.26276365,-0.07062895,
14456598179000,3,10.250774,-0.2717419,-0.05267244,
14456620121000,3,10.263344,-0.24540567,-0.095169514,
14456638737000,3,10.253767,-0.23882163,-0.11312603,
14456658268000,3,10.267534,-0.26515785,-0.08678981,
14456680180000,3,10.266336,-0.2633622,-0.08798691,
14456699589000,3,10.264542,-0.25617957,-0.08080431,
14456718388000,3,10.2657385,-0.23403321,-0.108337626,
14456740238000,3,10.251971,-0.23702596,-0.08379706,
14456759220000,3,10.274716,-0.25797522,-0.05686229,
14456778538000,3,10.253767,-0.23762453,-0.09995792,
14456800388000,3,10.275315,-0.2657564,-0.075417355,
14456818729000,3,10.278907,-0.25737667,-0.075417355,
14456838383000,3,10.262746,-0.25677812,-0.0700304,
14456860325000,3,10.263344,-0.23882163,-0.08259996,
14456878941000,3,10.264542,-0.25198972,-0.078410104,
14456898411000,3,10.266336,-0.25558102,-0.076614454,
14456920353000,3,10.266336,-0.24720132,-0.08020575,
14456939579000,3,10.272921,-0.2645593,-0.08020575,
14456958500000,3,10.261548,-0.23104046,-0.11252748,
14456980412000,3,10.272323,-0.2621651,-0.07182605,
14456998936000,3,10.253767,-0.26036942,-0.061650693,
14457018558000,3,10.272323,-0.24959552,-0.09636662,
14457040501000,3,10.26095,-0.24181437,-0.093373865,
14457058994000,3,10.272323,-0.25977087,-0.076015905,
14457078617000,3,10.272323,-0.2633622,-0.062249243,
14457100559000,3,10.275315,-0.2621651,-0.092775315,
14457119663000,3,10.248381,-0.25378537,-0.074220255,
14457138737000,3,10.275315,-0.25079262,-0.09756372,
14457160587000,3,10.2735195,-0.25677812,-0.093373865,
14457179447000,3,10.262746,-0.25139117,-0.095768064,
14457198704000,3,10.266935,-0.25857377,-0.090979666,
14457220676000,3,10.264542,-0.24540567,-0.05925649,
14457239170000,3,10.260351,-0.25079262,-0.08499416,
14457258793000,3,10.274716,-0.25737667,-0.08559271,
14457280735000,3,10.258555,-0.25677812,-0.075417355,
14457299625000,3,10.267534,-0.25498247,-0.09816227,
14457318882000,3,10.272323,-0.25498247,-0.076015905,
14457340824000,3,10.286089,-0.25019407,-0.0796072,
14457359440000,3,10.251373,-0.26874915,-0.08319851,
14457378941000,3,10.274118,-0.25019407,-0.08798691,
14457400883000,3,10.270527,-0.24899697,-0.08678981,
14457419773000,3,10.245986,-0.24720132,-0.08738836,
14457439030000,3,10.247183,-0.25198972,-0.08439561,
14457460880000,3,10.257957,-0.23882163,-0.088585466,
14457479771000,3,10.266336,-0.27234045,-0.09756372,
14457499027000,3,10.270527,-0.24720132,-0.08020575,
14457520939000,3,10.262147,-0.25498247,-0.08798691,
14457539432000,3,10.269928,-0.24540567,-0.08798691,
14457559055000,3,10.287286,-0.24420857,-0.08379706,
14457581028000,3,10.257957,-0.24600422,-0.08020575,
14457599705000,3,10.262147,-0.24779987,-0.088585466,
14457619175000,3,10.25676,-0.23942018,-0.08559271,
14457641087000,3,10.254965,-0.24839842,-0.09995792,
14457660801000,3,10.275315,-0.23403321,-0.08379706,
14457679172000,3,10.270527,-0.2681506,-0.0796072,
14457701298000,3,10.270527,-0.25857377,-0.092176765,
14457719608000,3,10.268731,-0.24839842,-0.065242,
14457739231000,3,10.26514,-0.24301147,-0.08379706,
14457761204000,3,10.269928,-0.24361002,-0.079008654,
14457779697000,3,10.277709,-0.2621651,-0.08140286,
14457799290000,3,10.263344,-0.24899697,-0.079008654,
14457821232000,3,10.26095,-0.26036942,-0.090979666,
14457840275000,3,10.267534,-0.24839842,-0.076614454,
14457859379000,3,10.278907,-0.25139117,-0.089782566,
14457881290000,3,10.268132,-0.2645593,-0.074220255,
14457900333000,3,10.259154,-0.25019407,-0.08499416,
14457919468000,3,10.271724,-0.25977087,-0.08259996,
14457941380000,3,10.26514,-0.25198972,-0.077811554,
14457959904000,3,10.269928,-0.25617957,-0.08020575,
14457979526000,3,10.261548,-0.26036942,-0.06404489,
14458001438000,3,10.268132,-0.2657564,-0.08379706,
14458020359000,3,10.25676,-0.25737667,-0.091578215,
14458039646000,3,10.261548,-0.22984336,-0.10354923,
14458061588000,3,10.279505,-0.25438392,-0.073621705,
14458080235000,3,10.262746,-0.24600422,-0.079008654,
14458099705000,3,10.25257,-0.24121583,-0.08619126,
14458121525000,3,10.25676,-0.23942018,-0.076015905,
14458140415000,3,10.266935,-0.23702596,-0.088585466,
14458159641000,3,10.251971,-0.23762453,-0.078410104,
14458181583000,3,10.268132,-0.26036942,-0.062249243,
14458200779000,3,10.275315,-0.2777274,-0.08499416,
14458219730000,3,10.264542,-0.24959552,-0.077213004,
14458241703000,3,10.271125,-0.25258827,-0.08439561,
14458260197000,3,10.272921,-0.260968,-0.0688333,
14458279850000,3,10.271125,-0.2633622,-0.0724246,
14458302341000,3,10.268132,-0.26276365,-0.076015905,
14458320347000,3,10.272323,-0.23702596,-0.073621705,
14458339817000,3,10.26514,-0.26036942,-0.0796072,
14458361729000,3,10.269928,-0.24839842,-0.075417355,
14458380985000,3,10.267534,-0.25318682,-0.089184016,
14458399906000,3,10.277111,-0.25198972,-0.0796072,
14458421818000,3,10.25676,-0.2657564,-0.08319851,
14458440311000,3,10.269928,-0.2645593,-0.08738836,
14458459934000,3,10.25676,-0.25378537,-0.06284779,
14458481876000,3,10.259753,-0.25198972,-0.0676362,
14458500401000,3,10.261548,-0.24660277,-0.093373865,
14458519993000,3,10.257957,-0.25797522,-0.08020575,
14458541965000,3,10.270527,-0.25258827,-0.08798691,
14458560947000,3,10.26095,-0.26036942,-0.08319851,
14458580082000,3,10.266935,-0.25558102,-0.05746084,
14458602024000,3,10.25676,-0.25977087,-0.06344634,
14458621281000,3,10.271125,-0.25258827,-0.077811554,
14458640110000,3,10.254366,-0.24660277,-0.078410104,
14458662022000,3,10.263344,-0.25558102,-0.08020575,
14458680607000,3,10.264542,-0.23762453,-0.08499416,
14458700169000,3,10.251373,-0.25438392,-0.074220255,
14458722141000,3,10.272921,-0.25258827,-0.089184016,
14458741001000,3,10.278308,-0.25677812,-0.08439561,
14458760288000,3,10.24419,-0.25438392,-0.073621705,
14458782169000,3,10.271724,-0.2633622,-0.08678981,
14458800785000,3,10.25676,-0.25318682,-0.08499416,
14458820316000,3,10.258555,-0.24779987,-0.089782566,
14458842228000,3,10.258555,-0.25079262,-0.0724246,
14458861088000,3,10.2735195,-0.24301147,-0.078410104,
14458880344000,3,10.262147,-0.24899697,-0.08319851,
14458902317000,3,10.280702,-0.26515785,-0.09816227,
14458921177000,3,10.251373,-0.24001873,-0.08798691,
14458940403000,3,10.2657385,-0.2657564,-0.0796072,
14458962315000,3,10.275913,-0.24121583,-0.073621705,
14458980839000,3,10.271125,-0.24660277,-0.08439561,
14459000736000,3,10.281899,-0.25139117,-0.0664391,
14459022526000,3,10.2495775,-0.24420857,-0.077811554,
14459041172000,3,10.257957,-0.25438392,-0.08678981,
14459060642000,3,10.263943,-0.25677812,-0.10235212,
14459082584000,3,10.267534,-0.24899697,-0.08619126,
14459101902000,3,10.270527,-0.27952304,-0.08259996,
14459120640000,3,10.272921,-0.25677812,-0.088585466,
14459142612000,3,10.274118,-0.25977087,-0.077811554,
14459161076000,3,10.274716,-0.25318682,-0.08259996,
14459180759000,3,10.262746,-0.24839842,-0.092176765,
14459202610000,3,10.250774,-0.25857377,-0.08499416,
14459221195000,3,10.260351,-0.25677812,-0.08259996,
14459240849000,3,10.259753,-0.25857377,-0.078410104,
14459262577000,3,10.270527,-0.2621651,-0.08439561,
14459281712000,3,10.268132,-0.25617957,-0.0688333,
14459300816000,3,10.271125,-0.25857377,-0.078410104,
14459322758000,3,10.261548,-0.24301147,-0.08678981,
14459341618000,3,10.267534,-0.24959552,-0.0724246,
14459360813000,3,10.256162,-0.25258827,-0.08020575,
14459382755000,3,10.26514,-0.25917232,-0.09876082,
14459401371000,3,10.268731,-0.25438392,-0.08559271,
14459426212000,3,10.263943,-0.25498247,-0.077213004,
14459446751000,3,10.271724,-0.24061728,-0.076614454,
14459461826000,3,10.259154,-0.24660277,-0.09876082,
14459481052000,3,10.263344,-0.24241292,-0.092176765,
14459502995000,3,10.271125,-0.23942018,-0.10175357,
14459521458000,3,10.259154,-0.23163901,-0.077213004,
14459540958000,3,10.276512,-0.25438392,-0.092176765,
14459562778000,3,10.278308,-0.25318682,-0.0700304,
14459582218000,3,10.2735195,-0.24839842,-0.079008654,
14459601231000,3,10.26514,-0.25857377,-0.076015905,
14459622990000,3,10.263344,-0.25139117,-0.08259996,
14459641911000,3,10.269928,-0.25318682,-0.0712275,
14459661076000,3,10.256162,-0.24660277,-0.077213004,
14459683018000,3,10.262746,-0.2621651,-0.08140286,
14459701511000,3,10.264542,-0.23223756,-0.08738836,
14459721165000,3,10.25676,-0.26036942,-0.074818805,
14459743748000,3,10.277111,-0.24660277,-0.08559271,
14459761753000,3,10.274118,-0.25258827,-0.073023155,
14459781223000,3,10.257957,-0.26276365,-0.08678981,
14459803135000,3,10.267534,-0.25558102,-0.08559271,
14459822391000,3,10.272323,-0.2657564,-0.076614454,
14459841312000,3,10.266935,-0.25198972,-0.0664391,
14459863193000,3,10.272921,-0.24779987,-0.08319851,
14459881718000,3,10.266935,-0.24959552,-0.073621705,
14459901401000,3,10.264542,-0.25737667,-0.10354923,
14459923252000,3,10.274118,-0.25019407,-0.076015905,
14459941807000,3,10.268132,-0.25558102,-0.08738836,
14459961399000,3,10.271724,-0.25019407,-0.08379706,
14459983402000,3,10.26095,-0.25977087,-0.06584055,
14460002415000,3,10.269928,-0.2657564,-0.09816227,
14460021519000,3,10.263943,-0.25318682,-0.089184016,
14460043430000,3,10.263943,-0.25019407,-0.07182605,
14460062229000,3,10.280702,-0.25139117,-0.08200141,
14460081486000,3,10.272921,-0.2693477,-0.0676362,
14460103397000,3,10.266935,-0.25258827,-0.0724246,
14460121952000,3,10.26095,-0.25139117,-0.08379706,
14460141544000,3,10.274118,-0.27234045,-0.077811554,
14460163578000,3,10.280702,-0.24720132,-0.08080431,
14460182560000,3,10.258555,-0.24779987,-0.05805939,
14460201694000,3,10.278308,-0.25677812,-0.08798691,
14460223637000,3,10.277709,-0.25677812,-0.06344634,
14460242313000,3,10.279505,-0.25917232,-0.075417355,
14460261784000,3,10.279505,-0.25198972,-0.08499416,
14460283726000,3,10.268132,-0.24959552,-0.073621705,
14460302586000,3,10.256162,-0.25258827,-0.08499416,
14460321812000,3,10.268731,-0.25438392,-0.073621705,
14460343693000,3,10.272323,-0.26396075,-0.08200141,
14460362614000,3,10.277111,-0.23822308,-0.076015905,
14460381870000,3,10.272323,-0.2657564,-0.08499416,
14460403812000,3,10.276512,-0.24420857,-0.08080431,
14460422276000,3,10.275315,-0.25198972,-0.11192893,
14460441898000,3,10.262746,-0.24540567,-0.079008654,
14460463810000,3,10.268731,-0.24839842,-0.08200141,
14460482426000,3,10.2735195,-0.25857377,-0.077811554,
14460501987000,3,10.254965,-0.25977087,-0.08200141,
14460523869000,3,10.270527,-0.25917232,-0.092176765,
14460543644000,3,10.242394,-0.25079262,-0.06464344,
14460561954000,3,10.26933,-0.2621651,-0.08319851,
14460583897000,3,10.275913,-0.26036942,-0.09935937,
14460602451000,3,10.260351,-0.24301147,-0.08678981,
14460622227000,3,10.287286,-0.25378537,-0.078410104,
14460644108000,3,10.261548,-0.26276365,-0.08020575,
14460662571000,3,10.263344,-0.24959552,-0.08319851,
14460682194000,3,10.263344,-0.24001873,-0.0796072,
14460704075000,3,10.281301,-0.25318682,-0.074818805,
14460723026000,3,10.268132,-0.26635495,-0.07182605,
14460742130000,3,10.268132,-0.25318682,-0.08080431,
14460764042000,3,10.275315,-0.24001873,-0.08080431,
14460782902000,3,10.262147,-0.24720132,-0.05267244,
14460802158000,3,10.257957,-0.25677812,-0.074220255,
14460824162000,3,10.271724,-0.25258827,-0.090979666,
14460842777000,3,10.2657385,-0.24301147,-0.074818805,
14460862278000,3,10.272921,-0.23523031,-0.093972415,
14460884220000,3,10.264542,-0.26156655,-0.08259996,
14460903110000,3,10.258555,-0.25258827,-0.074818805,
14460922337000,3,10.263344,-0.25258827,-0.073621705,
14460944157000,3,10.270527,-0.25857377,-0.08080431,
14460962894000,3,10.250774,-0.25079262,-0.08738836,
14460982395000,3,10.279505,-0.25498247,-0.08020575,
14461004307000,3,10.253767,-0.24241292,-0.08439561,
14461023167000,3,10.26933,-0.26036942,-0.08080431,
14461042759000,3,10.267534,-0.24181437,-0.092176765,
14461064396000,3,10.257359,-0.26874915,-0.08439561,
14461083317000,3,10.257359,-0.25737667,-0.08020575,
14461102604000,3,10.274118,-0.25438392,-0.078410104,
14461124454000,3,10.263943,-0.25378537,-0.08319851,
14461142948000,3,10.263943,-0.25258827,-0.08499416,
14461162662000,3,10.266935,-0.25677812,-0.077213004,
14461184483000,3,10.280104,-0.24899697,-0.077213004,
14461203159000,3,10.270527,-0.25318682,-0.08319851,
14461222660000,3,10.267534,-0.25198972,-0.08738836,
14461244541000,3,10.259753,-0.25019407,-0.074818805,
14461263859000,3,10.263943,-0.24899697,-0.078410104,
14461282719000,3,10.272323,-0.24959552,-0.07062895,
14461304569000,3,10.2657385,-0.24899697,-0.08559271,
14461323124000,3,10.258555,-0.26036942,-0.0712275,
14461342716000,3,10.283695,-0.24959552,-0.093373865,
14461364689000,3,10.257359,-0.23882163,-0.055066638,
14461383152000,3,10.260351,-0.24839842,-0.078410104,
14461402805000,3,10.272921,-0.26515785,-0.05566519,
14461424686000,3,10.277709,-0.25378537,-0.0796072,
14461443699000,3,10.280104,-0.25019407,-0.07182605,
14461462833000,3,10.258555,-0.24720132,-0.06404489,
14461484776000,3,10.258555,-0.24241292,-0.092176765,
14461504093000,3,10.257957,-0.25378537,-0.0676362,
14461522922000,3,10.266336,-0.24959552,-0.0688333,
14461544804000,3,10.268731,-0.24420857,-0.08319851,
14461563328000,3,10.257359,-0.25438392,-0.076015905,
14461582951000,3,10.254965,-0.24001873,-0.08619126,
14461604954000,3,10.258555,-0.25378537,-0.05925649,
14461623814000,3,10.269928,-0.25019407,-0.076614454,
14461643040000,3,10.2657385,-0.25198972,-0.077213004,
14461664921000,3,10.267534,-0.25378537,-0.074220255,
14461683537000,3,10.278308,-0.24839842,-0.08678981,
14461703037000,3,10.263344,-0.24061728,-0.06703765,
14461724979000,3,10.281301,-0.25857377,-0.075417355,
14461743839000,3,10.255563,-0.25198972,-0.08200141,
14461763126000,3,10.266935,-0.25139117,-0.08559271,
14461785038000,3,10.271724,-0.26755205,-0.074220255,
14461804020000,3,10.278907,-0.26156655,-0.077811554,
14461823215000,3,10.25676,-0.25378537,-0.08319851,
14461845097000,3,10.276512,-0.260968,-0.09876082,
14461863590000,3,10.268132,-0.25019407,-0.06464344,
14461883244000,3,10.25257,-0.24779987,-0.08379706,
14461905125000,3,10.262746,-0.25558102,-0.073621705,
14461923801000,3,10.255563,-0.25737667,-0.08259996,
14461943272000,3,10.275315,-0.25378537,-0.08499416,
14461965183000,3,10.26095,-0.25857377,-0.08619126,
14461984470000,3,10.250176,-0.24540567,-0.0724246,
14462003422000,3,10.276512,-0.24600422,-0.08259996,
14462025272000,3,10.276512,-0.24241292,-0.077213004,
14462043766000,3,10.268731,-0.24839842,-0.095768064,
14462063389000,3,10.272323,-0.26515785,-0.05805939,
14462085331000,3,10.264542,-0.24540567,-0.08439561,
14462103855000,3,10.26095,-0.24480712,-0.095768064,
14462123478000,3,10.254366,-0.25438392,-0.0724246,
14462145328000,3,10.256162,-0.24121583,-0.09876082,
14462164371000,3,10.264542,-0.25857377,-0.095169514,
14462183506000,3,10.263344,-0.25737667,-0.06823475,
14462205479000,3,10.2657385,-0.26036942,-0.08259996,
14462224277000,3,10.262147,-0.25198972,-0.08499416,
14462243626000,3,10.257957,-0.24899697,-0.093373865,
14462265568000,3,10.255563,-0.23283611,-0.090381116,
14462284031000,3,10.251971,-0.25318682,-0.08140286,
14462303684000,3,10.2735195,-0.24181437,-0.08678981,
14462325596000,3,10.277111,-0.25857377,-0.0688333,
14462344425000,3,10.253169,-0.26276365,-0.089782566,
14462363743000,3,10.2657385,-0.260968,-0.092176765,
14462385654000,3,10.2657385,-0.24779987,-0.091578215,
14462404301000,3,10.262147,-0.25378537,-0.08080431,
14462423801000,3,10.277111,-0.26515785,-0.08259996,
14462445744000,3,10.260351,-0.23702596,-0.0796072,
14462468418000,3,10.264542,-0.25857377,-0.073621705,
14462487308000,3,10.259753,-0.25617957,-0.08140286,
14462505772000,3,10.257359,-0.24540567,-0.0796072,
14462524631000,3,10.280104,-0.25498247,-0.079008654,
14462543858000,3,10.268731,-0.24001873,-0.08259996,
14462565830000,3,10.269928,-0.2633622,-0.078410104,
14462584232000,3,10.264542,-0.25438392,-0.06464344,
14462603886000,3,10.266336,-0.260968,-0.08439561,
14462625797000,3,10.262746,-0.25079262,-0.0664391,
14462644474000,3,10.244789,-0.24779987,-0.06703765,
14462663975000,3,10.288484,-0.24301147,-0.094570965,
14462685947000,3,10.263943,-0.25198972,-0.091578215,
14462705173000,3,10.251373,-0.23942018,-0.078410104,
14462724033000,3,10.291476,-0.23403321,-0.089184016,
14462745975000,3,10.2657385,-0.25198972,-0.0664391,
14462764500000,3,10.259154,-0.260968,-0.061650693,
14462784092000,3,10.258555,-0.24181437,-0.08200141,
14462806004000,3,10.267534,-0.25438392,-0.079008654,
14462824528000,3,10.25676,-0.25857377,-0.09696517,
14462844120000,3,10.269928,-0.24420857,-0.095768064,
14462866093000,3,10.262147,-0.23343466,-0.08738836,
14462885105000,3,10.251373,-0.24959552,-0.089184016,
14462904240000,3,10.278308,-0.26396075,-0.08379706,
14462926121000,3,10.263344,-0.2645593,-0.06584055,
14462944981000,3,10.2495775,-0.24899697,-0.06404489,
14462964298000,3,10.277709,-0.25079262,-0.08259996,
14462986179000,3,10.250774,-0.24420857,-0.08559271,
14463004795000,3,10.266336,-0.25378537,-0.090381116,
14463024387000,3,10.270527,-0.24839842,-0.0688333,
14463046329000,3,10.267534,-0.22984336,-0.08439561,
14463065220000,3,10.260351,-0.25857377,-0.08678981,
14463084415000,3,10.255563,-0.25079262,-0.08140286,
14463106266000,3,10.250774,-0.25617957,-0.089184016,
14463124943000,3,10.262746,-0.25558102,-0.074818805,
14463144413000,3,10.272921,-0.23582886,-0.08200141,
14463166447000,3,10.277111,-0.24301147,-0.075417355,
14463185368000,3,10.261548,-0.26156655,-0.08379706,
14463204624000,3,10.280702,-0.25677812,-0.0712275,
14463226597000,3,10.278308,-0.25857377,-0.077213004,
14463245457000,3,10.263943,-0.23882163,-0.07062895,
14463264591000,3,10.26933,-0.25079262,-0.092176765,
14463286533000,3,10.268132,-0.25797522,-0.06703765,
14463305088000,3,10.264542,-0.25258827,-0.08379706,
14463324711000,3,10.248381,-0.24301147,-0.06943185,
14463346683000,3,10.2735195,-0.25558102,-0.06703765,
14463365269000,3,10.268731,-0.27114335,-0.08200141,
14463384708000,3,10.272921,-0.24540567,-0.08140286,
14463406620000,3,10.25676,-0.24959552,-0.088585466,
14463426334000,3,10.259753,-0.25258827,-0.089184016,
14463444736000,3,10.257957,-0.25139117,-0.08619126,
14463466679000,3,10.257359,-0.24839842,-0.08140286,
14463485172000,3,10.263943,-0.25977087,-0.088585466,
14463504826000,3,10.266935,-0.24061728,-0.08319851,
14463526768000,3,10.272323,-0.26994625,-0.0796072,
14463545292000,3,10.272323,-0.25677812,-0.06943185,
14463564854000,3,10.250774,-0.25498247,-0.06584055,
14463586887000,3,10.263943,-0.26515785,-0.0664391,
14463605839000,3,10.253169,-0.26874915,-0.073023155,
14463624882000,3,10.268731,-0.2669535,-0.10055647,
14463646793000,3,10.255563,-0.25737667,-0.095768064,
14463665714000,3,10.275315,-0.23523031,-0.0712275,
14463684940000,3,10.255563,-0.24420857,-0.08200141,
14463706882000,3,10.266336,-0.25498247,-0.065242,
14463725437000,3,10.275913,-0.25318682,-0.090381116,
14463745060000,3,10.270527,-0.23942018,-0.090979666,
14463766941000,3,10.259753,-0.25857377,-0.0724246,
14463785862000,3,10.275315,-0.24241292,-0.079008654,
14463805271000,3,10.263344,-0.23882163,-0.090381116,
14463827152000,3,10.264542,-0.25198972,-0.08619126,
14463845798000,3,10.269928,-0.25737667,-0.0688333,
14463865330000,3,10.26933,-0.26156655,-0.09876082,
14463887272000,3,10.274716,-0.25617957,-0.08319851,
14463906162000,3,10.268132,-0.25737667,-0.078410104,
14463925388000,3,10.259154,-0.25677812,-0.089184016,
14463947208000,3,10.260351,-0.25318682,-0.08798691,
14463966190000,3,10.268731,-0.24779987,-0.0664391,
14463985447000,3,10.266935,-0.25797522,-0.10414778,
14464007267000,3,10.257359,-0.2621651,-0.08798691,
14464025761000,3,10.263344,-0.24420857,-0.078410104,
14464045383000,3,10.274118,-0.24241292,-0.078410104,
14464067203000,3,10.250774,-0.24839842,-0.0796072,
14464085880000,3,10.261548,-0.25198972,-0.076015905,
14464105320000,3,10.263344,-0.24899697,-0.08619126,
14464127323000,3,10.262746,-0.25438392,-0.075417355,
14464146549000,3,10.268132,-0.25558102,-0.08020575,
14464165440000,3,10.258555,-0.25378537,-0.075417355,
14464187351000,3,10.263943,-0.26874915,-0.089782566,
14464205906000,3,10.259753,-0.26156655,-0.076015905,
14464225529000,3,10.257359,-0.25737667,-0.073023155,
14464247440000,3,10.261548,-0.23702596,-0.06823475,
14464265995000,3,10.259154,-0.25617957,-0.08259996,
14464285587000,3,10.257957,-0.25079262,-0.0796072,
14464307499000,3,10.263344,-0.25378537,-0.06943185,
14464326511000,3,10.262746,-0.26276365,-0.095768064,
14464345646000,3,10.259753,-0.24720132,-0.088585466,
14464367496000,3,10.266336,-0.25917232,-0.08200141,
14464386845000,3,10.253767,-0.24899697,-0.089184016,
14464405613000,3,10.26514,-0.24241292,-0.0724246,
14464427586000,3,10.275913,-0.24061728,-0.08379706,
14464446171000,3,10.25676,-0.24121583,-0.08020575,
14464465733000,3,10.2657385,-0.24001873,-0.08559271,
14464487583000,3,10.242394,-0.24720132,-0.10235212,
14464506504000,3,10.25257,-0.25857377,-0.08798691,
14464525791000,3,10.262147,-0.23882163,-0.08678981,
14464547642000,3,10.262746,-0.26635495,-0.089184016,
14464566318000,3,10.262746,-0.24241292,-0.093373865,
14464585819000,3,10.259154,-0.25498247,-0.091578215,
14464607761000,3,10.266935,-0.25737667,-0.077213004,
14464626621000,3,10.268731,-0.23882163,-0.08140286,
14464645847000,3,10.266336,-0.24001873,-0.08439561,
14464667820000,3,10.2657385,-0.23343466,-0.059855044,
14464686710000,3,10.267534,-0.2669535,-0.0724246,
14464705906000,3,10.263344,-0.25438392,-0.077213004,
14464727848000,3,10.26095,-0.24839842,-0.08499416,
14464746494000,3,10.275315,-0.25198972,-0.074818805,
14464766026000,3,10.263943,-0.23942018,-0.0724246,
14464787937000,3,10.271125,-0.24839842,-0.07062895,
14464806614000,3,10.264542,-0.23882163,-0.08798691,
14464826084000,3,10.266935,-0.25139117,-0.074818805,
14464848026000,3,10.26514,-0.26396075,-0.08020575,
14464867252000,3,10.262147,-0.24121583,-0.08020575,
14464886173000,3,10.26095,-0.25677812,-0.076015905,
14464908054000,3,10.263344,-0.25797522,-0.0796072,
14464926609000,3,10.274118,-0.2621651,-0.08259996,
14464946201000,3,10.259753,-0.23822308,-0.06943185,
14464968113000,3,10.263943,-0.25318682,-0.08259996,
14464986668000,3,10.267534,-0.24839842,-0.09636662,
14465006260000,3,10.262746,-0.25378537,-0.092775315,
14465028233000,3,10.279505,-0.25079262,-0.08319851,
14465047214000,3,10.275913,-0.24899697,-0.06823475,
14465066257000,3,10.283096,-0.24540567,-0.10414778,
14465088169000,3,10.264542,-0.24361002,-0.107140526,
14465107029000,3,10.268731,-0.23942018,-0.08200141,
14465126316000,3,10.261548,-0.25258827,-0.079008654,
14465148258000,3,10.257359,-0.26515785,-0.073023155,
14465166782000,3,10.254366,-0.24121583,-0.06823475,
14465186375000,3,10.279505,-0.24959552,-0.08499416,
14465208317000,3,10.279505,-0.25857377,-0.076015905,
14465227268000,3,10.262746,-0.26396075,-0.07182605,
14465246433000,3,10.259753,-0.25498247,-0.06943185,
14465268345000,3,10.266336,-0.25318682,-0.0712275,
14465286991000,3,10.278907,-0.25019407,-0.0700304,
14465306492000,3,10.26514,-0.2621651,-0.073023155,
14465328434000,3,10.260351,-0.25977087,-0.08678981,
14465347752000,3,10.2735195,-0.25857377,-0.0700304,
14465366550000,3,10.2657385,-0.24420857,-0.0796072,
14465388462000,3,10.251373,-0.25378537,-0.07062895,
14465407413000,3,10.26933,-0.2693477,-0.065242,
14465426670000,3,10.25676,-0.23702596,-0.090381116,
14465448582000,3,10.251373,-0.24839842,-0.08080431,
14465467075000,3,10.278907,-0.26036942,-0.089782566,
14465486668000,3,10.262147,-0.25318682,-0.06943185,
14465508610000,3,10.268731,-0.25139117,-0.077811554,
14465527287000,3,10.268731,-0.24480712,-0.08259996,
14465546757000,3,10.259753,-0.25198972,-0.089184016,
14465568668000,3,10.25676,-0.23762453,-0.092775315,
14465587925000,3,10.259154,-0.26515785,-0.08080431,
14465606815000,3,10.270527,-0.25258827,-0.065242,
14465628727000,3,10.275913,-0.25318682,-0.0700304,
14465647251000,3,10.262746,-0.26156655,-0.08140286,
14465666935000,3,10.258555,-0.25498247,-0.08080431,
14465688786000,3,10.271125,-0.25438392,-0.077811554,
14465707340000,3,10.278308,-0.23523031,-0.08020575,
14465726902000,3,10.275315,-0.23942018,-0.061052144,
14465748844000,3,10.259154,-0.24600422,-0.075417355,
14465767857000,3,10.253169,-0.24660277,-0.107140526,
14465786991000,3,10.259753,-0.25139117,-0.0688333,
14465808903000,3,10.26514,-0.24121583,-0.08319851,
14465827793000,3,10.253169,-0.23762453,-0.08439561,
14465847080000,3,10.254366,-0.24540567,-0.0796072,
14465868870000,3,10.2735195,-0.25677812,-0.089782566,
14465887485000,3,10.253169,-0.24061728,-0.0664391,
14465907078000,3,10.268731,-0.25797522,-0.10295067,
14465928928000,3,10.272323,-0.24779987,-0.08738836,
14465947880000,3,10.262147,-0.24779987,-0.08379706,
14465967136000,3,10.260351,-0.24839842,-0.08619126,
14465989078000,3,10.270527,-0.23882163,-0.074818805,
14466007664000,3,10.276512,-0.24121583,-0.0664391,
14466027195000,3,10.264542,-0.25198972,-0.08319851,
14466049107000,3,10.255563,-0.24241292,-0.076614454,
14466067966000,3,10.277111,-0.23942018,-0.090979666,
14466087254000,3,10.255563,-0.25378537,-0.073621705,
14466109165000,3,10.268731,-0.25378537,-0.077213004,
14466128086000,3,10.257359,-0.26515785,-0.079008654,
14466147312000,3,10.267534,-0.24061728,-0.108936176,
14466169224000,3,10.262147,-0.25857377,-0.088585466,
14466187778000,3,10.266336,-0.25917232,-0.078410104,
14466207371000,3,10.268132,-0.2681506,-0.08559271,
14466229282000,3,10.263943,-0.25139117,-0.08080431,
14466247959000,3,10.251373,-0.26874915,-0.0712275,
14466267399000,3,10.256162,-0.2621651,-0.090381116,
14466289310000,3,10.257359,-0.25677812,-0.0676362,
14466309055000,3,10.260351,-0.25198972,-0.06823475,
14466327457000,3,10.26933,-0.24600422,-0.08200141,
14466349400000,3,10.268132,-0.24061728,-0.0796072,
14466367954000,3,10.266336,-0.24361002,-0.073023155,
14466387577000,3,10.267534,-0.23942018,-0.073023155,
14466409458000,3,10.276512,-0.25258827,-0.090381116,
14466428013000,3,10.257957,-0.24061728,-0.093373865,
14466447636000,3,10.286688,-0.24241292,-0.079008654,
14466469517000,3,10.2657385,-0.26036942,-0.079008654,
14466488560000,3,10.287885,-0.25019407,-0.08020575,
14466507694000,3,10.254366,-0.25139117,-0.078410104,
14466529545000,3,10.2735195,-0.24720132,-0.090979666,
14466548405000,3,10.261548,-0.24540567,-0.06464344,
14466567722000,3,10.280104,-0.26036942,-0.095169514,
14466589634000,3,10.257957,-0.24301147,-0.074818805,
14466608189000,3,10.274118,-0.25019407,-0.050876785,
14466627781000,3,10.254965,-0.24361002,-0.08619126,
14466649723000,3,10.281899,-0.25258827,-0.08738836,
14466668583000,3,10.269928,-0.25438392,-0.08738836,
14466687809000,3,10.264542,-0.24001873,-0.093373865,
14466709782000,3,10.26933,-0.24959552,-0.08678981,
14466728519000,3,10.259753,-0.25258827,-0.095768064,
14466747868000,3,10.268731,-0.25917232,-0.092775315,
14466769810000,3,10.267534,-0.25438392,-0.08259996,
14466788670000,3,10.267534,-0.2741361,-0.0796072,
14466807957000,3,10.25676,-0.24839842,-0.08020575,
14466829899000,3,10.267534,-0.24839842,-0.089184016,
14466848759000,3,10.269928,-0.26036942,-0.08678981,
14466867985000,3,10.262147,-0.24959552,-0.0796072,
14466889896000,3,10.248381,-0.25558102,-0.08439561,
14466908421000,3,10.280702,-0.25498247,-0.09696517,
14466928074000,3,10.2657385,-0.24540567,-0.088585466,
14466950077000,3,10.272921,-0.26276365,-0.092775315,
14466968723000,3,10.267534,-0.260968,-0.077213004,
14466988193000,3,10.251373,-0.24241292,-0.078410104,
14467010136000,3,10.259753,-0.23942018,-0.092775315,
14467029331000,3,10.262147,-0.260968,-0.073023155,
14467048191000,3,10.266336,-0.24181437,-0.08678981,
14467070042000,3,10.275315,-0.25198972,-0.08619126,
14467088596000,3,10.2657385,-0.25139117,-0.08559271,
14467108219000,3,10.277709,-0.25677812,-0.08259996,
14467130131000,3,10.264542,-0.25258827,-0.073621705,
14467148685000,3,10.275913,-0.24959552,-0.076015905,
14467168339000,3,10.277709,-0.26755205,-0.08678981,
14467190189000,3,10.272921,-0.25139117,-0.08798691,
14467209232000,3,10.261548,-0.25198972,-0.07182605,
14467228336000,3,10.266336,-0.25318682,-0.076015905,
14467250309000,3,10.274118,-0.27353755,-0.08798691,
14467269596000,3,10.277709,-0.260968,-0.0688333,
14467288395000,3,10.274716,-0.25019407,-0.092176765,
14467310368000,3,10.263344,-0.25617957,-0.088585466,
14467328892000,3,10.263344,-0.24660277,-0.077811554,
14467348484000,3,10.259154,-0.24361002,-0.09876082,
14467370396000,3,10.26933,-0.26396075,-0.0688333,
14467389255000,3,10.253767,-0.24720132,-0.07182605,
14467408512000,3,10.256162,-0.24361002,-0.06464344,
14467430454000,3,10.274118,-0.24660277,-0.091578215,
14467449070000,3,10.271125,-0.25198972,-0.08319851,
14467468571000,3,10.261548,-0.26036942,-0.046686932,
14467490543000,3,10.266935,-0.24420857,-0.076015905,
14467509342000,3,10.286688,-0.25797522,-0.0700304,
14467528599000,3,10.278308,-0.27473465,-0.06464344,
14467550755000,3,10.266336,-0.24959552,-0.075417355,
14467569462000,3,10.288484,-0.25617957,-0.08379706,
14467588718000,3,10.277111,-0.25558102,-0.05267244,
14467610569000,3,10.266336,-0.26515785,-0.08319851,
14467629063000,3,10.2657385,-0.25079262,-0.08200141,
14467648716000,3,10.279505,-0.26396075,-0.0796072,
14467670658000,3,10.270527,-0.24480712,-0.0676362,
14467689335000,3,10.251971,-0.2681506,-0.073023155,
14467708805000,3,10.275315,-0.25737667,-0.077213004,
14467730717000,3,10.256162,-0.24600422,-0.079008654,
14467750065000,3,10.266336,-0.25797522,-0.08140286,
14467768864000,3,10.26933,-0.25737667,-0.0712275,
14467790775000,3,10.26095,-0.24181437,-0.08200141,
14467809330000,3,10.267534,-0.25438392,-0.089782566,
14467828922000,3,10.256162,-0.26635495,-0.093373865,
14467850895000,3,10.266935,-0.26276365,-0.08319851,
14467869389000,3,10.268132,-0.26515785,-0.08738836,
14467888981000,3,10.263344,-0.260968,-0.092176765,
14467910923000,3,10.262147,-0.25558102,-0.094570965,
14467929966000,3,10.266336,-0.25677812,-0.093972415,
14467949070000,3,10.282497,-0.24420857,-0.06943185,
14467970951000,3,10.269928,-0.25378537,-0.0796072,
14467989811000,3,10.26095,-0.2645593,-0.0712275,
14468009129000,3,10.26095,-0.24420857,-0.077811554,
14468031010000,3,10.274118,-0.25857377,-0.07182605,
14468049534000,3,10.266336,-0.26036942,-0.088585466,
14468069157000,3,10.272323,-0.24480712,-0.091578215,
14468091099000,3,10.263943,-0.27114335,-0.077213004,
14468109959000,3,10.268132,-0.260968,-0.08559271,
14468129185000,3,10.271125,-0.23762453,-0.0700304,
14468151127000,3,10.2657385,-0.25378537,-0.0700304,
14468169743000,3,10.261548,-0.24361002,-0.092176765,
14468189335000,3,10.26933,-0.26036942,-0.076614454,
14468211307000,3,10.271125,-0.25677812,-0.093972415,
14468230656000,3,10.257957,-0.25917232,-0.075417355,
14468249393000,3,10.2735195,-0.23942018,-0.0676362,
14468271336000,3,10.277709,-0.2657564,-0.09816227,
14468290256000,3,10.282497,-0.25139117,-0.08439561,
14468309391000,3,10.259154,-0.25917232,-0.06703765,
14468331333000,3,10.274716,-0.26396075,-0.08319851,
14468349796000,3,10.270527,-0.25139117,-0.08678981,
14468369419000,3,10.269928,-0.25019407,-0.092176765,
14468391300000,3,10.262746,-0.24959552,-0.093972415,
14468410068000,3,10.271724,-0.24361002,-0.073023155,
14468429478000,3,10.266935,-0.26036942,-0.08080431,
14468451420000,3,10.264542,-0.24779987,-0.08439561,
14468470646000,3,10.251373,-0.25498247,-0.076614454,
14468489536000,3,10.263943,-0.25737667,-0.077213004,
14468511478000,3,10.2657385,-0.25198972,-0.08319851,
14468530247000,3,10.26933,-0.26036942,-0.09696517,
14468549595000,3,10.272323,-0.25617957,-0.092176765,
14468571598000,3,10.272323,-0.25977087,-0.089184016,
14468590122000,3,10.25257,-0.24660277,-0.08439561,
14468609623000,3,10.279505,-0.25079262,-0.08439561,
14468631535000,3,10.272323,-0.24420857,-0.073621705,
14468650822000,3,10.253169,-0.24959552,-0.090979666,
14468669712000,3,10.268731,-0.25677812,-0.075417355,
14468691654000,3,10.281899,-0.24181437,-0.092176765,
14468710514000,3,10.257359,-0.26874915,-0.076015905,
14468729801000,3,10.277709,-0.25977087,-0.073023155,
14468751743000,3,10.26933,-0.26994625,-0.075417355,
14468770298000,3,10.26933,-0.25019407,-0.0796072,
14468789829000,3,10.287885,-0.25318682,-0.078410104,
14468811832000,3,10.278308,-0.272939,-0.089782566,
14468830845000,3,10.263344,-0.25498247,-0.065242,
14468850224000,3,10.280104,-0.25558102,-0.089184016,
14468872074000,3,10.274716,-0.25917232,-0.06823475,
14468890690000,3,10.268731,-0.25617957,-0.08259996,
14468910099000,3,10.267534,-0.25617957,-0.061650693,
14468931950000,3,10.263344,-0.25139117,-0.092775315,
14468951267000,3,10.253169,-0.25558102,-0.0700304,
14468970097000,3,10.261548,-0.24959552,-0.08439561,
14468991978000,3,10.26095,-0.2621651,-0.07062895,
14469010838000,3,10.275315,-0.25019407,-0.079008654,
14469030094000,3,10.277111,-0.25318682,-0.092775315,
14469052006000,3,10.271724,-0.26994625,-0.08499416,
14469070499000,3,10.267534,-0.24660277,-0.06284779,
14469090153000,3,10.269928,-0.26396075,-0.08140286,
14469112186000,3,10.266935,-0.23702596,-0.076614454,
14469130833000,3,10.271125,-0.25737667,-0.074220255,
14469150303000,3,10.269928,-0.25438392,-0.088585466,
14469172337000,3,10.263943,-0.24241292,-0.08020575,
14469192051000,3,10.25676,-0.25198972,-0.074818805,
14469210422000,3,10.264542,-0.23642741,-0.08559271,
14469232395000,3,10.26933,-0.24779987,-0.0700304,
14469250919000,3,10.257359,-0.25258827,-0.08259996,
14469270481000,3,10.256162,-0.24301147,-0.0724246,
14469292423000,3,10.274118,-0.260968,-0.074220255,
14469311008000,3,10.259753,-0.24899697,-0.08020575,
14469330601000,3,10.257957,-0.2633622,-0.077811554,
14469352512000,3,10.262147,-0.25857377,-0.08738836,
14469371494000,3,10.245986,-0.26276365,-0.0688333,
14469390629000,3,10.262147,-0.23463176,-0.060453594,
14469412540000,3,10.2657385,-0.24001873,-0.08678981,
14469431400000,3,10.26514,-0.24121583,-0.10414778,
14469450687000,3,10.276512,-0.23942018,-0.09816227,
14469473026000,3,10.254366,-0.24181437,-0.0688333,
14469491184000,3,10.255563,-0.24660277,-0.08319851,
14469510685000,3,10.247183,-0.24899697,-0.074220255,
14469532627000,3,10.240001,-0.24361002,-0.088585466,
14469551426000,3,10.257359,-0.24720132,-0.074220255,
14469570591000,3,10.263344,-0.25438392,-0.0700304,
14469592686000,3,10.263943,-0.25617957,-0.076015905,
14469611149000,3,10.250176,-0.25198972,-0.075417355,
14469630680000,3,10.261548,-0.25558102,-0.074220255,
14469652805000,3,10.268132,-0.24600422,-0.077213004,
14469671452000,3,10.274118,-0.24779987,-0.08259996,
14469690708000,3,10.26933,-0.24600422,-0.08798691,
14469712650000,3,10.25676,-0.24720132,-0.08200141,
14469731510000,3,10.2735195,-0.25677812,-0.078410104,
14469750767000,3,10.279505,-0.25857377,-0.08319851,
14469772678000,3,10.262746,-0.25198972,-0.0796072,
14469791203000,3,10.269928,-0.23882163,-0.06404489,
14469810825000,3,10.262746,-0.26276365,-0.090381116,
14469832767000,3,10.269928,-0.25079262,-0.08798691,
14469851475000,3,10.278308,-0.2633622,-0.089184016,
14469870884000,3,10.277709,-0.24779987,-0.077811554,
14469892887000,3,10.267534,-0.25019407,-0.093972415,
14469912083000,3,10.257957,-0.25258827,-0.08080431,
14469930973000,3,10.257359,-0.24839842,-0.077811554,
14469953403000,3,10.2657385,-0.25797522,-0.0796072,
14469971378000,3,10.254366,-0.26276365,-0.077811554,
14469991032000,3,10.277709,-0.26276365,-0.079008654,
14470012913000,3,10.268132,-0.2633622,-0.08439561,
14470031437000,3,10.270527,-0.25617957,-0.06703765,
14470051060000,3,10.276512,-0.24361002,-0.09816227,
14470073002000,3,10.257359,-0.24720132,-0.07182605,
14470092106000,3,10.2735195,-0.24480712,-0.08798691,
14470111210000,3,10.258555,-0.26276365,-0.077213004,
14470133182000,3,10.258555,-0.25498247,-0.08798691,
14470152439000,3,10.259154,-0.25258827,-0.074220255,
14470171452000,3,10.276512,-0.25438392,-0.08738836,
14470193302000,3,10.248979,-0.25498247,-0.08379706,
14470211704000,3,10.2657385,-0.2633622,-0.091578215,
14470231297000,3,10.26095,-0.24720132,-0.092775315,
14470253391000,3,10.266935,-0.24241292,-0.08319851,
14470272068000,3,10.25257,-0.23523031,-0.0700304,
14470291325000,3,10.26095,-0.24121583,-0.09756372,
14470313236000,3,10.261548,-0.24600422,-0.07182605,
14470331821000,3,10.263943,-0.25139117,-0.08379706,
14470351383000,3,10.258555,-0.23942018,-0.09816227,
14470373264000,3,10.258555,-0.25677812,-0.077213004,
14470392155000,3,10.253169,-0.24181437,-0.092176765,
14470411411000,3,10.247183,-0.22565351,-0.0688333,
14470433353000,3,10.274716,-0.24061728,-0.10474633,
14470452213000,3,10.2495775,-0.25737667,-0.08678981,
14470471470000,3,10.26933,-0.25139117,-0.073621705,
14470493412000,3,10.257957,-0.25737667,-0.08259996,
14470512760000,3,10.268132,-0.25498247,-0.074818805,
14470531559000,3,10.26514,-0.24839842,-0.061052144,
14470553471000,3,10.250774,-0.24540567,-0.088585466,
14470572178000,3,10.263344,-0.2621651,-0.076614454,
14470591618000,3,10.260351,-0.26156655,-0.091578215,
14470613560000,3,10.270527,-0.25677812,-0.092775315,
14470632816000,3,10.268731,-0.25139117,-0.076015905,
14470651737000,3,10.266935,-0.25617957,-0.0796072,
14470673740000,3,10.250176,-0.25139117,-0.0796072,
14470692509000,3,10.26095,-0.24779987,-0.08200141,
14470711704000,3,10.2657385,-0.24480712,-0.08020575,
14470733646000,3,10.257957,-0.25797522,-0.089184016,
14470752140000,3,10.268731,-0.25378537,-0.0664391,
14470771763000,3,10.256162,-0.25378537,-0.06943185,
14470793705000,3,10.270527,-0.24181437,-0.09995792,
14470812656000,3,10.26514,-0.25139117,-0.0700304,
14470831821000,3,10.257359,-0.2657564,-0.074220255,
14470853855000,3,10.248381,-0.25797522,-0.0796072,
14470872715000,3,10.254965,-0.24540567,-0.093373865,
14470891972000,3,10.266935,-0.24001873,-0.0676362,
14470913822000,3,10.275913,-0.24600422,-0.05566519,
14470932346000,3,10.258555,-0.24600422,-0.06823475,
14470951969000,3,10.262147,-0.25917232,-0.08200141,
14470973881000,3,10.272323,-0.25558102,-0.062249243,
14470992893000,3,10.270527,-0.23822308,-0.093373865,
14471012028000,3,10.258555,-0.25079262,-0.08678981,
14471033939000,3,10.270527,-0.25079262,-0.07182605,
14471052647000,3,10.24419,-0.25617957,-0.079008654,
14471072117000,3,10.262746,-0.2621651,-0.08559271,
14471094028000,3,10.270527,-0.25737667,-0.077213004,
14471113285000,3,10.275315,-0.25139117,-0.08020575,
14471132236000,3,10.274716,-0.2669535,-0.10055647,
14471154118000,3,10.288484,-0.24480712,-0.08499416,
14471173038000,3,10.262746,-0.24839842,-0.08200141,
14471192203000,3,10.269928,-0.25139117,-0.06703765,
14471214146000,3,10.267534,-0.24779987,-0.089184016,
14471232609000,3,10.259154,-0.25917232,-0.0700304,
14471252232000,3,10.274118,-0.260968,-0.076015905,
14471274113000,3,10.270527,-0.25378537,-0.088585466,
14471293583000,3,10.275913,-0.24480712,-0.075417355,
14471312260000,3,10.266935,-0.2717419,-0.090381116,
14471334202000,3,10.267534,-0.25917232,-0.074818805,
14471353489000,3,10.277111,-0.25797522,-0.09636662,
14471372379000,3,10.253767,-0.25139117,-0.08020575,
14471394291000,3,10.272323,-0.2693477,-0.095169514,
14471412754000,3,10.261548,-0.25019407,-0.091578215,
14471432438000,3,10.25257,-0.25558102,-0.089184016,
14471454380000,3,10.266336,-0.24839842,-0.08499416,
14471472904000,3,10.259753,-0.24420857,-0.089782566,
14471492496000,3,10.270527,-0.25677812,-0.10414778,
14471514347000,3,10.292074,-0.26755205,-0.077213004,
14471533421000,3,10.268731,-0.25198972,-0.074220255,
14471552555000,3,10.266336,-0.24480712,-0.09935937,
14471574528000,3,10.26095,-0.25857377,-0.08499416,
14471599400000,3,10.258555,-0.25438392,-0.090381116,
14471612644000,3,10.271125,-0.25258827,-0.08140286,
14471634556000,3,10.271724,-0.25079262,-0.073023155,
14471653019000,3,10.253767,-0.25079262,-0.0712275,
14471672611000,3,10.259753,-0.260968,-0.076614454,
14471694584000,3,10.263943,-0.25977087,-0.090979666,
14471713444000,3,10.264542,-0.24241292,-0.078410104,
14471732700000,3,10.260351,-0.24779987,-0.074818805,
14471754612000,3,10.277709,-0.25438392,-0.079008654,
14471773228000,3,10.268132,-0.25558102,-0.073621705,
14471792759000,3,10.263344,-0.24600422,-0.08259996,
14471814671000,3,10.2657385,-0.24600422,-0.077213004,
14471833500000,3,10.260351,-0.25139117,-0.089184016,
14471852818000,3,10.274716,-0.2681506,-0.05805939,
14471874760000,3,10.264542,-0.24779987,-0.0700304,
14471893711000,3,10.250774,-0.25258827,-0.08080431,
14471912815000,3,10.26514,-0.25139117,-0.08319851,
14471934727000,3,10.259154,-0.25977087,-0.094570965,
14471953617000,3,10.254366,-0.26036942,-0.0688333,
14471973057000,3,10.26933,-0.26036942,-0.0724246,
14471994907000,3,10.257359,-0.26156655,-0.0700304,
14472013523000,3,10.257957,-0.24121583,-0.091578215,
14472032993000,3,10.25676,-0.2681506,-0.08319851,
14472054874000,3,10.262746,-0.24181437,-0.0796072,
14472074589000,3,10.263344,-0.25857377,-0.092775315,
14472092991000,3,10.278308,-0.25378537,-0.08678981,
14472114933000,3,10.26095,-0.25917232,-0.076614454,
14472133457000,3,10.269928,-0.25917232,-0.092176765,
14472153110000,3,10.277111,-0.25438392,-0.076015905,
14472174961000,3,10.271724,-0.24839842,-0.075417355,
14472193516000,3,10.272323,-0.24241292,-0.078410104,
14472213108000,3,10.263344,-0.25977087,-0.08678981,
14472235020000,3,10.259154,-0.23403321,-0.08559271,
14472254063000,3,10.262746,-0.25438392,-0.08619126,
14472273228000,3,10.267534,-0.24839842,-0.08559271,
14472295109000,3,10.266336,-0.24720132,-0.093972415,
14472313908000,3,10.251971,-0.24839842,-0.08738836,
14472333225000,3,10.272921,-0.25079262,-0.08200141,
14472355167000,3,10.274716,-0.24061728,-0.090979666,
14472373692000,3,10.25257,-0.25977087,-0.08559271,
14472393284000,3,10.286089,-0.2633622,-0.08439561,
14472415226000,3,10.262147,-0.26156655,-0.089184016,
14472434116000,3,10.272323,-0.25318682,-0.089184016,
14472453342000,3,10.251373,-0.23762453,-0.08080431,
14472475254000,3,10.275913,-0.24959552,-0.08619126,
14472493900000,3,10.266935,-0.24241292,-0.078410104,
14472513370000,3,10.266336,-0.24061728,-0.08319851,
14472535313000,3,10.287286,-0.24361002,-0.088585466,
14472554234000,3,10.260351,-0.24001873,-0.08200141,
14472573887000,3,10.264542,-0.2621651,-0.073621705,
14472595432000,3,10.266336,-0.24480712,-0.09995792,
14472614475000,3,10.2735195,-0.25617957,-0.09696517,
14472633518000,3,10.259154,-0.25857377,-0.0724246,
14472655460000,3,10.2735195,-0.26396075,-0.074220255,
14472674046000,3,10.253767,-0.23942018,-0.08020575,
14472693607000,3,10.268132,-0.24600422,-0.073621705,
14472715610000,3,10.263344,-0.25258827,-0.077213004,
14472734287000,3,10.245388,-0.25318682,-0.079008654,
14472753635000,3,10.271125,-0.26515785,-0.08140286,
14472775578000,3,10.271724,-0.24480712,-0.0724246,
14472794834000,3,10.259753,-0.24600422,-0.08140286,
14472813724000,3,10.262147,-0.26036942,-0.08200141,
14472835636000,3,10.245986,-0.23882163,-0.088585466,
14472854099000,3,10.279505,-0.24839842,-0.08738836,
14472873753000,3,10.260351,-0.24121583,-0.08319851,
14472895695000,3,10.260351,-0.24899697,-0.0700304,
14472914249000,3,10.266935,-0.25079262,-0.0712275,
14472933872000,3,10.25676,-0.24779987,-0.06404489,
14472955784000,3,10.274118,-0.24720132,-0.08798691,
14472974796000,3,10.266935,-0.24839842,-0.0676362,
14472993931000,3,10.262746,-0.24839842,-0.077213004,
14473015751000,3,10.267534,-0.25917232,-0.0796072,
14473035130000,3,10.268731,-0.25378537,-0.09935937,
14473053959000,3,10.257359,-0.24779987,-0.077213004,
14473075870000,3,10.263344,-0.23283611,-0.090979666,
14473094364000,3,10.26514,-0.24959552,-0.08379706,
14473113987000,3,10.267534,-0.25258827,-0.08140286,
14473135929000,3,10.256162,-0.26036942,-0.08559271,
14473154819000,3,10.266935,-0.23882163,-0.08200141,
14473174076000,3,10.254366,-0.24959552,-0.094570965,
14473195988000,3,10.272323,-0.27114335,-0.08439561,
14473214573000,3,10.261548,-0.26156655,-0.07182605,
14473234074000,3,10.2657385,-0.2645593,-0.08379706,
14473256016000,3,10.266935,-0.272939,-0.10295067,
14473274906000,3,10.266336,-0.25498247,-0.07182605,
14473294163000,3,10.280104,-0.24121583,-0.093373865,
14473315983000,3,10.259154,-0.25139117,-0.108936176,
14473334965000,3,10.259154,-0.25498247,-0.0796072,
14473354313000,3,10.257957,-0.23762453,-0.090381116,
14473376041000,3,10.26933,-0.24540567,-0.08738836,
14473394627000,3,10.262147,-0.25019407,-0.095768064,
14473414249000,3,10.245388,-0.25737667,-0.08439561,
14473436192000,3,10.25676,-0.26994625,-0.074818805,
14473454838000,3,10.263344,-0.25857377,-0.089782566,
14473474308000,3,10.256162,-0.24420857,-0.08200141,
14473496220000,3,10.270527,-0.25617957,-0.08200141,
14473515507000,3,10.269928,-0.25378537,-0.090979666,
14473534428000,3,10.271724,-0.23702596,-0.08499416,
14473556278000,3,10.250176,-0.25498247,-0.0688333,
14473574802000,3,10.263943,-0.25977087,-0.10175357,
14473594395000,3,10.276512,-0.26156655,-0.08080431,
14473616337000,3,10.263344,-0.25498247,-0.08140286,
14473634891000,3,10.253169,-0.25498247,-0.08259996,
14473654484000,3,10.25676,-0.24720132,-0.074220255,
14473676426000,3,10.258555,-0.24720132,-0.08140286,
14473695438000,3,10.268132,-0.25857377,-0.08379706,
14473714664000,3,10.272323,-0.24720132,-0.08798691,
14473736546000,3,10.251373,-0.24899697,-0.08619126,
14473755375000,3,10.279505,-0.25857377,-0.08140286,
14473774662000,3,10.271125,-0.24660277,-0.08678981,
14473796543000,3,10.260351,-0.25977087,-0.093373865,
14473815159000,3,10.268731,-0.2657564,-0.06943185,
14473834690000,3,10.2657385,-0.24899697,-0.075417355,
14473856602000,3,10.26514,-0.25378537,-0.092176765,
14473875553000,3,10.262746,-0.25498247,-0.08379706,
14473894779000,3,10.25676,-0.24420857,-0.08020575,
14473916691000,3,10.268132,-0.25438392,-0.0688333,
14473935337000,3,10.255563,-0.24660277,-0.06584055,
14473954807000,3,10.26514,-0.24600422,-0.094570965,
14473976749000,3,10.248381,-0.25558102,-0.077811554,
14473996098000,3,10.26095,-0.2693477,-0.07062895,
14474014866000,3,10.262147,-0.25438392,-0.08140286,
14474036808000,3,10.275913,-0.25677812,-0.061650693,
14474055668000,3,10.257359,-0.25797522,-0.06344634,
14474074894000,3,10.267534,-0.23822308,-0.093373865,
14474096806000,3,10.2657385,-0.26036942,-0.094570965,
14474115360000,3,10.264542,-0.25917232,-0.08798691,
14474134983000,3,10.274716,-0.25258827,-0.108936176,
14474156986000,3,10.276512,-0.25378537,-0.073023155,
14474175663000,3,10.270527,-0.24720132,-0.08259996,
14474195103000,3,10.271125,-0.25737667,-0.090381116,
14474216984000,3,10.256162,-0.25079262,-0.089184016,
14474236179000,3,10.267534,-0.25857377,-0.089184016,
14474255039000,3,10.267534,-0.25198972,-0.06344634,
14474276981000,3,10.268731,-0.25198972,-0.08439561,
14474295475000,3,10.272323,-0.25677812,-0.05746084,
14474315159000,3,10.268132,-0.25318682,-0.08319851,
14474337040000,3,10.274716,-0.25558102,-0.08379706,
14474355564000,3,10.279505,-0.25977087,-0.075417355,
14474375156000,3,10.280702,-0.25797522,-0.094570965,
14474397099000,3,10.263943,-0.2753332,-0.090381116,
14474416111000,3,10.272323,-0.24660277,-0.092775315,
14474435245000,3,10.259753,-0.25198972,-0.095169514,
14474457188000,3,10.26933,-0.24839842,-0.090979666,
14474476017000,3,10.26514,-0.24540567,-0.073023155,
14474495335000,3,10.257957,-0.25079262,-0.07062895,
14474517246000,3,10.2495775,-0.23403321,-0.0676362,
14474535740000,3,10.270527,-0.25977087,-0.0676362,
14474555332000,3,10.258555,-0.23283611,-0.076015905,
14474577274000,3,10.251373,-0.25498247,-0.0712275,
14474596226000,3,10.271724,-0.25139117,-0.076015905,
14474615421000,3,10.283096,-0.23942018,-0.088585466,
14474641148000,3,10.26933,-0.260968,-0.08678981,
14474655918000,3,10.254366,-0.25079262,-0.0700304,
14474675419000,3,10.268132,-0.25977087,-0.08738836,
14474697300000,3,10.258555,-0.25558102,-0.076614454,
14474716282000,3,10.269928,-0.2621651,-0.0676362,
14474957554000,3,10.271724,-0.25079262,-0.076614454,
14474976047000,3,10.266935,-0.24660277,-0.07182605,
14474997868000,3,10.268132,-0.25857377,-0.076614454,
14475016270000,3,10.271724,-0.25677812,-0.08200141,
14475035892000,3,10.272921,-0.26156655,-0.05686229,
14475057713000,3,10.264542,-0.26036942,-0.08140286,
14475076328000,3,10.281301,-0.25438392,-0.07062895,
14475095859000,3,10.2657385,-0.25378537,-0.08439561,
14475117863000,3,10.271724,-0.2633622,-0.08738836,
14475136845000,3,10.260351,-0.2645593,-0.094570965,
14475155979000,3,10.263344,-0.25079262,-0.073621705,
14475177891000,3,10.264542,-0.25617957,-0.08319851,
14475196720000,3,10.266935,-0.24600422,-0.07182605,
14475216190000,3,10.268132,-0.23882163,-0.061052144,
14475238102000,3,10.246585,-0.23762453,-0.077811554,
14475256596000,3,10.2735195,-0.25737667,-0.08259996,
14475276249000,3,10.261548,-0.25677812,-0.08619126,
14475298191000,3,10.25257,-0.25318682,-0.10115502,
14475317905000,3,10.263344,-0.24839842,-0.089184016,
14475336307000,3,10.277111,-0.25378537,-0.09935937,
14475358250000,3,10.271125,-0.24420857,-0.090979666,
14475376865000,3,10.257957,-0.25677812,-0.078410104,
14475396336000,3,10.257957,-0.2633622,-0.08379706,
14475418308000,3,10.2735195,-0.24720132,-0.08499416,
14475437168000,3,10.263344,-0.24181437,-0.091578215,
14475456364000,3,10.26933,-0.26156655,-0.08319851,
14475478275000,3,10.277709,-0.24660277,-0.075417355,
14475497135000,3,10.259154,-0.23942018,-0.10115502,
14475516300000,3,10.272921,-0.25797522,-0.050876785,
14475538181000,3,10.274716,-0.26396075,-0.08559271,
14475556766000,3,10.270527,-0.27114335,-0.079008654,
14475576420000,3,10.268731,-0.24899697,-0.074818805,
14475598301000,3,10.259753,-0.25917232,-0.0664391,
14475616978000,3,10.26095,-0.24001873,-0.06344634,
14475636448000,3,10.268132,-0.26396075,-0.077213004,
14475658390000,3,10.263344,-0.24600422,-0.08200141,
14475677647000,3,10.259753,-0.25318682,-0.07182605,
14475696506000,3,10.256162,-0.2681506,-0.095169514,
14475718418000,3,10.262147,-0.24061728,-0.077811554,
14475736912000,3,10.268132,-0.26156655,-0.073023155,
14475756565000,3,10.283695,-0.24480712,-0.074818805,
14475778477000,3,10.272921,-0.26515785,-0.08619126,
14475797031000,3,10.263943,-0.24361002,-0.08080431,
14475816563000,3,10.264542,-0.260968,-0.0796072,
14475838474000,3,10.266336,-0.25258827,-0.095169514,
14475857578000,3,10.254965,-0.23582886,-0.08020575,
14475876682000,3,10.257359,-0.24779987,-0.06404489,
14475898563000,3,10.2495775,-0.24001873,-0.0796072,
14475917881000,3,10.260351,-0.26515785,-0.073023155,
14475936680000,3,10.263344,-0.25258827,-0.08798691,
14475959415000,3,10.263943,-0.23642741,-0.08619126,
14475977177000,3,10.274716,-0.24480712,-0.095768064,
14475996738000,3,10.271125,-0.23942018,-0.095169514,
14476018650000,3,10.266336,-0.25677812,-0.090381116,
14476037540000,3,10.26095,-0.25258827,-0.075417355,
14476056858000,3,10.268731,-0.24899697,-0.06823475,
14476078739000,3,10.255563,-0.24660277,-0.08259996,
14476097385000,3,10.271724,-0.25318682,-0.08319851,
14476116856000,3,10.26933,-0.24540567,-0.06464344,
14476138828000,3,10.262147,-0.2621651,-0.08080431,
14476157658000,3,10.275913,-0.25558102,-0.0712275,
14476176945000,3,10.258555,-0.24121583,-0.08379706,
14476198826000,3,10.275913,-0.25917232,-0.074818805,
14476217747000,3,10.250176,-0.25617957,-0.08439561,
14476236973000,3,10.272323,-0.24001873,-0.08259996,
14476258884000,3,10.258555,-0.25079262,-0.08379706,
14476277470000,3,10.26933,-0.25498247,-0.08678981,
14476297092000,3,10.263943,-0.24839842,-0.089184016,
14476318943000,3,10.263943,-0.23762453,-0.0688333,
14476337589000,3,10.276512,-0.25318682,-0.08619126,
14476357090000,3,10.269928,-0.23822308,-0.06404489,
14476379063000,3,10.267534,-0.25318682,-0.079008654,
14476398319000,3,10.266935,-0.2693477,-0.075417355,
14476417179000,3,10.275315,-0.25019407,-0.08140286,
14476439121000,3,10.259753,-0.24959552,-0.075417355,
14476457615000,3,10.284293,-0.2789245,-0.09696517,
14476477268000,3,10.266935,-0.24839842,-0.073621705,
14476499180000,3,10.258555,-0.25378537,-0.076015905,
14476517643000,3,10.262147,-0.25498247,-0.074818805,
14476537266000,3,10.257359,-0.25797522,-0.107739076,
14476559147000,3,10.276512,-0.260968,-0.076614454,
14476578251000,3,10.2657385,-0.25019407,-0.07062895,
14476597355000,3,10.262746,-0.24181437,-0.077811554,
14476619236000,3,10.262746,-0.25019407,-0.088585466,
14476638065000,3,10.272921,-0.25378537,-0.0712275,
14476657444000,3,10.283096,-0.24181437,-0.090381116,
14476679356000,3,10.261548,-0.24540567,-0.08080431,
14476697880000,3,10.262746,-0.24600422,-0.074220255,
14476717442000,3,10.278308,-0.25198972,-0.091578215,
14476739353000,3,10.268731,-0.25258827,-0.0712275,
14476758305000,3,10.266935,-0.24181437,-0.08678981,
14476777561000,3,10.260351,-0.25617957,-0.0664391,
14476799442000,3,10.271724,-0.25617957,-0.08439561,
14476818058000,3,10.275913,-0.2621651,-0.09876082,
14476837528000,3,10.246585,-0.24121583,-0.10235212,
14476859531000,3,10.270527,-0.25079262,-0.077213004,
14476878849000,3,10.256162,-0.25378537,-0.079008654,
14476897648000,3,10.2735195,-0.26874915,-0.093972415,
14476919559000,3,10.274716,-0.23403321,-0.075417355,
14476938450000,3,10.264542,-0.26156655,-0.075417355,
14476957859000,3,10.263943,-0.23702596,-0.065242,
14476979801000,3,10.263344,-0.24720132,-0.08439561,
14476998295000,3,10.272921,-0.25857377,-0.076015905,
14477017887000,3,10.251971,-0.23762453,-0.08080431,
14477039829000,3,10.264542,-0.23523031,-0.074220255,
14477058475000,3,10.279505,-0.25917232,-0.055066638,
14477077976000,3,10.262746,-0.25617957,-0.10175357,
14477099918000,3,10.267534,-0.2633622,-0.092176765,
14477119114000,3,10.237008,-0.24420857,-0.065242,
14477138248000,3,10.251373,-0.25498247,-0.077811554,
14477159916000,3,10.254366,-0.25438392,-0.074818805,
14477178471000,3,10.274716,-0.24839842,-0.05925649,
14477198093000,3,10.272323,-0.26635495,-0.08798691,
14477220127000,3,10.271125,-0.26874915,-0.08259996,
14477238560000,3,10.26095,-0.25617957,-0.074220255,
14477258152000,3,10.26514,-0.25198972,-0.090979666,
14477280125000,3,10.264542,-0.23163901,-0.08259996,
14477299076000,3,10.253767,-0.24660277,-0.08678981,
14477318211000,3,10.258555,-0.24779987,-0.079008654,
14477340183000,3,10.263344,-0.25019407,-0.07062895,
14477358952000,3,10.248979,-0.2633622,-0.074220255,
14477378208000,3,10.262147,-0.24540567,-0.095768064,
14477400303000,3,10.268731,-0.2681506,-0.06344634,
14477418735000,3,10.263344,-0.26156655,-0.08619126,
14477438297000,3,10.272323,-0.23582886,-0.09995792,
14477460148000,3,10.26095,-0.24480712,-0.08499416,
14477479008000,3,10.270527,-0.24720132,-0.078410104,
14477498295000,3,10.2735195,-0.25198972,-0.0796072,
14477520115000,3,10.280104,-0.260968,-0.077811554,
14477538700000,3,10.264542,-0.2705448,-0.06823475,
14477558323000,3,10.262147,-0.24540567,-0.09636662,
14477580235000,3,10.272323,-0.25318682,-0.076015905,
14477599064000,3,10.271125,-0.25198972,-0.078410104,
14477618381000,3,10.279505,-0.25258827,-0.06404489,
14477640324000,3,10.272323,-0.25198972,-0.07062895,
14477663120000,3,10.267534,-0.24540567,-0.08439561,
14477679356000,3,10.259154,-0.25258827,-0.075417355,
14477700321000,3,10.2417965,-0.24540567,-0.108337626,
14477718723000,3,10.263943,-0.25797522,-0.0712275,
14477738407000,3,10.254366,-0.24361002,-0.08319851,
14477760319000,3,10.250176,-0.24720132,-0.08439561,
14477778934000,3,10.250176,-0.25977087,-0.0724246,
14477798405000,3,10.256162,-0.25438392,-0.0712275,
14477820377000,3,10.26933,-0.24720132,-0.073621705,
14477840153000,3,10.270527,-0.25917232,-0.08499416,
14477858555000,3,10.277111,-0.25677812,-0.08020575,
14477880466000,3,10.272921,-0.26036942,-0.0700304,
14477898960000,3,10.26933,-0.25378537,-0.08020575,
14477918552000,3,10.260351,-0.24420857,-0.095169514,
14477940495000,3,10.275315,-0.25019407,-0.08619126,
14477959049000,3,10.280104,-0.25198972,-0.076614454,
14477978641000,3,10.262147,-0.24301147,-0.08259996,
14478000614000,3,10.269928,-0.24061728,-0.078410104,
14478019627000,3,10.253767,-0.25378537,-0.077811554,
14478038700000,3,10.254965,-0.23702596,-0.095768064,
14478060673000,3,10.278308,-0.26276365,-0.074818805,
14478079533000,3,10.262746,-0.24480712,-0.08678981,
14478098850000,3,10.271724,-0.2657564,-0.08020575,
14478120670000,3,10.25676,-0.25019407,-0.11432313,
14478139194000,3,10.26095,-0.24959552,-0.08559271,
14478158787000,3,10.254965,-0.24420857,-0.06703765,
14478180759000,3,10.268132,-0.24839842,-0.08738836,
14478199650000,3,10.268132,-0.24660277,-0.073023155,
14478218906000,3,10.274118,-0.2633622,-0.08140286,
14478240879000,3,10.2657385,-0.24540567,-0.077811554,
14478259464000,3,10.259753,-0.23762453,-0.08259996,
14478279026000,3,10.262147,-0.25079262,-0.08738836,
14478300938000,3,10.263943,-0.25917232,-0.079008654,
14478319767000,3,10.262147,-0.24241292,-0.08200141,
14478339024000,3,10.258555,-0.25797522,-0.078410104,
14478361057000,3,10.257957,-0.23104046,-0.08259996,
14478379887000,3,10.270527,-0.24480712,-0.094570965,
14478399082000,3,10.2495775,-0.25198972,-0.090979666,
14478420994000,3,10.260351,-0.2633622,-0.107140526,
14478439487000,3,10.262746,-0.25617957,-0.089782566,
14478459141000,3,10.257957,-0.23523031,-0.0724246,
14478481083000,3,10.275315,-0.24061728,-0.08678981,
14478499790000,3,10.266336,-0.2633622,-0.08020575,
14478519260000,3,10.258555,-0.25797522,-0.0712275,
14478541141000,3,10.263344,-0.24540567,-0.08020575,
14478560307000,3,10.274118,-0.2681506,-0.08200141,
14478579197000,3,10.274716,-0.25318682,-0.08200141,
14478601292000,3,10.257957,-0.23642741,-0.09816227,
14478619663000,3,10.271125,-0.25857377,-0.076614454,
14478639317000,3,10.26095,-0.23942018,-0.06943185,
14478661259000,3,10.253169,-0.25318682,-0.076015905,
14478679752000,3,10.251971,-0.2645593,-0.07182605,
14478699406000,3,10.267534,-0.25797522,-0.08499416,
14478721348000,3,10.262746,-0.25677812,-0.09636662,
14478740330000,3,10.251373,-0.23523031,-0.078410104,
14478759434000,3,10.266336,-0.24181437,-0.08439561,
14478781376000,3,10.272921,-0.25977087,-0.090381116,
14478800693000,3,10.25257,-0.25977087,-0.077213004,
14478819523000,3,10.264542,-0.26755205,-0.062249243,
14478841465000,3,10.26514,-0.26036942,-0.076015905,
14478859898000,3,10.26514,-0.2621651,-0.093972415,
14478879490000,3,10.259753,-0.25498247,-0.074818805,
14478901615000,3,10.268132,-0.24959552,-0.06943185,
14478920505000,3,10.261548,-0.24779987,-0.08439561,
14478939732000,3,10.26514,-0.24600422,-0.08319851,
14478961704000,3,10.272921,-0.24600422,-0.0700304,
14478980381000,3,10.280702,-0.25677812,-0.091578215,
14478999851000,3,10.262147,-0.25917232,-0.08439561,
14479021763000,3,10.266336,-0.24420857,-0.08140286,
14479040592000,3,10.266935,-0.25977087,-0.092176765,
14479059879000,3,10.272323,-0.26396075,-0.06823475,
14479081791000,3,10.263344,-0.25079262,-0.09636662,
14479100712000,3,10.262746,-0.25558102,-0.093972415,
14479119938000,3,10.267534,-0.25139117,-0.10115502,
14479141849000,3,10.268731,-0.2621651,-0.088585466,
14479160343000,3,10.26095,-0.24779987,-0.095768064,
14479179996000,3,10.258555,-0.25737667,-0.08678981,
14479201939000,3,10.261548,-0.24420857,-0.08678981,
14479220615000,3,10.256162,-0.24361002,-0.074818805,
14479240177000,3,10.26933,-0.26396075,-0.089184016,
14479261967000,3,10.268132,-0.24181437,-0.078410104,
14479281193000,3,10.262147,-0.25498247,-0.08259996,
14479300205000,3,10.261548,-0.25019407,-0.08379706,
14479322056000,3,10.258555,-0.24420857,-0.08140286,
14479340549000,3,10.260351,-0.24420857,-0.090979666,
14479360172000,3,10.262147,-0.25318682,-0.08259996,
14479382145000,3,10.266935,-0.24361002,-0.073621705,
14479400639000,3,10.272323,-0.24001873,-0.10055647,
14479420139000,3,10.268132,-0.23582886,-0.08738836,
14479442020000,3,10.286688,-0.24480712,-0.073023155,
14479461002000,3,10.266935,-0.23463176,-0.10115502,
14479480106000,3,10.272323,-0.26515785,-0.06943185,
14479501987000,3,10.266336,-0.24779987,-0.10055647,
14479520908000,3,10.268132,-0.25258827,-0.079008654,
14479540165000,3,10.272921,-0.25558102,-0.08200141,
14479562138000,3,10.264542,-0.2633622,-0.075417355,
14479580631000,3,10.263943,-0.25198972,-0.09995792,
14479600254000,3,10.274716,-0.24660277,-0.0676362,
14479622196000,3,10.262147,-0.24779987,-0.074220255,
14479641087000,3,10.274716,-0.260968,-0.09876082,
14479660343000,3,10.25257,-0.24480712,-0.0796072,
14479682224000,3,10.26095,-0.23882163,-0.093972415,
14479700840000,3,10.270527,-0.260968,-0.09756372,
14479720493000,3,10.276512,-0.25617957,-0.078410104,
14479742496000,3,10.251373,-0.23403321,-0.076015905,
14479761600000,3,10.261548,-0.24899697,-0.0724246,
14479780399000,3,10.263943,-0.26515785,-0.09816227,
14479802311000,3,10.271724,-0.24660277,-0.08140286,
14479982822000,3,10.258555,-0.24361002,-0.074818805,
14480001926000,3,10.262147,-0.2621651,-0.08200141,
14480020695000,3,10.266336,-0.260968,-0.06584055,
14480042637000,3,10.268132,-0.25737667,-0.0724246,
14480061100000,3,10.271724,-0.25378537,-0.07182605,
14480080692000,3,10.256162,-0.24660277,-0.08379706,
14480102970000,3,10.254965,-0.24241292,-0.08439561,
14480121220000,3,10.2657385,-0.25617957,-0.08439561,
14480140842000,3,10.26514,-0.25797522,-0.0676362,
14480162724000,3,10.26095,-0.24660277,-0.077213004,
14480181797000,3,10.277709,-0.23223756,-0.093373865,
14480200901000,3,10.2657385,-0.25438392,-0.09816227,
14480222752000,3,10.261548,-0.25139117,-0.08559271,
14480241611000,3,10.260351,-0.25797522,-0.077213004,
14480260929000,3,10.257359,-0.25498247,-0.094570965,
14480282841000,3,10.272921,-0.25258827,-0.0664391,
14480301426000,3,10.263943,-0.24959552,-0.089782566,
14480320896000,3,10.263344,-0.26755205,-0.06284779,
14480342838000,3,10.25676,-0.25318682,-0.08439561,
14480361698000,3,10.263344,-0.23762453,-0.092775315,
14480381016000,3,10.267534,-0.25318682,-0.073023155,
14480402897000,3,10.268731,-0.25617957,-0.10055647,
14480421513000,3,10.256162,-0.25857377,-0.08259996,
14480441044000,3,10.264542,-0.24480712,-0.090979666,
14480462925000,3,10.261548,-0.2657564,-0.077811554,
14480481785000,3,10.277111,-0.26276365,-0.076015905,
14480501072000,3,10.263344,-0.24839842,-0.08499416,
14480523075000,3,10.262147,-0.25737667,-0.06703765,
14480541996000,3,10.269928,-0.25438392,-0.08619126,
14480561100000,3,10.276512,-0.23702596,-0.076614454,
14480583012000,3,10.271724,-0.25438392,-0.076015905,
14480601536000,3,10.255563,-0.25079262,-0.08619126,
14480621220000,3,10.257957,-0.25318682,-0.0712275,
14480643101000,3,10.266336,-0.25079262,-0.08439561,
14480661747000,3,10.270527,-0.26036942,-0.08140286,
14480681278000,3,10.26514,-0.2621651,-0.08140286,
14480712131000,3,10.263344,-0.23822308,-0.073023155,
14480722935000,3,10.266336,-0.24540567,-0.06584055,
14480741306000,3,10.259154,-0.24301147,-0.08559271,
14480763187000,3,10.269928,-0.25198972,-0.0796072,
14480781712000,3,10.25257,-0.24121583,-0.076614454,
14480801334000,3,10.268731,-0.24959552,-0.08619126,
14480823276000,3,10.2735195,-0.25558102,-0.075417355,
14480841801000,3,10.256162,-0.24361002,-0.089184016,
14480861393000,3,10.266336,-0.25498247,-0.06823475,
14480883305000,3,10.271724,-0.25558102,-0.08499416,
14480902378000,3,10.253169,-0.25198972,-0.095169514,
14480921543000,3,10.266935,-0.25498247,-0.08319851,
14480943455000,3,10.262746,-0.24959552,-0.08080431,
14480962345000,3,10.2657385,-0.25977087,-0.07182605,
14480981571000,3,10.272323,-0.24660277,-0.08559271,
14481003483000,3,10.257957,-0.25258827,-0.08798691,
14481022007000,3,10.270527,-0.24361002,-0.08678981,
14481041630000,3,10.268731,-0.25079262,-0.08379706,
14481063602000,3,10.26095,-0.24779987,-0.09636662,
14481082493000,3,10.2657385,-0.25318682,-0.08439561,
14481101994000,3,10.262746,-0.24720132,-0.092775315,
14481123569000,3,10.245388,-0.22984336,-0.0664391,
14481142246000,3,10.267534,-0.24720132,-0.093972415,
14481161777000,3,10.247183,-0.24839842,-0.10474633,
14481183750000,3,10.263943,-0.2717419,-0.08619126,
14481202579000,3,10.263344,-0.25677812,-0.076614454,
14481221775000,3,10.268731,-0.26874915,-0.08259996,
14481243687000,3,10.275315,-0.26635495,-0.08379706,
14481262608000,3,10.269928,-0.25737667,-0.074818805,
14481281773000,3,10.240001,-0.25019407,-0.0700304,
14481304050000,3,10.263344,-0.24480712,-0.077213004,
14481322239000,3,10.278308,-0.25258827,-0.090381116,
14481341862000,3,10.275913,-0.2633622,-0.09636662,
14481363773000,3,10.26933,-0.23822308,-0.095169514,
14481382481000,3,10.262147,-0.25378537,-0.090979666,
14481401981000,3,10.262746,-0.25019407,-0.092176765,
14481423862000,3,10.270527,-0.24839842,-0.08080431,
14481443150000,3,10.259753,-0.26635495,-0.07062895,
14481461979000,3,10.254965,-0.24540567,-0.073023155,
14481483891000,3,10.26514,-0.24181437,-0.095768064,
14481502445000,3,10.272921,-0.25737667,-0.07182605,
14481522068000,3,10.263943,-0.26396075,-0.06584055,
14481543949000,3,10.263943,-0.25617957,-0.074818805,
14481562565000,3,10.247782,-0.23882163,-0.08559271,
14481582249000,3,10.267534,-0.260968,-0.0796072,
14481604008000,3,10.264542,-0.24540567,-0.077213004,
14481623051000,3,10.248979,-0.25558102,-0.0712275,
14481642185000,3,10.262746,-0.24779987,-0.074220255,
14481664066000,3,10.246585,-0.25558102,-0.10594343,
14481683384000,3,10.262746,-0.25079262,-0.074818805,
14481702183000,3,10.250176,-0.25378537,-0.05626374,
14481724155000,3,10.277111,-0.25019407,-0.08020575,
14481742710000,3,10.270527,-0.26515785,-0.08140286,
14481762272000,3,10.253169,-0.25797522,-0.08080431,
14481784183000,3,10.275315,-0.25318682,-0.06284779,
14481803104000,3,10.267534,-0.25917232,-0.06823475,
14481822361000,3,10.262746,-0.25258827,-0.08140286,
14481844242000,3,10.269928,-0.24540567,-0.10235212,
14481862919000,3,10.264542,-0.25378537,-0.089184016,
14481882359000,3,10.269928,-0.26276365,-0.089782566,
14481904545000,3,10.269928,-0.25558102,-0.075417355,
14481923161000,3,10.2495775,-0.23403321,-0.076015905,
14481942478000,3,10.282497,-0.25019407,-0.08259996,
14481964390000,3,10.260351,-0.25438392,-0.08559271,
14481983250000,3,10.270527,-0.25498247,-0.078410104,
14482002537000,3,10.259154,-0.24301147,-0.06344634,
14482024448000,3,10.266935,-0.25438392,-0.08559271,
14482043003000,3,10.260351,-0.25617957,-0.08080431,
14482062534000,3,10.268731,-0.25318682,-0.076015905,
14482084476000,3,10.268132,-0.25318682,-0.08499416,
14482103367000,3,10.261548,-0.25617957,-0.075417355,
14482122654000,3,10.274716,-0.25617957,-0.0712275,
14482144505000,3,10.270527,-0.24959552,-0.075417355,
14482163822000,3,10.275315,-0.25139117,-0.089782566,
14482182651000,3,10.262746,-0.24959552,-0.06404489,
14482204594000,3,10.286089,-0.24420857,-0.07182605,
14482223087000,3,10.278907,-0.25378537,-0.074818805,
14482242771000,3,10.272921,-0.27234045,-0.090381116,
14482264683000,3,10.253767,-0.25019407,-0.092176765,
14482283176000,3,10.272921,-0.24839842,-0.093972415,
14482302860000,3,10.2735195,-0.24420857,-0.093972415,
14482324772000,3,10.266336,-0.24720132,-0.08200141,
14482343784000,3,10.26095,-0.24779987,-0.08499416,
14482362888000,3,10.283096,-0.24959552,-0.08738836,
14482384739000,3,10.258555,-0.25198972,-0.077213004,
14482403599000,3,10.2657385,-0.2873042,-0.093373865,
14482422916000,3,10.275913,-0.24959552,-0.08140286,
14482444797000,3,10.277111,-0.25737667,-0.0796072,
14482463322000,3,10.275913,-0.26276365,-0.08259996,
14482482975000,3,10.259753,-0.25079262,-0.09756372,
14482504948000,3,10.264542,-0.25438392,-0.08678981,
14482523838000,3,10.260351,-0.26396075,-0.06344634,
14482543064000,3,10.262147,-0.24660277,-0.078410104,
14482564884000,3,10.275913,-0.25917232,-0.08439561,
14482583591000,3,10.284892,-0.25977087,-0.08559271,
14482603428000,3,10.269928,-0.24899697,-0.08559271,
14482625034000,3,10.256162,-0.24839842,-0.05865794,
14482644382000,3,10.254366,-0.2184709,-0.091578215,
14482663120000,3,10.262746,-0.23582886,-0.076614454,
14482685093000,3,10.271724,-0.24899697,-0.08379706,
14482703922000,3,10.272323,-0.25498247,-0.08319851,
14482723148000,3,10.268731,-0.24181437,-0.08200141,
14482745060000,3,10.264542,-0.24600422,-0.091578215,
14482763615000,3,10.267534,-0.25677812,-0.062249243,
14482783268000,3,10.274118,-0.25797522,-0.10354923,
14482805149000,3,10.250176,-0.24540567,-0.0712275,
14482823795000,3,10.26933,-0.25198972,-0.08200141,
14482843266000,3,10.266336,-0.25617957,-0.090979666,
14482865208000,3,10.270527,-0.25797522,-0.07062895,
14482884464000,3,10.272921,-0.26156655,-0.08140286,
14482903446000,3,10.262147,-0.2621651,-0.08798691,
14482925266000,3,10.263344,-0.25558102,-0.088585466,
14483045567000,3,10.275913,-0.24061728,-0.08439561,
14483064640000,3,10.272323,-0.25498247,-0.077213004,
14483083714000,3,10.264542,-0.26036942,-0.09876082,
14483105503000,3,10.277111,-0.25737667,-0.092176765,
14483124271000,3,10.253169,-0.23044191,-0.09816227,
14483143589000,3,10.274716,-0.25498247,-0.08559271,
14483165531000,3,10.257957,-0.24301147,-0.090979666,
14483184055000,3,10.266935,-0.25737667,-0.078410104,
14483203739000,3,10.26933,-0.26036942,-0.08200141,
14483225620000,3,10.271724,-0.25498247,-0.08080431,
14483244480000,3,10.251971,-0.2621651,-0.09636662,
14483263737000,3,10.266336,-0.25797522,-0.094570965,
14483285618000,3,10.257359,-0.24540567,-0.06943185,
14483304295000,3,10.269928,-0.2753332,-0.0700304,
14483323765000,3,10.26933,-0.25019407,-0.08080431,
14483345707000,3,10.263943,-0.24181437,-0.07062895,
14483364567000,3,10.266336,-0.24600422,-0.076015905,
14483383793000,3,10.253169,-0.24361002,-0.092176765,
14483405766000,3,10.26514,-0.2621651,-0.076015905,
14483424625000,3,10.266336,-0.24899697,-0.08619126,
14483443882000,3,10.275315,-0.260968,-0.08319851,
14483465702000,3,10.260351,-0.260968,-0.077811554,
14483484287000,3,10.256162,-0.26635495,-0.089184016,
14483503971000,3,10.283096,-0.25857377,-0.08678981,
14483525852000,3,10.267534,-0.260968,-0.107140526,
14483544498000,3,10.255563,-0.24959552,-0.06943185,
14483564030000,3,10.2657385,-0.27114335,-0.08020575,
14483585911000,3,10.280104,-0.26276365,-0.092176765,
14483605625000,3,10.253169,-0.25558102,-0.0796072,
14483624088000,3,10.262147,-0.24600422,-0.08200141,
14483646000000,3,10.26933,-0.23942018,-0.088585466,
14483664432000,3,10.254965,-0.24420857,-0.08559271,
14483684055000,3,10.272921,-0.26276365,-0.08678981,
14483706028000,3,10.270527,-0.27114335,-0.075417355,
14483730961000,3,10.26095,-0.25198972,-0.074818805,
14483744144000,3,10.254366,-0.24540567,-0.06703765,
14483766026000,3,10.268132,-0.25378537,-0.092176765,
14483785068000,3,10.272323,-0.25857377,-0.0796072,
14483804234000,3,10.254366,-0.23642741,-0.074220255,
14483826145000,3,10.260351,-0.23762453,-0.0676362,
14483845005000,3,10.26933,-0.25079262,-0.08020575,
14483864262000,3,10.280104,-0.25079262,-0.08080431,
14483886173000,3,10.266935,-0.24779987,-0.0676362,
14483904789000,3,10.257359,-0.25677812,-0.0724246,
14483924381000,3,10.2657385,-0.24540567,-0.08439561,
14483946293000,3,10.264542,-0.26276365,-0.093373865,
14483965122000,3,10.26095,-0.2765303,-0.075417355,
14483984379000,3,10.253767,-0.24361002,-0.0796072,
14484006290000,3,10.259154,-0.24420857,-0.077213004,
14484024967000,3,10.266935,-0.24899697,-0.08140286,
14484044468000,3,10.280104,-0.25677812,-0.092176765,
14484066410000,3,10.26095,-0.23762453,-0.077213004,
14484085239000,3,10.275913,-0.24899697,-0.08259996,
14484104496000,3,10.268731,-0.26036942,-0.073023155,
14484126408000,3,10.263344,-0.25079262,-0.089782566,
14484145328000,3,10.268132,-0.25079262,-0.076614454,
14484164555000,3,10.255563,-0.24899697,-0.09995792,
14484186466000,3,10.268132,-0.26635495,-0.08798691,
14484205021000,3,10.271125,-0.25677812,-0.08200141,
14484224644000,3,10.26933,-0.24181437,-0.08559271,
14484246586000,3,10.259154,-0.260968,-0.09935937,
14484265171000,3,10.26933,-0.25558102,-0.077213004,
14484284702000,3,10.280104,-0.26276365,-0.073023155,
14484306644000,3,10.26933,-0.23463176,-0.10414778,
14484325932000,3,10.284892,-0.24480712,-0.10175357,
14484344852000,3,9.782708,-0.24720132,-0.09876082,
14484366734000,3,10.064626,-0.23163901,-0.08319851,
14484385197000,3,10.367492,-0.29987377,-0.05746084,
14484404880000,3,10.284293,-0.24061728,-0.095768064,
14484426823000,3,10.336368,-0.23523031,-0.07182605,
14484445408000,3,10.2657385,-0.27832595,-0.074818805,
14484464939000,3,10.226234,-0.27952304,-0.0664391,
14484486881000,3,10.269928,-0.19692309,-0.10534488,
14484505833000,3,10.277111,-0.21308395,-0.06943185,
14484524906000,3,10.29387,-0.2896984,-0.0724246,
14484546848000,3,10.240001,-0.26755205,-0.10115502,
14484566135000,3,10.259154,-0.19692309,-0.074818805,
14484584965000,3,10.2657385,-0.20829555,-0.07182605,
14484606968000,3,10.268731,-0.29029694,-0.11552023,
14484625492000,3,10.272323,-0.29388827,-0.10354923,
14484645084000,3,10.259753,-0.21547815,-0.0664391,
14484666965000,3,10.262147,-0.21547815,-0.073023155,
14484685825000,3,10.266935,-0.27234045,-0.091578215,
14484705357000,3,10.260351,-0.2777274,-0.110731825,
14484967503000,3,10.274118,-0.24420857,-0.0796072,
14484986149000,3,10.272921,-0.25139117,-0.095169514,
14485005619000,3,10.269928,-0.25558102,-0.08619126,
14485027500000,3,10.270527,-0.25198972,-0.08080431,
14485046726000,3,10.257359,-0.24241292,-0.09756372,
14485065647000,3,10.259154,-0.25617957,-0.08259996,
14485087559000,3,10.255563,-0.24720132,-0.092775315,
14485106022000,3,10.262147,-0.25198972,-0.078410104,
14485125675000,3,10.269928,-0.25857377,-0.0796072,
14485147434000,3,10.270527,-0.26276365,-0.076614454,
14485165958000,3,10.26514,-0.24839842,-0.08319851,
14485185520000,3,10.25257,-0.25438392,-0.08499416,
14485207493000,3,10.274118,-0.24600422,-0.079008654,
14485226536000,3,10.2657385,-0.24600422,-0.06703765,
14485245609000,3,10.275315,-0.25797522,-0.08319851,
14485267551000,3,10.274118,-0.25258827,-0.09816227,
14485286381000,3,10.266935,-0.23463176,-0.074220255,
14485305607000,3,10.2735195,-0.24720132,-0.08798691,
14485327549000,3,10.255563,-0.24779987,-0.073621705,
14485346073000,3,10.262147,-0.25857377,-0.10175357,
14485365696000,3,10.262147,-0.24600422,-0.0664391,
14485387608000,3,10.259154,-0.23343466,-0.08738836,
14485406498000,3,10.262746,-0.25258827,-0.09696517,
14485425755000,3,10.259753,-0.24540567,-0.109534726,
14485447666000,3,10.263344,-0.25198972,-0.06823475,
14485466343000,3,10.263943,-0.24600422,-0.06823475,
14485485844000,3,10.2495775,-0.24779987,-0.11312603,
14485507786000,3,10.25676,-0.2621651,-0.076614454,
14485527073000,3,10.26095,-0.25558102,-0.08379706,
14485545872000,3,10.272921,-0.25977087,-0.06464344,
14485567783000,3,10.266935,-0.25079262,-0.08379706,
14485586735000,3,10.261548,-0.25797522,-0.10354923,
14485605930000,3,10.266336,-0.25019407,-0.076015905,
14485627842000,3,10.263344,-0.24899697,-0.075417355,
14485646336000,3,10.277709,-0.24959552,-0.079008654,
14485666019000,3,10.26933,-0.25079262,-0.08140286,
14485687962000,3,10.2657385,-0.24121583,-0.08499416,
14485706577000,3,10.257957,-0.25019407,-0.0724246,
14485726047000,3,10.286089,-0.26276365,-0.08020575,
14485747990000,3,10.271125,-0.25019407,-0.089184016,
14485767216000,3,10.269928,-0.24540567,-0.08678981,
14485786106000,3,10.274118,-0.25079262,-0.089184016,
14485808018000,3,10.263344,-0.25139117,-0.08499416,
14485826572000,3,10.267534,-0.23642741,-0.092775315,
14485846195000,3,10.271724,-0.25079262,-0.092775315,
14485868076000,3,10.256162,-0.24959552,-0.10055647,
14485886631000,3,10.2735195,-0.24899697,-0.093373865,
14485906223000,3,10.279505,-0.23702596,-0.089782566,
14485928135000,3,10.2735195,-0.24480712,-0.091578215,
14485947178000,3,10.253169,-0.25019407,-0.074220255,
14485966312000,3,10.272921,-0.25318682,-0.078410104,
14485988193000,3,10.267534,-0.24480712,-0.08619126,
14486007053000,3,10.26933,-0.23223756,-0.073023155,
14486026340000,3,10.276512,-0.26036942,-0.075417355,
14486048252000,3,10.271724,-0.25737667,-0.0796072,
14486066807000,3,10.272323,-0.24899697,-0.094570965,
14486086430000,3,10.278907,-0.25438392,-0.088585466,
14486108311000,3,10.262147,-0.26276365,-0.10055647,
14486127201000,3,10.268132,-0.23223756,-0.09995792,
14486146427000,3,10.275913,-0.24121583,-0.075417355,
14486168400000,3,10.2657385,-0.26874915,-0.0712275,
14486187016000,3,10.276512,-0.26396075,-0.090381116,
14486206547000,3,10.25257,-0.2669535,-0.10414778,
14486228428000,3,10.281899,-0.23762453,-0.076015905,
14486247318000,3,10.250774,-0.24959552,-0.08020575,
14486266575000,3,10.263344,-0.25498247,-0.076614454,
14486288486000,3,10.268731,-0.27234045,-0.090979666,
14486307438000,3,10.277111,-0.25079262,-0.06584055,
14486326633000,3,10.25257,-0.260968,-0.0796072,
14486348576000,3,10.281899,-0.25977087,-0.08140286,
14486367039000,3,10.257359,-0.26156655,-0.08020575,
14486386692000,3,10.276512,-0.260968,-0.092176765,
14486408634000,3,10.263344,-0.23582886,-0.0676362,
14486427280000,3,10.266336,-0.23882163,-0.0796072,
14486446751000,3,10.277709,-0.25498247,-0.09636662,
14486468662000,3,10.263344,-0.24121583,-0.09935937,
14486488377000,3,10.2735195,-0.24959552,-0.109534726,
14486506809000,3,10.257359,-0.23582886,-0.08080431,
14486528690000,3,10.283096,-0.25558102,-0.12210429,
14486547214000,3,10.283695,-0.23882163,-0.1352724,
14486566837000,3,10.255563,-0.23463176,-0.107739076,
14486588779000,3,10.271724,-0.25019407,-0.065242,
14486607304000,3,10.251971,-0.25438392,0.10354923,
14486626865000,3,10.253169,-0.25857377,0.26396075,
14486648838000,3,10.244789,-0.25318682,0.33758244,
14486667850000,3,10.237008,-0.24660277,0.3890578,
