14454236851000,3,0.46127033,-0.011311367,-0.009488545,
14454256046000,3,0.47087002,-0.015750825,0.0016810894,
14454277866000,3,0.47387886,0.0030310452,-0.022447981,
14456384129000,3,0.47550583,-0.01067102,-0.018597148,
14456403416000,3,0.46235275,0.00389117,-0.027290158,
14456418064000,3,0.45875168,-0.019714162,0.020649988,
14456440037000,3,0.46114635,-0.026205882,0.012035891,
14456459629000,3,0.46052742,-0.006177813,-0.035437226,
14456478062000,3,0.4616909,-0.0011485964,-0.001990877,
14456500034000,3,0.46824646,-0.0013324171,0.032737903,
14456518497000,3,0.4700384,-0.038496614,0.013798811,
14456538120000,3,0.4544859,-0.014022678,-0.015321486,
14456560062000,3,0.471241,-0.012922019,-0.010017537,
14456578953000,3,0.4538927,-0.02505818,0.0064431876,
14456598179000,3,0.44732952,-0.033298463,0.024972528,
14456620121000,3,0.4598999,-0.0071899146,-0.01688625,
14456638737000,3,0.45033836,-7.648468E-4,-0.03230886,
14456658268000,3,0.46412373,-0.02685237,-0.00462766,
14456680180000,3,0.4629507,-0.024324894,-0.005024545,
14456699589000,3,0.46117496,-0.01685527,0.0035673305,
14456718388000,3,0.46237087,0.005342245,-0.02421908,
14456740238000,3,0.44859123,0.0016048104,0.0010942221,
14456759220000,3,0.47134686,-0.019073516,0.028370354,
14456778538000,3,0.45038795,7.762313E-4,-0.014312603,
14456800388000,3,0.47196102,-0.026039585,0.009276949,
14456818729000,3,0.47553635,-0.017960891,0.008358665,
14456838383000,3,0.4593954,-0.016490817,0.013571434,
14456860325000,3,0.45998096,0.0014180392,-3.16225E-4,
14456878941000,3,0.46116924,-0.0117649585,0.0026519746,
14456898411000,3,0.46295738,-0.015733272,0.0047708675,
14456920353000,3,0.46295738,-0.007324055,0.001203537,
14456939579000,3,0.46955395,-0.024177,0.001188919,
14456958500000,3,0.45816898,0.008874804,-0.031243868,
14456980412000,3,0.4689331,-0.022697583,0.009590253,
14456998936000,3,0.45036316,-0.021828666,0.020742342,
14457018558000,3,0.46893024,-0.010834113,-0.013320088,
14457040501000,3,0.45755577,-0.0032590032,-0.009929858,
14457058994000,3,0.46889687,-0.022826448,0.008200258,
14457078617000,3,0.46890163,-0.026512757,0.022736147,
14457100559000,3,0.47193623,-0.024211198,-0.0060842857,
14457119663000,3,0.4450102,-0.015102863,0.011539631,
14457138737000,3,0.47196674,-0.011331826,-0.011456631,
14457160587000,3,0.47016525,-0.017183766,-0.008239418,
14457179447000,3,0.45938683,-0.012159213,-0.010280564,
14457198704000,3,0.46361256,-0.018700883,-0.0030897856,
14457220676000,3,0.46121025,-0.005478725,0.027601708,
14457239170000,3,0.45700455,-0.011128992,6.8564713E-4,
14457258793000,3,0.47136688,-0.017964393,5.500391E-4,
14457280735000,3,0.45522404,-0.017076507,0.012020692,
14457299625000,3,0.46421432,-0.014957324,-0.01034721,
14457318882000,3,0.46900272,-0.015395999,0.013012625,
14457340824000,3,0.48277378,-0.010944292,0.010719553,
14457359440000,3,0.4480791,-0.02887334,0.007737316,
14457378941000,3,0.47080898,-0.010259822,0.0011310503,
14457400883000,3,0.46723557,-0.007814765,9.399131E-4,
14457419773000,3,0.44268608,-0.0065720677,9.486824E-4,
14457439030000,3,0.4439106,-0.01045768,0.0044961423,
14457460880000,3,0.45469475,0.0031090677,3.489554E-4,
14457479771000,3,0.4630785,-0.03041619,-0.00801906,
14457499027000,3,0.46729088,-0.0050490946,0.011041619,
14457520939000,3,0.45892715,-0.012151912,0.0031716228,
14457539432000,3,0.46669483,-0.0027361512,0.0022153407,
14457559055000,3,0.4840536,-0.0015440136,0.006581135,
14457581028000,3,0.45473862,-0.0026993155,0.009769119,
14457599705000,3,0.45892048,-0.0048865974,0.0016121045,
14457619175000,3,0.45352936,0.0037540793,0.003498368,
14457641087000,3,0.45173073,-0.005275309,-0.01097966,
14457660801000,3,0.47207832,0.008239716,0.007016018,
14457679172000,3,0.4672947,-0.02545856,0.010765143,
14457701298000,3,0.46728706,-0.016109705,-0.0023375005,
14457719608000,3,0.4654894,-0.0065232664,0.026006542,
14457739231000,3,0.46187687,-0.0024245977,0.008899927,
14457761204000,3,0.46665764,-0.0034992397,0.014006317,
14457779697000,3,0.4744358,-0.02235651,0.01210428,
14457799290000,3,0.46008015,-0.009130225,0.015384033,
14457821232000,3,0.45768738,-0.020540372,0.003579609,
14457840275000,3,0.46426773,-0.009000167,0.018594228,
14457859379000,3,0.47564125,-0.011908457,0.00523673,
14457881290000,3,0.4648533,-0.025411516,0.020348378,
14457900333000,3,0.45584488,-0.012133494,0.00920973,
14457919468000,3,0.4684267,-0.021981522,0.013441667,
14457941380000,3,0.46185493,-0.013863385,0.018691257,
14457959904000,3,0.46665,-0.018387005,0.017712183,
14457979526000,3,0.45825958,-0.022834048,0.03350772,
14458001438000,3,0.46483803,-0.0287503,0.014430679,
14458020359000,3,0.4534855,-0.0197279,0.0070586875,
14458039646000,3,0.4582796,0.00814794,-0.00514438,
14458061588000,3,0.47624588,-0.015943706,0.024663895,
14458080235000,3,0.45947933,-0.007732928,0.018892922,
14458099705000,3,0.44931602,-0.0024938732,0.011889763,
14458121525000,3,0.4535036,-6.5612793E-4,0.021755323,
14458140415000,3,0.46367168,0.0014247745,0.0092787,
14458159641000,3,0.44870377,7.534474E-4,0.019161217,
14458181583000,3,0.46487808,-0.021514475,0.035550036,
14458200779000,3,0.47208023,-0.03869067,0.014092237,
14458219730000,3,0.4613142,-0.010633618,0.022868253,
14458241703000,3,0.46789742,-0.01340279,0.015247837,
14458260197000,3,0.46970177,-0.021520644,0.030973233,
14458279850000,3,0.46790886,-0.023257256,0.026067339,
14458302341000,3,0.46492004,-0.022430167,0.022269696,
14458320347000,3,0.46910858,0.0033335388,0.0244447,
14458339817000,3,0.46193504,-0.019864082,0.019008651,
14458361729000,3,0.4667139,-0.0077121854,0.02208148,
14458380985000,3,0.46432972,-0.012179971,0.008203179,
14458399906000,3,0.47389507,-0.011313409,0.017538585,
14458421818000,3,0.45353222,-0.02570261,0.014245965,
14458440311000,3,0.46669292,-0.024373114,0.008997552,
14458459934000,3,0.45351887,-0.0139689,0.033839725,
14458481876000,3,0.4565239,-0.012003735,0.029886603,
14458500401000,3,0.45832348,-0.0063180923,0.0037894547,
14458519993000,3,0.45475864,-0.017417282,0.018816933,
14458541965000,3,0.46733856,-0.011406064,0.010631286,
14458560947000,3,0.4577589,-0.019304693,0.015524901,
14458580082000,3,0.46373558,-0.014508411,0.04026479,
14458602024000,3,0.4535427,-0.018959835,0.033353403,
14458621281000,3,0.46791744,-0.011423007,0.018964812,
14458640110000,3,0.4511652,-0.0050540715,0.018177465,
14458662022000,3,0.46013546,-0.014101878,0.015593879,
14458680607000,3,0.461339,0.004105389,0.010778584,
14458700169000,3,0.44818687,-0.012364671,0.022453241,
14458722141000,3,0.46974468,-0.0101145655,0.007525131,
14458741001000,3,0.47513676,-0.013968021,0.011963993,
14458760288000,3,0.4410162,-0.011967495,0.023435235,
14458782169000,3,0.4685526,-0.020656139,0.009895377,
14458800785000,3,0.4535923,-0.010270044,0.01150807,
14458820316000,3,0.4553938,-0.004576221,0.0064846873,
14458842228000,3,0.4553814,-0.0073839724,0.022082068,
14458861088000,3,0.47035408,8.75026E-4,0.015686817,
14458880344000,3,0.45896626,-0.005902797,0.011405773,
14458902317000,3,0.4775257,-0.021733701,-0.0039011016,
14458921177000,3,0.44817448,0.002630055,0.005878538,
14458940403000,3,0.46255875,-0.02218759,0.013962477,
14458962315000,3,0.4727249,0.002258882,0.019261159,
14458980839000,3,0.46791553,-0.0035550594,0.0073795915,
14459000736000,3,0.4786768,-0.009013325,0.025665186,
14459022526000,3,0.44635582,-0.0016822517,0.014068857,
14459041172000,3,0.45471954,-0.012239009,0.0042804554,
14459060642000,3,0.46070004,-0.014582634,-0.0119172335,
14459082584000,3,0.46427917,-0.006793022,0.0029009804,
14459101902000,3,0.46727467,-0.037471652,0.0072574243,
14459120640000,3,0.46968365,-0.01416938,0.0014209673,
14459142612000,3,0.47087955,-0.016774014,0.010799043,
14459161076000,3,0.471447,-0.0103998035,0.003224805,
14459180759000,3,0.45947456,-0.005431965,-0.007101357,
14459202610000,3,0.44749928,-0.016083106,0.0010305122,
14459221195000,3,0.45707512,-0.014445275,0.0037234053,
14459240849000,3,0.45648193,-0.016193286,0.008254617,
14459262577000,3,0.46727467,-0.019563377,0.0038023144,
14459281712000,3,0.4648695,-0.014235437,0.019921675,
14459300816000,3,0.46785355,-0.017107189,0.010877371,
14459322758000,3,0.45830727,-8.814633E-4,0.003915131,
14459341618000,3,0.4642954,-0.0067795664,0.01663433,
14459360813000,3,0.45293713,-0.009491757,0.009771459,
14459382755000,3,0.46189022,-0.01748918,-0.0076396987,
14459401371000,3,0.46547604,-0.0129299015,0.005483404,
14459426212000,3,0.46067142,-0.014522433,0.014804184,
14459446751000,3,0.4684496,-6.47068E-4,0.016435005,
14459461826000,3,0.4558859,-0.005749941,-0.007601708,
14459481052000,3,0.46006107,-0.0019987822,-0.0013151765,
14459502995000,3,0.46786022,0.001470074,-0.010255434,
14459521458000,3,0.45589542,0.009674713,0.013814591,
14459540958000,3,0.47324657,-0.013244972,-0.0014589652,
14459562778000,3,0.47504997,-0.011957556,0.02135551,
14459582218000,3,0.47026348,-0.006719947,0.011255555,
14459601231000,3,0.46189404,-0.01583235,0.012694061,
14459622990000,3,0.46009636,-0.00879997,0.0061234534,
14459641911000,3,0.46666908,-0.010960072,0.01733283,
14459661076000,3,0.45289326,-0.004774958,0.011428572,
14459683018000,3,0.45950222,-0.019518957,0.0076811984,
14459701511000,3,0.46127796,0.009940669,7.592961E-4,
14459721165000,3,0.45347595,-0.018408045,0.011701539,
14459743748000,3,0.47381973,-0.004261747,-9.042546E-4,
14459761753000,3,0.4708271,-0.010359481,0.011780448,
14459781223000,3,0.454669,-0.02010347,-0.0028933808,
14459803135000,3,0.46426105,-0.012456447,-0.0011924207,
14459822391000,3,0.46906853,-0.021943837,0.007985152,
14459841312000,3,0.4636774,-0.00824818,0.01802782,
14459863193000,3,0.46965885,-0.0042222887,0.0012350902,
14459881718000,3,0.46366596,-0.005868599,0.009441778,
14459901401000,3,0.4612608,-0.013779506,-0.021519177,
14459923252000,3,0.47083187,-0.0068467855,0.006070845,
14459941807000,3,0.46485043,-0.012341008,-0.0043178573,
14459961399000,3,0.46841908,-0.0072278976,-0.0025830045,
14459983402000,3,0.45763493,-0.017432183,0.016013555,
14460002415000,3,0.4666319,-0.023043618,-0.015324414,
14460021519000,3,0.4606409,-0.010129169,-0.007913262,
14460043430000,3,0.46063042,-0.0069935024,0.007771805,
14460062229000,3,0.4773817,-0.007943347,-0.0041670576,
14460081486000,3,0.46960258,-0.025519356,0.009216741,
14460103397000,3,0.46362495,-0.008632511,0.004925184,
14460121952000,3,0.45763206,-0.007916465,-0.0059182867,
14460141544000,3,0.47079277,-0.02947861,0.001125209,
14460163578000,3,0.4773817,-0.0040749907,-0.0021481216,
14460182560000,3,0.45524883,-0.004448205,0.021755908,
14460201694000,3,0.47499847,-0.013721347,-0.0077232867,
14460223637000,3,0.47440624,-0.013455391,0.016861707,
14460242313000,3,0.47621727,-0.015367359,0.0053378493,
14460261784000,3,0.4762106,-0.007907987,-0.005866848,
14460283726000,3,0.46484756,-0.005079493,0.0052355602,
14460302586000,3,0.45288563,-0.007601112,-0.006578207,
14460321812000,3,0.46544266,-0.009783134,0.0046036914,
14460343693000,3,0.46905327,-0.019259423,-0.001769349,
14460362614000,3,0.4738388,0.006278634,0.004468672,
14460381870000,3,0.46905422,-0.020904854,-0.0051326826,
14460403812000,3,0.4732275,2.1363795E-4,-0.0016495213,
14460422276000,3,0.472044,-0.0068330616,-0.033373863,
14460441898000,3,0.4594469,-8.817464E-4,-0.002047576,
14460463810000,3,0.46542645,-0.0046723783,-0.0032318234,
14460482426000,3,0.47021008,-0.014702469,-9.9390745E-6,
14460501987000,3,0.4516487,-0.01582767,-0.005302787,
14460523869000,3,0.4672203,-0.015317097,-0.01387012,
14460543644000,3,0.43909454,-0.0064273924,0.01269874,
14460561954000,3,0.46604252,-0.017251298,-0.005860999,
14460583897000,3,0.47262478,-0.014958784,-0.023766078,
14460602451000,3,0.45705414,0.0025768578,-0.01280687,
14460622227000,3,0.48399162,-0.0079977065,-0.0048813373,
14460644108000,3,0.45825577,-0.016651869,-0.0075829998,
14460662571000,3,0.46003628,-0.004113272,-0.010441318,
14460682194000,3,0.46005058,0.005846098,-0.006173715,
14460704075000,3,0.47799587,-0.0075470507,-0.0020429045,
14460723026000,3,0.46483326,-0.020304844,3.2616407E-4,
14460742130000,3,0.46483517,-0.007282838,-0.00807634,
14460764042000,3,0.47201252,0.0061523765,-0.009690791,
14460782902000,3,0.45885944,-5.3980947E-4,0.018875964,
14460802158000,3,0.4546852,-0.009467781,-0.0027653724,
14460824162000,3,0.46845055,-0.00542669,-0.019205637,
14460842777000,3,0.46243954,0.003091827,-0.0030564666,
14460862278000,3,0.46962547,0.011162907,-0.022522792,
14460884220000,3,0.46127224,-0.01473552,-0.00918518,
14460903110000,3,0.45528793,-0.005844623,-9.673834E-4,
14460922337000,3,0.46006966,-0.005607903,-0.0014729947,
14460944157000,3,0.46724987,-0.011971578,-0.0077104345,
14460962894000,3,0.4475155,-0.0039121956,-0.012827329,
14460982395000,3,0.47624683,-0.008326501,-0.004820548,
14461004307000,3,0.45051193,0.0041445494,-0.008281507,
14461023167000,3,0.46608925,-0.013133898,-0.0050584525,
14461042759000,3,0.4643011,0.0055254847,-0.015714288,
14461064396000,3,0.4541216,-0.021605402,-0.0077530965,
14461083317000,3,0.45410252,-0.010882616,-0.0039314926,
14461102604000,3,0.47087765,-0.0072372556,-0.0023205504,
14461124454000,3,0.46068382,-0.006701529,-0.009266429,
14461142948000,3,0.46067905,-0.0054588467,-0.011959903,
14461162662000,3,0.4636755,-0.009361401,-0.0046206415,
14461184483000,3,0.47682858,-0.001954645,-0.0052776486,
14461203159000,3,0.46725368,-0.006353751,-0.01037585,
14461222660000,3,0.46425056,-0.005359769,-0.015213937,
14461244541000,3,0.4564581,-0.0038400143,-0.0033925697,
14461263859000,3,0.46064854,-0.0022670627,-0.007960014,
14461282719000,3,0.46904087,-0.0023179203,-5.8919936E-4,
14461304569000,3,0.46246433,-0.0012739599,-0.016051553,
14461323124000,3,0.45526505,-0.012948602,-0.0027285442,
14461342716000,3,0.4804001,-0.002616018,-0.024175823,
14461364689000,3,0.4540596,0.007676229,0.015478723,
14461383152000,3,0.45705318,-0.0019043684,-0.007895134,
14461402805000,3,0.46962643,-0.018263683,0.014203299,
14461424686000,3,0.47443008,-0.006829843,-0.008016713,
14461443699000,3,0.4768467,-0.0024999976,2.68884E-4,
14461462833000,3,0.45527458,-1.4992058E-4,0.0069341883,
14461484776000,3,0.4552641,0.0036272407,-0.018933252,
14461504093000,3,0.45463943,-0.00877133,0.005060792,
14461522922000,3,0.46300888,-0.004832819,0.0037853643,
14461544804000,3,0.4654007,3.7905574E-4,-0.0104570985,
14461563328000,3,0.4540224,-0.0100096315,-0.0034206212,
14461582951000,3,0.45161438,0.0039113164,-0.013856091,
14461604954000,3,0.45519638,-0.010119528,0.012806874,
14461623814000,3,0.46656513,-0.0068318844,-0.004108608,
14461643040000,3,0.46235657,-0.009365499,-0.0049742833,
14461664921000,3,0.4641323,-0.012167394,-0.0011246204,
14461683537000,3,0.4749174,-0.006748885,-0.012424007,
14461703037000,3,0.4599228,6.633997E-5,0.006521508,
14461724979000,3,0.47787476,-0.018072814,-0.0018768981,
14461743839000,3,0.4521265,-0.011528224,-0.009783149,
14461763126000,3,0.46350098,-0.011114389,-0.012623332,
14461785038000,3,0.46828747,-0.027191088,-0.0015443116,
14461804020000,3,0.47545815,-0.021458402,-0.006188333,
14461823215000,3,0.45330143,-0.013616428,-0.01323124,
14461845097000,3,0.47304726,-0.020967111,-0.028970078,
14461863590000,3,0.46466923,-0.010408282,0.0062292516,
14461883244000,3,0.44909,-0.008385554,-0.014156535,
14461905125000,3,0.45926285,-0.016108826,-0.0045499206,
14461923801000,3,0.45209122,-0.017824113,-0.012059271,
14461943272000,3,0.4718504,-0.014015943,-0.014424831,
14461965183000,3,0.45750523,-0.017838433,-0.01618015,
14461984470000,3,0.44671154,-0.0051487535,-0.003439322,
14462003422000,3,0.47302818,-0.0061421543,-0.015051439,
14462025272000,3,0.47300243,-0.0032189637,-0.010969721,
14462043766000,3,0.46522427,-0.009064183,-0.029661559,
14462063389000,3,0.4688282,-0.025404796,0.00842062,
14462085331000,3,0.46104336,-0.0058329403,-0.017765373,
14462103855000,3,0.45745182,-0.0054635257,-0.028487258,
14462123478000,3,0.45085812,-0.015320018,-0.0053851977,
14462145328000,3,0.452631,-0.0032689422,-0.031031102,
14462164371000,3,0.4610138,-0.020537749,-0.027364977,
14462183506000,3,0.45982838,-0.01856704,-0.0016401708,
14462205479000,3,0.46220875,-0.022141963,-0.015790276,
14462224277000,3,0.45863533,-0.0133583695,-0.017125323,
14462243626000,3,0.4544239,-0.011236265,-0.025492169,
14462265568000,3,0.45199585,0.0035065562,-0.022608727,
14462284031000,3,0.44839764,-0.017233446,-0.012973465,
14462303684000,3,0.46993542,-0.00621289,-0.01854103,
14462325596000,3,0.47351456,-0.023559138,-4.079938E-4,
14462344425000,3,0.44958687,-0.027371421,-0.02073592,
14462363743000,3,0.4621334,-0.026342377,-0.02378244,
14462385654000,3,0.462121,-0.013859019,-0.022718616,
14462404301000,3,0.45851994,-0.0199316,-0.013002105,
14462423801000,3,0.47347546,-0.031858504,-0.013945527,
14462445744000,3,0.45669937,-0.004156828,-0.011966333,
14462468418000,3,0.46092415,-0.024403185,-0.005516723,
14462487308000,3,0.45613575,-0.022008985,-0.013297878,
14462505772000,3,0.4537487,-0.01087065,-0.01166296,
14462524631000,3,0.4764967,-0.01983574,-0.01271686,
14462543858000,3,0.46512413,-0.0053679645,-0.014520697,
14462565830000,3,0.46631622,-0.029079974,-0.009622984,
14462584232000,3,0.4609375,-0.020020455,0.0047539175,
14462603886000,3,0.46273136,-0.026665032,-0.014801845,
14462625797000,3,0.4591303,-0.01695463,0.0033060536,
14462644474000,3,0.4411764,-0.013926819,0.002918519,
14462663975000,3,0.48488426,-0.008901104,-0.0236632,
14462685947000,3,0.46036434,-0.016983569,-0.0208119,
14462705173000,3,0.4477644,-0.005013153,-0.009777881,
14462724033000,3,0.4878626,-1.6979873E-4,-0.019444123,
14462745975000,3,0.4621458,-0.01733312,0.0036035776,
14462764500000,3,0.45554256,-0.026521534,0.006439097,
14462784092000,3,0.4549446,-0.007576287,-0.013138883,
14462806004000,3,0.4639387,-0.019404069,-0.01046703,
14462824528000,3,0.4531765,-0.023066103,-0.028408937,
14462844120000,3,0.46633816,-0.009140164,-0.026871637,
14462866093000,3,0.45854473,9.5658004E-4,-0.017745495,
14462885105000,3,0.44777298,-0.015660211,-0.017778821,
14462904240000,3,0.4747324,-0.029251248,-0.011633158,
14462926121000,3,0.45977783,-0.029604003,0.006884493,
14462944981000,3,0.44600582,-0.014470711,0.009370476,
14462964298000,3,0.4741392,-0.01635696,-0.008712299,
14462986179000,3,0.44719124,-0.010109603,-0.012449145,
14463004795000,3,0.4627514,-0.020131215,-0.016043961,
14463024387000,3,0.46694183,-0.014834583,0.0058580786,
14463046329000,3,0.46394348,0.0038204342,-0.010814823,
14463065220000,3,0.45676994,-0.024516582,-0.013216041,
14463084415000,3,0.45199776,-0.016093045,-0.007664837,
14463106266000,3,0.44721794,-0.021051541,-0.015851654,
14463124943000,3,0.45919323,-0.020469368,-7.663071E-4,
14463144413000,3,0.46937656,-4.8455596E-4,-0.007607557,
14463166447000,3,0.47356224,-0.007643208,-0.0015326142,
14463185368000,3,0.4580307,-0.025571674,-0.00809329,
14463204624000,3,0.47719955,-0.019891858,0.0037736744,
14463226597000,3,0.47481346,-0.020963863,-0.0034895986,
14463245457000,3,0.46044445,-0.0013438165,0.0031020567,
14463264591000,3,0.4658413,-0.012977555,-0.018435821,
14463286533000,3,0.4646721,-0.018917456,0.006662965,
14463305088000,3,0.4610796,-0.013403669,-0.010726564,
14463324711000,3,0.44489193,-0.004742518,0.0027758926,
14463346683000,3,0.47002792,-0.017277002,0.0046153814,
14463365269000,3,0.46524334,-0.0323641,-0.011216976,
14463384708000,3,0.4694395,-0.0066048056,-0.009774961,
14463406620000,3,0.45326138,-0.01153028,-0.016743049,
14463426334000,3,0.45624542,-0.015213922,-0.016420394,
14463444736000,3,0.45444965,-0.014138415,-0.013016716,
14463466679000,3,0.45386982,-0.010681257,-0.0072153434,
14463485172000,3,0.4604597,-0.021854088,-0.014344171,
14463504826000,3,0.4634552,-0.002887547,-0.007907413,
14463526768000,3,0.46885872,-0.031359613,-0.005029224,
14463545292000,3,0.46887302,-0.01751256,0.004954405,
14463564854000,3,0.44731903,-0.015639454,0.007603459,
14463586887000,3,0.46047115,-0.026518315,0.007097259,
14463605839000,3,0.44970226,-0.029983357,6.0848147E-4,
14463624882000,3,0.46527386,-0.028321266,-0.025211014,
14463646793000,3,0.45211124,-0.018406004,-0.020715453,
14463665714000,3,0.47184944,0.0034942776,0.00292027,
14463684940000,3,0.45209312,-0.0060538948,-0.0068266317,
14463706882000,3,0.46286106,-0.017192826,0.010599129,
14463725437000,3,0.47242832,-0.0163441,-0.013028994,
14463745060000,3,0.46704865,-0.0028366894,-0.012139939,
14463766941000,3,0.45626736,-0.021439955,0.00390812,
14463785862000,3,0.47181225,-0.00627777,-0.0018295497,
14463805271000,3,0.45984554,-0.0027668476,-0.012384854,
14463827152000,3,0.46103573,-0.01567629,-0.009767361,
14463845798000,3,0.46642208,-0.021390855,0.008627541,
14463865330000,3,0.46583366,-0.024947122,-0.022019528,
14463887272000,3,0.47121048,-0.019606024,-0.007574819,
14463906162000,3,0.4646387,-0.020393372,-0.0024953187,
14463925388000,3,0.4556713,-0.019660681,-0.012474284,
14463947208000,3,0.4568634,-0.016053885,-0.011962235,
14463966190000,3,0.4652729,-0.009285122,0.009168811,
14463985447000,3,0.46349335,-0.019022673,-0.027810387,
14464007267000,3,0.45392895,-0.022691444,-0.011768177,
14464025761000,3,0.4599104,-0.0046446174,-0.002927281,
14464045383000,3,0.47067642,-0.0030953437,-0.0032259747,
14464067203000,3,0.44732094,-0.0090586245,-0.0060457066,
14464085880000,3,0.45811272,-0.011675239,-0.0031570047,
14464105320000,3,0.45990372,-0.008726612,-0.01389759,
14464127323000,3,0.45928955,-0.014925763,-0.002594106,
14464146549000,3,0.4646597,-0.016773134,-0.007217087,
14464165440000,3,0.45509624,-0.014867604,-0.0013110861,
14464187351000,3,0.46048737,-0.029750705,-0.015224457,
14464205906000,3,0.45628643,-0.022612825,-0.002811551,
14464225529000,3,0.45388222,-0.018891156,2.419874E-4,
14464247440000,3,0.45807648,0.0013061166,0.006257303,
14464265995000,3,0.4556799,-0.017691419,-0.009039052,
14464285587000,3,0.454484,-0.012184933,-0.0063829795,
14464307499000,3,0.4598856,-0.014916107,0.0050502717,
14464326511000,3,0.4593153,-0.023202315,-0.019901216,
14464345646000,3,0.45633507,-0.007530391,-0.011369541,
14464367496000,3,0.46292877,-0.019126132,-0.0045662895,
14464386845000,3,0.45039272,-0.008033663,-0.010465868,
14464405613000,3,0.4617672,-0.0013037771,0.006007716,
14464427586000,3,0.4725275,-6.1392784E-6,-0.0054307953,
14464446171000,3,0.45338058,-5.6640804E-4,-0.0011819005,
14464465733000,3,0.46234322,3.3785403E-4,-0.0076063797,
14464487583000,3,0.439003,-0.0068091005,-0.024049565,
14464506504000,3,0.44918728,-0.017593801,-0.010545939,
14464525791000,3,0.45876408,0.0023202598,-0.009727612,
14464547642000,3,0.4593687,-0.025173321,-0.01146657,
14464566318000,3,0.45938396,-7.0026517E-4,-0.015566982,
14464585819000,3,0.45580292,-0.012688205,-0.014221415,
14464607761000,3,0.46360493,-0.013902262,-8.34696E-4,
14464626621000,3,0.465415,0.0053238124,-0.0054004043,
14464645847000,3,0.46302605,0.004370764,-0.008361004,
14464667820000,3,0.4624424,0.011686638,0.01563771,
14464686710000,3,0.46425056,-0.021157652,0.002592355,
14464705906000,3,0.4600525,-0.008811653,-0.0024462268,
14464727848000,3,0.45767403,-0.0025555193,-0.00927753,
14464746494000,3,0.47205353,-0.0059626997,0.0021270737,
14464766026000,3,0.4606619,0.0058677197,0.004554011,
14464787937000,3,0.46784496,-0.0033253431,0.0071761757,
14464806614000,3,0.4612503,0.0056043863,-0.0096364245,
14464826084000,3,0.46364498,-0.0071484,0.0042629167,
14464848026000,3,0.46185303,-0.019570097,-0.0013128296,
14464867252000,3,0.45886326,0.0033358634,-0.001157932,
14464886173000,3,0.45767307,-0.011769041,0.0021890327,
14464908054000,3,0.46004486,-0.01345101,-0.0026145652,
14464926609000,3,0.47082233,-0.017426074,-0.0058078095,
14464946201000,3,0.4564762,0.0076128095,0.0060609058,
14464968113000,3,0.4606638,-0.007591471,-0.0066033453,
14464986668000,3,0.4642458,-0.0033130646,-0.019632928,
14465006260000,3,0.4594555,-0.008560017,-0.016940027,
14465028233000,3,0.47621822,-0.004926935,-0.008898176,
14465047214000,3,0.47263718,-0.0028428137,0.0063601807,
14465066257000,3,0.47980404,2.668351E-4,-0.03008359,
14465088169000,3,0.46124077,0.0014873147,-0.032011926,
14465107029000,3,0.46543884,0.0057484806,-0.006181903,
14465126316000,3,0.45824337,-0.007858604,-0.0033119023,
14465148258000,3,0.45404434,-0.02054976,0.001702711,
14465166782000,3,0.45104027,0.003382042,0.0050017536,
14465186375000,3,0.4761696,-0.0051686317,-0.012428105,
14465208317000,3,0.47615528,-0.014406994,-0.0044195727,
14465227268000,3,0.4593792,-0.02045916,-3.542155E-4,
14465246433000,3,0.4563732,-0.012223512,0.002660744,
14465268345000,3,0.4629364,-0.011102408,5.792603E-4,
14465286991000,3,0.4755211,-0.007538572,0.0015466437,
14465306492000,3,0.4617386,-0.019706294,-0.0028676689,
14465328434000,3,0.456954,-0.016943231,-0.01737608,
14465347752000,3,0.47010803,-0.016068786,-0.0012923777,
14465366550000,3,0.46232986,-0.0016541928,-0.010833524,
14465388462000,3,0.4479437,-0.011385605,-0.004102759,
14465407413000,3,0.46589565,-0.026937991,5.94452E-4,
14465426670000,3,0.45330143,0.0045060813,-0.025129765,
14465448582000,3,0.44791126,-0.0072372556,-0.014675014,
14465467075000,3,0.47543907,-0.019092217,-0.025002927,
14465486668000,3,0.45867538,-0.011663839,-0.006076686,
14465508610000,3,0.46524048,-0.010275602,-0.015827682,
14465527287000,3,0.46524715,-0.0035115182,-0.0202531,
14465546757000,3,0.45626545,-0.011282429,-0.025135614,
14465568668000,3,0.4532404,0.0012371391,-0.026676998,
14465587925000,3,0.45562553,-0.026555419,-0.015188806,
14465606815000,3,0.46700764,-0.013698846,5.102828E-4,
14465628727000,3,0.4723997,-0.013999581,-0.0042827874,
14465647251000,3,0.45922756,-0.022666901,-0.015362993,
14465666935000,3,0.4550352,-0.016591936,-0.013320088,
14465688786000,3,0.46759605,-0.016420677,-0.009884261,
14465707340000,3,0.47476578,0.0018129051,-0.011173718,
14465726902000,3,0.47176743,-0.0021715015,0.0065840557,
14465748844000,3,0.45559788,-0.009274319,-0.007218845,
14465767857000,3,0.44961452,-0.010471702,-0.036598668,
14465786991000,3,0.45620537,-0.015135318,0.0021036938,
14465808903000,3,0.46159172,-0.0052969456,-0.01102116,
14465827793000,3,0.44962025,-0.002197817,-0.0110492185,
14465847080000,3,0.45083237,-0.0097246915,-0.0049906448,
14465868870000,3,0.46999645,-0.020627186,-0.015116908,
14465887485000,3,0.44966316,-0.0037900507,0.008254029,
14465907078000,3,0.4652424,-0.020400673,-0.028424129,
14465928928000,3,0.46883106,-0.009879008,-0.014149517,
14465947880000,3,0.4586649,-0.009209141,-0.011551321,
14465967136000,3,0.4568758,-0.009567454,-0.013814002,
14465989078000,3,0.46705437,-2.323538E-4,-0.0012117177,
14466007664000,3,0.47302723,-0.0027414113,0.0058043003,
14466027195000,3,0.46102524,-0.014746308,-0.0111181885,
14466049107000,3,0.4520502,-0.0052624494,-0.0038566738,
14466067966000,3,0.47360706,-0.0020847023,-0.017765373,
14466087254000,3,0.45208263,-0.015111059,-0.0013104975,
14466109165000,3,0.46525002,-0.014967263,-0.005517885,
14466128086000,3,0.45389557,-0.025753751,-0.006977439,
14466147312000,3,0.46407795,-9.6417964E-4,-0.036900863,
14466169224000,3,0.45867538,-0.019733444,-0.015644148,
14466187778000,3,0.4628563,-0.020438373,-0.0062310025,
14466207371000,3,0.4646597,-0.029357329,-0.0129424855,
14466229282000,3,0.46045494,-0.0133390725,-0.0076706856,
14466247959000,3,0.44788265,-0.030556768,0.0012087971,
14466267399000,3,0.45266247,-0.024243936,-0.018339962,
14466289310000,3,0.4538803,-0.017532721,0.0028057024,
14466309055000,3,0.45688915,-0.011997595,0.002202481,
14466327457000,3,0.46586418,-0.006426528,-0.010880291,
14466349400000,3,0.4646387,-0.0023155808,-0.0079740435,
14466367954000,3,0.46283817,-0.0057353377,-6.13749E-4,
14466387577000,3,0.4640503,-0.0013242364,4.413128E-4,
14466409458000,3,0.4730463,-0.013826564,-0.016572952,
14466428013000,3,0.45449924,-0.0015916526,-0.019375734,
14466447636000,3,0.48322296,-0.0038490742,-0.0044400245,
14466469517000,3,0.46228027,-0.021540195,-0.004441783,
14466488560000,3,0.4844284,-0.0109612495,-0.006563008,
14466507694000,3,0.4509077,-0.011918694,-0.0059282184,
14466529545000,3,0.47005463,-0.008094743,-0.018132456,
14466548405000,3,0.45809555,-0.0057712793,0.008281507,
14466567722000,3,0.47666168,-0.020452991,-0.02204232,
14466589634000,3,0.4545231,-0.0030292869,-9.457618E-4,
14466608189000,3,0.47070026,-0.009568334,0.023256961,
14466627781000,3,0.45153904,-0.0034855008,-0.011487611,
14466649723000,3,0.4784689,-0.012907699,-0.011876315,
14466668583000,3,0.46649456,-0.014781669,-0.0119862035,
14466687809000,3,0.46111202,-8.563697E-5,-0.018621698,
14466709782000,3,0.46588707,-0.010053769,-0.012522794,
14466728519000,3,0.45631218,-0.012810379,-0.021949962,
14466747868000,3,0.46530247,-0.019047797,-0.01845628,
14466769810000,3,0.46412754,-0.0134486705,-0.007989831,
14466788670000,3,0.46414375,-0.032638535,-0.0045873225,
14466807957000,3,0.45336914,-0.006245315,-0.0073854327,
14466829899000,3,0.4641199,-0.006924823,-0.017219432,
14466848759000,3,0.46650982,-0.019309089,-0.014106266,
14466867985000,3,0.45871258,-0.008651212,-0.008860767,
14466889896000,3,0.44495392,-0.014372796,-0.01330781,
14466908421000,3,0.47728825,-0.013531968,-0.024962597,
14466928074000,3,0.4623375,-0.003091827,-0.01785013,
14466950077000,3,0.46953106,-0.019721493,-0.022928454,
14466968723000,3,0.4641409,-0.017947465,-0.007999182,
14466988193000,3,0.4479828,4.4861436E-4,-0.008048281,
14467010136000,3,0.4563713,0.0030289888,-0.019852698,
14467029331000,3,0.45876312,-0.018612355,-1.1281669E-4,
14467048191000,3,0.46295738,3.70875E-4,-0.012495905,
14467070042000,3,0.47192764,-0.010272384,-0.011532612,
14467088596000,3,0.46234322,-0.010151967,-0.010451838,
14467108219000,3,0.47431087,-0.015309498,-0.008610591,
14467130131000,3,0.4611473,-0.011115268,8.528158E-4,
14467148685000,3,0.4725151,-0.008678392,-2.7881563E-4,
14467168339000,3,0.47432137,-0.02602321,-0.011610359,
14467190189000,3,0.46954155,-0.009226665,-0.013645075,
14467209232000,3,0.45817757,-0.009633213,0.0029237792,
14467228336000,3,0.46297932,-0.010039747,-0.002318211,
14467250309000,3,0.47076702,-0.030357435,-0.013442248,
14467269596000,3,0.47438812,-0.016889483,0.0068552718,
14467288395000,3,0.47139454,-0.006116435,-0.016581714,
14467310368000,3,0.46003628,-0.011667922,-0.012608141,
14467328892000,3,0.46005154,-0.0019391477,-3.7000328E-4,
14467348484000,3,0.4558468,2.9723346E-4,-0.020953938,
14467370396000,3,0.46602058,-0.019435361,0.0068681315,
14467389255000,3,0.45044518,-0.003168404,0.0038391426,
14467408512000,3,0.45282078,1.1865795E-4,0.009641692,
14467430454000,3,0.47075748,-0.0034743994,-0.018026657,
14467449070000,3,0.4677658,-0.008622274,-0.010080084,
14467468571000,3,0.45820808,-0.016088367,0.02589257,
14467490543000,3,0.46356678,-6.979257E-4,-0.0049234256,
14467509342000,3,0.48331547,-0.014412254,4.51833E-4,
14467528599000,3,0.47494888,-0.030745566,0.0060837045,
14467550755000,3,0.46295452,-0.006064996,-0.0060953945,
14467569462000,3,0.48510742,-0.012529209,-0.014282212,
14467588718000,3,0.47372055,-0.012341008,0.016470075,
14467610569000,3,0.46295452,-0.021837458,-0.013124272,
14467629063000,3,0.46236706,-0.0067480057,-0.013119593,
14467648716000,3,0.47614098,-0.01941812,-0.011485852,
14467670658000,3,0.4671669,-3.9951503E-4,0.0015618429,
14467689335000,3,0.44860744,-0.023389354,-0.0055401027,
14467708805000,3,0.4719658,-0.012269691,-0.009053074,
14467730717000,3,0.4528265,-7.303655E-4,-0.009166472,
14467750065000,3,0.46300602,-0.012627408,-0.011474751,
14467768864000,3,0.46599483,-0.012293652,-7.7273697E-4,
14467790775000,3,0.45762348,0.003824234,-0.012293085,
14467809330000,3,0.46423244,-0.007785231,-0.019976623,
14467828922000,3,0.45287228,-0.01948972,-0.022895135,
14467850895000,3,0.46365738,-0.015643567,-0.012004331,
14467869389000,3,0.4648819,-0.01706016,-0.015806638,
14467888981000,3,0.46010303,-0.012583315,-0.02021686,
14467910923000,3,0.45891,-0.007658392,-0.020665184,
14467929966000,3,0.46309566,-0.009159148,-0.019536473,
14467949070000,3,0.47923088,0.0025859177,0.004492052,
14467970951000,3,0.46666527,-0.0066609085,-0.0064683184,
14467989811000,3,0.45769882,-0.016623527,8.1599504E-4,
14468009129000,3,0.45766926,0.0028606504,-0.0068646222,
14468031010000,3,0.47084713,-0.011453107,1.3444573E-4,
14468049534000,3,0.4630823,-0.012743145,-0.015952773,
14468069157000,3,0.46909142,0.0040317327,-0.019920506,
14468091099000,3,0.46072292,-0.021682546,-0.006149754,
14468109959000,3,0.46491337,-0.011349678,-0.014905304,
14468129185000,3,0.46788692,0.011392325,3.5069883E-5,
14468151127000,3,0.46249962,-0.0048395395,1.3268739E-4,
14468169743000,3,0.458292,0.0047544986,-0.022270285,
14468189335000,3,0.4660616,-0.012515187,-0.0064332485,
14468211307000,3,0.46786308,-0.008650914,-0.023982935,
14468230656000,3,0.45468616,-0.011410728,-0.0055605546,
14468249393000,3,0.47024727,0.0083975345,0.0018657893,
14468271336000,3,0.47443676,-0.017327577,-0.030969143,
14468290256000,3,0.47923374,-0.0026043355,-0.017157473,
14468309391000,3,0.45590115,-0.010051429,4.9392134E-4,
14468331333000,3,0.47145844,-0.014834881,-0.01624211,
14468349796000,3,0.46725082,-0.003029272,-0.019884266,
14468369419000,3,0.466671,-0.0012628585,-0.024449967,
14468391300000,3,0.4594984,1.6957521E-5,-0.027308859,
14468410068000,3,0.46845055,0.0051730126,-0.0070966855,
14468429478000,3,0.4636593,-0.011947021,-0.013957217,
14468451420000,3,0.4612646,7.028878E-4,-0.018190324,
14468470646000,3,0.44810963,-0.0063481927,-0.008846737,
14468489536000,3,0.46067715,-0.008874193,-0.009067103,
14468511478000,3,0.46247578,-0.0030973703,-0.0162047,
14468530247000,3,0.46606922,-0.0114367455,-0.029855631,
14468549595000,3,0.46905708,-0.007883728,-0.023400165,
14468571598000,3,0.46904373,-0.012192234,-0.01959902,
14468590122000,3,0.44929123,7.663071E-4,-0.014322542,
14468609623000,3,0.47620964,-0.004399985,-0.013009705,
14468631535000,3,0.468997,7.838458E-4,-0.001515083,
14468650822000,3,0.44985104,-0.00467062,-0.017854221,
14468669712000,3,0.46541405,-0.012346849,-4.78141E-4,
14468691654000,3,0.47858238,0.0020861626,-0.015265375,
14468710514000,3,0.45407104,-0.023743585,9.3289465E-4,
14468729801000,3,0.47441673,-0.014670894,0.0028957203,
14468751743000,3,0.46602345,-0.025659353,0.0015489832,
14468770298000,3,0.4660387,-0.0054155886,-0.0024158284,
14468789829000,3,0.4846058,-0.007763326,-0.0016553625,
14468811832000,3,0.4750204,-0.027557582,-0.0139864385,
14468830845000,3,0.46005154,-0.009852394,0.010722466,
14468850224000,3,0.47681236,-0.010445982,-0.013086282,
14468872074000,3,0.47143555,-0.013009101,0.0058411285,
14468890690000,3,0.4654255,-0.010944873,-0.008829206,
14468910099000,3,0.46421146,-0.011891499,0.013149403,
14468931950000,3,0.4600153,-0.007062778,-0.01909399,
14468951267000,3,0.4498434,-0.010933474,0.003099136,
14468970097000,3,0.45821762,-0.0046074837,-0.013010874,
14468991978000,3,0.4576311,-0.016751826,8.224249E-4,
14469010838000,3,0.47200203,-0.0044739246,-0.007931963,
14469030094000,3,0.4738083,-0.0070741624,-0.02148819,
14469052006000,3,0.46843815,-0.023173958,-0.013551556,
14469070499000,3,0.46423244,-6.6927075E-4,0.00920096,
14469090153000,3,0.46662426,-0.017940447,-0.009954408,
14469112186000,3,0.46360207,0.008075476,-0.006075524,
14469130833000,3,0.4677744,-0.0130918175,-0.0032873526,
14469150303000,3,0.46659088,-0.009629399,-0.017395958,
14469172337000,3,0.4606247,0.002920568,-0.008210778,
14469192051000,3,0.4534378,-0.006986782,-0.0024169981,
14469210422000,3,0.46121693,0.008259013,-0.0125450045,
14469232395000,3,0.46598625,-0.0035161823,0.0019072965,
14469250919000,3,0.45400524,-0.008502454,-0.011366032,
14469270481000,3,0.45281315,0.0010056645,-3.3200532E-4,
14469292423000,3,0.47075844,-0.016994983,-0.003567338,
14469311008000,3,0.45638275,-0.0050958544,-0.010619007,
14469330601000,3,0.4545927,-0.01926206,-0.008303717,
14469352512000,3,0.45879078,-0.013895243,-0.0186328,
14469371494000,3,0.4426241,-0.018514737,5.7633966E-4,
14469390629000,3,0.45878792,0.009519815,0.009680852,
14469412540000,3,0.46237183,0.003956035,-0.017020106,
14469431400000,3,0.4617777,0.002706632,-0.033349313,
14469450687000,3,0.47313976,0.0040349513,-0.027480714,
14469473026000,3,0.45098686,0.0011743009,0.0026724339,
14469491184000,3,0.45217228,-0.004065931,-0.011780456,
14469510685000,3,0.4437847,-0.006536126,-0.003531687,
14469532627000,3,0.4366083,-0.0010071397,-0.017544426,
14469551426000,3,0.4539566,-0.0046574622,-0.0043055937,
14469570591000,3,0.4599533,-0.011634603,7.785857E-4,
14469592686000,3,0.46053505,-0.0142713785,-0.0048825145,
14469611149000,3,0.44674683,-0.010773614,-0.005060792,
14469630680000,3,0.45809364,-0.015664294,-0.0025835857,
14469652805000,3,0.46464825,-0.006819904,-0.0073147044,
14469671452000,3,0.47060966,-0.009638473,-0.012539752,
14469690708000,3,0.465806,-0.008590132,-0.017590597,
14469712650000,3,0.45322895,-0.010168344,-0.01143676,
14469731510000,3,0.46998596,-0.020157516,-0.006680496,
14469750767000,3,0.47597408,-0.02169305,-0.011896774,
14469772678000,3,0.4592142,-0.015448317,-0.007305935,
14469791203000,3,0.46640587,-0.002421677,0.0100385845,
14469810825000,3,0.45926,-0.024926946,-0.01618483,
14469832767000,3,0.46644878,-0.012362629,-0.014902964,
14469851475000,3,0.47484016,-0.02463235,-0.015496261,
14469870884000,3,0.47424412,-0.008765787,-0.0046188906,
14469892887000,3,0.46406746,-0.01120235,-0.021016486,
14469912083000,3,0.4545002,-0.013718143,-0.006251462,
14469930973000,3,0.45393372,-0.008401915,-0.0024666786,
14469953403000,3,0.46233654,-0.017127067,-0.004178159,
14469971378000,3,0.45096684,-0.021886855,-0.0020674542,
14469991032000,3,0.47430992,-0.02228257,-0.0019867867,
14470012913000,3,0.46473122,-0.023159057,-0.0068014935,
14470031437000,3,0.46714592,-0.015194342,0.010657005,
14470051060000,3,0.4731226,-0.0029690862,-0.020493336,
14470073002000,3,0.4539795,-0.0062187314,0.0062789395,
14470092106000,3,0.47013664,-0.004000753,-0.009780213,
14470111210000,3,0.4551916,-0.021155909,8.037165E-4,
14470133182000,3,0.45522022,-0.012572467,-0.0088350475,
14470152439000,3,0.45582294,-0.010617539,0.006769344,
14470171452000,3,0.47318077,-0.012413189,-0.00639876,
14470193302000,3,0.44564438,-0.01344341,-0.001954645,
14470211704000,3,0.46242046,-0.021307588,-0.00922025,
14470231297000,3,0.4576378,-0.0051157326,-0.009912908,
14470253391000,3,0.46363258,-5.441904E-4,0.0013847277,
14470272068000,3,0.44926453,0.006620884,0.014264673,
14470291325000,3,0.4576416,7.470101E-4,-0.013932668,
14470313236000,3,0.4582529,-0.003453061,0.0118032545,
14470331821000,3,0.4606409,-0.0087827295,-0.0012286678,
14470351383000,3,0.45527744,0.003915116,-0.014846861,
14470373264000,3,0.4552641,-0.013579309,0.004778467,
14470392155000,3,0.44986534,0.0010004044,-0.0104606,
14470411411000,3,0.44388103,0.016968668,0.013657354,
14470433353000,3,0.47141743,0.0018204898,-0.021400519,
14470452213000,3,0.44626808,-0.0146995485,-0.005327329,
14470471470000,3,0.46600723,-0.008976489,0.0070978478,
14470493412000,3,0.45464516,-0.0145995915,-0.0016664714,
14470512760000,3,0.46481323,-0.01282382,0.0070154294,
14470531559000,3,0.4618101,-0.0062611103,0.019506663,
14470553471000,3,0.4474554,-0.003220126,-0.006813191,
14470572178000,3,0.4600315,-0.019772634,0.0053495467,
14470591618000,3,0.45703793,-0.018977985,-0.010305703,
14470613560000,3,0.46720028,-0.014792487,-0.0112988055,
14470632816000,3,0.46541786,-0.00926438,0.0066863447,
14470651737000,3,0.46364307,-0.013385832,0.0036082566,
14470673740000,3,0.44690037,-0.0080547035,0.00393793,
14470692509000,3,0.45766735,-0.0049672574,0.0021054447,
14470711704000,3,0.46244335,-0.0021820217,0.0031079054,
14470733646000,3,0.4546814,-0.01526624,-0.0038350523,
14470752140000,3,0.46546078,-0.011206731,0.019837499,
14470771763000,3,0.4529047,-0.010359183,0.015988424,
14470793705000,3,0.46727848,0.0015723556,-0.013534017,
14470812656000,3,0.46188068,-0.008272141,0.016006552,
14470831821000,3,0.45410538,-0.022537127,0.012120061,
14470853855000,3,0.4451189,-0.014685512,0.0056686997,
14470872715000,3,0.4517126,-0.002031207,-0.0072013065,
14470891972000,3,0.46368122,0.0036921203,0.01729308,
14470913822000,3,0.47264194,-0.0027402341,0.028483752,
14470932346000,3,0.4552822,-0.0024330765,0.014850944,
14470951969000,3,0.45889282,-0.014924869,0.001319848,
14470973881000,3,0.4690647,-0.010881737,0.019417815,
14470992893000,3,0.46724033,0.0053714514,-0.011896186,
14471012028000,3,0.45528984,-0.006753847,-0.004037872,
14471033939000,3,0.46726894,-0.006310791,0.010343701,
14471052647000,3,0.44093704,-0.011236832,0.00233341,
14471072117000,3,0.4594984,-0.016926602,-0.0044680834,
14471094028000,3,0.46725655,-0.012734681,0.0030173063,
14471113285000,3,0.4720354,-0.0072974563,6.2426925E-4,
14471132236000,3,0.47145844,-0.02229923,-0.018926822,
14471154118000,3,0.48520756,-8.1804395E-4,-0.0035030395,
14471173038000,3,0.45947933,-0.004110649,-1.642555E-4,
14471192203000,3,0.4666586,-0.006831005,0.013700023,
14471214146000,3,0.46425152,-0.003814876,-0.008418284,
14471232609000,3,0.45585823,-0.015428156,0.009880178,
14471252232000,3,0.47080898,-0.017306253,0.0025216267,
14471274113000,3,0.46720886,-0.010784417,-0.009247139,
14471293583000,3,0.47259235,-0.0018576086,0.0038829744,
14471312260000,3,0.46363258,-0.028134793,-0.011050388,
14471334202000,3,0.46421242,-0.016125783,0.003933832,
14471353489000,3,0.4737854,-0.015481338,-0.016507484,
14471372379000,3,0.4504242,-0.00951162,-3.822744E-4,
14471394291000,3,0.46898746,-0.02745296,-0.014468081,
14471412754000,3,0.45822716,-0.0076224506,-0.011288874,
14471432438000,3,0.44927406,-0.011784539,-0.009551093,
14471454380000,3,0.46302795,-0.0054193884,-0.004352346,
14471472904000,3,0.45643902,-0.0018865466,-0.007934302,
14471492496000,3,0.4672222,-0.014244497,-0.021669395,
14471514347000,3,0.48876762,-0.025231183,0.005645901,
14471533421000,3,0.46539783,-0.011289448,0.010055527,
14471552555000,3,0.46300602,-0.004409626,-0.013890579,
14471574528000,3,0.45763016,-0.017942175,0.0010603219,
14471599400000,3,0.45519066,-0.014716789,-0.0067272633,
14471612644000,3,0.46776676,-0.012720361,0.0024392083,
14471634556000,3,0.46835518,-0.011275426,0.010704927,
14471653019000,3,0.4504032,-0.011205867,0.01262743,
14471672611000,3,0.45641232,-0.020332024,0.0070826486,
14471694584000,3,0.46060467,-0.018754661,-0.008003272,
14471713444000,3,0.46121693,-7.9086423E-4,0.004340075,
14471732700000,3,0.45703506,-0.0055953264,0.0072124153,
14471754612000,3,0.4743805,-0.012375787,0.0021159723,
14471773228000,3,0.4648199,-0.01297462,0.0075455904,
14471792759000,3,0.46001148,-0.0039031506,-0.002259761,
14471814671000,3,0.46240044,-0.004109189,0.003134206,
14471833500000,3,0.45700836,-0.00994885,-0.00802841,
14471852818000,3,0.47136497,-0.02697219,0.02276304,
14471874760000,3,0.46119308,-0.006640747,0.011231005,
14471893711000,3,0.4474287,-0.010913894,-7.335767E-4,
14471912815000,3,0.46181393,-0.0091726035,-0.0024345368,
14471934727000,3,0.45584393,-0.016679898,-0.014355853,
14471953617000,3,0.45106602,-0.016624078,0.010447748,
14471973057000,3,0.4660492,-0.015785873,0.006705053,
14471994907000,3,0.45406628,-0.017479554,0.009241879,
14472013523000,3,0.45467377,0.0032186657,-0.012361467,
14472032993000,3,0.4534855,-0.023267195,-0.0041851774,
14472054874000,3,0.45946407,0.002677977,-3.2265484E-4,
14472074589000,3,0.4600439,-0.014674112,-0.0139461085,
14472092991000,3,0.47500324,-0.010072187,-0.0078670755,
14472114933000,3,0.45763302,-0.015613735,0.0012403578,
14472133457000,3,0.46660233,-0.01587239,-0.014719427,
14472153110000,3,0.47375298,-0.012012795,1.9464642E-4,
14472174961000,3,0.46835518,-0.006592825,0.0012754276,
14472193516000,3,0.46894455,-0.0012657791,-8.270964E-4,
14472213108000,3,0.4599514,-0.019572705,-0.008062892,
14472235020000,3,0.4557457,0.0050166696,-0.005537756,
14472254063000,3,0.4593401,-0.015619874,-0.0047527477,
14472273228000,3,0.46412373,-0.009800091,-0.004331894,
14472295109000,3,0.46291447,-0.009032026,-0.012821488,
14472313908000,3,0.44855022,-0.010462061,-0.005362399,
14472333225000,3,0.46949387,-0.013556808,0.0011591017,
14472355167000,3,0.47127724,-0.0039066523,-0.0075672194,
14472373692000,3,0.44912434,-0.023555055,-0.0016658828,
14472393284000,3,0.48264503,-0.02767098,0.0014367551,
14472415226000,3,0.4587021,-0.026527375,-0.0019511357,
14472434116000,3,0.46889305,-0.017737895,-0.0013619363,
14472453342000,3,0.44795132,-0.0018210858,0.006997891,
14472475254000,3,0.47247982,-0.013553888,-1.6541779E-4,
14472493900000,3,0.46347904,-0.0069958568,0.0066793337,
14472513370000,3,0.46289635,-0.004642576,0.002080895,
14472535313000,3,0.48386478,-0.0067363232,-0.0036328062,
14472554234000,3,0.45693493,-0.0028150678,0.0026706755,
14472573887000,3,0.46114635,-0.023916602,0.0105927065,
14472595432000,3,0.46295166,-0.0059527755,-0.016302899,
14472614475000,3,0.47012615,-0.0175149,-0.01384674,
14472633518000,3,0.45575905,-0.019213215,0.008459792,
14472655460000,3,0.47009563,-0.025321499,0.005424358,
14472674046000,3,0.45034027,-8.446425E-4,-8.364469E-4,
14472693607000,3,0.464674,-0.008235335,0.004318446,
14472715610000,3,0.4598999,-0.01449205,0.001588732,
14472734287000,3,0.44193554,-0.015130639,-0.0013759658,
14472753635000,3,0.46767616,-0.026694834,-0.004507832,
14472775578000,3,0.46830273,-0.0053676665,0.0050742403,
14472794834000,3,0.45633793,-0.0060296357,-0.004908815,
14472813724000,3,0.4587288,-0.02051203,-0.0054980144,
14472835636000,3,0.44256687,5.880296E-4,-0.010762222,
14472854099000,3,0.47607327,-0.009360239,-0.009953238,
14472873753000,3,0.45692825,-0.0021466613,-0.0047340468,
14472895695000,3,0.45694256,-0.009555176,0.008960724,
14472914249000,3,0.4635172,-0.0116509795,0.0074900687,
14472933872000,3,0.45334053,-0.008880049,0.015278235,
14472955784000,3,0.47070026,-0.007995084,-0.00929857,
14472974796000,3,0.46351147,-0.0097530335,0.011985034,
14472993931000,3,0.45933628,-0.009935707,0.0047252774,
14473015751000,3,0.46414852,-0.019718245,0.0022603497,
14473035130000,3,0.46535397,-0.013955161,-0.017782912,
14473053959000,3,0.45397282,-0.008213401,0.0040934086,
14473075870000,3,0.45996094,0.0069981962,-0.009961426,
14473094364000,3,0.46177006,-0.009352341,-0.002344519,
14473113987000,3,0.46415138,-0.012686744,-5.441904E-4,
14473135929000,3,0.4527769,-0.020452112,-0.004890695,
14473154819000,3,0.4635725,0.0015165359,-1.1924654E-4,
14473174076000,3,0.4509945,-0.009374857,-0.0132253915,
14473195988000,3,0.4689741,-0.030135036,-0.002656065,
14473214573000,3,0.45821095,-0.020167485,0.009973116,
14473234074000,3,0.4623928,-0.02291122,-0.0035632476,
14473256016000,3,0.46360207,-0.030923843,-0.022273205,
14473274906000,3,0.46301556,-0.012642324,0.0092448,
14473294163000,3,0.4767809,7.855892E-4,-0.011424482,
14473315983000,3,0.4558363,-0.009597838,-0.025900163,
14473334965000,3,0.45582104,-0.01335983,0.0021802709,
14473354313000,3,0.45460796,0.003747359,-0.009887777,
14473376041000,3,0.4659748,-0.0041501075,-0.0072246864,
14473394627000,3,0.45879555,-0.0083115995,-0.017025366,
14473414249000,3,0.44204712,-0.015154004,-0.005578093,
14473436192000,3,0.45342064,-0.028050035,0.0053466186,
14473454838000,3,0.45999813,-0.017256826,-0.008657359,
14473474308000,3,0.45281982,-0.002606377,-0.0012748465,
14473496220000,3,0.46720123,-0.013603568,-0.0021229833,
14473515507000,3,0.46660805,-0.011266068,-0.01038754,
14473534428000,3,0.46839905,0.0048541725,-0.002993919,
14473556278000,3,0.44685173,-0.013197035,0.01332242,
14473574802000,3,0.46063614,-0.017365262,-0.019235447,
14473594395000,3,0.47321796,-0.018580496,0.0014081076,
14473616337000,3,0.46006012,-0.011293247,1.9347668E-4,
14473634891000,3,0.44989586,-0.011463627,5.4536015E-4,
14473654484000,3,0.45349312,-0.0037707537,0.010123335,
14473676426000,3,0.45528698,-0.0039700717,0.0032113642,
14473695438000,3,0.46487713,-0.015396297,0.0025619566,
14473714664000,3,0.46906757,-0.0040697306,-0.001433827,
14473736546000,3,0.44810772,-0.006415412,6.80387E-4,
14473755375000,3,0.4762354,-0.016398743,0.0060322657,
14473774662000,3,0.4678507,-0.0042737275,-2.09257E-4,
14473796543000,3,0.45707226,-0.01710017,-0.008379705,
14473815159000,3,0.46544266,-0.02282238,0.013695933,
14473834690000,3,0.46245193,-0.0060199946,0.007915013,
14473856602000,3,0.4618473,-0.010995135,-0.009219661,
14473875553000,3,0.45944595,-0.012339547,-0.0010749325,
14473894779000,3,0.45346355,-0.0015548319,0.0028068796,
14473916691000,3,0.46482086,-0.011785418,0.0126046315,
14473935337000,3,0.4522562,-0.0035787374,0.014863223,
14473954807000,3,0.4618225,-0.0032192469,-0.014395602,
14473976749000,3,0.44508266,-0.0126879215,0.004192196,
14473996098000,3,0.45764637,-0.026463658,0.010857493,
14474014866000,3,0.45885468,-0.011152968,4.2143464E-4,
14474036808000,3,0.47260952,-0.01355651,0.018869534,
14474055668000,3,0.45405197,-0.014828727,0.017045245,
14474074894000,3,0.46422768,0.005008757,-0.013219543,
14474096806000,3,0.46244812,-0.016925693,-0.013010286,
14474115360000,3,0.4612627,-0.015503556,-0.005813651,
14474134983000,3,0.47144222,-0.009420142,-0.02490998,
14474156986000,3,0.47323322,-0.010444224,0.0101098865,
14474175663000,3,0.4672327,-0.004622102,8.5164607E-4,
14474195103000,3,0.4678135,-0.0154795945,-0.0067611635,
14474216984000,3,0.45286942,-0.008178338,-0.0056388825,
14474236179000,3,0.4642477,-0.016109407,-0.0043295547,
14474255039000,3,0.46424007,-0.009886593,0.021517426,
14474276981000,3,0.46542454,-0.010181487,-1.16318464E-4,
14474295475000,3,0.46901894,-0.014980704,0.027213585,
14474315159000,3,0.46482468,-0.011475325,0.0013999268,
14474337040000,3,0.4713955,-0.014445871,6.99088E-4,
14474355564000,3,0.47618675,-0.018776,0.009858549,
14474375156000,3,0.47738647,-0.01655832,-0.010116316,
14474397099000,3,0.46062088,-0.03352028,-0.007828504,
14474416111000,3,0.4689865,-0.0050067157,-0.011382394,
14474435245000,3,0.45641613,-0.0102425665,-0.014310844,
14474457188000,3,0.4660082,-0.0057610422,-0.010977909,
14474476017000,3,0.46180344,-0.0034554005,0.007188447,
14474495335000,3,0.45462704,-0.008577555,0.009680271,
14474517246000,3,0.44622803,0.007454708,0.012470774,
14474535740000,3,0.4671812,-0.01810965,0.012452066,
14474555332000,3,0.45521164,0.0091317,0.003388472,
14474577274000,3,0.4480276,-0.0125403255,0.006575875,
14474596226000,3,0.46839333,-0.008175701,0.0012438595,
14474615421000,3,0.4797659,0.0037570149,-0.011156186,
14474641148000,3,0.46597958,-0.018971846,-0.008386716,
14474655918000,3,0.4510126,-0.008794129,0.008014381,
14474675419000,3,0.46478176,-0.017830536,-0.0087637305,
14474697300000,3,0.45520306,-0.013903424,0.002649054,
14474716282000,3,0.46656895,-0.020627797,0.011199437,
14474957554000,3,0.4683504,-0.009220824,2.6537478E-4,
14474976047000,3,0.463562,-0.0050309747,0.005053781,
14474997868000,3,0.46475887,-0.017000511,2.577752E-4,
14475016270000,3,0.46836567,-0.014284238,-0.0060895532,
14475035892000,3,0.4695711,-0.018173382,0.01707622,
14475057713000,3,0.46116924,-0.017826438,-0.0074970797,
14475076328000,3,0.47792053,-0.012341872,0.0037257448,
14475095859000,3,0.46238232,-0.010631561,-0.010458849,
14475117863000,3,0.4683962,-0.019067407,-0.013195582,
14475136845000,3,0.457016,-0.020388722,-0.021163195,
14475155979000,3,0.46000576,-0.007024482,7.6162815E-4,
14475177891000,3,0.46121407,-0.012733221,-0.0062175617,
14475196720000,3,0.46360016,-0.0027525127,0.004721768,
14475216190000,3,0.46481895,0.0051928908,0.015806638,
14475238102000,3,0.44326973,0.006540209,-0.0016121119,
14475256596000,3,0.47020817,-0.013200536,-0.0059445873,
14475276249000,3,0.45822716,-0.013328552,-0.008511223,
14475298191000,3,0.44925117,-0.010069549,-0.022197217,
14475317905000,3,0.46002674,-0.005432248,-0.009597853,
14475336307000,3,0.4737873,-0.0114364475,-0.018699437,
14475358250000,3,0.46780586,-0.0022720397,-0.008605331,
14475376865000,3,0.45463276,-0.015010804,0.003955461,
14475396336000,3,0.45464134,-0.021549284,-5.6347996E-4,
14475418308000,3,0.47023392,-0.0042450875,-0.0015863925,
14475437168000,3,0.46006966,0.0010500848,-0.0065969154,
14475456364000,3,0.4660797,-0.017720968,0.0017740205,
14475478275000,3,0.47445393,-0.0027373135,0.0088636875,
14475497135000,3,0.45587254,0.003928274,-0.018268645,
14475516300000,3,0.46964645,-0.014712691,0.03310089,
14475538181000,3,0.47146797,-0.019673556,-0.0018540993,
14475556766000,3,0.4672985,-0.025815994,0.004199207,
14475576420000,3,0.46550465,-0.0029752105,0.006567687,
14475598301000,3,0.456522,-0.013119295,0.014312014,
14475616978000,3,0.4577093,0.005525768,0.017733231,
14475636448000,3,0.4648714,-0.019140184,0.0036783963,
14475658390000,3,0.4600773,-0.0017635077,-2.4549663E-5,
14475677647000,3,0.4564743,-0.00937514,0.010000005,
14475696506000,3,0.4528675,-0.02464199,-0.014440022,
14475718418000,3,0.45885658,0.0028010309,0.0037684143,
14475736912000,3,0.4648466,-0.018056765,0.0088823885,
14475756565000,3,0.48041344,-0.0012581795,0.007384263,
14475778477000,3,0.46968555,-0.020118967,-0.00287994,
14475797031000,3,0.46072102,0.0022206008,0.0017997399,
14475816563000,3,0.4613304,-0.014634982,0.0025730655,
14475838474000,3,0.4631443,-0.0059764385,-0.0113607645,
14475857578000,3,0.45175934,0.009917304,0.0045446604,
14475876682000,3,0.45414734,-0.0018421113,0.019386843,
14475898563000,3,0.44637585,0.00632219,0.0037730932,
14475917881000,3,0.45718193,-0.018322438,0.012571894,
14475936680000,3,0.46016788,-0.0064943284,-9.2704594E-4,
14475959415000,3,0.46073532,0.008184478,0.0013800561,
14475977177000,3,0.47150707,-7.4876845E-4,-0.0067944825,
14475996738000,3,0.46792984,0.0046487004,-0.0046440214,
14476018650000,3,0.46313,-0.012718886,-0.0010381117,
14476037540000,3,0.45773888,-0.008402795,0.013115503,
14476056858000,3,0.46552944,-0.004051909,0.01914192,
14476078739000,3,0.45235348,-0.0016325712,0.0038859025,
14476097385000,3,0.46850872,-0.008351937,0.0029670298,
14476116856000,3,0.46611786,-5.0239265E-4,0.021549575,
14476138828000,3,0.45894814,-0.016745687,0.0056336224,
14476157658000,3,0.47271156,-0.009827271,0.013929747,
14476176945000,3,0.4553423,0.004171148,0.0010427833,
14476198826000,3,0.4727049,-0.013704106,0.010467619,
14476217747000,3,0.44695377,-0.010902494,-3.2382458E-4,
14476236973000,3,0.4690752,0.0050049573,-6.2952936E-4,
14476258884000,3,0.45528603,-0.006543711,-0.0023088604,
14476277470000,3,0.4660406,-0.011827499,-0.004335396,
14476297092000,3,0.46064758,-0.004827559,-0.008791797,
14476318943000,3,0.46063042,0.0054679066,0.011096567,
14476337589000,3,0.47319698,-0.010357723,-0.0059480965,
14476357090000,3,0.46657372,0.0036427379,0.01438801,
14476379063000,3,0.46417522,-0.011728719,-7.130951E-5,
14476398319000,3,0.463583,-0.027696997,0.0039151236,
14476417179000,3,0.47194767,-0.009333059,-0.0015729517,
14476439121000,3,0.45638084,-0.008957207,0.0045318007,
14476457615000,3,0.48092842,-0.038049445,-0.016999654,
14476477268000,3,0.46356773,-0.007485971,0.0061129257,
14476499180000,3,0.4551754,-0.013174817,0.0029956773,
14476517643000,3,0.45876408,-0.01458469,0.004328385,
14476537266000,3,0.45398998,-0.01719077,-0.02778408,
14476559147000,3,0.47314072,-0.020515561,0.0038829818,
14476578251000,3,0.46237373,-0.009544656,0.010172434,
14476597355000,3,0.45937824,-0.0014133751,0.0033726916,
14476619236000,3,0.45937157,-0.009760633,-0.008293197,
14476638065000,3,0.46955872,-0.012777939,0.008681908,
14476657444000,3,0.47973728,-9.3874335E-4,-0.009560443,
14476679356000,3,0.45819092,-0.0049538165,0.0014186278,
14476697880000,3,0.45940304,-0.0047404766,0.007379003,
14476717442000,3,0.47496414,-0.010340482,-0.011266664,
14476739353000,3,0.4653778,-0.011351988,0.009286888,
14476758305000,3,0.46357155,-7.2158873E-4,-0.0072112456,
14476777561000,3,0.45697975,-0.015372619,0.013178043,
14476799442000,3,0.46837425,-0.014603093,-0.004462242,
14476818058000,3,0.4725685,-0.020167187,-0.01964286,
14476837528000,3,0.4432354,2.3847818E-4,-0.022241056,
14476859531000,3,0.4671936,-0.00892213,0.0037859455,
14476878849000,3,0.4528227,-0.012030616,0.0015706122,
14476897648000,3,0.4701891,-0.026508361,-0.013669044,
14476919559000,3,0.47137737,0.007656947,0.005316809,
14476938450000,3,0.4612236,-0.018908426,0.004808858,
14476957859000,3,0.46061134,0.005217448,0.014817044,
14476979801000,3,0.46000004,-0.0053530484,-0.0045972615,
14476998295000,3,0.46957207,-0.016655058,0.0028840303,
14477017887000,3,0.4486313,0.004114732,-2.5836378E-4,
14477039829000,3,0.46120644,0.006858781,0.005853981,
14477058475000,3,0.47616577,-0.016679898,0.023270987,
14477077976000,3,0.45942402,-0.012484789,-0.02491992,
14477099918000,3,0.46421623,-0.019106284,-0.016697451,
14477119114000,3,0.43367863,-1.373589E-4,0.00936228,
14477138248000,3,0.44804764,-0.010775074,-0.0032879338,
14477159916000,3,0.45102882,-0.010234684,-0.001555413,
14477178471000,3,0.47136497,-0.0044876635,0.013072249,
14477198093000,3,0.46897697,-0.022404447,-0.015188798,
14477220127000,3,0.46775627,-0.025085643,-0.011924252,
14477238560000,3,0.45759392,-0.011896759,-0.0039490312,
14477258152000,3,0.46179676,-0.007443592,-0.019881345,
14477280125000,3,0.46119118,0.012653142,-0.011618547,
14477299076000,3,0.45041943,-0.0021717846,-0.015975565,
14477318211000,3,0.45519638,-0.0039314926,-0.0077244565,
14477340183000,3,0.4599762,-0.006611526,2.0809472E-4,
14477358952000,3,0.44561958,-0.019699857,-0.0022346303,
14477378208000,3,0.4587822,-0.0018283874,-0.02428922,
14477400303000,3,0.46534538,-0.025624275,0.008745037,
14477418735000,3,0.45995903,-0.019171163,-0.013544537,
14477438297000,3,0.46891117,0.005214229,-0.026297055,
14477460148000,3,0.4575386,-0.003671378,-0.01160685,
14477479008000,3,0.46711922,-0.0056429654,-0.0059434175,
14477498295000,3,0.47011375,-0.010420844,-0.006889753,
14477520115000,3,0.47671318,-0.018537834,-0.0059837475,
14477538700000,3,0.46116352,-0.027348325,0.002784662,
14477558323000,3,0.45876217,-0.0026654154,-0.02474223,
14477580235000,3,0.46892834,-0.011164069,-0.0032820925,
14477599064000,3,0.46774292,-0.009959951,-0.004193358,
14477618381000,3,0.47611046,-0.010893136,0.009745151,
14477640324000,3,0.4689293,-0.010270342,0.003227733,
14477663120000,3,0.46417904,-0.0023123622,-0.00989829,
14477679356000,3,0.45580292,-0.0093541,-0.0010305122,
14477700321000,3,0.43842793,-0.0021384805,-0.036254972,
14477718723000,3,0.46056175,-0.015297517,9.0367347E-4,
14477738407000,3,0.45096397,-0.0021671206,-0.009535894,
14477760319000,3,0.446764,-0.006574109,-0.009547584,
14477778934000,3,0.4467678,-0.01921235,0.0031330436,
14477798405000,3,0.4527521,-0.013654709,0.0037234053,
14477820377000,3,0.4659176,-0.006758526,0.0017822012,
14477840153000,3,0.46711636,-0.01864478,-0.009627074,
14477858555000,3,0.47368526,-0.01681289,-0.005012855,
14477880466000,3,0.46949673,-0.020941943,0.007193126,
14477898960000,3,0.46590614,-0.014216736,-0.0035538897,
14477918552000,3,0.45691586,-0.0051215887,-0.018339373,
14477940495000,3,0.4718647,-0.011582583,-0.009873159,
14477959049000,3,0.47665882,-0.013287932,-1.1689961E-5,
14477978641000,3,0.45870686,-0.0040989667,-0.005871527,
14478000614000,3,0.46647072,-0.0024701953,-0.0014297366,
14478019627000,3,0.45031166,-0.015440136,-0.0011345595,
14478038700000,3,0.4515133,0.0013408959,-0.018875964,
14478060673000,3,0.47485638,-0.02402006,0.0010065436,
14478079533000,3,0.45930672,-0.0052104294,-0.0122287795,
14478098850000,3,0.46826172,-0.026839212,-0.0063368008,
14478120670000,3,0.45330048,-0.011281848,-0.040062547,
14478139194000,3,0.45747662,-0.010841414,-0.01270926,
14478158787000,3,0.4514742,-0.0059907585,0.0054266974,
14478180759000,3,0.4646454,-0.010117486,-0.0147544965,
14478199650000,3,0.4646387,-0.008949608,6.733686E-4,
14478218906000,3,0.47059917,-0.026873693,-0.0073123723,
14478240879000,3,0.4622469,-0.008357197,-0.0018792376,
14478259464000,3,0.45625782,-9.5920265E-4,-0.005923547,
14478279026000,3,0.4586563,-0.014090478,-0.010360062,
14478300938000,3,0.46045113,-0.022689074,-0.0013759658,
14478319767000,3,0.45864296,-0.006369531,-0.004726447,
14478339024000,3,0.45507717,-0.02103372,-4.2494386E-4,
14478361057000,3,0.45449638,0.006388247,-0.0039706603,
14478379887000,3,0.46707726,-0.0068985224,-0.015940495,
14478399082000,3,0.4461298,-0.014514551,-0.010775663,
14478420994000,3,0.45692635,-0.024867907,-0.027308278,
14478439487000,3,0.4593191,-0.017375782,-0.0109638795,
14478459141000,3,0.4545412,0.0042784065,0.005585693,
14478481083000,3,0.47191715,-2.6157498E-4,-0.009264082,
14478499790000,3,0.46295452,-0.02231355,-0.0028162226,
14478519260000,3,0.45519638,-0.01587297,0.0058025494,
14478541141000,3,0.4599638,-0.0036903769,-0.004507832,
14478560307000,3,0.47073555,-0.026401982,-0.0069528893,
14478579197000,3,0.47135258,-0.010883212,-0.0061918423,
14478601292000,3,0.4545784,0.005641222,-0.023559153,
14478619663000,3,0.46774197,-0.016662955,-0.0021387637,
14478639317000,3,0.45756435,0.002083227,0.006067924,
14478661259000,3,0.44978523,-0.011575282,-5.85109E-4,
14478679752000,3,0.448596,-0.022561684,0.003421791,
14478699406000,3,0.4641781,-0.015388116,-0.00923194,
14478721348000,3,0.45941162,-0.013156414,-0.021066174,
14478740330000,3,0.4480276,0.008259594,-0.004209727,
14478759434000,3,0.46296883,0.0010328442,-0.010744683,
14478781376000,3,0.46958256,-0.015804872,-0.016649522,
14478800693000,3,0.4492321,-0.015394539,-0.0049245954,
14478819523000,3,0.46120644,-0.02300796,0.009953238,
14478841465000,3,0.4618187,-0.015443057,-0.0031640157,
14478859898000,3,0.461833,-0.0171908,-0.019455224,
14478879490000,3,0.45644093,-0.009765893,-0.0017103106,
14478901615000,3,0.46478844,-0.005332589,0.0026245043,
14478920505000,3,0.45818424,-0.004472181,-0.012015432,
14478939732000,3,0.46176338,-0.002867952,-0.011884503,
14478961704000,3,0.46952248,-0.003338784,1.052022E-5,
14478980381000,3,0.47730255,-0.014231935,-0.021263741,
14478999851000,3,0.45875263,-0.016683117,-0.013173372,
14479021763000,3,0.46292496,-0.0025277585,-0.009849779,
14479040592000,3,0.4635315,-0.018357769,-0.018696517,
14479059879000,3,0.46892452,-0.022319987,0.0052104294,
14479081791000,3,0.45993423,-0.009600177,-0.0230553,
14479100712000,3,0.45933533,-0.014946505,-0.018961303,
14479119938000,3,0.46413422,-0.010574579,-0.025352463,
14479141849000,3,0.46533298,-0.021495223,-0.011966333,
14479160343000,3,0.45757484,-0.0066506863,-0.017768875,
14479179996000,3,0.45518398,-0.016221642,-0.008476734,
14479201939000,3,0.45816517,-0.0036792755,-0.007913843,
14479220615000,3,0.45277214,-0.003705293,0.00520283,
14479240177000,3,0.46594238,-0.023842663,-0.009548165,
14479261967000,3,0.46473694,-0.0020034462,0.0011783987,
14479281193000,3,0.45875645,-0.014700428,-0.0037771836,
14479300205000,3,0.4581623,-0.009261742,-0.006494038,
14479322056000,3,0.45515823,-0.0040410906,-0.0030108765,
14479340549000,3,0.45695305,-0.0043596625,-0.011928923,
14479360172000,3,0.4587469,-0.013507709,-0.0032873526,
14479382145000,3,0.4635296,-0.0035007,0.0036702082,
14479400639000,3,0.46891975,-4.8816204E-5,-0.022333413,
14479420139000,3,0.46473026,0.0039741695,-0.008550383,
14479442020000,3,0.4832611,-0.006112933,0.0059790686,
14479461002000,3,0.463521,0.0047267377,-0.022550851,
14479480106000,3,0.468915,-0.025446594,0.008795299,
14479501987000,3,0.46296215,-0.0063578486,-0.023428805,
14479520908000,3,0.46476555,-0.010211304,-0.0037105456,
14479540165000,3,0.46954536,-0.0131444335,-0.008137718,
14479562138000,3,0.46116257,-0.020741194,-0.0025666356,
14479580631000,3,0.46055794,-0.009371638,-0.028119594,
14479600254000,3,0.47132587,-0.004224628,0.004363455,
14479622196000,3,0.458745,-0.0058192015,-0.0023357496,
14479641087000,3,0.47133923,-0.018228337,-0.02601181,
14479660343000,3,0.4491825,-0.002635032,-0.006543137,
14479682224000,3,0.45755196,0.0026458353,-0.020014614,
14479700840000,3,0.46712112,-0.019701034,-0.023899935,
14479720493000,3,0.473094,-0.014912903,-0.0064735785,
14479742496000,3,0.4479208,0.0069625378,-0.007805705,
14479761600000,3,0.45808697,-0.008694172,-0.0031043887,
14479780399000,3,0.4605074,-0.023900524,-0.028472647,
14479802311000,3,0.4682827,-0.0057619214,-0.011087216,
14479982822000,3,0.4551506,-0.0016805083,-0.0032540336,
14480001926000,3,0.45875072,-0.019879013,-0.01039806,
14480020695000,3,0.4629326,-0.018833011,0.0051665828,
14480042637000,3,0.46474934,-0.0148611665,1.5957654E-4,
14480061100000,3,0.46835327,-0.010905713,0.0012421086,
14480080692000,3,0.45280743,-0.0033610016,-0.009588495,
14480102970000,3,0.45162392,9.840429E-4,-0.009095162,
14480121220000,3,0.4624033,-0.012653142,-0.009021513,
14480140842000,3,0.46180344,-0.014464274,0.007823825,
14480162724000,3,0.45761967,-0.0025233775,-0.0026169047,
14480181797000,3,0.4743824,0.011610076,-0.017611057,
14480200901000,3,0.46242714,-0.009463102,-0.024052493,
14480222752000,3,0.45823002,-0.006486729,-0.01218494,
14480241611000,3,0.4570427,-0.01248917,-0.0044219047,
14480260929000,3,0.4540615,-0.009056866,-0.021860532,
14480282841000,3,0.4696417,-0.0058677197,0.005949259,
14480301426000,3,0.46067333,-0.0028466135,-0.016091302,
14480320896000,3,0.4600811,-0.020605281,0.010983169,
14480342838000,3,0.45348167,-0.0071410984,-0.009497896,
14480361698000,3,0.46004486,0.0075397342,-0.017782912,
14480381016000,3,0.46424675,-0.007967323,0.003152907,
14480402897000,3,0.46543407,-0.011560366,-0.023358665,
14480421513000,3,0.45284653,-0.014505476,-0.006223403,
14480441044000,3,0.46121502,-0.0013958365,-0.013954878,
14480462925000,3,0.4582281,-0.022089675,-7.2188675E-4,
14480481785000,3,0.4738016,-0.01886107,0.0015992522,
14480501072000,3,0.46005917,-0.0036228597,-0.0070820674,
14480523075000,3,0.45884323,-0.013356313,0.01101239,
14480541996000,3,0.4666109,-0.011186272,-0.0073404238,
14480561100000,3,0.4732027,0.0063803494,0.0026221648,
14480583012000,3,0.4684105,-0.011159971,0.0034130216,
14480601536000,3,0.45224762,-0.007952705,-0.0058984086,
14480621220000,3,0.45464706,-0.009922549,0.008283265,
14480643101000,3,0.46303654,-0.0072372556,-0.0044832826,
14480661747000,3,0.46725082,-0.015337542,-0.0030845255,
14480681278000,3,0.46186924,-0.016628787,-0.003826283,
14480712131000,3,0.460042,0.0068038255,0.002131164,
14480722935000,3,0.46303463,-1.3589859E-4,0.0083569065,
14480741306000,3,0.45584774,0.001997307,-0.011129878,
14480763187000,3,0.4665985,-0.007429272,-0.006712064,
14480781712000,3,0.44922924,0.0032493472,-0.0048141256,
14480801334000,3,0.46538162,-0.0053901672,-0.014899462,
14480823276000,3,0.4701805,-0.01113835,-0.0033954903,
14480841801000,3,0.452816,9.434223E-4,-0.018451609,
14480861393000,3,0.46300602,-0.009620637,0.0019411966,
14480883305000,3,0.46840286,-0.009766474,-0.015308626,
14480902378000,3,0.4498558,-0.005608186,-0.0261065,
14480921543000,3,0.46361828,-0.008985847,-0.013483755,
14480943455000,3,0.4594202,-0.004033193,-0.010790862,
14480962345000,3,0.46239758,-0.014570653,-0.0025870875,
14480981571000,3,0.46896362,-0.0023149997,-0.015818328,
14481003483000,3,0.45460606,-0.008623153,-0.01619184,
14481022007000,3,0.46717358,-8.125603E-5,-0.013508886,
14481041630000,3,0.46538162,-0.00691548,-0.011308163,
14481063602000,3,0.4576044,-0.003700599,-0.02423545,
14481082493000,3,0.46239948,-0.009160906,-0.010863341,
14481101994000,3,0.45940685,-0.0034887195,-0.018293783,
14481123569000,3,0.44203186,0.013280928,0.007749006,
14481142246000,3,0.46418285,-0.0042392462,-0.018735096,
14481161777000,3,0.44384193,-0.005635366,-0.027398296,
14481183750000,3,0.46061802,-0.02837649,-0.00872165,
14481202579000,3,0.46002293,-0.013057336,2.1276623E-4,
14481221775000,3,0.46541405,-0.02479425,-0.005983755,
14481243687000,3,0.4719963,-0.022740543,-0.00632219,
14481262608000,3,0.46660995,-0.013991103,0.00350596,
14481281773000,3,0.43666458,-0.0069990605,0.0065700263,
14481304050000,3,0.4600067,-0.0015247315,-0.0011199415,
14481322239000,3,0.47496605,-0.009137243,-0.015369423,
14481341862000,3,0.4725771,-0.019801855,-0.020992525,
14481363773000,3,0.4660015,0.005317092,-0.018813416,
14481382481000,3,0.45879745,-0.010949552,-0.01501286,
14481401981000,3,0.4594097,-0.0071174204,-0.015416183,
14481423862000,3,0.46715927,-0.0063908696,-0.0044762716,
14481443150000,3,0.45636368,-0.02534984,0.0060568154,
14481461979000,3,0.45158672,-0.0040463507,0.0039198026,
14481483891000,3,0.46177387,-1.1399388E-5,-0.01858019,
14481502445000,3,0.46957397,-0.01459755,0.004801266,
14481522068000,3,0.46060848,-0.021352306,0.012775309,
14481543949000,3,0.46060753,-0.013810784,0.004548751,
14481562565000,3,0.4444399,0.0025470406,-0.0041974485,
14481582249000,3,0.46421432,-0.019158304,0.0031663552,
14481604008000,3,0.4612131,-0.0039358735,0.0055301636,
14481623051000,3,0.44565582,-0.014037579,0.011920154,
14481642185000,3,0.45943546,-0.0057329834,0.0088753775,
14481664066000,3,0.4432783,-0.013430849,-0.022674188,
14481683384000,3,0.45942593,-0.008875668,0.007649049,
14481702183000,3,0.44683075,-0.012925819,0.026268411,
14481724155000,3,0.47375202,-0.010502681,0.0040133297,
14481742710000,3,0.4671774,-0.025351018,0.003479071,
14481762272000,3,0.44981766,-0.017968774,0.0035334304,
14481784183000,3,0.47195053,-0.013701767,0.021219313,
14481803104000,3,0.46414185,-0.020283192,0.0145014,
14481822361000,3,0.45934486,-0.014305294,0.0019768476,
14481844242000,3,0.46653557,-0.007981941,-0.01567629,
14481862919000,3,0.46115208,-0.0163365,-0.0022410601,
14481882359000,3,0.46651077,-0.026168182,-0.0034860894,
14481904545000,3,0.4665146,-0.019098952,0.011632569,
14481923161000,3,0.4461546,0.0024427176,0.009947978,
14481942478000,3,0.47907448,-0.0140811205,0.0041559488,
14481964390000,3,0.45693302,-0.017975494,0.0010334328,
14481983250000,3,0.4671135,-0.018262789,0.007946581,
14482002537000,3,0.45572567,-0.006692782,0.022154555,
14482024448000,3,0.46348858,-0.01798369,-0.002249822,
14482043003000,3,0.4569044,-0.019172892,8.0020726E-4,
14482062534000,3,0.46528816,-0.016183361,0.0061006546,
14482084476000,3,0.46469784,-0.016015887,-0.0023638085,
14482103367000,3,0.45811844,-0.019112691,0.008165769,
14482122654000,3,0.47127914,-0.019432127,0.012318216,
14482144505000,3,0.46708202,-0.012983978,0.007630348,
14482163822000,3,0.4718647,-0.015204281,-0.0062023625,
14482182651000,3,0.45929813,-0.013460651,0.019824065,
14482204594000,3,0.4826641,-0.0075602084,0.013347559,
14482223087000,3,0.4754982,-0.017046988,0.011987373,
14482242771000,3,0.46952724,-0.0346604,-0.004456982,
14482264683000,3,0.45035076,-0.0132870525,-0.0066647157,
14482283176000,3,0.46950817,-0.011554822,-0.007977553,
14482302860000,3,0.47009373,-0.0078647435,-0.008012041,
14482324772000,3,0.46290207,-0.011899397,0.0057359114,
14482343784000,3,0.45751476,-0.012695521,0.0031102449,
14482362888000,3,0.47967243,-0.014058337,9.995326E-4,
14482384739000,3,0.45514488,-0.015504435,0.010134444,
14482403599000,3,0.46232605,-0.050673366,-0.006641336,
14482422916000,3,0.4724865,-0.013761982,0.0059036687,
14482444797000,3,0.4736948,-0.021055639,0.00752455,
14482463322000,3,0.4724884,-0.02635786,0.0033119023,
14482482975000,3,0.45632744,-0.014541149,-0.011405781,
14482504948000,3,0.4611168,-0.018187687,-4.6060234E-4,
14482523838000,3,0.45693302,-0.026909351,0.02138649,
14482543064000,3,0.4587307,-0.009583235,0.0067138225,
14482564884000,3,0.47250557,-0.02168195,3.5188347E-4,
14482583591000,3,0.48148918,-0.02226676,-8.708984E-5,
14482603428000,3,0.46655083,-0.010771275,7.838458E-4,
14482625034000,3,0.4527645,-0.010400102,0.026057404,
14482644382000,3,0.45096302,0.018587798,-0.0051660016,
14482663120000,3,0.45933533,0.0011979789,0.009236611,
14482685093000,3,0.46829796,-0.012750462,0.0024836361,
14482703922000,3,0.46889305,-0.019005135,0.0032493547,
14482723148000,3,0.46529007,-0.006392047,0.004734628,
14482745060000,3,0.46110058,-0.01095891,-0.0038175136,
14482763615000,3,0.46407795,-0.021552473,0.023269236,
14482783268000,3,0.47066307,-0.022550255,-0.018552728,
14482805149000,3,0.44671917,-0.010222405,0.014388591,
14482823795000,3,0.46587944,-0.017017767,0.004835166,
14482843266000,3,0.46290302,-0.020653486,-0.0036719665,
14482865208000,3,0.467103,-0.021828666,0.01614917,
14482884464000,3,0.46949196,-0.025307477,0.004328966,
14482903446000,3,0.45872116,-0.026015624,-0.0014472753,
14482925266000,3,0.4598894,-0.020562008,-0.0022065714,
14483045567000,3,0.47240925,-0.0074322075,0.0011620298,
14483064640000,3,0.4688444,-0.021238014,0.009963177,
14483083714000,3,0.46108055,-0.026030496,-0.011376552,
14483105503000,3,0.47367287,-0.022440657,-0.003893502,
14483124271000,3,0.4497261,0.004039049,-0.0091729015,
14483143589000,3,0.47127914,-0.020700246,0.0045955107,
14483165531000,3,0.45449448,-0.009613335,-0.0012310073,
14483184055000,3,0.46347618,-0.023605898,0.010714285,
14483203739000,3,0.46588802,-0.026010633,0.007439792,
14483225620000,3,0.46831417,-0.019600764,0.009499647,
14483244480000,3,0.4485712,-0.026891813,-0.004746318,
14483263737000,3,0.4629631,-0.021871924,-0.002266191,
14483285618000,3,0.45399094,-0.008819267,0.022249244,
14483304295000,3,0.46657085,-0.037875563,0.020495094,
14483323765000,3,0.46598625,-0.012537405,0.010651737,
14483345707000,3,0.4605856,-0.0039741695,0.018986441,
14483364567000,3,0.4629755,-0.007966742,0.012590013,
14483383793000,3,0.4498272,-0.0050254315,-0.0028694198,
14483405766000,3,0.46181297,-0.022860661,0.0129278675,
14483424625000,3,0.4630165,-0.009071186,0.0018014982,
14483443882000,3,0.47199726,-0.020875335,0.0047159195,
14483465702000,3,0.4570303,-0.02044192,0.008558571,
14483484287000,3,0.45285416,-0.02515696,-0.0033656806,
14483503971000,3,0.47977352,-0.017626822,-0.0019634068,
14483525852000,3,0.46422672,-0.01981385,-0.021110594,
14483544498000,3,0.4522457,-0.008735672,0.016394086,
14483564030000,3,0.46240997,-0.030299574,0.0042348653,
14483585911000,3,0.47675514,-0.022780001,-0.0074152425,
14483605625000,3,0.4498434,-0.014878988,0.0057575405,
14483624088000,3,0.45882893,-0.0050406307,0.0032259747,
14483646000000,3,0.46601772,0.0018336326,-0.0032704026,
14483664432000,3,0.45164776,-0.002701655,-0.0016974509,
14483684055000,3,0.4696102,-0.020718098,-0.00352934,
14483706028000,3,0.4672222,-0.029088154,0.008426465,
14483730961000,3,0.45766354,-0.009315819,0.009373389,
14483744144000,3,0.4510765,-0.00285393,0.017072715,
14483766026000,3,0.46484375,-0.0110179335,-0.008455694,
14483785068000,3,0.46904945,-0.0150181055,0.0035515577,
14483804234000,3,0.45107841,0.0068906397,0.007917933,
14483826145000,3,0.45705032,0.0051092952,0.014734626,
14483845005000,3,0.46604156,-0.007430434,0.0017132387,
14483864262000,3,0.47681904,-0.0070747584,6.464794E-4,
14483886173000,3,0.4636631,-0.0036170185,0.0136298835,
14483904789000,3,0.45408535,-0.012538865,0.0088210255,
14483924381000,3,0.46245384,-0.0015028119,-0.003612928,
14483946293000,3,0.46126938,-0.01882483,-0.011195928,
14483965122000,3,0.45769215,-0.031920448,0.006382391,
14483984379000,3,0.45050716,9.4108284E-4,0.0021200627,
14484006290000,3,0.4558878,4.4189394E-4,0.0033802912,
14484024967000,3,0.4636612,-0.0047024786,-4.7931075E-4,
14484044468000,3,0.47683907,-0.01221621,-0.01103051,
14484066410000,3,0.4576664,0.0066284686,0.002580084,
14484085239000,3,0.47260857,-0.0053533465,-0.0034586191,
14484104496000,3,0.46543407,-0.01650396,0.0062485337,
14484126408000,3,0.46005154,-0.007047862,-0.009677343,
14484145328000,3,0.4648342,-0.007471055,0.004152447,
14484164555000,3,0.45226765,-0.0054065287,-0.01964812,
14484186466000,3,0.4648447,-0.022204831,-0.008229479,
14484205021000,3,0.46785355,-0.012131155,-0.0017769486,
14484224644000,3,0.46601295,0.0015586317,-0.0070405677,
14484246586000,3,0.45584393,-0.017696708,-0.019965515,
14484265171000,3,0.46601963,-0.012550548,0.0029576793,
14484284702000,3,0.47680473,-0.019804195,0.008752629,
14484306644000,3,0.4660282,0.008118719,-0.022100188,
14484325932000,3,0.48159027,-0.002121821,-0.019395016,
14484344852000,3,-0.020581245,-0.004170269,-0.016112931,
14484366734000,3,0.26130676,0.0102285445,-5.751699E-4,
14484385197000,3,0.5641842,-0.057292208,0.02456395,
14484404880000,3,0.48096466,0.001464814,-0.0147995055,
14484426823000,3,0.5330391,0.0067652613,0.009302087,
14484445408000,3,0.4624157,-0.03602846,0.006150335,
14484464939000,3,0.42291832,-0.036764085,0.014010988,
14484486881000,3,0.46657848,0.04407382,-0.023798227,
14484505833000,3,0.4737339,0.026954353,0.011637829,
14484524906000,3,0.49050713,-0.04894346,0.008300796,
14484546848000,3,0.43666935,-0.025253698,-0.021242693,
14484566135000,3,0.4558363,0.0462126,0.0040752813,
14484584965000,3,0.46240044,0.03406009,0.0069546476,
14484606968000,3,0.46540546,-0.047400326,-0.036810853,
14484625492000,3,0.46902084,-0.049953252,-0.024884857,
14484645084000,3,0.45645046,0.028451025,0.012031794,
14484666965000,3,0.4588356,0.028185353,0.005187042,
14484685825000,3,0.46361828,-0.029037297,-0.012969375,
14484705357000,3,0.457057,-0.034093693,-0.030319735,
14484967503000,3,0.47079372,-0.0014729947,-1.8996745E-4,
14484986149000,3,0.4696226,-0.007891327,-0.014934532,
14485005619000,3,0.46664143,-0.0114650875,-0.006216392,
14485027500000,3,0.4672327,-0.008282378,-5.441904E-4,
14485046726000,3,0.45406342,9.212047E-4,-0.016403437,
14485065647000,3,0.45584965,-0.013009116,-0.0020060837,
14485087559000,3,0.4522419,-0.0044300854,-0.012892798,
14485106022000,3,0.45883656,-0.008573756,6.008893E-4,
14485125675000,3,0.4666252,-0.014957905,-1.0228902E-4,
14485147434000,3,0.4672222,-0.019206226,0.002667755,
14485165958000,3,0.4618187,-0.005517885,-0.0038736314,
14485185520000,3,0.44925022,-0.011620581,-0.0050420836,
14485207493000,3,0.47079086,-0.003168404,-1.6716868E-4,
14485226536000,3,0.46242714,-0.0022711605,0.0109042525,
14485245609000,3,0.47200775,-0.014046043,-0.0052642077,
14485267551000,3,0.47081566,-0.008427337,-0.020518474,
14485286381000,3,0.46362877,0.009451717,0.0033814535,
14485305607000,3,0.47021103,-0.0029459894,-0.011196516,
14485327549000,3,0.45221424,-0.0047734976,0.0018348098,
14485346073000,3,0.458786,-0.016066745,-0.026194759,
14485365696000,3,0.45878124,-0.0032709837,0.007827327,
14485387608000,3,0.45578003,0.009182259,-0.01395721,
14485406498000,3,0.45937634,-0.00997369,-0.022841953,
14485425755000,3,0.45640373,-0.002149284,-0.034940965,
14485447666000,3,0.4600048,-0.007998884,0.00521861,
14485466343000,3,0.46059895,-0.0018324703,0.004171148,
14485485844000,3,0.44622612,-0.0043111444,-0.039474517,
14485507786000,3,0.45343494,-0.017868847,-0.001983866,
14485527073000,3,0.45765495,-0.010194048,-0.009169981,
14485545872000,3,0.46962452,-0.014275178,0.009593762,
14485567783000,3,0.4636507,-0.0046872795,-0.009927519,
14485586735000,3,0.45824814,-0.012246892,-0.030400984,
14485605930000,3,0.46306515,-0.0033750236,-0.0027875826,
14485627842000,3,0.4600916,-0.0014101565,-0.0022457317,
14485646336000,3,0.47446632,-0.0012844801,-0.0071206465,
14485666019000,3,0.46608734,-0.002326101,-0.009964347,
14485687962000,3,0.46247864,0.006511569,-0.0134942755,
14485706577000,3,0.45469666,-0.0027568936,-4.325062E-5,
14485726047000,3,0.48284817,-0.014746338,-0.0069710016,
14485747990000,3,0.46788788,-0.0022030622,-0.015448332,
14485767216000,3,0.4666977,0.0028366894,-0.012994505,
14485786106000,3,0.47089386,-0.0025894195,-0.014545247,
14485808018000,3,0.46010494,-0.0037797987,-0.0101028755,
14485826572000,3,0.46428204,0.010772154,-0.018339373,
14485846195000,3,0.46847057,-0.003775999,-0.01793781,
14485868076000,3,0.4529171,-0.0025049597,-0.024780802,
14485886631000,3,0.4702816,-0.0017798692,-0.01731997,
14485906223000,3,0.47624874,0.009065643,-0.012111299,
14485928135000,3,0.47025585,3.1623244E-4,-0.011961654,
14485947178000,3,0.44989777,-0.004884839,0.0038508251,
14485966312000,3,0.46965408,-0.008107901,8.2885474E-4,
14485988193000,3,0.46426392,2.925545E-4,-0.007299505,
14486007053000,3,0.4660263,0.012195766,0.003795296,
14486026340000,3,0.4732151,-0.015671015,0.0012824386,
14486048252000,3,0.46841812,-0.0129603,-0.0030161291,
14486066807000,3,0.46903324,-0.004247129,-0.017146945,
14486086430000,3,0.47562122,-0.009497881,-0.010970898,
14486108311000,3,0.45887566,-0.017513752,-0.022384264,
14486127201000,3,0.46486187,0.013152629,-0.02194997,
14486146427000,3,0.47265244,0.004380107,0.0031336173,
14486168400000,3,0.46244717,-0.023753807,0.0053495467,
14486187016000,3,0.47323036,-0.018609434,-0.013632804,
14486206547000,3,0.44928455,-0.022018954,-0.026792146,
14486228428000,3,0.47859,0.0065478086,9.971932E-4,
14486247318000,3,0.4474516,-0.0059530586,-0.003389053,
14486266575000,3,0.4600191,-0.011306688,1.7538667E-5,
14486288486000,3,0.46541405,-0.028070495,-0.015412673,
14486307438000,3,0.4737978,-0.0062432736,0.009118542,
14486326633000,3,0.4492588,-0.016124934,-0.0052478313,
14486348576000,3,0.47860527,-0.014412537,-0.0064601377,
14486367039000,3,0.4540701,-0.015695006,-0.0061573535,
14486386692000,3,0.47321796,-0.01541473,-0.01790449,
14486408634000,3,0.46004677,0.009267896,0.007698737,
14486427280000,3,0.46302223,0.0055725276,-0.004111521,
14486446751000,3,0.47438145,-0.011372745,-0.02009996,
14486468662000,3,0.46003437,0.003135085,-0.023244098,
14486488377000,3,0.4701767,-0.006063238,-0.035012856,
14486506809000,3,0.45399952,0.0068921,-0.0057540387,
14486528690000,3,0.47976017,-0.012099296,-0.046399936,
14486547214000,3,0.48035717,0.004633501,-0.06000468,
14486566837000,3,0.4521036,0.0073421896,-0.044126727,
14486588779000,3,0.46799946,-0.0115522,-0.044210315,
14486607304000,3,0.4482584,-0.018183008,0.06111878,
14486626865000,3,0.45027924,-0.025940478,0.12395431,
14486648838000,3,0.44403172,-0.023841769,0.08666006,
14486667850000,3,0.43829632,-0.019058913,0.066791564,
