14454236851000,3,317.95572,178.5587,89.56921,
14454256046000,3,317.96576,178.55316,89.57039,
14454277866000,3,318.1108,178.55185,89.56099,
14456384129000,3,318.54242,178.59344,89.55598,
14456403416000,3,318.55423,178.59229,89.54732,
14456418064000,3,318.5827,178.59383,89.55049,
14456440037000,3,318.54498,178.59329,89.551865,
14456459629000,3,318.5489,178.59866,89.54945,
14456478062000,3,318.56216,178.60776,89.54639,
14456500034000,3,318.56696,178.61583,89.54281,
14456518497000,3,318.58405,178.61615,89.54506,
14456538120000,3,318.57626,178.61302,89.54734,
14456560062000,3,318.5554,178.61359,89.54782,
14456578953000,3,318.57007,178.61105,89.54957,
14456598179000,3,318.56613,178.60675,89.54622,
14456620121000,3,318.5645,178.60808,89.54249,
14456638737000,3,318.55417,178.60901,89.52767,
14456658268000,3,318.53714,178.60754,89.51982,
14456680180000,3,318.5284,178.60327,89.515144,
14456699589000,3,318.53403,178.6016,89.506905,
14456718388000,3,318.51318,178.6013,89.50838,
14456740238000,3,318.51083,178.60565,89.50387,
14456759220000,3,318.51083,178.60406,89.50187,
14456778538000,3,318.51273,178.60701,89.49946,
14456800388000,3,318.51324,178.59932,89.50502,
14456818729000,3,318.50757,178.60106,89.51038,
14456838383000,3,318.5125,178.59596,89.5114,
14456860325000,3,318.51373,178.59625,89.519104,
14456878941000,3,318.52225,178.59633,89.526245,
14456898411000,3,318.52924,178.59854,89.52435,
14456920353000,3,318.5219,178.59837,89.524216,
14456939579000,3,318.5196,178.59541,89.5243,
14456958500000,3,318.5224,178.59814,89.52495,
14456980412000,3,318.5221,178.60075,89.52418,
14456998936000,3,318.53143,178.60619,89.51847,
14457018558000,3,318.53143,178.60489,89.51465,
14457040501000,3,318.38528,178.6061,89.51233,
14457058994000,3,318.2962,178.61551,89.50781,
14457078617000,3,318.2295,178.61606,89.50332,
14457100559000,3,318.18835,178.60962,89.49335,
14457119663000,3,318.12518,178.60535,89.49879,
14457138737000,3,318.1052,178.6008,89.496765,
14457160587000,3,318.07318,178.60002,89.50244,
14457179447000,3,318.0632,178.60214,89.50038,
14457198704000,3,318.054,178.5984,89.486336,
14457220676000,3,318.03036,178.59808,89.49237,
14457239170000,3,318.04605,178.59961,89.49925,
14457258793000,3,318.05045,178.60109,89.49655,
14457280735000,3,318.0353,178.5994,89.48898,
14457299625000,3,318.0247,178.5975,89.48678,
14457318882000,3,318.0258,178.60007,89.47968,
14457340824000,3,318.01318,178.60204,89.4721,
14457359440000,3,318.0156,178.59839,89.46854,
14457378941000,3,318.01602,178.59804,89.479164,
14457400883000,3,318.01282,178.59074,89.487274,
14457419773000,3,318.0177,178.59398,89.48373,
14457439030000,3,318.01065,178.5887,89.480484,
14457460880000,3,317.99963,178.58636,89.48023,
14457479771000,3,317.9915,178.58641,89.47667,
14457499027000,3,317.987,178.58508,89.46671,
14457520939000,3,317.97794,178.5811,89.46723,
14457539432000,3,317.97665,178.58205,89.472824,
14457559055000,3,317.98633,178.58208,89.471794,
14457581028000,3,317.98083,178.57832,89.474144,
14457599705000,3,317.98187,178.58063,89.47285,
14457619175000,3,317.9837,178.5791,89.47932,
14457641087000,3,317.9745,178.57939,89.47997,
14457660801000,3,317.97784,178.58437,89.46925,
14457679172000,3,317.984,178.58192,89.471825,
14457701298000,3,317.97647,178.58325,89.474945,
14457719608000,3,317.98773,178.58669,89.46671,
14457739231000,3,317.98196,178.59422,89.458244,
14457761204000,3,317.97974,178.597,89.45639,
14457779697000,3,317.98706,178.59877,89.453514,
14457799290000,3,317.98755,178.59842,89.44833,
14457821232000,3,317.97678,178.59866,89.44736,
14457840275000,3,317.9816,178.60117,89.443565,
14457859379000,3,317.98334,178.60068,89.44467,
14457881290000,3,317.98608,178.60263,89.4473,
14457900333000,3,317.98544,178.60898,89.44944,
14457919468000,3,317.99518,178.61057,89.4387,
14457941380000,3,317.97983,178.6086,89.436,
14457959904000,3,317.9856,178.61055,89.427734,
14457979526000,3,317.97687,178.61206,89.42987,
14458001438000,3,317.9787,178.61514,89.42593,
14458020359000,3,317.977,178.61139,89.42353,
14458039646000,3,317.9749,178.60939,89.42489,
14458061588000,3,317.9705,178.60677,89.42558,
14458080235000,3,317.97195,178.60776,89.42783,
14458099705000,3,317.97308,178.60512,89.42678,
14458121525000,3,317.9687,178.60487,89.42859,
14458140415000,3,317.9722,178.6067,89.42805,
14458159641000,3,317.9745,178.60713,89.429756,
14458181583000,3,317.96805,178.60434,89.42843,
14458200779000,3,317.9597,178.60329,89.420906,
14458219730000,3,317.95883,178.60373,89.415085,
14458241703000,3,317.9452,178.60242,89.41765,
14458260197000,3,318.10052,178.60089,89.416695,
14458279850000,3,318.19922,178.59703,89.42438,
14458302341000,3,318.26642,178.5957,89.425575,
14458320347000,3,318.32416,178.59555,89.426865,
14458339817000,3,318.3492,178.5947,89.42365,
14458361729000,3,318.51834,178.59364,89.43018,
14458380985000,3,318.66736,178.59177,89.43083,
14458399906000,3,318.75085,178.5937,89.43224,
14458421818000,3,318.97595,178.59734,89.4305,
14458440311000,3,319.12738,178.59657,89.43668,
14458459934000,3,319.2376,178.59872,89.43492,
14458481876000,3,319.30383,178.59773,89.43004,
14458500401000,3,319.34686,178.596,89.432144,
14458519993000,3,319.3743,178.59439,89.42127,
14458541965000,3,319.3828,178.59074,89.42364,
14458560947000,3,319.40317,178.59143,89.42303,
14458580082000,3,319.41937,178.59137,89.42885,
14458602024000,3,319.43127,178.59291,89.434265,
14458621281000,3,319.28436,178.59085,89.4344,
14458640110000,3,319.18784,178.58861,89.4355,
14458662022000,3,319.14633,178.58902,89.44011,
14458680607000,3,319.07462,178.58754,89.44026,
14458700169000,3,319.0298,178.58586,89.435005,
14458722141000,3,318.9993,178.58319,89.43479,
14458741001000,3,318.64142,178.58122,89.43684,
14458760288000,3,318.40466,178.58354,89.432755,
14458782169000,3,318.22717,178.58185,89.43493,
14458800785000,3,318.11343,178.58061,89.436,
14458820316000,3,318.02536,178.57881,89.43737,
14458842228000,3,317.9677,178.57773,89.44766,
14458861088000,3,317.94232,178.57494,89.45006,
14458880344000,3,317.91104,178.57957,89.44709,
14458902317000,3,317.885,178.57764,89.449104,
14458921177000,3,317.88358,178.58217,89.45141,
14458940403000,3,317.86963,178.5768,89.45314,
14458962315000,3,317.86145,178.57735,89.45715,
14458980839000,3,317.86752,178.57983,89.46363,
14459000736000,3,317.88058,178.58376,89.4617,
14459022526000,3,317.88602,178.58289,89.46301,
14459041172000,3,317.89432,178.58511,89.46775,
14459060642000,3,317.893,178.58482,89.471466,
14459082584000,3,317.89413,178.58476,89.47931,
14459101902000,3,317.89496,178.58566,89.47484,
14459120640000,3,317.90027,178.5824,89.47396,
14459142612000,3,317.8993,178.58014,89.482124,
14459161076000,3,317.91187,178.58136,89.498405,
14459180759000,3,317.92184,178.5803,89.502785,
14459202610000,3,317.9208,178.5831,89.49724,
14459221195000,3,317.92657,178.58401,89.49549,
14459240849000,3,317.9199,178.58374,89.4935,
14459262577000,3,317.9099,178.58244,89.484535,
14459281712000,3,317.90268,178.58629,89.48128,
14459300816000,3,317.90637,178.58908,89.47817,
14459322758000,3,318.07928,178.5852,89.46989,
14459341618000,3,318.18973,178.58119,89.4795,
14459360813000,3,318.27606,178.57956,89.47414,
14459382755000,3,318.3271,178.58781,89.46745,
14459401371000,3,318.383,178.58916,89.46771,
14459426212000,3,318.39584,178.59497,89.46221,
14459446751000,3,318.35425,178.59782,89.456184,
14459461826000,3,318.59232,178.59267,89.46723,
14459481052000,3,318.71375,178.59523,89.46897,
14459502995000,3,318.79108,178.59245,89.46525,
14459521458000,3,318.84607,178.58997,89.468,
14459540958000,3,318.87402,178.59099,89.46981,
14459562778000,3,318.90106,178.59045,89.465904,
14459582218000,3,318.924,178.58784,89.47246,
14459601231000,3,318.93597,178.58163,89.481544,
14459622990000,3,318.94263,178.5825,89.48146,
14459641911000,3,318.95703,178.58464,89.48242,
14459661076000,3,318.9635,178.58696,89.48195,
14459683018000,3,318.9608,178.58218,89.47936,
14459701511000,3,318.96637,178.58492,89.48483,
14459721165000,3,318.98212,178.58618,89.49435,
14459743748000,3,318.98108,178.58397,89.50505,
14459761753000,3,318.994,178.58463,89.50438,
14459781223000,3,318.98428,178.5821,89.50968,
14459803135000,3,318.97794,178.57939,89.50674,
14459822391000,3,318.9731,178.57536,89.50557,
14459841312000,3,318.96637,178.57579,89.50634,
14459863193000,3,318.97385,178.57675,89.50654,
14459881718000,3,318.97885,178.57587,89.51454,
14459901401000,3,318.98264,178.57663,89.520584,
14459923252000,3,319.0169,178.57808,89.52025,
14459941807000,3,318.99695,178.57872,89.5145,
14459961399000,3,318.9893,178.5803,89.52535,
14459983402000,3,318.9901,178.58398,89.521614,
14460002415000,3,318.99158,178.5818,89.51587,
14460021519000,3,318.99622,178.57977,89.52502,
14460043430000,3,319.00095,178.57895,89.5348,
14460062229000,3,319.01245,178.5775,89.545105,
14460081486000,3,319.01904,178.57529,89.55084,
14460103397000,3,319.0153,178.57454,89.547935,
14460121952000,3,319.01962,178.57735,89.544846,
14460141544000,3,319.0109,178.58093,89.538666,
14460163578000,3,319.00488,178.57938,89.540306,
14460182560000,3,319.0105,178.57806,89.53353,
14460201694000,3,319.00165,178.57979,89.53091,
14460223637000,3,319.00043,178.57823,89.53065,
14460242313000,3,318.9989,178.57542,89.52803,
14460261784000,3,319.18973,178.57379,89.537544,
14460283726000,3,319.46808,178.57126,89.53912,
14460302586000,3,319.67023,178.56851,89.5417,
14460321812000,3,319.80014,178.57077,89.542816,
14460343693000,3,319.8919,178.57018,89.53109,
14460362614000,3,319.95422,178.57133,89.52962,
14460381870000,3,320.00528,178.5693,89.53326,
14460403812000,3,320.03287,178.57181,89.53739,
14460422276000,3,320.0641,178.5675,89.54089,
14460441898000,3,320.08612,178.57121,89.55021,
14460463810000,3,320.1039,178.57587,89.53964,
14460482426000,3,320.1192,178.57503,89.545296,
14460501987000,3,320.12302,178.5746,89.55174,
14460523869000,3,320.12067,178.57512,89.54234,
14460543644000,3,320.1134,178.57214,89.54798,
14460561954000,3,320.1323,178.56894,89.54801,
14460583897000,3,320.12454,178.56604,89.5582,
14460602451000,3,320.1413,178.565,89.56761,
14460622227000,3,319.98624,178.56383,89.57027,
14460644108000,3,319.72116,178.56194,89.57556,
14460662571000,3,319.54703,178.56561,89.574776,
14460682194000,3,319.41174,178.56337,89.57082,
14460704075000,3,319.31598,178.5647,89.57467,
14460723026000,3,319.26508,178.56229,89.578316,
14460742130000,3,319.22205,178.56314,89.57494,
14460764042000,3,319.1978,178.56158,89.58438,
14460782902000,3,319.18036,178.55872,89.58184,
14460802158000,3,319.00183,178.55493,89.58238,
14460824162000,3,318.86987,178.55579,89.58052,
14460842777000,3,318.7918,178.56198,89.58059,
14460862278000,3,318.72937,178.56029,89.58242,
14460884220000,3,318.6681,178.55772,89.57093,
14460903110000,3,318.6312,178.55824,89.56838,
14460922337000,3,318.62375,178.55685,89.57833,
14460944157000,3,318.60223,178.55907,89.57281,
14460962894000,3,318.58768,178.55745,89.56423,
14460982395000,3,318.5607,178.55876,89.55942,
14461004307000,3,318.54315,178.55933,89.55515,
14461023167000,3,318.5454,178.55537,89.557304,
14461042759000,3,318.5346,178.55475,89.553116,
14461064396000,3,318.53387,178.5559,89.55206,
14461083317000,3,318.40216,178.5597,89.554214,
14461102604000,3,318.30923,178.5559,89.5553,
14461124454000,3,318.24985,178.55626,89.5679,
14461142948000,3,318.23074,178.55598,89.57316,
14461162662000,3,318.2049,178.5543,89.57574,
14461184483000,3,318.17993,178.55649,89.579575,
14461203159000,3,318.16708,178.55772,89.574394,
14461222660000,3,318.15292,178.5589,89.578186,
14461244541000,3,318.15588,178.56052,89.58256,
14461263859000,3,318.16562,178.55832,89.58826,
14461282719000,3,318.1715,178.55511,89.59066,
14461304569000,3,318.16992,178.5525,89.593575,
14461323124000,3,318.1702,178.55429,89.59966,
14461342716000,3,318.1716,178.55685,89.59557,
14461364689000,3,318.1521,178.55968,89.58771,
14461383152000,3,318.1637,178.5597,89.58788,
14461402805000,3,318.1649,178.55736,89.59166,
14461424686000,3,318.13846,178.557,89.5816,
14461443699000,3,318.1406,178.55269,89.57864,
14461462833000,3,318.14035,178.55644,89.58517,
14461484776000,3,318.11862,178.56235,89.57194,
14461504093000,3,318.10742,178.56834,89.575134,
14461522922000,3,318.1361,178.56982,89.57559,
14461544804000,3,318.1231,178.57085,89.574875,
14461563328000,3,318.1423,178.57208,89.57573,
14461582951000,3,318.28568,178.57468,89.57724,
14461604954000,3,318.39386,178.57623,89.578835,
14461623814000,3,318.46582,178.578,89.57625,
14461643040000,3,318.50702,178.58232,89.57781,
14461664921000,3,318.5487,178.5882,89.5728,
14461683537000,3,318.5773,178.58801,89.56538,
14461703037000,3,318.59186,178.59366,89.5701,
14461724979000,3,318.60776,178.59473,89.570206,
14461743839000,3,318.63153,178.59496,89.577934,
14461763126000,3,318.63577,178.59604,89.57354,
14461785038000,3,318.63754,178.59554,89.57526,
14461804020000,3,318.6468,178.59702,89.581406,
14461823215000,3,318.66815,178.59666,89.59109,
14461845097000,3,318.66675,178.59764,89.59212,
14461863590000,3,318.67532,178.5989,89.58579,
14461883244000,3,318.67606,178.60107,89.593,
14461905125000,3,318.6852,178.60074,89.59633,
14461923801000,3,318.6834,178.60027,89.58774,
14461943272000,3,318.5352,178.599,89.58757,
14461965183000,3,318.44437,178.59335,89.590836,
14461984470000,3,318.37738,178.59615,89.596825,
14462003422000,3,318.354,178.59845,89.605225,
14462025272000,3,318.3417,178.60236,89.612854,
14462043766000,3,318.31903,178.60153,89.613655,
14462063389000,3,318.30258,178.59909,89.611465,
14462085331000,3,318.2777,178.60014,89.610596,
14462103855000,3,318.27438,178.60149,89.60679,
14462123478000,3,318.27014,178.60312,89.6082,
14462145328000,3,318.25262,178.60965,89.604164,
14462164371000,3,318.25958,178.60913,89.60373,
14462183506000,3,318.3009,178.60461,89.6108,
14462205479000,3,318.26428,178.60802,89.60954,
14462224277000,3,318.25436,178.60565,89.603355,
14462243626000,3,318.25256,178.61073,89.60328,
14462265568000,3,318.25067,178.61902,89.60392,
14462284031000,3,318.2586,178.6213,89.60008,
14462303684000,3,318.26022,178.62335,89.601135,
14462325596000,3,318.2495,178.62679,89.600105,
14462344425000,3,318.25534,178.62459,89.59647,
14462363743000,3,318.25623,178.62906,89.60029,
14462385654000,3,318.26566,178.63307,89.59757,
14462404301000,3,318.26868,178.63358,89.60375,
14462423801000,3,318.27954,178.63681,89.59877,
14462445744000,3,318.27777,178.63933,89.60469,
14462468418000,3,318.26486,178.63171,89.60198,
14462487308000,3,318.26486,178.63171,89.60198,
14462505772000,3,318.2767,178.62958,89.60292,
14462524631000,3,318.2819,178.62602,89.61257,
14462543858000,3,318.27017,178.62892,89.60213,
14462565830000,3,318.25656,178.63107,89.59799,
14462584232000,3,318.2622,178.6306,89.59443,
14462603886000,3,318.25446,178.63095,89.59328,
14462625797000,3,318.43753,178.63367,89.59239,
14462644474000,3,318.58008,178.63347,89.59116,
14462663975000,3,318.8057,178.63206,89.585594,
14462685947000,3,318.9619,178.62683,89.58642,
14462705173000,3,319.07892,178.63034,89.59889,
14462724033000,3,319.1766,178.63351,89.59242,
14462745975000,3,319.22687,178.62888,89.59065,
14462764500000,3,319.26233,178.6301,89.60207,
14462784092000,3,319.30176,178.63132,89.59755,
14462806004000,3,319.31195,178.62698,89.59943,
14462824528000,3,319.32944,178.6239,89.599335,
14462844120000,3,319.33484,178.62646,89.59735,
14462866093000,3,319.33676,178.63043,89.592995,
14462885105000,3,319.34253,178.6331,89.582695,
14462904240000,3,319.33432,178.62857,89.578255,
14462926121000,3,319.32928,178.62714,89.574974,
14462944981000,3,319.3259,178.62964,89.570946,
14462964298000,3,319.32953,178.63017,89.56818,
14462986179000,3,319.32516,178.63214,89.57253,
14463004795000,3,319.33444,178.63474,89.56556,
14463024387000,3,319.33032,178.63527,89.563484,
14463046329000,3,319.33496,178.63467,89.56998,
14463065220000,3,319.33508,178.63239,89.570015,
14463084415000,3,319.16333,178.62863,89.56905,
14463106266000,3,319.03235,178.62613,89.57143,
14463124943000,3,318.95383,178.62622,89.567215,
14463144413000,3,318.8955,178.62486,89.56522,
14463166447000,3,318.69885,178.62473,89.5682,
14463185368000,3,318.5825,178.62106,89.55756,
14463204624000,3,318.48993,178.61586,89.56167,
14463226597000,3,318.41742,178.61162,89.569145,
14463245457000,3,318.37924,178.61238,89.56909,
14463264591000,3,318.3456,178.61041,89.56903,
14463286533000,3,318.3197,178.60316,89.569275,
14463305088000,3,318.3044,178.60242,89.57295,
14463324711000,3,318.30246,178.60777,89.577995,
14463346683000,3,318.29813,178.60756,89.58124,
14463365269000,3,318.30566,178.6048,89.58631,
14463384708000,3,318.29718,178.60466,89.58138,
14463406620000,3,318.2811,178.60896,89.58013,
14463426334000,3,318.27817,178.613,89.57475,
14463444736000,3,318.2864,178.61371,89.57234,
14463466679000,3,318.28607,178.611,89.56642,
14463485172000,3,318.44714,178.60983,89.56611,
14463504826000,3,318.57193,178.61093,89.559975,
14463526768000,3,318.64163,178.60591,89.56414,
14463545292000,3,318.71097,178.60194,89.56526,
14463564854000,3,318.74872,178.60149,89.57077,
14463586887000,3,318.7785,178.60559,89.57023,
14463605839000,3,318.802,178.60486,89.56967,
14463624882000,3,318.8163,178.60565,89.559654,
14463646793000,3,318.81567,178.60367,89.56137,
14463665714000,3,318.82617,178.6051,89.56666,
14463684940000,3,318.8651,178.60844,89.56066,
14463706882000,3,318.8287,178.61057,89.556755,
14463725437000,3,318.84174,178.6161,89.547935,
14463745060000,3,318.8417,178.61761,89.53924,
14463766941000,3,318.9746,178.61441,89.55389,
14463785862000,3,319.08157,178.62024,89.54894,
14463805271000,3,319.15582,178.62071,89.544174,
14463827152000,3,319.1882,178.6192,89.55336,
14463845798000,3,319.24347,178.62111,89.5473,
14463865330000,3,319.2528,178.61742,89.5515,
14463887272000,3,319.3079,178.61768,89.55804,
14463906162000,3,319.29263,178.61528,89.556335,
14463925388000,3,319.2879,178.6145,89.55168,
14463947208000,3,319.32516,178.61441,89.55569,
14463966190000,3,319.29565,178.60634,89.55812,
14463985447000,3,319.2883,178.60378,89.55386,
14464007267000,3,319.27975,178.60074,89.55455,
14464025761000,3,319.28864,178.6002,89.55885,
14464045383000,3,319.29648,178.60164,89.5606,
14464067203000,3,319.15762,178.60152,89.57008,
14464085880000,3,318.8913,178.59581,89.57419,
14464105320000,3,318.68936,178.59607,89.57749,
14464127323000,3,318.5499,178.60081,89.574394,
14464146549000,3,318.46054,178.60461,89.57343,
14464165440000,3,318.39465,178.60397,89.5669,
14464187351000,3,318.33258,178.6035,89.564255,
14464205906000,3,318.31274,178.60376,89.57217,
14464225529000,3,318.29648,178.60649,89.571815,
14464247440000,3,318.28918,178.6074,89.564644,
14464265995000,3,318.27078,178.60649,89.57008,
14464285587000,3,318.2695,178.60579,89.57206,
14464307499000,3,318.25397,178.60426,89.564705,
14464326511000,3,318.2377,178.60022,89.55661,
14464345646000,3,318.22775,178.59958,89.54873,
14464367496000,3,318.20248,178.59738,89.54744,
14464386845000,3,318.1921,178.59203,89.53994,
14464405613000,3,318.19696,178.59117,89.54162,
14464427586000,3,318.19,178.59409,89.542,
14464446171000,3,318.20697,178.59386,89.53816,
14464465733000,3,318.2306,178.59557,89.54422,
14464487583000,3,318.19803,178.59537,89.54237,
14464506504000,3,318.19882,178.59192,89.54741,
14464525791000,3,318.19714,178.59097,89.54962,
14464547642000,3,318.1898,178.59074,89.54579,
14464566318000,3,318.1973,178.58765,89.54527,
14464585819000,3,318.19275,178.58424,89.5479,
14464607761000,3,318.18527,178.57735,89.55362,
14464626621000,3,318.1881,178.57343,89.55581,
14464645847000,3,318.18484,178.57199,89.555626,
14464667820000,3,318.17078,178.56772,89.558784,
14464686710000,3,318.17047,178.56378,89.56157,
14464705906000,3,318.17142,178.56508,89.56303,
14464727848000,3,318.15677,178.5635,89.55748,
14464746494000,3,318.15103,178.56242,89.5503,
14464766026000,3,318.1472,178.56674,89.5501,
14464787937000,3,318.15393,178.56801,89.54528,
14464806614000,3,318.14972,178.5718,89.54208,
14464826084000,3,318.1418,178.57285,89.53781,
14464848026000,3,318.1389,178.57199,89.53892,
14464867252000,3,318.14,178.57104,89.53801,
14464886173000,3,318.14365,178.56837,89.54294,
14464908054000,3,318.13757,178.57121,89.550026,
14464926609000,3,318.1525,178.56996,89.5512,
14464946201000,3,318.15222,178.56355,89.558784,
14464968113000,3,318.18005,178.56496,89.55584,
14464986668000,3,318.1496,178.56793,89.55154,
14465006260000,3,318.15277,178.56711,89.556786,
14465028233000,3,318.15475,178.56337,89.56576,
14465047214000,3,318.1541,178.56168,89.56403,
14465066257000,3,318.15945,178.5645,89.56714,
14465088169000,3,318.15656,178.56787,89.56092,
14465107029000,3,318.15582,178.56744,89.556885,
14465126316000,3,318.15652,178.57,89.5576,
14465148258000,3,318.15704,178.57072,89.56328,
14465166782000,3,318.18277,178.57077,89.571976,
14465186375000,3,318.1927,178.57178,89.5759,
14465208317000,3,318.19077,178.5733,89.581566,
14465227268000,3,318.202,178.57718,89.58229,
14465246433000,3,318.20233,178.58153,89.57866,
14465268345000,3,318.2022,178.58548,89.58034,
14465286991000,3,318.21722,178.58212,89.58167,
14465306492000,3,318.2281,178.58328,89.58999,
14465328434000,3,318.2342,178.58113,89.594315,
14465347752000,3,318.2393,178.58302,89.598274,
14465366550000,3,318.25818,178.58273,89.59806,
14465388462000,3,318.27472,178.58363,89.6112,
14465407413000,3,318.28717,178.58356,89.615234,
14465426670000,3,318.29022,178.5887,89.618645,
14465448582000,3,318.29233,178.59087,89.61352,
14465467075000,3,318.3004,178.5902,89.62141,
14465486668000,3,318.32877,178.58876,89.62973,
14465508610000,3,318.33405,178.59113,89.63774,
14465527287000,3,318.34747,178.59007,89.63563,
14465546757000,3,318.32184,178.59352,89.62568,
14465568668000,3,318.29584,178.6043,89.6137,
14465587925000,3,318.30258,178.60582,89.61652,
14465606815000,3,318.3157,178.60414,89.61572,
14465628727000,3,318.30164,178.6024,89.61575,
14465647251000,3,318.30026,178.60408,89.614044,
14465666935000,3,318.2901,178.60706,89.6056,
14465688786000,3,318.27356,178.60956,89.60301,
14465707340000,3,318.27875,178.61493,89.59656,
14465726902000,3,318.28516,178.61372,89.60471,
14465748844000,3,318.27692,178.61676,89.601425,
14465767857000,3,318.2713,178.62027,89.58773,
14465786991000,3,318.26996,178.61954,89.58543,
14465808903000,3,318.26093,178.62149,89.57818,
14465827793000,3,318.25812,178.62437,89.57134,
14465847080000,3,318.25647,178.6229,89.56393,
14465868870000,3,318.24127,178.62015,89.56363,
14465887485000,3,318.2484,178.6162,89.56347,
14465907078000,3,318.235,178.61183,89.564445,
14465928928000,3,318.23306,178.6098,89.57197,
14465947880000,3,318.23907,178.60588,89.577774,
14465967136000,3,318.23965,178.60449,89.577,
14465989078000,3,318.23294,178.6059,89.56982,
14466007664000,3,318.23697,178.60657,89.57779,
14466027195000,3,318.24323,178.61377,89.57874,
14466049107000,3,318.428,178.6143,89.57478,
14466067966000,3,318.56186,178.61322,89.57211,
14466087254000,3,318.64496,178.60541,89.57739,
14466109165000,3,318.69284,178.60455,89.58099,
14466128086000,3,318.89105,178.60114,89.579025,
14466147312000,3,319.02023,178.59969,89.579,
14466169224000,3,319.1045,178.60443,89.57371,
14466187778000,3,319.17413,178.60506,89.57816,
14466207371000,3,319.222,178.6047,89.57541,
14466229282000,3,319.25555,178.60904,89.572586,
14466247959000,3,319.28656,178.60822,89.57666,
14466267399000,3,319.30133,178.6098,89.57897,
14466289310000,3,319.3116,178.60207,89.58831,
14466309055000,3,319.3159,178.5977,89.58834,
14466327457000,3,319.3133,178.60011,89.58434,
14466349400000,3,319.32074,178.60757,89.58135,
14466367954000,3,319.33487,178.61008,89.57682,
14466387577000,3,319.33005,178.60878,89.57065,
14466409458000,3,319.32147,178.60489,89.56864,
14466428013000,3,319.3199,178.60335,89.56753,
14466447636000,3,319.31546,178.60605,89.56419,
14466469517000,3,319.3143,178.60449,89.56421,
14466488560000,3,319.31436,178.60214,89.5696,
14466507694000,3,319.32278,178.60074,89.57639,
14466529545000,3,319.318,178.60287,89.57426,
14466548405000,3,319.32516,178.5998,89.5738,
14466567722000,3,319.31567,178.59814,89.57262,
14466589634000,3,319.3097,178.59776,89.56826,
14466608189000,3,319.31305,178.594,89.566734,
14466627781000,3,319.3035,178.59692,89.56341,
14466649723000,3,319.2996,178.59952,89.558685,
14466668583000,3,319.30118,178.59998,89.559326,
14466687809000,3,319.30292,178.59804,89.563126,
14466709782000,3,319.31143,178.60033,89.565956,
14466728519000,3,319.3041,178.59894,89.56858,
14466747868000,3,319.30533,178.59692,89.56565,
14466769810000,3,319.29773,178.59218,89.56395,
14466788670000,3,319.2942,178.5889,89.56156,
14466807957000,3,319.29144,178.58507,89.57442,
14466829899000,3,319.29382,178.58904,89.579414,
14466848759000,3,319.3032,178.59146,89.57521,
14466867985000,3,319.31696,178.59213,89.58653,
14466889896000,3,319.3176,178.59059,89.58453,
14466908421000,3,319.30743,178.58917,89.579185,
14466928074000,3,319.3224,178.58412,89.5866,
14466950077000,3,319.3302,178.57988,89.59179,
14466968723000,3,319.3339,178.58,89.59548,
14466988193000,3,319.32397,178.58093,89.588776,
14467010136000,3,319.29205,178.58334,89.573814,
14467029331000,3,319.2862,178.5839,89.57389,
14467048191000,3,319.29507,178.58487,89.5658,
14467070042000,3,319.2853,178.58762,89.56367,
14467088596000,3,319.29196,178.59041,89.56085,
14467108219000,3,319.29495,178.58907,89.56758,
14467130131000,3,319.28983,178.58904,89.56474,
14467148685000,3,319.29596,178.59229,89.557365,
14467168339000,3,319.28772,178.58871,89.56062,
14467190189000,3,319.28033,178.58499,89.56552,
14467209232000,3,319.28912,178.58388,89.56313,
14467228336000,3,319.28122,178.57925,89.56928,
14467250309000,3,319.27664,178.57907,89.56433,
14467269596000,3,319.25598,178.5738,89.55765,
14467288395000,3,319.26,178.57382,89.55819,
14467310368000,3,319.28473,178.57129,89.55596,
14467328892000,3,319.2737,178.57039,89.5474,
14467348484000,3,319.27805,178.57481,89.545265,
14467370396000,3,319.2468,178.5712,89.55757,
14467389255000,3,319.25702,178.57408,89.557785,
14467408512000,3,319.27307,178.57585,89.56585,
14467430454000,3,319.27356,178.57938,89.57014,
14467449070000,3,319.2845,178.57797,89.57266,
14467468571000,3,319.29312,178.57263,89.57581,
14467490543000,3,319.2987,178.57713,89.58451,
14467509342000,3,319.32227,178.57683,89.58807,
14467528599000,3,319.34277,178.57434,89.58664,
14467550755000,3,319.32065,178.57703,89.59486,
14467569462000,3,319.33752,178.57632,89.59373,
14467588718000,3,319.16034,178.57872,89.5959,
14467610569000,3,319.02722,178.57825,89.59046,
14467629063000,3,318.9517,178.57402,89.59743,
14467648716000,3,318.89932,178.5711,89.601875,
14467670658000,3,318.8522,178.5719,89.59558,
14467689335000,3,318.83716,178.56982,89.6056,
14467708805000,3,318.81168,178.5678,89.60165,
14467730717000,3,318.77786,178.56683,89.59181,
14467750065000,3,318.7549,178.56639,89.59131,
14467768864000,3,318.75208,178.56795,89.588234,
14467790775000,3,318.9114,178.5647,89.5926,
14467809330000,3,319.02277,178.55908,89.592026,
14467828922000,3,319.08975,178.55753,89.5881,
14467850895000,3,319.13614,178.55603,89.58391,
14467869389000,3,319.17514,178.55032,89.58164,
14467888981000,3,319.18326,178.54865,89.57944,
14467910923000,3,319.18323,178.55135,89.56806,
14467929966000,3,319.18796,178.55313,89.564964,
14467949070000,3,319.19962,178.55794,89.56796,
14467970951000,3,319.2213,178.55602,89.57254,
14467989811000,3,319.2375,178.55127,89.57894,
14468009129000,3,319.25095,178.55634,89.58536,
14468031010000,3,319.24683,178.55603,89.57944,
14468049534000,3,319.25034,178.55309,89.5755,
14468069157000,3,319.25183,178.54599,89.5812,
14468091099000,3,319.25366,178.54236,89.58467,
14468109959000,3,319.26025,178.54143,89.586876,
14468129185000,3,319.26523,178.54495,89.59051,
14468151127000,3,319.27148,178.54536,89.589935,
14468169743000,3,319.27222,178.54877,89.59144,
14468189335000,3,319.27383,178.55174,89.58983,
14468211307000,3,319.27182,178.55016,89.59095,
14468230656000,3,319.26657,178.55229,89.59173,
14468249393000,3,319.24298,178.55197,89.593796,
14468271336000,3,319.34216,178.54839,89.60729,
14468290256000,3,319.30746,178.5463,89.607025,
14468309391000,3,319.3048,178.54434,89.605316,
14468331333000,3,319.30463,178.54431,89.60867,
14468349796000,3,319.3143,178.54878,89.60898,
14468369419000,3,319.307,178.54546,89.60417,
14468391300000,3,319.3079,178.54147,89.61039,
14468410068000,3,319.3263,178.54633,89.6147,
14468429478000,3,319.32327,178.54843,89.609314,
14468451420000,3,319.31848,178.54796,89.61307,
14468470646000,3,319.3037,178.54718,89.603935,
14468489536000,3,319.30478,178.54796,89.60172,
14468511478000,3,319.30933,178.54568,89.60846,
14468530247000,3,319.30856,178.54546,89.60778,
14468549595000,3,319.31406,178.54916,89.59804,
14468571598000,3,319.28885,178.55336,89.593315,
14468590122000,3,319.2834,178.5546,89.59046,
14468609623000,3,319.2707,178.56029,89.58279,
14468631535000,3,319.25195,178.56847,89.57858,
14468650822000,3,319.24887,178.56886,89.572624,
14468669712000,3,319.2367,178.57176,89.56203,
14468691654000,3,319.23102,178.57486,89.5505,
14468710514000,3,319.2259,178.5684,89.55028,
14468729801000,3,319.2163,178.56784,89.5563,
14468751743000,3,319.2164,178.57259,89.55018,
14468770298000,3,319.2321,178.56972,89.54887,
14468789829000,3,319.21793,178.56595,89.55141,
14468811832000,3,319.20746,178.5662,89.557014,
14468830845000,3,319.21732,178.56767,89.55604,
14468850224000,3,319.22726,178.56763,89.55525,
14468872074000,3,319.05563,178.56163,89.56707,
14468890690000,3,318.92963,178.56706,89.568855,
14468910099000,3,318.85376,178.57259,89.562836,
14468931950000,3,318.79333,178.57236,89.569374,
14468951267000,3,318.7673,178.5705,89.5726,
14468970097000,3,318.75293,178.5685,89.5828,
14468991978000,3,318.73672,178.56601,89.582405,
14469010838000,3,318.72342,178.56422,89.584595,
14469030094000,3,318.71292,178.56192,89.58337,
14469052006000,3,318.69965,178.55807,89.58246,
14469070499000,3,318.69165,178.56297,89.57892,
14469090153000,3,318.691,178.56247,89.58243,
14469112186000,3,318.69388,178.56784,89.58774,
14469130833000,3,318.7074,178.5726,89.58544,
14469150303000,3,318.72522,178.56985,89.58395,
14469172337000,3,318.6739,178.56648,89.57923,
14469192051000,3,318.63873,178.56842,89.57685,
14469210422000,3,318.67078,178.57025,89.57308,
14469232395000,3,318.6767,178.57262,89.57957,
14469250919000,3,318.68906,178.57376,89.58369,
14469270481000,3,318.69437,178.57417,89.57866,
14469292423000,3,318.70306,178.57443,89.587074,
14469311008000,3,318.7185,178.57484,89.59331,
14469330601000,3,318.72324,178.57368,89.59377,
14469352512000,3,318.72485,178.57031,89.59816,
14469371494000,3,318.74872,178.57283,89.594345,
14469390629000,3,318.73947,178.57338,89.59011,
14469412540000,3,318.74518,178.57442,89.59224,
14469431400000,3,318.7054,178.57472,89.58623,
14469450687000,3,318.70013,178.57745,89.58691,
14469473026000,3,318.69656,178.58018,89.58209,
14469491184000,3,318.7299,178.58282,89.5826,
14469510685000,3,318.7086,178.58328,89.586876,
14469532627000,3,318.70538,178.58244,89.58481,
14469551426000,3,318.71448,178.58278,89.59139,
14469570591000,3,318.70984,178.58159,89.58617,
14469592686000,3,318.70615,178.5865,89.58427,
14469611149000,3,318.7099,178.59055,89.58881,
14469630680000,3,318.70746,178.59814,89.58134,
14469652805000,3,318.76605,178.60242,89.59149,
14469671452000,3,318.7406,178.6084,89.590546,
14469690708000,3,318.7368,178.61276,89.58858,
14469712650000,3,318.77594,178.61499,89.58759,
14469731510000,3,318.74744,178.6174,89.580795,
14469750767000,3,318.74042,178.61589,89.58329,
14469772678000,3,318.7375,178.61786,89.57745,
14469791203000,3,318.74118,178.6187,89.56704,
14469810825000,3,318.72684,178.61029,89.566376,
14469832767000,3,318.71295,178.60683,89.572876,
14469851475000,3,318.71677,178.60507,89.56934,
14469870884000,3,318.71243,178.6033,89.572235,
14469892887000,3,318.71048,178.60355,89.57362,
14469912083000,3,318.70242,178.60426,89.56429,
14469930973000,3,318.69702,178.59767,89.55966,
14469953403000,3,318.68414,178.5927,89.559166,
14469971378000,3,318.67615,178.59253,89.55733,
14469991032000,3,318.6721,178.59485,89.54986,
14470012913000,3,318.66592,178.59645,89.54652,
14470031437000,3,318.67587,178.59189,89.54593,
14470051060000,3,318.5288,178.5939,89.546074,
14470073002000,3,318.43454,178.5919,89.543526,
14470092106000,3,318.36517,178.59293,89.54293,
14470111210000,3,318.3239,178.58826,89.54404,
14470133182000,3,318.27222,178.58356,89.53741,
14470152439000,3,318.2164,178.58614,89.526665,
14470171452000,3,318.2164,178.58614,89.526665,
14470193302000,3,318.20654,178.58865,89.52168,
14470211704000,3,318.20523,178.58563,89.51867,
14470231297000,3,318.19067,178.58546,89.515724,
14470253391000,3,318.1754,178.58673,89.50566,
14470272068000,3,318.17508,178.58682,89.50735,
14470291325000,3,318.17484,178.58618,89.51123,
14470313236000,3,318.1707,178.58275,89.51124,
14470331821000,3,318.16962,178.5824,89.51744,
14470351383000,3,318.1729,178.57816,89.51307,
14470373264000,3,318.16122,178.57896,89.52081,
14470392155000,3,318.1763,178.58119,89.522415,
14470411411000,3,318.18097,178.58234,89.51789,
14470433353000,3,318.1699,178.5834,89.51289,
14470452213000,3,318.16843,178.582,89.523895,
14470471470000,3,318.18488,178.58354,89.528244,
14470493412000,3,318.18198,178.58142,89.52699,
14470512760000,3,318.18402,178.58504,89.52173,
14470531559000,3,318.19037,178.58516,89.52918,
14470553471000,3,318.18106,178.58487,89.52209,
14470572178000,3,318.18265,178.58368,89.520966,
14470591618000,3,318.1828,178.58252,89.52501,
14470613560000,3,318.1777,178.58604,89.52383,
14470632816000,3,318.17957,178.58522,89.516655,
14470651737000,3,318.1739,178.58133,89.51366,
14470673740000,3,318.16614,178.57816,89.51173,
14470692509000,3,318.15985,178.5811,89.508446,
14470711704000,3,318.1672,178.5823,89.51308,
14470733646000,3,318.16116,178.58182,89.50119,
14470752140000,3,318.1571,178.58258,89.495766,
14470771763000,3,318.15082,178.57764,89.50077,
14470793705000,3,318.14868,178.57785,89.4949,
14470812656000,3,318.14362,178.57942,89.49716,
14470831821000,3,318.14786,178.57884,89.49539,
14470853855000,3,318.14322,178.57843,89.50161,
14470872715000,3,318.15277,178.57794,89.496376,
14470891972000,3,318.1487,178.57597,89.50364,
14470913822000,3,318.1547,178.57858,89.5082,
14470932346000,3,318.16968,178.57678,89.51441,
14470951969000,3,318.15924,178.57283,89.51304,
14470973881000,3,318.15787,178.57019,89.522705,
14470992893000,3,318.164,178.57664,89.52381,
14471012028000,3,318.16718,178.57404,89.516365,
14471033939000,3,318.18857,178.57146,89.51977,
14471052647000,3,318.1603,178.56877,89.524605,
14471072117000,3,318.16068,178.56703,89.52587,
14471094028000,3,318.1594,178.57051,89.531105,
14471113285000,3,318.16534,178.57373,89.527596,
14471132236000,3,318.17108,178.57045,89.52292,
14471154118000,3,318.15994,178.57434,89.523735,
14471173038000,3,318.16467,178.57259,89.52171,
14471192203000,3,318.16187,178.571,89.52813,
14471214146000,3,318.16754,178.57436,89.52797,
14471232609000,3,318.17764,178.57578,89.53297,
14471252232000,3,318.1862,178.57625,89.54099,
14471274113000,3,318.22003,178.58011,89.536316,
14471293583000,3,318.19492,178.58041,89.536545,
14471312260000,3,318.18896,178.57657,89.536354,
14471334202000,3,318.2234,178.57985,89.539734,
14471353489000,3,318.2212,178.58307,89.53327,
14471372379000,3,318.1961,178.58667,89.53348,
14471394291000,3,318.19327,178.58658,89.52835,
14471412754000,3,318.19025,178.58263,89.530754,
14471432438000,3,318.21103,178.57545,89.53459,
14471454380000,3,318.17493,178.58025,89.5287,
14471472904000,3,318.18307,178.58408,89.521645,
14471492496000,3,318.17856,178.58284,89.51796,
14471514347000,3,318.1652,178.58408,89.51574,
14471533421000,3,318.1748,178.59357,89.50746,
14471552555000,3,318.18027,178.59532,89.50049,
14471574528000,3,318.18085,178.59396,89.49707,
14471599400000,3,318.17993,178.5996,89.5111,
14471612644000,3,318.19916,178.59842,89.51,
14471634556000,3,318.19165,178.60048,89.51066,
14471653019000,3,318.2012,178.60007,89.509926,
14471672611000,3,318.19183,178.59393,89.51085,
14471694584000,3,318.181,178.59172,89.51505,
14471713444000,3,318.18326,178.58817,89.51638,
14471732700000,3,318.1793,178.58476,89.52058,
14471754612000,3,318.17615,178.5859,89.52588,
14471773228000,3,318.18674,178.58241,89.52563,
14471792759000,3,318.1868,178.58537,89.530464,
14471814671000,3,318.18768,178.58658,89.53042,
14471833500000,3,318.19537,178.58922,89.525696,
14471852818000,3,318.22675,178.59076,89.52764,
14471874760000,3,318.19775,178.59087,89.52508,
14471893711000,3,318.1943,178.58786,89.53204,
14471912815000,3,318.19867,178.58469,89.527985,
14471934727000,3,318.1777,178.57959,89.5312,
14471953617000,3,318.1752,178.57576,89.53665,
14471973057000,3,318.18143,178.57086,89.53753,
14471994907000,3,318.17813,178.57376,89.5367,
14472013523000,3,318.1808,178.57173,89.537025,
14472032993000,3,318.17703,178.5691,89.538216,
14472054874000,3,318.17773,178.5714,89.53663,
14472074589000,3,318.16107,178.57486,89.53929,
14472092991000,3,318.1889,178.57596,89.53875,
14472114933000,3,318.1832,178.57686,89.54498,
14472133457000,3,318.19803,178.57837,89.54731,
14472153110000,3,318.20267,178.5838,89.5546,
14472174961000,3,318.21445,178.5871,89.55178,
14472193516000,3,318.22333,178.59096,89.54658,
14472213108000,3,318.3563,178.5965,89.539894,
14472235020000,3,318.45227,178.60321,89.532135,
14472254063000,3,318.5248,178.60487,89.52405,
14472273228000,3,318.59918,178.60583,89.525085,
14472295109000,3,318.59943,178.60835,89.52573,
14472313908000,3,318.65643,178.60971,89.520615,
14472333225000,3,318.67154,178.6138,89.513985,
14472355167000,3,318.6506,178.61688,89.51251,
14472373692000,3,318.67078,178.61977,89.50951,
14472393284000,3,318.66513,178.62283,89.49837,
14472415226000,3,318.66275,178.62665,89.49018,
14472434116000,3,318.671,178.62424,89.48674,
14472453342000,3,318.66745,178.62218,89.486855,
14472475254000,3,318.6616,178.62079,89.49724,
14472493900000,3,318.67392,178.62444,89.50271,
14472513370000,3,318.6824,178.62119,89.5016,
14472535313000,3,318.67767,178.61592,89.50351,
14472554234000,3,318.67557,178.614,89.50515,
14472573887000,3,318.66684,178.6079,89.50782,
14472595432000,3,318.66296,178.60435,89.51109,
14472614475000,3,318.6613,178.60545,89.51423,
14472633518000,3,318.6721,178.6014,89.52728,
14472655460000,3,318.67932,178.6056,89.53453,
14472674046000,3,318.69302,178.60597,89.53614,
14472693607000,3,318.69998,178.61069,89.544495,
14472715610000,3,318.70697,178.60878,89.53946,
14472734287000,3,318.7036,178.60901,89.54629,
14472753635000,3,318.70764,178.60663,89.5506,
14472775578000,3,318.69943,178.60092,89.54707,
14472794834000,3,318.69687,178.5978,89.55294,
14472813724000,3,318.6956,178.59848,89.55289,
14472835636000,3,318.69687,178.6011,89.54517,
14472854099000,3,318.69138,178.60327,89.54744,
14472873753000,3,318.69733,178.6031,89.54143,
14472895695000,3,318.6889,178.6009,89.53835,
14472914249000,3,318.69427,178.60268,89.53995,
14472933872000,3,318.6985,178.60397,89.536415,
14472955784000,3,318.68646,178.6023,89.54012,
14472974796000,3,318.68616,178.60558,89.53467,
14472993931000,3,318.68097,178.60663,89.521126,
14473015751000,3,318.66788,178.60085,89.52154,
14473035130000,3,318.66284,178.59865,89.52324,
14473053959000,3,318.6695,178.60007,89.52482,
14473075870000,3,318.6724,178.59862,89.5265,
14473094364000,3,318.67636,178.59622,89.52396,
14473113987000,3,318.6668,178.59824,89.527435,
14473135929000,3,318.84662,178.59814,89.52835,
14473154819000,3,318.97562,178.59567,89.521454,
14473174076000,3,319.0534,178.59636,89.52459,
14473195988000,3,319.10388,178.59175,89.522285,
14473214573000,3,319.15274,178.58948,89.521935,
14473234074000,3,319.1764,178.58801,89.53108,
14473256016000,3,319.19644,178.58588,89.52849,
14473274906000,3,319.21725,178.58397,89.52619,
14473294163000,3,319.2213,178.58595,89.52106,
14473315983000,3,319.21332,178.58717,89.5147,
14473334965000,3,319.22815,178.58817,89.522,
14473354313000,3,319.2473,178.58963,89.529564,
14473376041000,3,319.2563,178.59032,89.531494,
14473394627000,3,319.25757,178.58665,89.5398,
14473414249000,3,319.2599,178.58466,89.53936,
14473436192000,3,319.24963,178.58656,89.53149,
14473454838000,3,319.25815,178.58995,89.52587,
14473474308000,3,319.25488,178.58829,89.5282,
14473496220000,3,319.25433,178.5826,89.53316,
14473515507000,3,319.24973,178.58293,89.528984,
14473534428000,3,319.248,178.58667,89.52076,
14473556278000,3,319.2481,178.58722,89.51985,
14473574802000,3,319.2414,178.58359,89.51773,
14473594395000,3,319.24124,178.5802,89.51952,
14473616337000,3,319.08887,178.5761,89.52312,
14473634891000,3,318.82037,178.57709,89.51406,
14473654484000,3,318.6224,178.5776,89.507065,
14473676426000,3,318.48065,178.57877,89.50548,
14473695438000,3,318.38678,178.57909,89.49528,
14473714664000,3,318.3158,178.57936,89.49415,
14473736546000,3,318.26477,178.58257,89.49229,
14473755375000,3,318.24408,178.58495,89.489,
14473774662000,3,318.2248,178.58405,89.49399,
14473796543000,3,318.20773,178.58205,89.50326,
14473815159000,3,318.20908,178.5805,89.51417,
14473834690000,3,318.2084,178.58026,89.51297,
14473856602000,3,318.1918,178.58134,89.51517,
14473875553000,3,318.19376,178.58221,89.51654,
14473894779000,3,318.2024,178.58214,89.51484,
14473916691000,3,318.19464,178.58247,89.52405,
14473935337000,3,318.20703,178.57999,89.528336,
14473954807000,3,318.2066,178.58138,89.531425,
14473976749000,3,318.2031,178.58075,89.52074,
14473996098000,3,318.18323,178.58081,89.523766,
14474014866000,3,318.20016,178.57877,89.52179,
14474036808000,3,318.18832,178.57883,89.52941,
14474055668000,3,318.20212,178.57925,89.52957,
14474074894000,3,318.20306,178.57877,89.53155,
14474096806000,3,318.19083,178.57753,89.52332,
14474115360000,3,318.18564,178.57622,89.519745,
14474134983000,3,318.18246,178.57913,89.50892,
14474156986000,3,318.1811,178.57813,89.51414,
14474175663000,3,318.19205,178.58258,89.512276,
14474195103000,3,318.1905,178.58656,89.5113,
14474216984000,3,318.18927,178.58237,89.51173,
14474236179000,3,318.18344,178.58325,89.504074,
14474255039000,3,318.1827,178.58537,89.50344,
14474276981000,3,318.1852,178.58708,89.50744,
14474295475000,3,318.19443,178.58714,89.50513,
14474315159000,3,318.1876,178.58765,89.50557,
14474337040000,3,318.18265,178.59102,89.50617,
14474355564000,3,318.19992,178.59184,89.50162,
14474375156000,3,318.19183,178.58937,89.50642,
14474397099000,3,318.1924,178.58707,89.51753,
14474416111000,3,318.20596,178.58833,89.52431,
14474435245000,3,318.21014,178.58745,89.52743,
14474457188000,3,318.2025,178.58224,89.53243,
14474476017000,3,318.2086,178.58626,89.53121,
14474495335000,3,318.21494,178.58472,89.53064,
14474517246000,3,318.21063,178.58896,89.53183,
14474535740000,3,318.22122,178.58795,89.53194,
14474555332000,3,318.21982,178.58615,89.535934,
14474577274000,3,318.2193,178.58339,89.54529,
14474596226000,3,318.2187,178.57886,89.54847,
14474615421000,3,318.22177,178.57909,89.54748,
14474641148000,3,318.2125,178.58598,89.54178,
14474655918000,3,318.22592,178.58597,89.54388,
14474675419000,3,318.22824,178.5863,89.54049,
14474697300000,3,318.22754,178.58784,89.53675,
14474716282000,3,318.23093,178.58867,89.53925,
14474957554000,3,318.54102,178.58847,89.55069,
14474976047000,3,318.54102,178.58847,89.55069,
14474997868000,3,318.6099,178.58846,89.550735,
14475016270000,3,318.8213,178.58307,89.55634,
14475035892000,3,318.958,178.57782,89.56788,
14475057713000,3,319.05304,178.58278,89.56807,
14475076328000,3,319.13168,178.58572,89.565445,
14475095859000,3,319.17975,178.57922,89.56789,
14475117863000,3,319.1908,178.57256,89.56639,
14475136845000,3,319.2117,178.57327,89.57098,
14475155979000,3,319.23535,178.57562,89.56528,
14475177891000,3,319.24142,178.57751,89.550095,
14475196720000,3,319.23926,178.57864,89.55263,
14475216190000,3,319.2483,178.57419,89.55081,
14475238102000,3,319.24045,178.57332,89.554665,
14475256596000,3,319.25098,178.57324,89.551994,
14475276249000,3,319.2503,178.5775,89.546005,
14475298191000,3,319.2458,178.57944,89.53854,
14475317905000,3,319.24234,178.5803,89.53487,
14475336307000,3,319.23712,178.58392,89.52859,
14475358250000,3,319.245,178.58633,89.51857,
14475376865000,3,319.06433,178.58733,89.51862,
14475396336000,3,318.81018,178.58707,89.51355,
14475418308000,3,318.6191,178.58038,89.512535,
14475437168000,3,318.48672,178.58092,89.503334,
14475456364000,3,318.38306,178.57518,89.50339,
14475478275000,3,318.3254,178.57507,89.50742,
14475497135000,3,318.279,178.57808,89.51558,
14475516300000,3,318.2584,178.57858,89.5092,
14475538181000,3,318.22418,178.57259,89.5106,
14475556766000,3,318.20868,178.56651,89.5137,
14475576420000,3,318.1959,178.56245,89.524345,
14475598301000,3,318.1962,178.56229,89.52806,
14475616978000,3,318.20435,178.56525,89.52555,
14475636448000,3,318.20267,178.56947,89.52724,
14475658390000,3,318.20245,178.57286,89.5209,
14475677647000,3,318.20114,178.57538,89.521774,
14475696506000,3,318.20898,178.57715,89.52819,
14475718418000,3,318.21002,178.57767,89.52322,
14475736912000,3,318.20773,178.57715,89.52131,
14475756565000,3,318.21353,178.5769,89.51958,
14475778477000,3,318.19687,178.5682,89.51309,
14475797031000,3,318.18668,178.56358,89.51723,
14475816563000,3,318.18365,178.56064,89.51971,
14475838474000,3,318.1647,178.55902,89.510185,
14475857578000,3,318.17007,178.56407,89.50468,
14475876682000,3,318.17773,178.56282,89.51239,
14475898563000,3,318.17346,178.5606,89.51269,
14475917881000,3,318.15897,178.55771,89.49974,
14475936680000,3,318.1526,178.56203,89.49118,
14475959415000,3,318.15536,178.5707,89.4882,
14475977177000,3,318.17197,178.57393,89.48,
14475996738000,3,318.16016,178.57388,89.47093,
14476018650000,3,318.15524,178.57393,89.477844,
14476037540000,3,318.1617,178.5732,89.482574,
14476056858000,3,318.16492,178.56876,89.489334,
14476078739000,3,318.15997,178.5686,89.494545,
14476097385000,3,318.16116,178.5694,89.496414,
14476116856000,3,318.16827,178.569,89.49625,
14476138828000,3,318.1664,178.56598,89.49482,
14476157658000,3,318.1706,178.56403,89.502304,
14476176945000,3,318.16876,178.56618,89.50416,
14476198826000,3,318.17407,178.56569,89.50155,
14476217747000,3,318.1696,178.56682,89.508644,
14476236973000,3,318.1887,178.56828,89.52093,
14476258884000,3,318.1865,178.57283,89.52375,
14476277470000,3,318.20242,178.57922,89.518105,
14476297092000,3,318.21603,178.57678,89.53015,
14476318943000,3,318.22302,178.57957,89.53286,
14476337589000,3,318.23056,178.58112,89.53103,
14476357090000,3,318.23032,178.58675,89.54161,
14476379063000,3,318.23865,178.58914,89.53866,
14476398319000,3,318.24164,178.588,89.53635,
14476417179000,3,318.24457,178.59262,89.53345,
14476439121000,3,318.247,178.59392,89.53275,
14476457615000,3,318.2743,178.59254,89.53265,
14476477268000,3,318.24692,178.59232,89.534,
14476499180000,3,318.2425,178.59409,89.53823,
14476517643000,3,318.26328,178.59532,89.53744,
14476537266000,3,318.2519,178.59306,89.532715,
14476559147000,3,318.57272,178.59502,89.52955,
14476578251000,3,318.8054,178.59386,89.52777,
14476597355000,3,318.97028,178.5953,89.52553,
14476619236000,3,319.07986,178.59512,89.53074,
14476638065000,3,319.16498,178.59175,89.53298,
14476657444000,3,319.2147,178.59254,89.52766,
14476679356000,3,319.24792,178.59502,89.519455,
14476697880000,3,319.27792,178.59027,89.52311,
14476717442000,3,319.294,178.58801,89.53063,
14476739353000,3,319.30573,178.59042,89.52944,
14476758305000,3,319.32007,178.59126,89.53491,
14476777561000,3,319.33777,178.59293,89.53469,
14476799442000,3,319.33426,178.58844,89.53284,
14476818058000,3,319.32712,178.58598,89.537605,
14476837528000,3,319.33887,178.58916,89.5318,
14476859531000,3,319.32928,178.58672,89.52661,
14476878849000,3,319.32187,178.5874,89.52906,
14476897648000,3,319.33508,178.58456,89.53067,
14476919559000,3,319.33136,178.58777,89.52816,
14476938450000,3,319.33612,178.5821,89.53113,
14476957859000,3,319.3319,178.58455,89.532104,
14476979801000,3,319.34103,178.58685,89.53363,
14476998295000,3,319.34433,178.58644,89.53888,
14477017887000,3,319.34726,178.58748,89.52926,
14477039829000,3,319.33575,178.58545,89.53201,
14477058475000,3,319.34775,178.58308,89.54216,
14477077976000,3,319.34793,178.57607,89.55095,
14477099918000,3,319.34464,178.57278,89.55887,
14477119114000,3,319.34808,178.57387,89.56399,
14477138248000,3,319.35703,178.57306,89.56445,
14477159916000,3,319.36362,178.5734,89.571815,
14477178471000,3,319.3736,178.5748,89.577286,
14477198093000,3,319.379,178.57455,89.57454,
14477220127000,3,319.39334,178.57623,89.586945,
14477238560000,3,319.41,178.57262,89.5893,
14477258152000,3,319.4019,178.57108,89.58447,
14477280125000,3,319.3946,178.57257,89.58516,
14477299076000,3,319.35553,178.57176,89.586136,
14477318211000,3,319.4239,178.57504,89.58339,
14477340183000,3,319.3904,178.57672,89.586,
14477358952000,3,319.39667,178.57625,89.57929,
14477378208000,3,319.22113,178.57675,89.58225,
14477400303000,3,318.94974,178.58289,89.57809,
14477418735000,3,318.77332,178.58366,89.575424,
14477438297000,3,318.6347,178.59155,89.5695,
14477460148000,3,318.57925,178.591,89.5711,
14477479008000,3,318.48987,178.58855,89.57648,
14477498295000,3,318.44888,178.58849,89.57501,
14477520115000,3,318.41257,178.58345,89.580215,
14477538700000,3,318.4015,178.57898,89.58493,
14477558323000,3,318.3709,178.58163,89.5814,
14477580235000,3,318.35208,178.58583,89.57492,
14477599064000,3,318.35257,178.58578,89.56625,
14477618381000,3,318.3335,178.58774,89.56875,
14477640324000,3,318.33365,178.5876,89.56836,
14477663120000,3,318.3193,178.57957,89.564606,
14477679356000,3,318.31708,178.57875,89.565254,
14477700321000,3,318.3198,178.57857,89.57873,
14477718723000,3,318.32935,178.582,89.57844,
14477738407000,3,318.33145,178.58922,89.56949,
14477760319000,3,318.3266,178.59398,89.56256,
14477778934000,3,318.33447,178.59438,89.55842,
14477798405000,3,318.3335,178.59338,89.561966,
14477820377000,3,318.3288,178.59506,89.55931,
14477840153000,3,318.3281,178.59457,89.55953,
14477858555000,3,318.3283,178.59785,89.56055,
14477880466000,3,318.32767,178.601,89.548676,
14477898960000,3,318.32666,178.60017,89.55202,
14477918552000,3,318.33493,178.60298,89.55098,
14477940495000,3,318.33463,178.60576,89.55397,
14477959049000,3,318.34473,178.60524,89.552315,
14477978641000,3,318.33932,178.60402,89.551575,
14478000614000,3,318.33084,178.60847,89.5501,
14478019627000,3,318.33902,178.60732,89.55187,
14478038700000,3,318.34286,178.6072,89.55062,
14478060673000,3,318.34143,178.605,89.556854,
14478079533000,3,318.34424,178.6,89.56424,
14478098850000,3,318.3499,178.60399,89.56829,
14478120670000,3,318.35028,178.60402,89.566,
14478139194000,3,318.3601,178.60493,89.57404,
14478158787000,3,318.36444,178.60806,89.5765,
14478180759000,3,318.36575,178.6077,89.57551,
14478199650000,3,318.36392,178.61136,89.5693,
14478218906000,3,318.36487,178.61818,89.56699,
14478240879000,3,318.3695,178.6149,89.55624,
14478259464000,3,318.35196,178.61714,89.55188,
14478279026000,3,318.3502,178.61693,89.54983,
14478300938000,3,318.34723,178.61821,89.546295,
14478319767000,3,318.35812,178.62077,89.548386,
14478339024000,3,318.35425,178.61552,89.544235,
14478361057000,3,318.34326,178.61267,89.54047,
14478379887000,3,318.4745,178.60988,89.54046,
14478399082000,3,318.76,178.61241,89.53126,
14478420994000,3,318.95084,178.60646,89.53343,
14478439487000,3,319.09378,178.60464,89.53935,
14478459141000,3,319.20093,178.60052,89.54408,
14478481083000,3,319.25806,178.59557,89.54691,
14478499790000,3,319.3059,178.59152,89.54771,
14478519260000,3,319.33392,178.58537,89.549805,
14478541141000,3,319.52603,178.58763,89.557594,
14478560307000,3,319.67404,178.58743,89.561386,
14478579197000,3,319.91537,178.5842,89.556946,
14478601292000,3,320.0677,178.58556,89.563995,
14478619663000,3,320.1943,178.58649,89.564735,
14478639317000,3,320.28018,178.58887,89.558754,
14478661259000,3,320.33044,178.58824,89.55916,
14478679752000,3,320.37198,178.58598,89.56022,
14478699406000,3,320.39114,178.58253,89.55721,
14478721348000,3,320.3996,178.57649,89.55991,
14478740330000,3,320.41852,178.57726,89.56634,
14478759434000,3,320.43326,178.58101,89.56956,
14478781376000,3,320.274,178.57448,89.569084,
14478800693000,3,320.15216,178.57207,89.577515,
14478819523000,3,320.0934,178.57109,89.57802,
14478841465000,3,320.0588,178.56886,89.57423,
14478859898000,3,319.9846,178.56857,89.56449,
14478879490000,3,319.96017,178.56717,89.57273,
14478901615000,3,319.95123,178.57274,89.57887,
14478920505000,3,319.80957,178.5782,89.57698,
14478939732000,3,319.72394,178.57933,89.58321,
14478961704000,3,319.6588,178.58208,89.59066,
14478980381000,3,319.60623,178.58276,89.58906,
14478999851000,3,319.57214,178.5831,89.58375,
14479021763000,3,319.5324,178.58783,89.58182,
14479040592000,3,319.5184,178.5894,89.57056,
14479059879000,3,319.4981,178.58806,89.57076,
14479081791000,3,319.48914,178.59068,89.57155,
14479100712000,3,319.50928,178.59395,89.56161,
14479119938000,3,319.4983,178.59288,89.556984,
14479141849000,3,319.4533,178.59373,89.55221,
14479160343000,3,319.45496,178.59094,89.54414,
14479179996000,3,319.44183,178.5909,89.54231,
14479201939000,3,319.4381,178.59456,89.53902,
14479220615000,3,319.44797,178.5982,89.532326,
14479240177000,3,319.43716,178.59697,89.534584,
14479261967000,3,319.43915,178.59875,89.53486,
14479281193000,3,319.58466,178.59601,89.53934,
14479300205000,3,319.68417,178.59221,89.54821,
14479322056000,3,319.74536,178.59668,89.54185,
14479340549000,3,319.79883,178.59854,89.538,
14479360172000,3,319.8305,178.59953,89.536476,
14479382145000,3,319.8523,178.59702,89.54828,
14479400639000,3,319.87955,178.59782,89.54284,
14479420139000,3,319.83865,178.5988,89.539246,
14479442020000,3,319.88675,178.60529,89.538284,
14479461002000,3,319.90204,178.60141,89.54061,
14479480106000,3,319.90192,178.59933,89.54281,
14479501987000,3,319.9035,178.58922,89.54924,
14479520908000,3,319.90588,178.58376,89.55993,
14479540165000,3,319.90994,178.58342,89.56831,
14479562138000,3,319.92194,178.58234,89.57423,
14479580631000,3,319.93304,178.58235,89.580154,
14479600254000,3,319.93738,178.58376,89.57921,
14479622196000,3,319.9266,178.58607,89.57988,
14479641087000,3,319.9282,178.58163,89.57482,
14479660343000,3,319.91705,178.58496,89.57299,
14479682224000,3,319.95413,178.58908,89.567764,
14479700840000,3,319.93198,178.59024,89.56948,
14479720493000,3,319.94147,178.59024,89.579575,
14479742496000,3,319.97076,178.59183,89.60136,
14479761600000,3,319.9706,178.59589,89.59487,
14479780399000,3,319.9762,178.5903,89.59271,
14479802311000,3,319.95917,178.59274,89.58905,
14479982822000,3,319.9427,178.58638,89.58175,
14480001926000,3,319.9382,178.58429,89.58153,
14480020695000,3,319.94742,178.58517,89.58501,
14480042637000,3,319.9346,178.58295,89.57579,
14480061100000,3,319.91907,178.58081,89.57296,
14480080692000,3,319.915,178.5787,89.56629,
14480102970000,3,319.90173,178.5778,89.55991,
14480121220000,3,319.90292,178.57704,89.55949,
14480140842000,3,319.90115,178.57713,89.55898,
14480162724000,3,319.89026,178.5738,89.56403,
14480181797000,3,319.75677,178.57516,89.55721,
14480200901000,3,319.65625,178.5689,89.56687,
14480222752000,3,319.596,178.56898,89.57097,
14480241611000,3,319.55917,178.56558,89.57458,
14480260929000,3,319.5302,178.56302,89.57505,
14480282841000,3,319.50412,178.55838,89.57693,
14480301426000,3,319.47855,178.55821,89.56932,
14480320896000,3,319.45883,178.55705,89.5685,
14480342838000,3,319.4437,178.56232,89.56226,
14480361698000,3,319.4354,178.56747,89.56171,
14480381016000,3,319.45932,178.56714,89.5548,
14480402897000,3,319.42407,178.57065,89.54882,
14480421513000,3,319.25162,178.57388,89.55363,
14480441044000,3,319.17728,178.57771,89.54984,
14480462925000,3,318.91733,178.57623,89.54945,
14480481785000,3,318.77243,178.57484,89.54639,
14480501072000,3,318.6504,178.56973,89.54465,
14480523075000,3,318.56454,178.57416,89.543846,
14480541996000,3,318.51508,178.57896,89.53916,
14480561100000,3,318.479,178.57774,89.53691,
14480583012000,3,318.44077,178.57881,89.53578,
14480601536000,3,318.43326,178.58105,89.53074,
14480621220000,3,318.41245,178.57858,89.5353,
14480643101000,3,318.4118,178.57687,89.53296,
14480661747000,3,318.39877,178.56825,89.54228,
14480681278000,3,318.38428,178.56529,89.54661,
14480712131000,3,318.37106,178.56828,89.56077,
14480722935000,3,318.40268,178.56685,89.56636,
14480741306000,3,318.4101,178.56837,89.56481,
14480763187000,3,318.41885,178.571,89.57397,
14480781712000,3,318.43936,178.57155,89.58037,
14480801334000,3,318.44293,178.57307,89.58334,
14480823276000,3,318.44113,178.57169,89.57907,
14480841801000,3,318.45087,178.57103,89.58662,
14480861393000,3,318.46155,178.56631,89.58987,
14480883305000,3,318.4575,178.56367,89.59273,
14480902378000,3,318.46066,178.56035,89.59637,
14480921543000,3,318.46185,178.5626,89.59255,
14480943455000,3,318.44904,178.56516,89.59081,
14480962345000,3,318.4583,178.56726,89.595345,
14480981571000,3,318.4625,178.57259,89.59222,
14481003483000,3,318.4713,178.57448,89.58041,
14481022007000,3,318.43097,178.57703,89.57172,
14481041630000,3,318.43475,178.575,89.57635,
14481063602000,3,318.435,178.5737,89.57844,
14481082493000,3,318.4202,178.57413,89.57025,
14481101994000,3,318.41724,178.57596,89.564705,
14481123569000,3,318.42325,178.57939,89.566414,
14481142246000,3,318.4202,178.58034,89.56028,
14481161777000,3,318.40814,178.5815,89.54795,
14481183750000,3,318.39896,178.57799,89.54723,
14481202579000,3,318.4018,178.57591,89.550995,
14481221775000,3,318.3991,178.57454,89.55222,
14481243687000,3,318.39014,178.57652,89.54721,
14481262608000,3,318.39282,178.57787,89.54224,
14481281773000,3,318.40063,178.57898,89.55232,
14481304050000,3,318.40378,178.57846,89.55528,
14481322239000,3,318.4088,178.57748,89.5616,
14481341862000,3,318.4099,178.57684,89.55949,
14481363773000,3,318.40747,178.57697,89.55375,
14481382481000,3,318.40912,178.58107,89.55602,
14481401981000,3,318.414,178.57967,89.551384,
14481423862000,3,318.40598,178.58592,89.55391,
14481443150000,3,318.4142,178.59177,89.55182,
14481461979000,3,318.43213,178.5897,89.550316,
14481483891000,3,318.42343,178.58711,89.54888,
14481502445000,3,318.41254,178.5814,89.55216,
14481522068000,3,318.40942,178.5824,89.540535,
14481543949000,3,318.38846,178.5838,89.53615,
14481562565000,3,318.39297,178.58966,89.52429,
14481582249000,3,318.3847,178.58707,89.51624,
14481604008000,3,318.37433,178.58907,89.51642,
14481623051000,3,318.38028,178.58862,89.51405,
14481642185000,3,318.37793,178.58557,89.51436,
14481664066000,3,318.37173,178.58508,89.51334,
14481683384000,3,318.36615,178.58644,89.51802,
14481702183000,3,318.38287,178.59264,89.517654,
14481724155000,3,318.3876,178.59946,89.50779,
14481742710000,3,318.52667,178.59879,89.50392,
14481762272000,3,318.62344,178.59763,89.5071,
14481784183000,3,318.7007,178.60066,89.50868,
14481803104000,3,318.74905,178.60414,89.51646,
14481822361000,3,318.7949,178.60768,89.5127,
14481844242000,3,318.8049,178.61272,89.49344,
14481862919000,3,318.81754,178.61256,89.491875,
14481882359000,3,318.83344,178.61755,89.49566,
14481904545000,3,318.85086,178.61821,89.49126,
14481923161000,3,318.86166,178.61824,89.497604,
14481942478000,3,318.8619,178.62036,89.49297,
14481964390000,3,318.86047,178.61864,89.49373,
14481983250000,3,318.8649,178.61682,89.49531,
14482002537000,3,318.87753,178.61916,89.49972,
14482024448000,3,318.8827,178.61868,89.512924,
14482043003000,3,318.8913,178.61514,89.52308,
14482062534000,3,319.06662,178.61516,89.52009,
14482084476000,3,319.18103,178.61418,89.51708,
14482103367000,3,319.26236,178.61479,89.51151,
14482122654000,3,319.32074,178.61667,89.511734,
14482144505000,3,319.3613,178.61745,89.51464,
14482163822000,3,319.3945,178.61993,89.511536,
14482182651000,3,319.4178,178.62024,89.50984,
14482204594000,3,319.4278,178.61723,89.50222,
14482223087000,3,319.42148,178.61671,89.492676,
14482242771000,3,319.41534,178.6112,89.49783,
14482264683000,3,319.41815,178.61574,89.50024,
14482283176000,3,319.46658,178.6161,89.49742,
14482302860000,3,319.43802,178.61902,89.49762,
14482324772000,3,319.47287,178.6251,89.48724,
14482343784000,3,319.4734,178.62627,89.48509,
14482362888000,3,319.4472,178.62373,89.48344,
14482384739000,3,319.43762,178.6182,89.48952,
14482403599000,3,319.4355,178.61734,89.49311,
14482422916000,3,319.4423,178.62201,89.48975,
14482444797000,3,319.44037,178.61914,89.490776,
14482463322000,3,319.44824,178.61865,89.4979,
14482482975000,3,319.44843,178.61955,89.49647,
14482504948000,3,319.4455,178.61989,89.49546,
14482523838000,3,319.4447,178.61488,89.50421,
14482543064000,3,319.44772,178.61508,89.5025,
14482564884000,3,319.47705,178.61232,89.50471,
14482583591000,3,319.43973,178.61223,89.50028,
14482603428000,3,319.43582,178.60802,89.495186,
14482625034000,3,319.43216,178.60936,89.5049,
14482644382000,3,319.43707,178.61484,89.49498,
14482663120000,3,319.44757,178.61502,89.49826,
14482685093000,3,319.4434,178.61958,89.49575,
14482703922000,3,319.44818,178.62115,89.494774,
14482723148000,3,319.4495,178.6244,89.49309,
14482745060000,3,319.4551,178.6266,89.48711,
14482763615000,3,319.4577,178.62555,89.500206,
14482783268000,3,319.465,178.62439,89.50326,
14482805149000,3,319.46228,178.6258,89.49963,
14482823795000,3,319.464,178.62704,89.4925,
14482843266000,3,319.44763,178.6238,89.489746,
14482865208000,3,319.26108,178.62018,89.49284,
14482884464000,3,319.14496,178.61952,89.498955,
14482903446000,3,319.05853,178.62016,89.49423,
14482925266000,3,318.99893,178.62675,89.49518,
14483045567000,3,318.89084,178.63748,89.49998,
14483064640000,3,318.89737,178.63422,89.49052,
14483083714000,3,318.8791,178.63074,89.4893,
14483105503000,3,318.8706,178.62724,89.48405,
14483124271000,3,318.86563,178.62991,89.47992,
14483143589000,3,318.8566,178.63107,89.472916,
14483165531000,3,318.85052,178.63623,89.47549,
14483184055000,3,318.8723,178.63405,89.47913,
14483203739000,3,318.86392,178.63062,89.47728,
14483225620000,3,318.84497,178.62463,89.47224,
14483244480000,3,318.82947,178.62527,89.46455,
14483263737000,3,318.8324,178.62044,89.46054,
14483285618000,3,318.8236,178.6176,89.46419,
14483304295000,3,318.82294,178.6125,89.47094,
14483323765000,3,318.82452,178.61134,89.4655,
14483345707000,3,318.8169,178.61028,89.47626,
14483364567000,3,318.83356,178.60912,89.48216,
14483383793000,3,318.82922,178.60593,89.47806,
14483405766000,3,318.82068,178.60172,89.48018,
14483424625000,3,318.82208,178.59808,89.48574,
14483443882000,3,318.81708,178.5971,89.4862,
14483465702000,3,318.81937,178.59457,89.49522,
14483484287000,3,318.82605,178.59065,89.49844,
14483503971000,3,318.8189,178.59212,89.50424,
14483525852000,3,318.8163,178.59091,89.49721,
14483544498000,3,318.8265,178.59264,89.4984,
14483564030000,3,318.82727,178.59271,89.50649,
14483585911000,3,318.82568,178.59775,89.50462,
14483605625000,3,318.82172,178.59355,89.5011,
14483624088000,3,318.8252,178.59203,89.5019,
14483646000000,3,318.82227,178.59032,89.50139,
14483664432000,3,318.83118,178.58885,89.50968,
14483684055000,3,318.8331,178.5857,89.5134,
14483706028000,3,318.819,178.58563,89.50999,
14483730961000,3,318.82098,178.58202,89.50795,
14483744144000,3,318.83133,178.58275,89.50843,
14483766026000,3,318.81793,178.58147,89.510704,
14483785068000,3,318.8207,178.57687,89.513985,
14483804234000,3,318.8214,178.57826,89.51995,
14483826145000,3,318.82602,178.58168,89.51859,
14483845005000,3,318.83115,178.578,89.52123,
14483864262000,3,318.82693,178.57593,89.523964,
14483886173000,3,318.82486,178.57321,89.52505,
14483904789000,3,318.83047,178.57288,89.52517,
14483924381000,3,318.8208,178.57484,89.52787,
14483946293000,3,318.81638,178.57463,89.51972,
14483965122000,3,318.84604,178.57071,89.521935,
14483984379000,3,318.81754,178.57104,89.522354,
14484006290000,3,318.8535,178.57048,89.52898,
14484024967000,3,318.82062,178.57256,89.52705,
14484044468000,3,318.8322,178.571,89.52575,
14484066410000,3,318.82343,178.5728,89.53366,
14484085239000,3,318.84375,178.57637,89.53746,
14484104496000,3,318.84586,178.57507,89.536705,
14484126408000,3,318.83295,178.57576,89.53184,
14484145328000,3,318.84274,178.57823,89.52797,
14484164555000,3,318.83856,178.57666,89.53064,
14484186466000,3,319.00424,178.5734,89.53387,
14484205021000,3,319.13345,178.5705,89.531136,
14484224644000,3,319.21957,178.57794,89.54091,
14484246586000,3,319.2925,178.57854,89.53599,
14484265171000,3,319.33362,178.57994,89.531456,
14484284702000,3,319.3612,178.58035,89.522064,
14484306644000,3,319.37183,178.58159,89.520485,
14484325932000,3,319.38165,178.58197,89.51867,
14484344852000,3,319.3937,178.57994,89.516975,
14484366734000,3,319.40448,178.58673,89.51711,
14484385197000,3,319.4058,178.58257,89.520615,
14484404880000,3,319.42474,178.5855,89.52679,
14484426823000,3,319.42963,178.586,89.525856,
14484445408000,3,319.43176,178.58421,89.52679,
14484464939000,3,319.42746,178.58153,89.52982,
14484486881000,3,319.4411,178.59183,89.523415,
14484505833000,3,319.44742,178.59743,89.5262,
14484524906000,3,319.45493,178.59323,89.52821,
14484546848000,3,319.4394,178.58421,89.53296,
14484566135000,3,319.42706,178.57933,89.53891,
14484584965000,3,319.44632,178.5839,89.53957,
14484606968000,3,319.43588,178.58072,89.53999,
14484625492000,3,319.4362,178.57466,89.54026,
14484645084000,3,319.44003,178.57468,89.54138,
14484666965000,3,319.4367,178.57623,89.54291,
14484685825000,3,319.43216,178.57834,89.54058,
14484705357000,3,319.43677,178.57642,89.53004,
14484967503000,3,318.9271,178.58167,89.53586,
14484986149000,3,318.9129,178.5772,89.531075,
14485005619000,3,318.88647,178.5736,89.53259,
14485027500000,3,318.86758,178.57597,89.53093,
14485046726000,3,318.86603,178.57817,89.525665,
14485065647000,3,318.86343,178.57912,89.52898,
14485087559000,3,318.8633,178.58145,89.533134,
14485106022000,3,318.86987,178.57768,89.53823,
14485125675000,3,318.86508,178.5765,89.53534,
14485147434000,3,318.85892,178.57686,89.536644,
14485165958000,3,318.8697,178.58081,89.5364,
14485185520000,3,318.86743,178.5815,89.53273,
14485207493000,3,318.8629,178.58107,89.539215,
14485226536000,3,318.86584,178.57584,89.54448,
14485245609000,3,318.8634,178.57468,89.54452,
14485267551000,3,318.86023,178.57333,89.54622,
14485286381000,3,318.86493,178.57378,89.54646,
14485305607000,3,318.862,178.57278,89.55121,
14485327549000,3,318.877,178.57997,89.559006,
14485346073000,3,318.8972,178.58301,89.5584,
14485365696000,3,318.90234,178.58168,89.565956,
14485387608000,3,318.90427,178.58237,89.57084,
14485406498000,3,318.90698,178.58237,89.566795,
14485425755000,3,318.90262,178.57861,89.56405,
14485447666000,3,318.88647,178.57433,89.57071,
14485466343000,3,318.9044,178.57327,89.576836,
14485485844000,3,318.89572,178.57727,89.56955,
14485507786000,3,318.88367,178.57254,89.56383,
14485527073000,3,318.8741,178.56618,89.56385,
14485545872000,3,318.87482,178.56554,89.56613,
14485567783000,3,318.87613,178.56197,89.568275,
14485586735000,3,318.87518,178.56418,89.57249,
14485605930000,3,318.89014,178.5578,89.57202,
14485627842000,3,318.8887,178.55331,89.57235,
14485646336000,3,319.0923,178.54909,89.57985,
14485666019000,3,319.24115,178.54817,89.58248,
14485687962000,3,319.34082,178.55249,89.58212,
14485706577000,3,319.4115,178.5542,89.576965,
14485726047000,3,319.58594,178.5508,89.57198,
14485747990000,3,319.7128,178.55095,89.56905,
14485767216000,3,319.96616,178.54948,89.5687,
14485786106000,3,320.14127,178.54971,89.56378,
14485808018000,3,320.24918,178.55316,89.5623,
14485826572000,3,320.35202,178.55557,89.564964,
14485846195000,3,320.41614,178.55664,89.56262,
14485868076000,3,320.44952,178.55621,89.55714,
14485886631000,3,320.47473,178.55548,89.55551,
14485906223000,3,320.494,178.56204,89.54606,
14485928135000,3,320.501,178.5677,89.53469,
14485947178000,3,320.51627,178.56662,89.54372,
14485966312000,3,320.52448,178.56796,89.536896,
14485988193000,3,320.5281,178.56786,89.538925,
14486007053000,3,320.54477,178.57175,89.55104,
14486026340000,3,320.5594,178.57019,89.551735,
14486048252000,3,320.55585,178.57184,89.552376,
14486066807000,3,320.56793,178.56989,89.5475,
14486086430000,3,320.37228,178.56909,89.54639,
14486108311000,3,320.239,178.56697,89.54313,
14486127201000,3,320.1465,178.56615,89.54409,
14486146427000,3,319.94675,178.56494,89.54091,
14486168400000,3,319.80582,178.56845,89.55245,
14486187016000,3,319.72162,178.56638,89.55145,
14486206547000,3,319.64865,178.5688,89.5479,
14486228428000,3,319.59937,178.57326,89.54991,
14486247318000,3,319.58023,178.57637,89.551056,
14486266575000,3,319.56796,178.57617,89.55213,
14486288486000,3,319.53223,178.57271,89.55836,
14486307438000,3,319.56015,178.57106,89.561905,
14486326633000,3,319.52637,178.56934,89.565414,
14486348576000,3,319.52078,178.56633,89.562004,
14486367039000,3,319.5123,178.56332,89.56723,
14486386692000,3,319.6946,178.5652,89.565926,
14486408634000,3,319.9611,178.56787,89.55971,
14486427280000,3,320.15427,178.57196,89.55878,
14486446751000,3,320.28577,178.57655,89.55427,
14486468662000,3,320.37552,178.57222,89.55515,
14486488377000,3,320.4261,178.57701,89.56446,
14486506809000,3,320.49673,178.58174,89.56138,
14486528690000,3,320.51862,178.5773,89.557556,
14486547214000,3,320.53818,178.57745,89.560104,
14486566837000,3,320.64746,178.58612,89.62823,
14486588779000,3,321.07162,178.60558,89.87709,
14486607304000,3,321.54877,1.3801476,89.75203,
14486626865000,3,321.97113,1.3592976,89.18175,
14486648838000,3,322.59277,1.3400806,88.53341,
14486667850000,3,322.95355,1.3295542,88.1163,
