14454236851000,-17,0.24303727,-0.6668812,0.25776038,
14454256046000,-15,0.24299984,-0.6668638,0.25776273,
14454277866000,61,0.24200627,-0.6672293,0.25684565,
14456384129000,17,0.23978171,-0.6681105,0.2541773,
14456403416000,125,0.2398224,-0.6681152,0.25414947,
14456418064000,79,0.2398559,-0.66812474,0.25417852,
14456440037000,76,0.23985608,-0.6681199,0.25419155,
14456459629000,99,0.23987727,-0.66812575,0.2541922,
14456478062000,-61,0.23988177,-0.66811854,0.2541132,
14456500034000,-23,0.23992471,-0.66813034,0.25403568,
14456518497000,-32,0.23993506,-0.66813,0.25398895,
14456538120000,-50,0.23994027,-0.66813093,0.2539841,
14456560062000,123,0.23990938,-0.66811866,0.25401908,
14456578953000,-54,0.23990898,-0.6681173,0.2540107,
14456598179000,-24,0.23988976,-0.6681105,0.2540423,
14456620121000,-6,0.23993717,-0.668136,0.25408545,
14456638737000,-66,0.23998564,-0.66815746,0.25407135,
14456658268000,-6,0.24008642,-0.6682105,0.25414285,
14456680180000,67,0.24013595,-0.66823626,0.2541748,
14456699589000,107,0.24021614,-0.66828024,0.2542531,
14456718388000,-38,0.24022985,-0.66828614,0.254247,
14456740238000,123,0.24021849,-0.6682808,0.25424707,
14456759220000,-97,0.24022774,-0.6682834,0.2542259,
14456778538000,35,0.24027091,-0.66830397,0.25422895,
14456800388000,-100,0.24026254,-0.6683,0.2542287,
14456818729000,-18,0.2402081,-0.6682789,0.25428373,
14456838383000,72,0.24018022,-0.6682636,0.25425732,
14456860325000,115,0.24015965,-0.6682566,0.25428882,
14456878941000,69,0.24010193,-0.6682277,0.2542686,
14456898411000,-121,0.2400561,-0.6682043,0.25424483,
14456920353000,-64,0.24008062,-0.6682143,0.25422618,
14456939579000,51,0.24007793,-0.66821486,0.2542489,
14456958500000,92,0.24009213,-0.6682217,0.25425056,
14456980412000,98,0.24006253,-0.6682068,0.25423795,
14456998936000,107,0.24008025,-0.6682124,0.2542052,
14457018558000,51,0.24015431,-0.66824484,0.25417668,
14457040501000,-41,0.24096927,-0.66796046,0.2549934,
14457058994000,87,0.24156167,-0.66776466,0.25551456,
14457078617000,-103,0.24198991,-0.66762984,0.25584307,
14457100559000,35,0.24237727,-0.66758764,0.25623006,
14457119663000,-6,0.24255632,-0.66750914,0.25642762,
14457138737000,10,0.24266481,-0.66744846,0.2565974,
14457160587000,55,0.24277164,-0.6674229,0.2567509,
14457179447000,-10,0.24279559,-0.66737556,0.2567831,
14457198704000,30,0.2428864,-0.66737944,0.25683707,
14457220676000,-2,0.24297598,-0.66739905,0.25693983,
14457239170000,-98,0.24296142,-0.6673703,0.25692612,
14457258793000,20,0.24292389,-0.66733724,0.2569129,
14457280735000,115,0.24297163,-0.6673509,0.25693455,
14457299625000,-29,0.24305,-0.6673844,0.2569898,
14457318882000,90,0.24304567,-0.66737765,0.25699332,
14457340824000,-55,0.24312107,-0.6674108,0.25701362,
14457359440000,-84,0.24318719,-0.6674407,0.25703344,
14457378941000,68,0.24318382,-0.6674391,0.2570565,
14457400883000,-68,0.24309503,-0.66739535,0.25704145,
14457419773000,62,0.24305238,-0.66737676,0.25707144,
14457439030000,-106,0.243096,-0.6673972,0.2570804,
14457460880000,-81,0.24310318,-0.6674038,0.2571304,
14457479771000,-30,0.24311046,-0.6674103,0.25717673,
14457499027000,-22,0.24315034,-0.6674282,0.2571691,
14457520939000,-22,0.24321347,-0.66746116,0.25721815,
14457539432000,91,0.2431891,-0.66745186,0.2572482,
14457559055000,67,0.24315631,-0.6674339,0.257213,
14457581028000,1,0.24315466,-0.6674339,0.25722438,
14457599705000,-111,0.24314518,-0.6674318,0.25725594,
14457619175000,-26,0.24315429,-0.667434,0.25722867,
14457641087000,28,0.24310474,-0.6674121,0.25724643,
14457660801000,49,0.24310967,-0.66741115,0.2572021,
14457679172000,-61,0.24317874,-0.6674449,0.2572215,
14457701298000,-23,0.24315156,-0.667433,0.25723335,
14457719608000,-13,0.24313958,-0.66742414,0.25718847,
14457739231000,-76,0.24322362,-0.6674624,0.25717476,
14457761204000,4,0.24328601,-0.6674873,0.25711673,
14457779697000,108,0.24328907,-0.66748977,0.25713053,
14457799290000,-15,0.24333176,-0.6675076,0.25710145,
14457821232000,48,0.24335788,-0.6675229,0.257144,
14457840275000,-55,0.24336195,-0.66752285,0.2571171,
14457859379000,106,0.24340548,-0.667543,0.2571155,
14457881290000,-45,0.24336238,-0.66752285,0.25711513,
14457900333000,-64,0.24336575,-0.6675217,0.2570787,
14457919468000,108,0.24337351,-0.66752034,0.25700995,
14457941380000,96,0.24344578,-0.6675566,0.2570437,
14457959904000,59,0.24347308,-0.6675709,0.25706407,
14457979526000,14,0.24351238,-0.6675892,0.25706384,
14458001438000,-117,0.24350445,-0.667583,0.25702974,
14458020359000,3,0.24354291,-0.6676019,0.2570426,
14458039646000,-65,0.2435694,-0.6676162,0.25706837,
14458061588000,84,0.24352951,-0.6675991,0.25708917,
14458080235000,50,0.24352431,-0.6675977,0.25710285,
14458099705000,-106,0.2435215,-0.66759574,0.2570953,
14458121525000,10,0.24351889,-0.6675962,0.25711784,
14458140415000,-68,0.24351081,-0.66759187,0.25710973,
14458159641000,103,0.24351087,-0.6675903,0.25708777,
14458181583000,-15,0.24349129,-0.66758245,0.25710583,
14458200779000,-123,0.24351107,-0.6675949,0.2571489,
14458219730000,-110,0.2435749,-0.66762567,0.25716192,
14458241703000,33,0.24360718,-0.6676423,0.257183,
14458260197000,89,0.24272871,-0.6679355,0.25634876,
14458279850000,-117,0.24214701,-0.66815645,0.25580782,
14458302341000,85,0.24166963,-0.6682752,0.25540972,
14458320347000,6,0.2413804,-0.66837734,0.25511453,
14458339817000,14,0.2411702,-0.66844684,0.25493369,
14458361729000,-109,0.24013291,-0.66884315,0.2539088,
14458380985000,82,0.23933269,-0.6690854,0.25316727,
14458399906000,-72,0.2387972,-0.6692681,0.25265932,
14458421818000,-71,0.23754917,-0.6697189,0.25140822,
14458440311000,65,0.23667009,-0.6700262,0.25051805,
14458459934000,-105,0.2360069,-0.6702169,0.24989824,
14458481876000,-3,0.23564342,-0.6703717,0.24948852,
14458500401000,31,0.23539272,-0.6704857,0.2492524,
14458519993000,113,0.23519477,-0.67055416,0.24908103,
14458541965000,43,0.23514666,-0.6706479,0.24900602,
14458560947000,-3,0.23499896,-0.670658,0.24892391,
14458580082000,-115,0.23493436,-0.67068213,0.24885671,
14458602024000,14,0.23483013,-0.67066836,0.24877028,
14458621281000,-82,0.23566633,-0.6703616,0.24958684,
14458640110000,7,0.23625737,-0.6701486,0.25018847,
14458662022000,8,0.23664686,-0.6699871,0.2506134,
14458680607000,71,0.23693807,-0.66988045,0.2508936,
14458700169000,23,0.2371315,-0.6698032,0.25112423,
14458722141000,19,0.23732173,-0.6697753,0.2512992,
14458741001000,-13,0.23934789,-0.6690561,0.25332412,
14458760288000,-102,0.2407485,-0.66853887,0.25471622,
14458782169000,13,0.24177451,-0.6681958,0.25568575,
14458800785000,-19,0.2424455,-0.6679331,0.25636646,
14458820316000,-123,0.24292403,-0.66775423,0.25686273,
14458842228000,-22,0.24324666,-0.66762215,0.25719634,
14458861088000,-99,0.2434062,-0.66749805,0.25741804,
14458880344000,6,0.24355567,-0.66743,0.25759262,
14458902317000,-96,0.24371044,-0.6674035,0.25768518,
14458921177000,-34,0.24377258,-0.6673641,0.2577579,
14458940403000,-95,0.24380332,-0.66732925,0.25778958,
14458962315000,-106,0.24382833,-0.66730964,0.25785726,
14458980839000,55,0.24379113,-0.6672937,0.25783163,
14459000736000,119,0.2437426,-0.6672693,0.25777596,
14459022526000,-84,0.24378102,-0.66728765,0.2577616,
14459041172000,-12,0.24374397,-0.66727066,0.25775218,
14459060642000,-37,0.24372514,-0.66726047,0.25772265,
14459082584000,-13,0.24368876,-0.6672436,0.25771964,
14459101902000,-74,0.24363156,-0.66721576,0.25769988,
14459120640000,-31,0.24367787,-0.66723824,0.25770766,
14459142612000,-5,0.24365833,-0.66723156,0.25773942,
14459161076000,-116,0.24358559,-0.6671964,0.25772217,
14459180759000,43,0.24348116,-0.66714317,0.2576631,
14459202610000,-65,0.24345322,-0.6671301,0.25766203,
14459221195000,-58,0.24351041,-0.6671564,0.2576553,
14459240849000,69,0.24352214,-0.6671616,0.25765046,
14459262577000,-12,0.24353272,-0.6671682,0.25767413,
14459281712000,-34,0.24359362,-0.6671985,0.2576968,
14459300816000,59,0.2436225,-0.6672097,0.25766513,
14459322758000,-104,0.24265687,-0.66759807,0.2566619,
14459341618000,106,0.24196759,-0.66787064,0.25602517,
14459360813000,-107,0.24140972,-0.6680255,0.25555444,
14459382755000,80,0.24111931,-0.6681818,0.25523475,
14459401371000,-36,0.24092323,-0.66828823,0.25492346,
14459426212000,-51,0.24073052,-0.6683395,0.25473768,
14459446751000,-15,0.24108152,-0.66825247,0.2549824,
14459461826000,-98,0.23978208,-0.6687655,0.2536543,
14459481052000,90,0.23904014,-0.6689581,0.25302684,
14459502995000,-108,0.23858495,-0.66911817,0.25254866,
14459521458000,-10,0.23827346,-0.6692373,0.25227332,
14459540958000,13,0.2380219,-0.6693054,0.2520881,
14459562778000,44,0.23787194,-0.66936165,0.25191638,
14459582218000,-17,0.23777536,-0.6694066,0.25181794,
14459601231000,33,0.23764846,-0.6694112,0.2517585,
14459622990000,-120,0.23751758,-0.669397,0.2517442,
14459641911000,4,0.23748164,-0.66940916,0.25168678,
14459661076000,77,0.2374618,-0.66941863,0.25162894,
14459683018000,35,0.23745032,-0.66942894,0.25161898,
14459701511000,11,0.23744765,-0.66944045,0.25163436,
14459721165000,88,0.23738967,-0.6694171,0.25157982,
14459743748000,-121,0.23733059,-0.6693678,0.25156015,
14459761753000,79,0.2372742,-0.6693283,0.2515676,
14459781223000,-115,0.23730545,-0.66933477,0.25159103,
14459803135000,1,0.23725922,-0.6693079,0.25160825,
14459822391000,-47,0.23729612,-0.66932404,0.25165752,
14459841312000,-101,0.23728977,-0.6693197,0.2516835,
14459863193000,93,0.23729913,-0.6693214,0.25167978,
14459881718000,-100,0.23728506,-0.66931236,0.25166738,
14459901401000,40,0.23723966,-0.66929024,0.25166738,
14459923252000,-94,0.23720197,-0.6692686,0.25162202,
14459941807000,56,0.23721242,-0.66927254,0.25161815,
14459961399000,-45,0.23723555,-0.6692832,0.2516236,
14459983402000,-60,0.23715425,-0.6692416,0.25157392,
14460002415000,81,0.2372188,-0.66927105,0.25157222,
14460021519000,-89,0.23723419,-0.6692802,0.2516,
14460043430000,43,0.23714265,-0.66923654,0.25158224,
14460062229000,-128,0.23707752,-0.6692044,0.2515563,
14460081486000,-24,0.23698005,-0.66915923,0.2515526,
14460103397000,-41,0.23696564,-0.6691522,0.25154763,
14460121952000,-92,0.23699413,-0.6691669,0.25156945,
14460141544000,-52,0.23702997,-0.6691832,0.25156587,
14460163578000,-108,0.23707739,-0.66920155,0.25152096,
14460182560000,-127,0.23703612,-0.6691833,0.25153154,
14460201694000,-115,0.23711297,-0.66922325,0.25159037,
14460223637000,-113,0.23711227,-0.66922045,0.25155833,
14460242313000,-93,0.23712349,-0.669229,0.25160185,
14460261784000,-82,0.23600902,-0.66962445,0.25051615,
14460283726000,-81,0.23429577,-0.6701677,0.24890146,
14460302586000,110,0.23314998,-0.6705715,0.24780673,
14460321812000,-38,0.23230657,-0.670832,0.24702284,
14460343693000,70,0.2317773,-0.6710394,0.24644977,
14460362614000,13,0.23145422,-0.6712097,0.24609427,
14460381870000,45,0.23118225,-0.6713068,0.24583448,
14460403812000,-65,0.230963,-0.6713593,0.24562794,
14460422276000,-49,0.23081727,-0.6713999,0.24548729,
14460441898000,-14,0.23064658,-0.6713979,0.24540132,
14460463810000,13,0.2305552,-0.6714029,0.24526411,
14460482426000,-102,0.23059373,-0.6714576,0.24521975,
14460501987000,-8,0.2304799,-0.6714307,0.24517983,
14460523869000,74,0.23045059,-0.67143416,0.24514364,
14460543644000,114,0.23048384,-0.67146385,0.24514797,
14460561954000,73,0.23043218,-0.6714508,0.24515685,
14460583897000,52,0.23040922,-0.6714495,0.24518517,
14460602451000,-126,0.23032193,-0.6714116,0.24515305,
14460622227000,26,0.23123798,-0.67103565,0.24611555,
14460644108000,-117,0.2327599,-0.67049515,0.24764459,
14460662571000,-53,0.23380598,-0.67010176,0.24868661,
14460682194000,-116,0.23458874,-0.66984737,0.24941194,
14460704075000,-99,0.23512551,-0.669666,0.24995461,
14460723026000,13,0.23547009,-0.6695229,0.25031716,
14460742130000,-61,0.23570926,-0.6694219,0.25057447,
14460764042000,-59,0.23590356,-0.66936296,0.2507492,
14460782902000,88,0.2359554,-0.66928166,0.2508543,
14460802158000,-111,0.2370123,-0.6689343,0.25193435,
14460824162000,-33,0.23773268,-0.6686821,0.25266862,
14460842777000,-78,0.23824069,-0.66850257,0.25310862,
14460862278000,53,0.23861465,-0.6683874,0.25343633,
14460884220000,14,0.2388451,-0.66829556,0.25370488,
14460903110000,-95,0.23908159,-0.6682686,0.2539254,
14460922337000,-74,0.239222,-0.6682349,0.25403672,
14460944157000,6,0.23921898,-0.668163,0.25409794,
14460962894000,0,0.23935738,-0.6681796,0.25416166,
14460982395000,-46,0.23943695,-0.6681854,0.25423625,
14461004307000,-118,0.23952475,-0.6682034,0.254275,
14461023167000,-38,0.23955576,-0.66820276,0.2543141,
14461042759000,121,0.23956297,-0.6681956,0.25434098,
14461064396000,-125,0.23956357,-0.6682142,0.2543689,
14461083317000,78,0.24037369,-0.6679304,0.25510526,
14461102604000,46,0.24091054,-0.66771615,0.25563544,
14461124454000,-14,0.24128018,-0.66756463,0.25604388,
14461142948000,31,0.24146967,-0.6674213,0.25627112,
14461162662000,51,0.24162856,-0.667335,0.2564601,
14461184483000,-1,0.24172954,-0.66726905,0.25658348,
14461203159000,10,0.24183102,-0.66723573,0.25665084,
14461222660000,-54,0.24192652,-0.66722506,0.25671533,
14461244541000,122,0.24193323,-0.667188,0.2567396,
14461263859000,22,0.24193652,-0.6671605,0.25674513,
14461282719000,89,0.24190828,-0.6671284,0.25676703,
14461304569000,-15,0.24190548,-0.66711634,0.2568168,
14461323124000,-117,0.24189168,-0.6671018,0.2568441,
14461342716000,-18,0.241878,-0.6670855,0.25680622,
14461364689000,-44,0.24190941,-0.6670945,0.25679612,
14461383152000,-22,0.24198246,-0.6671254,0.25679967,
14461402805000,60,0.24194084,-0.6671039,0.25680444,
14461424686000,-3,0.24196488,-0.6671159,0.25683805,
14461443699000,85,0.2420224,-0.6671429,0.25685614,
14461462833000,83,0.24201751,-0.667143,0.25689992,
14461484776000,-98,0.24201414,-0.6671359,0.25683218,
14461504093000,62,0.24209704,-0.6671737,0.25682643,
14461522922000,-97,0.24207592,-0.66715825,0.2567547,
14461544804000,124,0.24207227,-0.6671548,0.25673342,
14461563328000,-44,0.24208577,-0.66716075,0.2567308,
14461582951000,103,0.24122585,-0.66746706,0.25586227,
14461604954000,19,0.2406084,-0.6676711,0.2552579,
14461623814000,123,0.2401882,-0.66781706,0.2548234,
14461643040000,1,0.23991944,-0.6679306,0.25452238,
14461664921000,-64,0.23971692,-0.6679993,0.25426695,
14461683537000,-8,0.23963226,-0.66807497,0.25409997,
14461703037000,41,0.23955424,-0.66812086,0.25400585,
14461724979000,123,0.23947513,-0.6681358,0.25387046,
14461743839000,120,0.2394059,-0.66814446,0.2538345,
14461763126000,-89,0.23933332,-0.66813534,0.2537615,
14461785038000,60,0.23935212,-0.6681657,0.25375968,
14461804020000,5,0.23929913,-0.66815364,0.2537314,
14461823215000,-67,0.23925053,-0.6681367,0.2536748,
14461845097000,-72,0.23916547,-0.668102,0.25364926,
14461863590000,58,0.23916341,-0.6681043,0.2536253,
14461883244000,13,0.23920016,-0.668125,0.2536222,
14461905125000,92,0.23914203,-0.6680967,0.25358087,
14461923801000,82,0.23913985,-0.6680976,0.25358212,
14461943272000,107,0.23999654,-0.66783714,0.25440276,
14461965183000,-76,0.24055924,-0.66763484,0.25498155,
14461984470000,-78,0.24090643,-0.66747075,0.2553977,
14462003422000,-66,0.24115956,-0.6673544,0.25561783,
14462025272000,-2,0.24127975,-0.667244,0.25574362,
14462043766000,-29,0.241377,-0.66717327,0.25584045,
14462063389000,52,0.2414535,-0.66713053,0.25594565,
14462085331000,49,0.2415579,-0.6671269,0.2560528,
14462103855000,100,0.24161527,-0.66711235,0.2560678,
14462123478000,95,0.24166398,-0.66710865,0.25611058,
14462145328000,62,0.24168448,-0.66709596,0.2560903,
14462164371000,-87,0.24175288,-0.6671127,0.2560829,
14462183506000,94,0.24168263,-0.6670719,0.2561106,
14462205479000,73,0.2417044,-0.66707575,0.25612232,
14462224277000,23,0.24172218,-0.6670779,0.2561075,
14462243626000,-23,0.24176805,-0.66709805,0.25613618,
14462265568000,8,0.24177513,-0.6670931,0.25605938,
14462284031000,107,0.24178678,-0.66709214,0.2559967,
14462303684000,124,0.24181035,-0.6671012,0.2559873,
14462325596000,-113,0.24180323,-0.6670955,0.25596684,
14462344425000,-9,0.2418229,-0.66710293,0.2559521,
14462363743000,102,0.24183635,-0.667111,0.25597972,
14462385654000,-13,0.24183577,-0.66710424,0.25589806,
14462404301000,-47,0.2418399,-0.66710573,0.25589535,
14462423801000,107,0.24179474,-0.66708183,0.25585952,
14462445744000,71,0.24183534,-0.6670979,0.2558237,
14462468418000,100,0.24173051,-0.6670506,0.255846,
14462487308000,100,0.24173051,-0.6670506,0.255846,
14462505772000,11,0.24180746,-0.66708916,0.25588208,
14462524631000,115,0.24178213,-0.6670798,0.25591463,
14462543858000,-90,0.24173325,-0.6670557,0.25589815,
14462565830000,-41,0.24180819,-0.6670924,0.25592023,
14462584232000,-71,0.24183719,-0.6671047,0.25590432,
14462603886000,-117,0.2418627,-0.66711855,0.25592962,
14462625797000,70,0.24080293,-0.6675069,0.2548676,
14462644474000,-25,0.24005724,-0.66777676,0.2540908,
14462663975000,115,0.23871101,-0.6682875,0.25276735,
14462685947000,123,0.23777924,-0.66864765,0.25185624,
14462705173000,-25,0.23707655,-0.6688747,0.25122038,
14462724033000,-34,0.23653781,-0.6690025,0.250669,
14462745975000,-27,0.23625213,-0.6691407,0.2503678,
14462764500000,104,0.23600139,-0.66921574,0.25018236,
14462784092000,-56,0.23579173,-0.6692452,0.24996457,
14462806004000,-92,0.23570342,-0.6692978,0.2498725,
14462824528000,111,0.23560241,-0.66931903,0.24983884,
14462844120000,70,0.23556268,-0.66934747,0.24980657,
14462866093000,17,0.2355334,-0.6693617,0.2497237,
14462885105000,21,0.23555662,-0.6693943,0.24969433,
14462904240000,47,0.2356211,-0.66944194,0.24970308,
14462926121000,53,0.23560537,-0.6694494,0.24973719,
14462944981000,-86,0.23562214,-0.6694657,0.24973987,
14462964298000,105,0.23568012,-0.6694976,0.24973056,
14462986179000,-126,0.23566097,-0.6694919,0.24971963,
14463004795000,120,0.2356559,-0.66949004,0.24969076,
14463024387000,-59,0.23569609,-0.66950893,0.24967055,
14463046329000,62,0.23570672,-0.66951495,0.24966584,
14463065220000,-49,0.2356512,-0.6694912,0.24967843,
14463084415000,-64,0.23664618,-0.6691463,0.2506685,
14463106266000,53,0.23733354,-0.6689059,0.25140205,
14463124943000,-67,0.2377918,-0.6687242,0.2518701,
14463144413000,-79,0.23817226,-0.66862637,0.25221035,
14463166447000,-6,0.23921216,-0.668259,0.25326034,
14463185368000,114,0.23994341,-0.66799945,0.253986,
14463204624000,3,0.24050274,-0.6678431,0.2545555,
14463226597000,-99,0.24081032,-0.6676932,0.25494888,
14463245457000,91,0.24101135,-0.6675784,0.25518772,
14463264591000,-121,0.24120699,-0.66752476,0.25537178,
14463286533000,122,0.24131,-0.66747344,0.25552818,
14463305088000,109,0.24139333,-0.66744584,0.25568044,
14463324711000,-3,0.24141923,-0.6674049,0.25570148,
14463346683000,89,0.24142966,-0.66737056,0.2556888,
14463365269000,99,0.24142428,-0.6673439,0.25572276,
14463384708000,-91,0.24142425,-0.66732764,0.25575525,
14463406620000,58,0.24149099,-0.6673472,0.25577503,
14463426334000,-96,0.24150756,-0.6673439,0.25575227,
14463444736000,-27,0.24155645,-0.66735905,0.25573447,
14463466679000,77,0.2415893,-0.66737,0.25573713,
14463485172000,-17,0.24061112,-0.6677536,0.25480905,
14463504826000,-83,0.23991254,-0.66801244,0.2540904,
14463526768000,-7,0.23944579,-0.6682094,0.25364557,
14463545292000,-43,0.23905498,-0.66831833,0.2533372,
14463564854000,92,0.23878787,-0.66839784,0.25312072,
14463586887000,108,0.23858333,-0.66844165,0.25291812,
14463605839000,55,0.23847337,-0.6684885,0.25278693,
14463624882000,-104,0.23841716,-0.668532,0.25270984,
14463646793000,110,0.23842725,-0.6685871,0.25268027,
14463665714000,42,0.23834372,-0.6685814,0.2526259,
14463684940000,-119,0.23833993,-0.66860074,0.25256354,
14463706882000,21,0.23832014,-0.668608,0.25254127,
14463725437000,58,0.23836578,-0.66864055,0.25252545,
14463745060000,127,0.23843135,-0.668676,0.25247806,
14463766941000,-86,0.23762779,-0.66897154,0.25168973,
14463785862000,-17,0.23697159,-0.66913056,0.25111645,
14463805271000,-64,0.236639,-0.66929585,0.25067663,
14463827152000,-39,0.23637696,-0.66940266,0.25043434,
14463845798000,-112,0.23610869,-0.6694337,0.25021458,
14463865330000,-46,0.23603286,-0.66951114,0.25010893,
14463887272000,-86,0.23584808,-0.6695009,0.2499955,
14463906162000,89,0.23577791,-0.6695227,0.24993555,
14463925388000,-45,0.23575488,-0.6695536,0.24993576,
14463947208000,37,0.23571777,-0.66956204,0.24989505,
14463966190000,27,0.23568383,-0.6695654,0.24987948,
14463985447000,-67,0.23566663,-0.6695781,0.24995676,
14464007267000,-107,0.23566245,-0.669588,0.2499806,
14464025761000,-72,0.23565091,-0.66958976,0.24998134,
14464045383000,19,0.23561221,-0.66957515,0.24996227,
14464067203000,-115,0.23643053,-0.6692691,0.25075248,
14464085880000,-22,0.23796721,-0.6686588,0.25234887,
14464105320000,57,0.23907349,-0.66824687,0.2534926,
14464127323000,36,0.23984548,-0.66795367,0.25425032,
14464146549000,37,0.24043922,-0.6677714,0.254759,
14464165440000,-115,0.24082632,-0.6676295,0.25510317,
14464187351000,95,0.24116637,-0.66756815,0.25542054,
14464205906000,-100,0.24134004,-0.66749215,0.25560257,
14464225529000,-60,0.24141188,-0.6674132,0.25569555,
14464247440000,-98,0.24152863,-0.6673871,0.25573745,
14464265995000,23,0.24164678,-0.6673933,0.25586534,
14464285587000,55,0.24163707,-0.66734815,0.25586998,
14464307499000,44,0.24166296,-0.6673353,0.25591987,
14464326511000,-30,0.24175978,-0.66736597,0.25599444,
14464345646000,99,0.24182342,-0.6673863,0.25605738,
14464367496000,-14,0.24189898,-0.6674164,0.25612023,
14464386845000,-121,0.24190658,-0.6674141,0.25613523,
14464405613000,-123,0.24194717,-0.6674334,0.2562034,
14464427586000,-12,0.24193819,-0.6674265,0.25621277,
14464446171000,31,0.24196672,-0.66743606,0.2561935,
14464465733000,-55,0.24193212,-0.6674167,0.25617272,
14464487583000,90,0.24193963,-0.66741925,0.25617564,
14464506504000,-52,0.24194345,-0.66742116,0.25618872,
14464525791000,-127,0.24190459,-0.66740364,0.2562045,
14464547642000,-116,0.24189676,-0.66740066,0.25621784,
14464566318000,108,0.24193285,-0.6674175,0.2562229,
14464585819000,-113,0.24191873,-0.6674148,0.25627708,
14464607761000,-117,0.24189076,-0.667403,0.25629586,
14464626621000,32,0.24183491,-0.6673805,0.25634512,
14464645847000,-107,0.24183746,-0.66738266,0.25635847,
14464667820000,-48,0.24180502,-0.6673688,0.25637692,
14464686710000,-125,0.24179289,-0.66736794,0.25644147,
14464705906000,-74,0.24176675,-0.6673564,0.25644952,
14464727848000,100,0.24177569,-0.6673601,0.2564438,
14464746494000,123,0.24184366,-0.66737086,0.2565043,
14464766026000,36,0.24190825,-0.66738534,0.25653604,
14464787937000,-120,0.24193291,-0.6673823,0.25650558,
14464806614000,118,0.24197726,-0.6673946,0.2565125,
14464826084000,-69,0.24201716,-0.66740686,0.2565104,
14464848026000,-43,0.2420502,-0.6674187,0.25652263,
14464867252000,-39,0.2420403,-0.66741055,0.25651348,
14464886173000,-25,0.24203926,-0.6674106,0.25655112,
14464908054000,-18,0.24200368,-0.66739273,0.25655204,
14464926609000,5,0.24195626,-0.66736656,0.2565054,
14464946201000,-67,0.24193856,-0.66735834,0.2565153,
14464968113000,25,0.24191172,-0.6673481,0.25655332,
14464986668000,56,0.24194604,-0.66736364,0.2565539,
14465006260000,3,0.24194711,-0.667362,0.25652623,
14465028233000,72,0.2418858,-0.6673337,0.2565299,
14465047214000,-56,0.24182267,-0.66730446,0.25652912,
14465066257000,74,0.24186938,-0.66732806,0.25655985,
14465088169000,28,0.24184434,-0.6673131,0.25651237,
14465107029000,-28,0.2418922,-0.6673342,0.2564989,
14465126316000,27,0.24190031,-0.6673387,0.25651008,
14465148258000,-21,0.2419082,-0.66734177,0.256502,
14465166782000,36,0.24182934,-0.66730106,0.25643966,
14465186375000,65,0.241793,-0.667284,0.25643566,
14465208317000,46,0.24175178,-0.66726345,0.25641388,
14465227268000,-21,0.24172181,-0.66724706,0.25637767,
14465246433000,97,0.24172132,-0.66724354,0.25633043,
14465268345000,-85,0.24175836,-0.6672576,0.2562866,
14465286991000,127,0.24173932,-0.66724694,0.2562608,
14465306492000,-9,0.24171592,-0.667238,0.2562879,
14465328434000,1,0.24166115,-0.6672104,0.25625366,
14465347752000,75,0.24161403,-0.6671893,0.25626355,
14465366550000,-44,0.24160993,-0.66718435,0.25622016,
14465388462000,-32,0.24158455,-0.6671735,0.25623152,
14465407413000,13,0.24148278,-0.66712284,0.2561788,
14465426670000,-20,0.24148454,-0.66712135,0.25614694,
14465448582000,127,0.24147134,-0.66711104,0.25608563,
14465467075000,-105,0.2414963,-0.6671238,0.2561034,
14465486668000,14,0.24141425,-0.6670836,0.25607154,
14465508610000,-59,0.24134998,-0.6670536,0.256065,
14465527287000,-4,0.24132171,-0.6670367,0.25600997,
14465546757000,69,0.24135257,-0.6670533,0.25604385,
14465568668000,-115,0.24144375,-0.6670924,0.25600153,
14465587925000,-127,0.24152061,-0.6671251,0.25596303,
14465606815000,-19,0.24147929,-0.66710335,0.2559248,
14465628727000,78,0.24148917,-0.6671104,0.25596055,
14465647251000,80,0.24149692,-0.66711533,0.25597915,
14465666935000,70,0.24153082,-0.66712904,0.2559521,
14465688786000,92,0.24157971,-0.66715217,0.2559598,
14465707340000,-48,0.24160601,-0.6671599,0.25589713,
14465726902000,73,0.241637,-0.66717374,0.2558914,
14465748844000,-74,0.24158159,-0.6671473,0.2558787,
14465767857000,113,0.24164669,-0.66717666,0.2558687,
14465786991000,26,0.241742,-0.6672209,0.2558723,
14465808903000,-114,0.2417322,-0.66721654,0.25587517,
14465827793000,-3,0.24181303,-0.6672542,0.25587943,
14465847080000,17,0.24186492,-0.6672783,0.25588188,
14465868870000,-101,0.24191438,-0.6673052,0.25593957,
14465887485000,10,0.24189991,-0.66729933,0.25595146,
14465907078000,-53,0.24190828,-0.6673074,0.25601044,
14465928928000,127,0.24188139,-0.66729677,0.256036,
14465947880000,-64,0.24182129,-0.6672692,0.2560375,
14465967136000,51,0.24178265,-0.66725284,0.25605974,
14465989078000,-37,0.24180582,-0.6672637,0.25606218,
14466007664000,127,0.24182792,-0.6672743,0.25606698,
14466027195000,78,0.241783,-0.6672504,0.2560227,
14466049107000,39,0.24072163,-0.6676294,0.25490332,
14466067966000,79,0.2400231,-0.66792285,0.2541965,
14466087254000,-4,0.23948817,-0.66810894,0.25371155,
14466109165000,79,0.23906592,-0.66822046,0.2534078,
14466128086000,-10,0.23794736,-0.6686133,0.25232708,
14466147312000,-71,0.237203,-0.6689039,0.25158983,
14466169224000,50,0.23663701,-0.66908437,0.25106478,
14466187778000,5,0.23630083,-0.669235,0.25066668,
14466207371000,121,0.23602061,-0.6693206,0.2504032,
14466229282000,-104,0.2358514,-0.66939175,0.25020704,
14466247959000,-16,0.23574021,-0.66944516,0.2500746,
14466267399000,77,0.23561005,-0.6694562,0.2499522,
14466289310000,-23,0.23551688,-0.6694636,0.24987516,
14466309055000,-77,0.23540784,-0.6694541,0.2498909,
14466327457000,43,0.23538496,-0.66947097,0.24988866,
14466349400000,69,0.23540863,-0.6694967,0.2498335,
14466367954000,-51,0.23540531,-0.66950285,0.24975872,
14466387577000,-22,0.23544857,-0.66953194,0.24975607,
14466409458000,125,0.23548628,-0.66955835,0.24978769,
14466428013000,32,0.23548307,-0.66956466,0.24982855,
14466447636000,19,0.23549487,-0.6695738,0.2498352,
14466469517000,-95,0.23550606,-0.6695804,0.24982488,
14466488560000,98,0.2354993,-0.6695802,0.2498417,
14466507694000,81,0.23544747,-0.669557,0.24983472,
14466529545000,42,0.23539977,-0.6695351,0.24982396,
14466548405000,41,0.23542494,-0.66954607,0.24981098,
14466567722000,35,0.23542911,-0.669553,0.24986997,
14466589634000,42,0.23543076,-0.6695537,0.2498655,
14466608189000,-14,0.23545794,-0.66956824,0.24988997,
14466627781000,15,0.23546898,-0.6695768,0.24993257,
14466649723000,114,0.23551182,-0.6695947,0.2499092,
14466668583000,89,0.23555212,-0.66961306,0.2499064,
14466687809000,46,0.23552881,-0.6696009,0.24988717,
14466709782000,83,0.23550227,-0.66958946,0.24989681,
14466728519000,-126,0.23549163,-0.669583,0.24987653,
14466747868000,-86,0.2354655,-0.6695717,0.24988493,
14466769810000,-91,0.23548388,-0.6695828,0.24991913,
14466788670000,-14,0.23549685,-0.669594,0.2499856,
14466807957000,55,0.23549676,-0.66959584,0.25000995,
14466829899000,15,0.23538098,-0.6695412,0.24999037,
14466848759000,-105,0.23538025,-0.669537,0.24994063,
14466867985000,-52,0.23539926,-0.6695451,0.2499329,
14466889896000,-57,0.2352983,-0.6694948,0.24988201,
14466908421000,87,0.23534574,-0.6695188,0.24991111,
14466928074000,-35,0.23537071,-0.6695332,0.24994883,
14466950077000,5,0.23529062,-0.66949946,0.24998763,
14466968723000,20,0.23524705,-0.66948026,0.24999717,
14466988193000,-66,0.23524964,-0.66947937,0.24997053,
14467010136000,39,0.23531657,-0.6695126,0.25000307,
14467029331000,-12,0.23541582,-0.6695604,0.250031,
14467048191000,-59,0.23541848,-0.66955906,0.24999917,
14467070042000,22,0.23548293,-0.6695918,0.250039,
14467088596000,-100,0.23549265,-0.6695935,0.2500043,
14467108219000,-81,0.23550205,-0.6695963,0.24998477,
14467130131000,-124,0.23546623,-0.66958016,0.24998835,
14467148685000,-81,0.23548645,-0.66958874,0.24997962,
14467168339000,-34,0.23555958,-0.6696245,0.25000852,
14467190189000,47,0.23549625,-0.6695958,0.25001192,
14467209232000,39,0.23547141,-0.6695853,0.25002435,
14467228336000,-4,0.23547433,-0.6695893,0.25005803,
14467250309000,39,0.23543215,-0.6695728,0.25009486,
14467269596000,41,0.23548065,-0.669596,0.2501073,
14467288395000,-108,0.23552856,-0.66962314,0.25017366,
14467310368000,-127,0.23552985,-0.66962636,0.25020704,
14467328892000,-42,0.23559494,-0.6696592,0.25024527,
14467348484000,-30,0.23561585,-0.66966575,0.25020605,
14467370396000,-54,0.23558201,-0.66965,0.25020355,
14467389255000,77,0.23550397,-0.6696134,0.25019363,
14467408512000,52,0.23551166,-0.66961354,0.25015,
14467430454000,-91,0.23543993,-0.6695766,0.25009778,
14467449070000,-107,0.23543584,-0.6695729,0.25007394,
14467468571000,24,0.23536803,-0.66954213,0.25007892,
14467490543000,-106,0.23537268,-0.66954744,0.25012082,
14467509342000,-45,0.23530762,-0.6695106,0.2500301,
14467528599000,52,0.23529628,-0.6695086,0.2500711,
14467550755000,12,0.23530027,-0.6695103,0.25006908,
14467569462000,21,0.23523915,-0.66947776,0.25001127,
14467588718000,-94,0.2362504,-0.66910696,0.25103098,
14467610569000,12,0.23699391,-0.668864,0.25172034,
14467629063000,122,0.23752342,-0.6687016,0.25223336,
14467648716000,92,0.23779021,-0.6685416,0.25260934,
14467670658000,115,0.23803504,-0.6684545,0.2528439,
14467689335000,39,0.23821317,-0.6683988,0.25303373,
14467708805000,-128,0.23827669,-0.66832966,0.25314274,
14467730717000,70,0.23841628,-0.6683286,0.25326097,
14467750065000,75,0.23853289,-0.6683382,0.2533628,
14467768864000,72,0.23856528,-0.6683182,0.25338548,
14467790775000,-95,0.23765658,-0.66866904,0.25246674,
14467809330000,21,0.23695445,-0.66888803,0.25185177,
14467828922000,-108,0.23650493,-0.66906494,0.25146526,
14467850895000,-114,0.23619391,-0.66918766,0.25115225,
14467869389000,-97,0.23600139,-0.669289,0.25098062,
14467888981000,39,0.2358544,-0.66935587,0.25087902,
14467910923000,-31,0.23577219,-0.66941017,0.25078225,
14467929966000,64,0.23577456,-0.6694755,0.2507109,
14467949070000,-40,0.23573162,-0.6694981,0.25062725,
14467970951000,-85,0.2356648,-0.6694952,0.25054452,
14467989811000,58,0.23559323,-0.6694855,0.25053498,
14468009129000,78,0.23552333,-0.6694691,0.25052112,
14468031010000,77,0.23548022,-0.6694548,0.2504397,
14468049534000,-126,0.23553358,-0.66949093,0.25048506,
14468069157000,-68,0.23552693,-0.6694956,0.25050995,
14468091099000,88,0.23547234,-0.66947985,0.25057888,
14468109959000,107,0.2354469,-0.6694713,0.25058255,
14468129185000,-113,0.2354101,-0.669453,0.25054,
14468151127000,-61,0.23539926,-0.6694477,0.25051627,
14468169743000,35,0.2354119,-0.66945416,0.25051218,
14468189335000,-78,0.23538838,-0.66944057,0.25046784,
14468211307000,28,0.23542443,-0.6694566,0.25045484,
14468230656000,32,0.23538186,-0.66943806,0.25046346,
14468249393000,125,0.23565353,-0.6693464,0.25067925,
14468271336000,66,0.23526852,-0.66938376,0.2504289,
14468290256000,-4,0.2352721,-0.6693857,0.25043136,
14468309391000,99,0.23526959,-0.6693865,0.25045553,
14468331333000,106,0.23528881,-0.6693978,0.2504866,
14468349796000,41,0.23526,-0.6693815,0.25044683,
14468369419000,-92,0.23526835,-0.669383,0.25041586,
14468391300000,-64,0.23531581,-0.66941077,0.25049326,
14468410068000,-4,0.23521914,-0.6693638,0.25045943,
14468429478000,63,0.23521973,-0.66936076,0.25041637,
14468451420000,96,0.23525578,-0.66937715,0.2504139,
14468470646000,-104,0.23523244,-0.6693665,0.2504152,
14468489536000,62,0.2353079,-0.66940445,0.25045773,
14468511478000,38,0.23530078,-0.6693998,0.25044045,
14468530247000,-35,0.23527145,-0.6693886,0.25046918,
14468549595000,-50,0.23529239,-0.66939545,0.25043368,
14468571598000,-8,0.23535973,-0.66942686,0.25044033,
14468590122000,98,0.23539937,-0.6694436,0.25042182,
14468609623000,-73,0.23542029,-0.669452,0.25040656,
14468631535000,-57,0.23547989,-0.6694761,0.25036383,
14468650822000,27,0.23552574,-0.6694925,0.25030386,
14468669712000,112,0.23557237,-0.66951686,0.2503422,
14468691654000,44,0.23567858,-0.66956437,0.2503264,
14468710514000,45,0.23573443,-0.66959256,0.25035867,
14468729801000,-103,0.23571171,-0.6695867,0.250419,
14468751743000,-120,0.23568651,-0.6695737,0.25039992,
14468770298000,57,0.23574986,-0.66959995,0.25036272,
14468789829000,-99,0.23573244,-0.66959596,0.25041416,
14468811832000,85,0.2357043,-0.66958505,0.25044096,
14468830845000,126,0.2356676,-0.6695652,0.25040194,
14468850224000,3,0.23569413,-0.6695775,0.25040346,
14468872074000,-65,0.23668656,-0.6691983,0.2514122,
14468890690000,127,0.23732814,-0.6689117,0.2521379,
14468910099000,91,0.23783407,-0.66873056,0.25254503,
14468931950000,-12,0.23823816,-0.66863126,0.2528797,
14468951267000,-91,0.23840956,-0.66850877,0.25309393,
14468970097000,-80,0.23855431,-0.66843635,0.25326586,
14468991978000,127,0.23858811,-0.66835386,0.2533801,
14469010838000,-68,0.23868848,-0.6683338,0.25348732,
14469030094000,-116,0.23873493,-0.66830844,0.25355756,
14469052006000,29,0.23878713,-0.66830367,0.25365683,
14469070499000,-125,0.23880301,-0.66828644,0.25367135,
14469090153000,-85,0.23885898,-0.6682944,0.25367054,
14469112186000,-59,0.2388417,-0.66827303,0.25366014,
14469130833000,-44,0.23882772,-0.66825336,0.25360408,
14469150303000,25,0.23885985,-0.66826314,0.2536166,
14469172337000,-125,0.23887174,-0.66826487,0.253624,
14469192051000,91,0.2391152,-0.66820216,0.25388202,
14469210422000,-47,0.23893102,-0.6682893,0.25364974,
14469232395000,-37,0.23894942,-0.66829646,0.25365156,
14469250919000,-119,0.23890875,-0.66827303,0.25360632,
14469270481000,66,0.23888795,-0.66826123,0.25358868,
14469292423000,-7,0.23890704,-0.66827035,0.25359744,
14469311008000,-52,0.23884082,-0.6682362,0.25355914,
14469330601000,58,0.2388105,-0.66822255,0.25356713,
14469352512000,3,0.23880014,-0.668217,0.25356042,
14469371494000,-34,0.23879911,-0.66821694,0.25356728,
14469390629000,-45,0.23883212,-0.6682328,0.25357515,
14469412540000,52,0.23881689,-0.66822433,0.2535574,
14469431400000,-48,0.23884453,-0.6682368,0.25355354,
14469450687000,-2,0.23887376,-0.6682509,0.25356078,
14469473026000,-3,0.23886986,-0.6682471,0.25353494,
14469491184000,114,0.23889893,-0.6682579,0.25350064,
14469510685000,-30,0.23889746,-0.66825634,0.2534889,
14469532627000,28,0.23886372,-0.6682396,0.25347668,
14469551426000,-57,0.23887944,-0.6682482,0.25349197,
14469570591000,-99,0.23883177,-0.6682254,0.25348455,
14469592686000,-67,0.23887876,-0.66824806,0.25349453,
14469611149000,70,0.23889314,-0.66825134,0.25345114,
14469630680000,30,0.23886235,-0.66823155,0.25338018,
14469652805000,59,0.23885065,-0.6682172,0.25326616,
14469671452000,21,0.23884809,-0.6682142,0.25324273,
14469690708000,22,0.23889075,-0.6682306,0.2531987,
14469712650000,-115,0.23889285,-0.6682275,0.25314683,
14469731510000,-126,0.23889554,-0.66822845,0.2531435,
14469750767000,-50,0.23895544,-0.66825736,0.25315747,
14469772678000,-125,0.23892944,-0.6682446,0.25314805,
14469791203000,-18,0.23898213,-0.66826826,0.2531382,
14469810825000,14,0.23906516,-0.66831285,0.25321445,
14469832767000,-11,0.2390474,-0.66830987,0.25328246,
14469851475000,-18,0.23900251,-0.6682903,0.25329834,
14469870884000,125,0.23902003,-0.6682997,0.2533143,
14469892887000,68,0.23900239,-0.6682919,0.25332052,
14469912083000,-34,0.2389935,-0.66828746,0.2533168,
14469930973000,-24,0.23908071,-0.6683311,0.2533554,
14469953403000,6,0.23909056,-0.66834164,0.25343233,
14469971378000,-121,0.23908491,-0.6683436,0.2534917,
14469991032000,-12,0.23911624,-0.66835785,0.25348696,
14470012913000,-43,0.23917696,-0.6683855,0.25348023,
14470031437000,-18,0.23918453,-0.6683903,0.25349614,
14470051060000,-74,0.23999548,-0.6681066,0.2543151,
14470073002000,-75,0.24057692,-0.66790795,0.25483894,
14470092106000,122,0.24094367,-0.6677772,0.25523695,
14470111210000,-56,0.24119933,-0.6676836,0.25550294,
14470133182000,3,0.24139221,-0.6676275,0.25573248,
14470152439000,79,0.241672,-0.66758364,0.25600165,
14470171452000,79,0.241672,-0.66758364,0.25600165,
14470193302000,80,0.24179606,-0.66758996,0.25606325,
14470211704000,-73,0.2418842,-0.6675951,0.25610727,
14470231297000,-32,0.24192165,-0.667589,0.2561597,
14470253391000,95,0.24197172,-0.6675956,0.2561929,
14470272068000,110,0.24204986,-0.6676199,0.25620988,
14470291325000,-105,0.24205053,-0.66761184,0.25622395,
14470313236000,-93,0.24201734,-0.6675903,0.25623158,
14470331821000,-102,0.24202028,-0.6675899,0.25627023,
14470351383000,-65,0.24200642,-0.6675798,0.25626487,
14470373264000,94,0.24200122,-0.66757953,0.25632432,
14470392155000,28,0.2419599,-0.66755533,0.2562803,
14470411411000,5,0.24196519,-0.66755396,0.25624332,
14470433353000,99,0.24200247,-0.6675721,0.25626364,
14470452213000,28,0.24203336,-0.66758746,0.25628343,
14470471470000,109,0.24191275,-0.66752684,0.25623056,
14470493412000,-98,0.24192075,-0.6675312,0.25624323,
14470512760000,-3,0.24192794,-0.66753495,0.2562512,
14470531559000,-84,0.24194293,-0.66753817,0.2562019,
14470553471000,-117,0.24192454,-0.6675298,0.25620687,
14470572178000,112,0.24196137,-0.6675496,0.25624186,
14470591618000,-67,0.24196716,-0.6675532,0.25625443,
14470613560000,61,0.24194229,-0.6675412,0.25625047,
14470632816000,-46,0.24195682,-0.6675446,0.25620523,
14470651737000,-125,0.2420063,-0.66757154,0.2562565,
14470673740000,-8,0.24202433,-0.6675837,0.25630713,
14470692509000,41,0.24203366,-0.66758883,0.25631657,
14470711704000,97,0.24206953,-0.6676051,0.25631,
14470733646000,88,0.24204342,-0.66759163,0.25629294,
14470752140000,-68,0.24212708,-0.6676331,0.25632486,
14470771763000,32,0.24215895,-0.66765004,0.25635242,
14470793705000,121,0.24212474,-0.66763544,0.25637028,
14470812656000,-11,0.24214716,-0.6676465,0.25637937,
14470831821000,57,0.2421454,-0.66764534,0.2563737,
14470853855000,24,0.24216264,-0.6676538,0.25637946,
14470872715000,-70,0.24211174,-0.667628,0.256353,
14470891972000,-21,0.24213323,-0.66763955,0.25637323,
14470913822000,52,0.24206398,-0.6676061,0.25635836,
14470932346000,91,0.24204417,-0.6675943,0.2563238,
14470951969000,-37,0.24200359,-0.66757715,0.2563482,
14470973881000,-9,0.24199712,-0.6675772,0.2563891,
14470992893000,-47,0.2419437,-0.66755,0.25635985,
14471012028000,-65,0.24195121,-0.6675503,0.25631583,
14471033939000,-42,0.2419687,-0.6675632,0.2563793,
14471052647000,61,0.24195872,-0.66755885,0.25638425,
14471072117000,92,0.24191394,-0.6675388,0.25639588,
14471094028000,66,0.24191105,-0.66753817,0.2564043,
14471113285000,8,0.24188235,-0.66751933,0.2563332,
14471132236000,-128,0.2419211,-0.6675384,0.25634566,
14471154118000,-73,0.24193923,-0.6675488,0.25637138,
14471173038000,-59,0.24194703,-0.66754884,0.25632274,
14471192203000,50,0.24193473,-0.66754615,0.2563637,
14471214146000,-35,0.24189442,-0.66752625,0.25634938,
14471232609000,34,0.24190854,-0.66753024,0.25631502,
14471252232000,23,0.24185283,-0.6675021,0.2562863,
14471274113000,-73,0.24185127,-0.66749763,0.25623614,
14471293583000,-99,0.24185789,-0.6675,0.25622743,
14471312260000,-3,0.24185087,-0.66749924,0.2562606,
14471334202000,105,0.24182504,-0.66748476,0.25622815,
14471353489000,-16,0.24187723,-0.6675081,0.2562146,
14471372379000,-12,0.24188037,-0.66750914,0.25620836,
14471394291000,20,0.24189276,-0.66751295,0.25618196,
14471412754000,-7,0.24192038,-0.66752726,0.2562009,
14471432438000,-109,0.24185993,-0.66750574,0.25629047,
14471454380000,93,0.2418692,-0.6675093,0.25628057,
14471472904000,-98,0.24193245,-0.66753703,0.25625587,
14471492496000,34,0.24198619,-0.66756094,0.25624,
14471514347000,32,0.24198274,-0.66756225,0.25627914,
14471533421000,51,0.2420217,-0.66757745,0.25623906,
14471552555000,12,0.24210876,-0.66761404,0.25618434,
14471574528000,-45,0.24214222,-0.66763055,0.2561966,
14471599400000,-17,0.24214534,-0.66763127,0.25618735,
14471612644000,47,0.24205633,-0.667584,0.25611162,
14471634556000,76,0.24205379,-0.6675829,0.25611246,
14471653019000,53,0.242063,-0.66758615,0.25609875,
14471672611000,30,0.242065,-0.66758955,0.25613067,
14471694584000,124,0.2420457,-0.66758466,0.25618625,
14471713444000,-80,0.242015,-0.6675691,0.25616974,
14471732700000,33,0.241997,-0.6675645,0.2562205,
14471754612000,-4,0.241955,-0.66754603,0.25623584,
14471773228000,7,0.2419347,-0.6675343,0.2562058,
14471792759000,-96,0.24192552,-0.66753227,0.25623554,
14471814671000,88,0.24188909,-0.66751105,0.25617996,
14471833500000,119,0.2419198,-0.6675258,0.25618586,
14471852818000,26,0.24192722,-0.6675268,0.25615147,
14471874760000,52,0.2419308,-0.6675277,0.25614184,
14471893711000,111,0.24193612,-0.66753125,0.25615743,
14471912815000,-24,0.24188444,-0.6675081,0.25616992,
14471934727000,-46,0.24192156,-0.6675305,0.25623637,
14471953617000,-46,0.24186864,-0.667508,0.25626662,
14471973057000,83,0.24184498,-0.66749895,0.25629294,
14471994907000,72,0.24181318,-0.6674861,0.25631905,
14472013523000,-112,0.24185067,-0.6675027,0.25630745,
14472032993000,-121,0.24183586,-0.66749793,0.25633538,
14472054874000,-90,0.24181904,-0.6674895,0.25632918,
14472074589000,107,0.2418443,-0.6675009,0.25632375,
14472092991000,-78,0.2418266,-0.66748947,0.2562814,
14472114933000,-114,0.24181661,-0.6674841,0.25627124,
14472133457000,66,0.24178475,-0.6674669,0.25624064,
14472153110000,-63,0.24174592,-0.6674455,0.25619644,
14472174961000,58,0.24172045,-0.6674285,0.25612885,
14472193516000,76,0.24175343,-0.66744167,0.25609976,
14472213108000,93,0.2409865,-0.6677576,0.25529146,
14472235020000,-19,0.24048375,-0.6679874,0.2546706,
14472254063000,93,0.24014181,-0.66815376,0.25426394,
14472273228000,55,0.23990743,-0.6682721,0.25398284,
14472295109000,-12,0.2397226,-0.6683444,0.25378004,
14472313908000,28,0.23961681,-0.66840553,0.25363377,
14472333225000,31,0.23957673,-0.6684632,0.25351915,
14472355167000,90,0.23953862,-0.6684997,0.25344974,
14472373692000,-94,0.2394719,-0.668504,0.2533717,
14472393284000,-117,0.23949197,-0.66854024,0.25333995,
14472415226000,-105,0.23955338,-0.66858745,0.25331342,
14472434116000,-28,0.23959744,-0.66862077,0.25329068,
14472453342000,99,0.23959094,-0.6686283,0.25329685,
14472475254000,-77,0.23957358,-0.6686304,0.25333515,
14472493900000,36,0.23949566,-0.6685948,0.25328752,
14472513370000,75,0.23946282,-0.66857857,0.25323644,
14472535313000,121,0.23945205,-0.66857934,0.2532771,
14472554234000,70,0.23943369,-0.66857535,0.25331298,
14472573887000,15,0.23941374,-0.66857046,0.25335318,
14472595432000,-88,0.23939644,-0.6685667,0.25339535,
14472614475000,-49,0.23936467,-0.6685539,0.25341368,
14472633518000,24,0.2393304,-0.6685371,0.25339982,
14472655460000,47,0.23919833,-0.66847306,0.25337338,
14472674046000,53,0.23919587,-0.668467,0.2533116,
14472693607000,108,0.23916213,-0.6684503,0.25329986,
14472715610000,63,0.23912948,-0.6684296,0.25323397,
14472734287000,-27,0.23914643,-0.6684414,0.25327986,
14472753635000,-74,0.2390935,-0.6684142,0.2532506,
14472775578000,27,0.2390732,-0.6684066,0.25327417,
14472794834000,84,0.2390882,-0.66841894,0.25333738,
14472813724000,36,0.23903143,-0.66839314,0.2533477,
14472835636000,-105,0.23906866,-0.6684093,0.25333127,
14472854099000,100,0.23910736,-0.6684277,0.25333327,
14472873753000,-90,0.23910512,-0.6684236,0.25329652,
14472895695000,-84,0.23913486,-0.6684412,0.25333983,
14472914249000,-94,0.23916185,-0.6684553,0.25335777,
14472933872000,75,0.23914745,-0.66844624,0.2533296,
14472955784000,87,0.23916964,-0.6684559,0.25332096,
14472974796000,50,0.23914157,-0.6684446,0.25334346,
14472993931000,72,0.23921147,-0.6684749,0.2533128,
14473015751000,-3,0.23930511,-0.66852456,0.25338173,
14473035130000,-119,0.23928759,-0.66852015,0.2534279,
14473053959000,-50,0.23926547,-0.66850966,0.2534263,
14473075870000,34,0.23927179,-0.6685108,0.25340435,
14473094364000,-34,0.2392452,-0.66850024,0.25342822,
14473113987000,-12,0.23926044,-0.66851026,0.253463,
14473135929000,-94,0.23819378,-0.66886634,0.25239143,
14473154819000,-76,0.23746149,-0.66912705,0.251671,
14473174076000,-90,0.2369964,-0.66933805,0.25123122,
14473195988000,-71,0.23660278,-0.6694495,0.25086233,
14473214573000,-69,0.23636425,-0.66954964,0.2506595,
14473234074000,-120,0.23617814,-0.6696111,0.25051856,
14473256016000,-14,0.23599741,-0.6696279,0.2503868,
14473274906000,-8,0.23593584,-0.6696724,0.25032467,
14473294163000,-72,0.23588796,-0.6697001,0.25026584,
14473315983000,-67,0.23590794,-0.6697459,0.25024384,
14473334965000,80,0.2358854,-0.66975915,0.25020668,
14473354313000,-6,0.23581387,-0.6697393,0.25013998,
14473376041000,-91,0.2357428,-0.66971487,0.25008497,
14473394627000,-5,0.23572542,-0.66971606,0.25008473,
14473414249000,-122,0.23564632,-0.6696866,0.25009567,
14473436192000,23,0.2356536,-0.66969657,0.2501198,
14473454838000,116,0.23572987,-0.66973317,0.25009605,
14473474308000,-70,0.23575014,-0.6697433,0.25007895,
14473496220000,106,0.23572023,-0.6697333,0.2501064,
14473515507000,97,0.23568253,-0.66971964,0.25013956,
14473534428000,-21,0.23573354,-0.66974306,0.2501277,
14473556278000,96,0.2357818,-0.66976565,0.25012386,
14473574802000,-119,0.23580098,-0.66977704,0.25014916,
14473594395000,-91,0.2357957,-0.6697779,0.25018743,
14473616337000,-78,0.23658253,-0.6694812,0.25099805,
14473634891000,102,0.23816237,-0.66892153,0.2526019,
14473654484000,75,0.23933724,-0.668558,0.25368616,
14473676426000,-68,0.2401599,-0.6683049,0.2544653,
14473695438000,126,0.24071328,-0.66811615,0.25499812,
14473714664000,42,0.24116701,-0.6680165,0.2553928,
14473736546000,-6,0.24144493,-0.6679265,0.25564715,
14473755375000,-36,0.24163577,-0.66786003,0.25580147,
14473774662000,96,0.2417914,-0.6678247,0.255922,
14473796543000,98,0.2418261,-0.66776526,0.25600502,
14473815159000,16,0.24181476,-0.66770697,0.25606298,
14473834690000,-114,0.24179032,-0.6676567,0.2560806,
14473856602000,102,0.24182738,-0.6676483,0.25611272,
14473875553000,42,0.2418464,-0.6676387,0.25612894,
14473894779000,53,0.24185249,-0.6676267,0.25611377,
14473916691000,-10,0.24184255,-0.6676135,0.2561281,
14473935337000,103,0.24179809,-0.6675847,0.25611067,
14473954807000,-64,0.24177483,-0.66756976,0.25611895,
14473976749000,-55,0.24176416,-0.66756094,0.25611162,
14473996098000,-62,0.24184117,-0.6675992,0.2561746,
14474014866000,-94,0.24182357,-0.66758746,0.25614858,
14474036808000,-33,0.24181975,-0.6675871,0.2561828,
14474055668000,-58,0.24176796,-0.66755974,0.25615063,
14474074894000,77,0.24178623,-0.6675665,0.25613415,
14474096806000,65,0.24178502,-0.6675683,0.25617152,
14474115360000,38,0.24184294,-0.66759735,0.2562017,
14474134983000,-98,0.2418813,-0.66761607,0.25621545,
14474156986000,-3,0.24194446,-0.6676458,0.2562201,
14474175663000,-118,0.24189211,-0.66761965,0.25619897,
14474195103000,-98,0.24193138,-0.6676349,0.25615823,
14474216984000,-56,0.2419353,-0.66763574,0.25614592,
14474236179000,53,0.24192803,-0.6676347,0.25617787,
14474255039000,-61,0.24197234,-0.6676554,0.25617772,
14474276981000,29,0.24198918,-0.66766256,0.25616845,
14474295475000,-29,0.24194223,-0.6676377,0.25613,
14474315159000,-120,0.2419759,-0.6676547,0.25614607,
14474337040000,123,0.24196729,-0.66764945,0.25613067,
14474355564000,-77,0.24198061,-0.6676533,0.25609943,
14474375156000,51,0.24201341,-0.6676703,0.25612187,
14474397099000,-69,0.24194422,-0.6676388,0.25613156,
14474416111000,52,0.24187818,-0.66760594,0.25610468,
14474435245000,-93,0.24183592,-0.6675835,0.2560689,
14474457188000,54,0.2418019,-0.6675684,0.25607884,
14474476017000,28,0.24175403,-0.6675479,0.25610346,
14474495335000,49,0.24179085,-0.66756237,0.25606683,
14474517246000,-42,0.24175923,-0.6675478,0.25607014,
14474535740000,-22,0.24177255,-0.66755205,0.25604367,
14474555332000,38,0.24177155,-0.66755116,0.25603768,
14474577274000,-17,0.24171078,-0.66752416,0.25605658,
14474596226000,-92,0.24165861,-0.66750026,0.25606236,
14474615421000,112,0.24164702,-0.6674969,0.25608987,
14474641148000,118,0.24165846,-0.6675031,0.25610113,
14474655918000,-87,0.24169225,-0.6675138,0.25603357,
14474675419000,107,0.24169016,-0.6675137,0.25604522,
14474697300000,74,0.2417122,-0.66752374,0.2560424,
14474716282000,-13,0.24172169,-0.66752774,0.25603634,
14474957554000,105,0.2397392,-0.668167,0.25413427,
14474976047000,105,0.2397392,-0.668167,0.25413427,
14474997868000,38,0.23944023,-0.6682703,0.25383905,
14475016270000,-77,0.23825523,-0.66869026,0.25267795,
14475035892000,65,0.23737608,-0.6689433,0.25193882,
14475057713000,95,0.2367373,-0.66910726,0.251382,
14475076328000,-102,0.23638354,-0.66926116,0.250936,
14475095859000,33,0.23611273,-0.66936135,0.2506622,
14475117863000,109,0.23588075,-0.66941875,0.25055522,
14475136845000,-63,0.23577163,-0.66948295,0.25047338,
14475155979000,93,0.23563606,-0.6694949,0.25034374,
14475177891000,83,0.23564006,-0.6695504,0.2502734,
14475196720000,20,0.23568076,-0.66960865,0.25024974,
14475216190000,18,0.23563026,-0.66961133,0.25021005,
14475238102000,-36,0.2356131,-0.6696258,0.2502362,
14475256596000,-121,0.23557158,-0.66962,0.250224,
14475276249000,41,0.2355932,-0.66963863,0.2502085,
14475298191000,48,0.23565221,-0.66967094,0.25018576,
14475317905000,25,0.23568563,-0.6696911,0.25018448,
14475336307000,-96,0.23572476,-0.6697128,0.25018865,
14475358250000,65,0.23577978,-0.6697384,0.25016323,
14475376865000,4,0.23681864,-0.6694117,0.2511479,
14475396336000,42,0.23834068,-0.66888285,0.25262496,
14475418308000,-97,0.23942494,-0.6685203,0.25368997,
14475437168000,-108,0.2401814,-0.66826636,0.25447372,
14475456364000,14,0.24076855,-0.66811585,0.2550424,
14475478275000,81,0.24109653,-0.66797006,0.25541785,
14475497135000,33,0.24133816,-0.6678713,0.25565132,
14475516300000,-71,0.24143805,-0.6677667,0.25576764,
14475538181000,37,0.24163423,-0.6677583,0.25594014,
14475556766000,68,0.24168633,-0.66771424,0.25607926,
14475576420000,102,0.24171229,-0.66767883,0.25618082,
14475598301000,-70,0.24162479,-0.6676262,0.25619254,
14475616978000,79,0.24164817,-0.6676273,0.25618392,
14475636448000,78,0.24166308,-0.6676268,0.25617123,
14475658390000,7,0.24168094,-0.66762716,0.25612518,
14475677647000,12,0.24172243,-0.66764313,0.25612193,
14475696506000,-9,0.24171863,-0.6676377,0.25610358,
14475718418000,-101,0.2416679,-0.6676083,0.25604683,
14475736912000,-6,0.24171777,-0.6676328,0.25607768,
14475756565000,-117,0.2417233,-0.667635,0.2560837,
14475778477000,57,0.2417643,-0.6676563,0.25611934,
14475797031000,-29,0.24176788,-0.66766536,0.2562226,
14475816563000,48,0.24173136,-0.66764987,0.25624675,
14475838474000,-34,0.24175128,-0.66766196,0.25628692,
14475857578000,-92,0.24180634,-0.667688,0.25629312,
14475876682000,-113,0.24184114,-0.66770214,0.25626576,
14475898563000,18,0.24176696,-0.66766644,0.2562526,
14475917881000,-4,0.2417906,-0.6676818,0.25631082,
14475936680000,-59,0.24187794,-0.66772586,0.25635615,
14475959415000,-61,0.24197093,-0.6677665,0.2563188,
14475977177000,-23,0.24198985,-0.66776997,0.2562472,
14475996738000,118,0.24207075,-0.6678077,0.2562462,
14476018650000,60,0.24210852,-0.6678281,0.25628322,
14476037540000,27,0.24203995,-0.66779345,0.2562482,
14476056858000,118,0.2419979,-0.6677737,0.25624734,
14476078739000,53,0.24195223,-0.6677543,0.25627294,
14476097385000,-112,0.24191795,-0.6677372,0.25625786,
14476116856000,117,0.24190995,-0.66773236,0.25624296,
14476138828000,-30,0.24192266,-0.66774046,0.25627154,
14476157658000,33,0.24189523,-0.6677283,0.25628042,
14476176945000,88,0.24185626,-0.66770995,0.25627854,
14476198826000,87,0.24185437,-0.66770685,0.25624943,
14476217747000,63,0.24186032,-0.66771156,0.25627434,
14476236973000,-95,0.24179973,-0.6676783,0.25620815,
14476258884000,45,0.2417032,-0.66763026,0.25616848,
14476277470000,-31,0.24172463,-0.6676356,0.25610676,
14476297092000,109,0.24174964,-0.66764504,0.25607634,
14476318943000,114,0.24162793,-0.6675851,0.25603417,
14476337589000,74,0.24167073,-0.6676045,0.25602728,
14476357090000,121,0.24163698,-0.6675855,0.25598437,
14476379063000,114,0.24158816,-0.6675571,0.25590998,
14476398319000,40,0.24160555,-0.66756606,0.2559206,
14476417179000,74,0.24163993,-0.66758204,0.2559195,
14476439121000,88,0.24165964,-0.66758835,0.25588214,
14476457615000,-20,0.24166182,-0.6675902,0.2558919,
14476477268000,60,0.24164283,-0.66758066,0.2558834,
14476499180000,-61,0.24164768,-0.6675834,0.25589007,
14476517643000,-7,0.24161486,-0.66756463,0.25584435,
14476537266000,101,0.24165007,-0.66758263,0.25586513,
14476559147000,-121,0.23972726,-0.6682847,0.25398898,
14476578251000,-64,0.23840463,-0.6687823,0.2526487,
14476597355000,-121,0.23746686,-0.66912436,0.2517199,
14476619236000,17,0.2368166,-0.66936606,0.25106958,
14476638065000,85,0.23630571,-0.669508,0.25060156,
14476657444000,-36,0.23597574,-0.66962254,0.25030455,
14476679356000,-59,0.23579662,-0.6697255,0.25008124,
14476697880000,-72,0.23569198,-0.66980964,0.24995646,
14476717442000,53,0.23553473,-0.6698298,0.24987027,
14476739353000,21,0.23539041,-0.6698255,0.24978143,
14476758305000,-97,0.23536514,-0.66985625,0.24970117,
14476777561000,13,0.2352623,-0.6698371,0.24963093,
14476799442000,-104,0.23526731,-0.66986233,0.24961725,
14476818058000,-74,0.23525733,-0.669878,0.24966021,
14476837528000,-2,0.2352172,-0.6698688,0.24963099,
14476859531000,-1,0.23524967,-0.66989124,0.24962051,
14476878849000,109,0.2352694,-0.6699092,0.24965718,
14476897648000,90,0.2352524,-0.6699046,0.2496482,
14476919559000,-13,0.23522452,-0.6698938,0.24963932,
14476938450000,-87,0.23524939,-0.66990674,0.2496329,
14476957859000,-59,0.23519899,-0.66988623,0.2496506,
14476979801000,89,0.23522943,-0.66990054,0.24964084,
14476998295000,-91,0.23518653,-0.66987854,0.24960752,
14477017887000,28,0.235172,-0.6698704,0.24958421,
14477039829000,-88,0.23523773,-0.6699035,0.24961248,
14477058475000,117,0.2351771,-0.66987693,0.24962823,
14477077976000,-35,0.23512213,-0.6698532,0.24964695,
14477099918000,62,0.23504248,-0.66981894,0.2496779,
14477119114000,-68,0.23497315,-0.66978484,0.24965364,
14477138248000,-65,0.23495764,-0.6697773,0.24964775,
14477159916000,69,0.23493014,-0.66976446,0.24964677,
14477178471000,-122,0.23487444,-0.6697354,0.249606,
14477198093000,-90,0.23486997,-0.66973364,0.24960974,
14477220127000,-99,0.23485656,-0.6697267,0.249602,
14477238560000,-27,0.23476003,-0.6696764,0.24953459,
14477258152000,73,0.23477913,-0.6696896,0.24958648,
14477280125000,-106,0.23479208,-0.6696956,0.24958618,
14477299076000,-97,0.23502335,-0.66962063,0.24981,
14477318211000,72,0.2348076,-0.66970134,0.2495686,
14477340183000,-128,0.23480709,-0.6697005,0.24956244,
14477358952000,-93,0.23479436,-0.66969347,0.24954762,
14477378208000,-78,0.23584162,-0.6693712,0.250548,
14477400303000,97,0.23735188,-0.66880786,0.25203735,
14477418735000,-64,0.23848844,-0.66844547,0.25306365,
14477438297000,-15,0.23927419,-0.6681862,0.25379074,
14477460148000,4,0.23982443,-0.6680015,0.2542679,
14477479008000,121,0.2401843,-0.6678622,0.25463054,
14477498295000,-99,0.24041091,-0.66775334,0.2548932,
14477520115000,-88,0.24060303,-0.66769445,0.25510037,
14477538700000,-127,0.24067461,-0.66762495,0.2552599,
14477558323000,-65,0.24074933,-0.66758674,0.25535837,
14477580235000,75,0.24084018,-0.6675757,0.25539777,
14477599064000,84,0.24095745,-0.66759366,0.25543493,
14477618381000,34,0.24100494,-0.6675917,0.25548142,
14477640324000,64,0.2410336,-0.66758466,0.25546807,
14477663120000,-88,0.24105725,-0.66758513,0.25550708,
14477679356000,75,0.2410748,-0.6675913,0.25560632,
14477700321000,16,0.24108492,-0.66758966,0.25561008,
14477718723000,-83,0.24097028,-0.6675292,0.2555777,
14477738407000,-111,0.24100517,-0.6675382,0.25552547,
14477760319000,-31,0.24109249,-0.6675743,0.2554936,
14477778934000,-32,0.24113658,-0.66759247,0.255483,
14477798405000,110,0.24114464,-0.66759527,0.25548556,
14477820377000,-13,0.24113528,-0.66759026,0.255487,
14477840153000,71,0.24116494,-0.6676037,0.25548956,
14477858555000,-41,0.24115486,-0.66759866,0.25549,
14477880466000,22,0.24117127,-0.66760325,0.25545296,
14477898960000,71,0.24123956,-0.66763496,0.25545472,
14477918552000,-112,0.24122475,-0.6676268,0.2554399,
14477940495000,17,0.24122453,-0.6676254,0.2554239,
14477959049000,-57,0.24121474,-0.6676179,0.25538555,
14477978641000,46,0.24122058,-0.6676213,0.2553948,
14478000614000,42,0.24123117,-0.6676273,0.255409,
14478019627000,-60,0.24124096,-0.667629,0.25537175,
14478038700000,9,0.24123834,-0.66762745,0.25536752,
14478060673000,102,0.24121758,-0.66761965,0.25539324,
14478079533000,84,0.24118356,-0.66760373,0.25539133,
14478098850000,79,0.24111825,-0.6675748,0.2554117,
14478120670000,57,0.2411137,-0.6675686,0.25535712,
14478139194000,-125,0.24110366,-0.66756463,0.25536585,
14478158787000,-85,0.24103978,-0.66753083,0.25531211,
14478180759000,13,0.24104735,-0.6675323,0.255286,
14478199650000,-102,0.2410379,-0.6675279,0.2552849,
14478218906000,-92,0.24110982,-0.66756135,0.25528494,
14478240879000,-88,0.24113578,-0.6675674,0.25520483,
14478259464000,-55,0.24120396,-0.6676044,0.25527403,
14478279026000,91,0.24125835,-0.6676308,0.25528812,
14478300938000,-48,0.24124946,-0.66762674,0.2552892,
14478319767000,8,0.24129027,-0.66764456,0.25527382,
14478339024000,63,0.24126248,-0.66762996,0.2552516,
14478361057000,-83,0.24130365,-0.6676548,0.25532693,
14478379887000,53,0.24049373,-0.6679661,0.25454858,
14478399082000,60,0.23881748,-0.66856927,0.25292248,
14478420994000,28,0.237735,-0.66903454,0.2518019,
14478439487000,-9,0.23684599,-0.66929954,0.2510234,
14478459141000,39,0.23622268,-0.6694812,0.250438,
14478481083000,9,0.23578095,-0.6696096,0.25007415,
14478499790000,-120,0.23547144,-0.66970235,0.24985637,
14478519260000,-72,0.23526116,-0.66977024,0.24970397,
14478541141000,-120,0.23405762,-0.67016363,0.24857685,
14478560307000,23,0.2331995,-0.67043096,0.24774827,
14478579197000,119,0.23181817,-0.67089635,0.24638446,
14478601292000,-110,0.23087505,-0.6712343,0.24548528,
14478619663000,26,0.23015845,-0.6714381,0.24479818,
14478639317000,8,0.22969776,-0.6715974,0.24430217,
14478661259000,17,0.22941172,-0.67172927,0.24400045,
14478679752000,-77,0.22917092,-0.6718028,0.24379122,
14478699406000,110,0.22901917,-0.67186296,0.24365513,
14478721348000,23,0.22892818,-0.6719163,0.24360767,
14478740330000,-32,0.22879341,-0.6719172,0.24353364,
14478759434000,-50,0.22870693,-0.6719186,0.24344854,
14478781376000,115,0.22963187,-0.6715911,0.24436416,
14478800693000,108,0.2302628,-0.67136115,0.24506241,
14478819523000,26,0.23065405,-0.6711738,0.24550825,
14478841465000,-104,0.23100448,-0.6710822,0.24586025,
14478859898000,-58,0.2312476,-0.67101586,0.24609196,
14478879490000,-122,0.2314531,-0.67098767,0.24627243,
14478901615000,125,0.23147963,-0.67090833,0.2463423,
14478920505000,72,0.23233691,-0.670599,0.24712043,
14478939732000,-6,0.23294748,-0.6703847,0.24766833,
14478961704000,-120,0.23332325,-0.67020935,0.24805075,
14478980381000,-15,0.233591,-0.6700877,0.24831349,
14478999851000,-93,0.23381895,-0.67002356,0.24852745,
14479021763000,-47,0.23399355,-0.6699843,0.24866402,
14479040592000,-72,0.23414582,-0.6699681,0.24873006,
14479059879000,-91,0.23427533,-0.6699728,0.24884108,
14479081791000,-119,0.23432724,-0.6699552,0.24888434,
14479100712000,-108,0.23443447,-0.66997385,0.248893,
14479119938000,79,0.23449351,-0.6699833,0.24894392,
14479141849000,6,0.23451982,-0.66998243,0.2489735,
14479160343000,-128,0.2345889,-0.6700049,0.24899028,
14479179996000,76,0.23462212,-0.6700179,0.24905336,
14479201939000,-84,0.23466173,-0.6700304,0.24904782,
14479220615000,61,0.23468915,-0.67003715,0.24902143,
14479240177000,-115,0.2347514,-0.6700647,0.24903744,
14479261967000,-120,0.23471332,-0.6700431,0.24901105,
14479281193000,-29,0.23390892,-0.67032915,0.24821542,
14479300205000,59,0.23329039,-0.67050165,0.24766867,
14479322056000,-122,0.23285456,-0.6706206,0.24729776,
14479340549000,-83,0.23263252,-0.6707368,0.24698175,
14479360172000,-117,0.23246524,-0.67081636,0.2468064,
14479382145000,-49,0.23232315,-0.67085755,0.24665408,
14479400639000,64,0.23217228,-0.6708634,0.24655828,
14479420139000,-83,0.2324084,-0.6708044,0.24676481,
14479442020000,101,0.23211153,-0.6709252,0.24644127,
14479461002000,-51,0.2321107,-0.670947,0.24636617,
14479480106000,126,0.23202574,-0.6709294,0.24638407,
14479501987000,-11,0.23201871,-0.6709403,0.24638295,
14479520908000,-2,0.2319246,-0.67091346,0.2464615,
14479540165000,-23,0.2318275,-0.67087483,0.24645703,
14479562138000,70,0.23176052,-0.6708454,0.24642196,
14479580631000,-25,0.23172456,-0.67083234,0.24642473,
14479600254000,-82,0.23166552,-0.6708021,0.24636723,
14479622196000,115,0.23168209,-0.67081213,0.2463747,
14479641087000,-16,0.2317092,-0.67082584,0.2463737,
14479660343000,87,0.23171517,-0.67083305,0.24641368,
14479682224000,-113,0.2317773,-0.6708577,0.24636088,
14479700840000,114,0.23178735,-0.67086446,0.24637863,
14479720493000,91,0.23174547,-0.67084026,0.24632403,
14479742496000,-13,0.23164925,-0.67079157,0.24627751,
14479761600000,5,0.23150624,-0.67071813,0.24620008,
14479780399000,-45,0.23159258,-0.67076,0.24621749,
14479802311000,-11,0.23158456,-0.67076015,0.24625994,
14479982822000,-89,0.23163706,-0.67079204,0.24634077,
14480001926000,64,0.23167332,-0.6708102,0.24635537,
14480020695000,-40,0.23165752,-0.6708036,0.24636394,
14480042637000,61,0.23164439,-0.67079544,0.24634142,
14480061100000,-36,0.23172122,-0.6708378,0.24641465,
14480080692000,-55,0.23174858,-0.6708523,0.24643414,
14480102970000,-85,0.23178661,-0.67087317,0.24646907,
14480121220000,-34,0.2318308,-0.6708979,0.24651545,
14480140842000,25,0.23181544,-0.67088956,0.24650234,
14480162724000,52,0.2318238,-0.6708948,0.24651685,
14480181797000,82,0.23259754,-0.670608,0.2472974,
14480200901000,-95,0.23319629,-0.6704342,0.24788299,
14480222752000,82,0.23349917,-0.67025715,0.24829191,
14480241611000,63,0.23374976,-0.67014843,0.24855506,
14480260929000,-77,0.23392265,-0.670074,0.24877684,
14480282841000,67,0.2340348,-0.6700169,0.2489236,
14480301426000,-4,0.23413868,-0.66999185,0.24906598,
14480320896000,-105,0.23425436,-0.66999435,0.24916832,
14480342838000,121,0.23429513,-0.66997343,0.24919105,
14480361698000,34,0.23440824,-0.66999704,0.24919625,
14480381016000,-42,0.23446971,-0.67000586,0.24920732,
14480402897000,122,0.2345207,-0.67001665,0.24922545,
14480421513000,-103,0.2355246,-0.6696671,0.2501793,
14480441044000,53,0.23622811,-0.66942024,0.25079393,
14480462925000,37,0.23752822,-0.6689585,0.25207803,
14480481785000,-98,0.23844841,-0.6686378,0.25299484,
14480501072000,42,0.2391191,-0.6684253,0.2536539,
14480523075000,32,0.23954277,-0.6682559,0.2541362,
14480541996000,110,0.23989895,-0.6681589,0.25439817,
14480561100000,116,0.24016483,-0.66809845,0.2545808,
14480583012000,-43,0.24031435,-0.6680433,0.25476614,
14480601536000,34,0.24044979,-0.668016,0.25485542,
14480621220000,0,0.24054763,-0.66799915,0.25493032,
14480643101000,88,0.2405698,-0.6679659,0.25498322,
14480661747000,36,0.24060185,-0.667954,0.25507048,
14480681278000,-48,0.2405524,-0.66791415,0.25515595,
14480712131000,-26,0.24053735,-0.66789037,0.25515035,
14480722935000,19,0.24045168,-0.667835,0.2550943,
14480741306000,97,0.2404316,-0.6678185,0.2551053,
14480763187000,-8,0.24044861,-0.66782045,0.25510034,
14480781712000,-84,0.24036841,-0.66777426,0.25503346,
14480801334000,40,0.24032904,-0.66775286,0.25502896,
14480823276000,124,0.2403313,-0.6677512,0.25501823,
14480841801000,-97,0.24035627,-0.6677629,0.2550373,
14480861393000,-115,0.24027634,-0.66772366,0.25502172,
14480883305000,-82,0.2402617,-0.66772044,0.2550782,
14480902378000,-62,0.24025205,-0.6677167,0.25509396,
14480921543000,94,0.24021803,-0.66770124,0.25510326,
14480943455000,123,0.24024567,-0.66771233,0.25508296,
14480962345000,84,0.240255,-0.6677156,0.2550715,
14480981571000,82,0.24022774,-0.6676992,0.2550225,
14481003483000,51,0.24034609,-0.66775316,0.25501037,
14481022007000,-58,0.24037826,-0.6677673,0.25499928,
14481041630000,27,0.24041921,-0.66778725,0.255013,
14481063602000,-10,0.24036674,-0.6677629,0.255014,
14481082493000,41,0.24037018,-0.66776603,0.25503418,
14481101994000,79,0.24045451,-0.66780573,0.2550414,
14481123569000,-34,0.24045874,-0.66780573,0.25501537,
14481142246000,81,0.24047211,-0.66781145,0.25500938,
14481161777000,82,0.24054196,-0.66784436,0.25501445,
14481183750000,40,0.24060895,-0.6678791,0.25506303,
14481202579000,86,0.24058777,-0.6678717,0.25509533,
14481221775000,32,0.24057436,-0.66786534,0.25509372,
14481243687000,-36,0.24056835,-0.667864,0.2551132,
14481262608000,85,0.24060734,-0.6678806,0.25509298,
14481281773000,60,0.24063025,-0.66789085,0.25508773,
14481304050000,-83,0.24053654,-0.6678442,0.25504526,
14481322239000,82,0.24054304,-0.6678472,0.2550452,
14481341862000,122,0.24049956,-0.66782755,0.25505304,
14481363773000,-61,0.24053183,-0.6678424,0.25505105,
14481382481000,96,0.24055147,-0.6678523,0.25506115,
14481401981000,-71,0.2405524,-0.6678492,0.25501516,
14481423862000,-16,0.2405672,-0.66785854,0.25504702,
14481443150000,-4,0.24055785,-0.66784793,0.25496385,
14481461979000,56,0.24058306,-0.6678556,0.2549108,
14481483891000,14,0.24060006,-0.6678666,0.25495115,
14481502445000,-79,0.24058656,-0.6678631,0.2549874,
14481522068000,-2,0.24057207,-0.66786,0.2550366,
14481543949000,-45,0.24067084,-0.6679077,0.25506064,
14481562565000,18,0.24071737,-0.6679273,0.2550342,
14481582249000,105,0.24081472,-0.66797334,0.25504404,
14481604008000,-11,0.24084176,-0.6679883,0.2550758,
14481623051000,77,0.24084513,-0.66798854,0.25505838,
14481642185000,-18,0.24085979,-0.66799676,0.25507683,
14481664066000,5,0.2408721,-0.66800547,0.2551174,
14481683384000,-122,0.2408541,-0.66799587,0.25510043,
14481702183000,126,0.2408133,-0.6679751,0.25507662,
14481724155000,-122,0.2408571,-0.6679895,0.25499654,
14481742710000,-107,0.2401191,-0.6683241,0.25418356,
14481762272000,19,0.23954949,-0.6685327,0.2536401,
14481784183000,19,0.23910813,-0.66865444,0.25322148,
14481803104000,-17,0.2388257,-0.6687508,0.25292233,
14481822361000,-109,0.23858795,-0.668794,0.25265032,
14481844242000,-72,0.23852673,-0.6688781,0.2525194,
14481862919000,-41,0.23855606,-0.6689715,0.25243792,
14481882359000,-37,0.23848072,-0.66899157,0.25237587,
14481904545000,-112,0.23842853,-0.6689996,0.2522565,
14481923161000,57,0.2383992,-0.6690127,0.25222322,
14481942478000,68,0.23834346,-0.6690036,0.25217888,
14481964390000,-37,0.23837031,-0.66903067,0.2521777,
14481983250000,23,0.23834778,-0.6690312,0.25218835,
14482002537000,101,0.23831408,-0.66902,0.2521582,
14482024448000,60,0.23826995,-0.6690023,0.25213382,
14482043003000,-42,0.23816697,-0.6689544,0.25209555,
14482062534000,-112,0.23709863,-0.6692847,0.2511204,
14482084476000,-72,0.23641528,-0.6695466,0.2504196,
14482103367000,12,0.23594877,-0.66973966,0.24996874,
14482122654000,3,0.23563099,-0.6698767,0.24962123,
14482144505000,1,0.23537806,-0.6699574,0.2493618,
14482163822000,28,0.23520143,-0.6700134,0.249172,
14482182651000,-98,0.23509814,-0.67006207,0.24903753,
14482204594000,-128,0.2350273,-0.67009896,0.24896957,
14482223087000,-40,0.23503315,-0.6701539,0.24896368,
14482242771000,-118,0.23506442,-0.6702084,0.24900156,
14482264683000,-104,0.23497784,-0.6701912,0.24896586,
14482283176000,-121,0.23497473,-0.6702025,0.2489008,
14482302860000,-60,0.23496297,-0.6702085,0.24888603,
14482324772000,46,0.2350383,-0.6702465,0.24881712,
14482343784000,-119,0.23504907,-0.6702567,0.24880543,
14482362888000,-32,0.23505256,-0.6702631,0.24881142,
14482384739000,-55,0.23503003,-0.6702588,0.24884811,
14482403599000,-54,0.23498453,-0.6702435,0.24889173,
14482422916000,-39,0.23496784,-0.67023385,0.24885024,
14482444797000,-108,0.23498611,-0.6702412,0.24882424,
14482463322000,-102,0.23496778,-0.67023593,0.24885479,
14482482975000,81,0.2349309,-0.67021734,0.2488299,
14482504948000,77,0.23493588,-0.67021924,0.2488207,
14482523838000,-109,0.23492393,-0.67021495,0.24883254,
14482543064000,-118,0.23486309,-0.6701879,0.24884307,
14482564884000,117,0.23486798,-0.6701925,0.24886985,
14482583591000,111,0.23486176,-0.6701907,0.24888164,
14482603428000,-51,0.2349207,-0.6702192,0.24889588,
14482625034000,-42,0.23489735,-0.6702118,0.24893647,
14482644382000,-46,0.23488101,-0.6701985,0.24886706,
14482663120000,2,0.23493674,-0.6702237,0.24886027,
14482685093000,3,0.23490833,-0.67020935,0.24884482,
14482703922000,-111,0.23494492,-0.6702247,0.24882708,
14482723148000,-61,0.23495609,-0.67022777,0.24880056,
14482745060000,113,0.23497945,-0.67023593,0.24876939,
14482763615000,20,0.23498373,-0.67023826,0.24877372,
14482783268000,-118,0.23490943,-0.67020273,0.24875937,
14482805149000,-127,0.2348858,-0.67019,0.24873671,
14482823795000,48,0.23492485,-0.6702085,0.24874339,
14482843266000,-45,0.23498766,-0.6702402,0.24877499,
14482865208000,-70,0.23601714,-0.6698764,0.24983197,
14482884464000,-120,0.2367172,-0.66961354,0.25056422,
14482903446000,-51,0.23718055,-0.66941553,0.2510445,
14482925266000,-127,0.23756737,-0.6693065,0.2513807,
14483045567000,-49,0.23829892,-0.6690447,0.251971,
14483064640000,30,0.238294,-0.66901284,0.2519287,
14483083714000,-111,0.23839144,-0.66904944,0.2520399,
14483105503000,114,0.23841642,-0.6690526,0.25209218,
14483124271000,-52,0.2384457,-0.66905916,0.2521129,
14483143589000,96,0.2385054,-0.6690823,0.25213096,
14483165531000,-36,0.2385471,-0.6690961,0.25211516,
14483184055000,92,0.23852517,-0.66907984,0.2520797,
14483203739000,-48,0.23848847,-0.66906244,0.25210258,
14483225620000,78,0.2385253,-0.66908246,0.25215423,
14483244480000,-121,0.23856634,-0.6691076,0.25223866,
14483263737000,14,0.23862329,-0.66913456,0.25225124,
14483285618000,-66,0.23862314,-0.66913766,0.25229537,
14483304295000,-97,0.23858327,-0.6691223,0.2523389,
14483323765000,-34,0.23855425,-0.6691094,0.25235108,
14483345707000,80,0.23857252,-0.6691193,0.25236928,
14483364567000,45,0.23849764,-0.66908216,0.2523453,
14483383793000,-73,0.23846504,-0.6690675,0.25235385,
14483405766000,-15,0.23848394,-0.6690809,0.25241056,
14483424625000,-71,0.2384602,-0.6690712,0.25242767,
14483443882000,18,0.23841813,-0.66905403,0.25245932,
14483465702000,55,0.23839816,-0.6690446,0.25245795,
14483484287000,-85,0.23834434,-0.6690208,0.25247434,
14483503971000,67,0.2383114,-0.6690059,0.25248155,
14483525852000,-95,0.2382926,-0.6689962,0.25247058,
14483544498000,-72,0.2383383,-0.6690187,0.25248364,
14483564030000,53,0.23830149,-0.6690002,0.25246847,
14483585911000,-80,0.23825805,-0.66897696,0.25243285,
14483605625000,65,0.23828657,-0.6689872,0.25239596,
14483624088000,1,0.23830229,-0.6689983,0.2524412,
14483646000000,102,0.23829842,-0.6689987,0.25246775,
14483664432000,122,0.23829782,-0.6689983,0.25246632,
14483684055000,-127,0.23821567,-0.66896117,0.25248227,
14483706028000,-49,0.23819706,-0.6689544,0.2525057,
14483730961000,76,0.23825702,-0.668983,0.2525126,
14483744144000,71,0.23822774,-0.668971,0.2525332,
14483766026000,-107,0.23823747,-0.668976,0.25253838,
14483785068000,-81,0.23821114,-0.66896456,0.25254977,
14483804234000,3,0.23817804,-0.6689504,0.2525658,
14483826145000,-51,0.23813328,-0.66892594,0.25252235,
14483845005000,32,0.23816438,-0.6689404,0.25252122,
14483864262000,88,0.2381284,-0.6689256,0.25254613,
14483886173000,-87,0.2380981,-0.6689123,0.25255752,
14483904789000,67,0.23809132,-0.6689112,0.2525826,
14483924381000,73,0.23809858,-0.6689135,0.25256887,
14483946293000,55,0.23809817,-0.66891354,0.25257173,
14483965122000,69,0.23812467,-0.66892993,0.25262043,
14483984379000,-106,0.23812304,-0.66892856,0.25261295,
14484006290000,-40,0.23807088,-0.6689031,0.25260022,
14484024967000,69,0.23806384,-0.6688997,0.25259897,
14484044468000,-79,0.23810105,-0.66891587,0.25258377,
14484066410000,68,0.2380721,-0.66890234,0.25258434,
14484085239000,22,0.23802763,-0.66887784,0.25253934,
14484104496000,-53,0.23801054,-0.6688678,0.25251415,
14484126408000,-77,0.23801874,-0.66887337,0.25253534,
14484145328000,44,0.23805602,-0.6688894,0.25251824,
14484164555000,-33,0.23809457,-0.66890794,0.25252432,
14484186466000,-7,0.23702553,-0.66925627,0.25152823,
14484205021000,38,0.23628436,-0.66950595,0.25083485,
14484224644000,36,0.2357793,-0.6696878,0.25034404,
14484246586000,-6,0.23538011,-0.6697862,0.2499008,
14484265171000,72,0.23516731,-0.6698936,0.24968025,
14484284702000,-7,0.23502581,-0.6699702,0.24949962,
14484306644000,-53,0.234987,-0.67005384,0.24939933,
14484325932000,26,0.23489995,-0.6700831,0.24930978,
14484344852000,74,0.23486811,-0.6701194,0.24927486,
14484366734000,45,0.23480922,-0.6701239,0.249202,
14484385197000,110,0.23478279,-0.6701365,0.24918276,
14484404880000,4,0.23472197,-0.6701227,0.24913247,
14484426823000,30,0.23470065,-0.6701209,0.24907266,
14484445408000,79,0.23465887,-0.67011184,0.24908826,
14484464939000,19,0.23464686,-0.6701139,0.24910352,
14484486881000,92,0.23466645,-0.6701229,0.24904923,
14484505833000,43,0.23467934,-0.67012453,0.2489597,
14484524906000,82,0.23466715,-0.67012215,0.24897155,
14484546848000,-29,0.23464166,-0.6701138,0.2489951,
14484566135000,123,0.23459825,-0.6700967,0.24901788,
14484584965000,-89,0.23454759,-0.6700754,0.24903502,
14484606968000,35,0.2345728,-0.6700906,0.2490718,
14484625492000,-124,0.23454428,-0.67008096,0.24910939,
14484645084000,-85,0.23452827,-0.670073,0.24909963,
14484666965000,81,0.23452468,-0.67007023,0.24908416,
14484685825000,-118,0.23451935,-0.67007077,0.2491191,
14484705357000,90,0.23456724,-0.67009187,0.24910553,
14484967503000,8,0.23749666,-0.6690293,0.2519642,
14484986149000,-63,0.2376772,-0.6690195,0.25210974,
14485005619000,-2,0.23776004,-0.6689952,0.2522458,
14485027500000,-20,0.23781703,-0.66897637,0.25232437,
14485046726000,-115,0.2378805,-0.6689705,0.25233448,
14485065647000,75,0.23793426,-0.6689729,0.2523673,
14485087559000,124,0.23792922,-0.6689508,0.25234357,
14485106022000,83,0.23789772,-0.66892284,0.25233442,
14485125675000,32,0.23788252,-0.66891134,0.2523872,
14485147434000,-89,0.23790583,-0.6689177,0.25240678,
14485165958000,-115,0.2379091,-0.6689128,0.25238094,
14485185520000,86,0.23791578,-0.66891044,0.2523498,
14485207493000,25,0.23793761,-0.668919,0.25235564,
14485226536000,-92,0.23787981,-0.66888976,0.2523468,
14485245609000,-30,0.23784682,-0.6688778,0.2524001,
14485267551000,-49,0.23786052,-0.6688844,0.25241235,
14485286381000,-88,0.2378369,-0.66887146,0.25239548,
14485305607000,-3,0.23782966,-0.668868,0.2523984,
14485327549000,88,0.23779391,-0.66885,0.25238603,
14485346073000,89,0.23775901,-0.66882527,0.2522855,
14485365696000,-105,0.23773168,-0.66881037,0.2522616,
14485387608000,46,0.2376939,-0.6687913,0.25224486,
14485406498000,61,0.23767434,-0.6687821,0.25224546,
14485425755000,-30,0.23770885,-0.66879946,0.2522606,
14485447666000,-54,0.23769814,-0.6687989,0.25231546,
14485466343000,40,0.23763964,-0.66877115,0.25231045,
14485485844000,-22,0.23762512,-0.6687645,0.2523117,
14485507786000,64,0.2376882,-0.66879445,0.25231844,
14485527073000,81,0.23770823,-0.66880876,0.2523784,
14485545872000,-46,0.23768876,-0.6688039,0.25242934,
14485567783000,102,0.23767945,-0.66879934,0.25242713,
14485586735000,-91,0.23766832,-0.66879785,0.2524716,
14485605930000,-21,0.2376341,-0.668778,0.2524262,
14485627842000,83,0.23762017,-0.6687779,0.25250313,
14485646336000,79,0.23644505,-0.6691945,0.2513872,
14485666019000,106,0.23555867,-0.66945827,0.25059268,
14485687962000,-12,0.23496294,-0.6696534,0.2500069,
14485706577000,65,0.23457049,-0.6697997,0.24956892,
14485726047000,115,0.23349077,-0.67021716,0.24848343,
14485747990000,68,0.23274142,-0.67051125,0.24775158,
14485767216000,-13,0.23125018,-0.6710352,0.24627525,
14485786106000,72,0.23020354,-0.6714024,0.24525754,
14485808018000,-74,0.22949761,-0.671672,0.24454603,
14485826572000,70,0.22900176,-0.6718548,0.24399012,
14485846195000,-75,0.22861716,-0.67196643,0.24361177,
14485868076000,46,0.22839229,-0.6720664,0.24336167,
14485886631000,12,0.22825396,-0.6721488,0.243228,
14485906223000,-26,0.22814637,-0.67219657,0.24307856,
14485928135000,-30,0.2281485,-0.6722651,0.24297056,
14485947178000,-43,0.22814454,-0.67231053,0.24289231,
14485966312000,-88,0.22803776,-0.6722944,0.2428367,
14485988193000,-7,0.22806531,-0.6723319,0.24281844,
14486007053000,-106,0.22800522,-0.672318,0.24276355,
14486026340000,-2,0.22790733,-0.67227983,0.24269487,
14486048252000,37,0.22789514,-0.672283,0.24269122,
14486066807000,5,0.22791328,-0.6722969,0.24268235,
14486086430000,-27,0.22898504,-0.67195165,0.24375464,
14486108311000,33,0.22973004,-0.6717089,0.24449748,
14486127201000,-1,0.23027211,-0.67154884,0.24500926,
14486146427000,-46,0.23143025,-0.6711318,0.24617511,
14486168400000,-70,0.23226076,-0.67084837,0.24702658,
14486187016000,4,0.23278385,-0.67061317,0.2475272,
14486206547000,-61,0.23320244,-0.6704784,0.2479554,
14486228428000,78,0.23350686,-0.6703833,0.24818785,
14486247318000,-98,0.23371023,-0.67031115,0.2483404,
14486266575000,39,0.2338122,-0.67024213,0.24844967,
14486288486000,89,0.23392057,-0.67021495,0.24857487,
14486307438000,-25,0.23391105,-0.6701548,0.24864264,
14486326633000,-62,0.23395558,-0.6701368,0.24869555,
14486348576000,-83,0.2339682,-0.67011636,0.2487421,
14486367039000,85,0.23400137,-0.67011595,0.24880679,
14486386692000,63,0.23287883,-0.6704835,0.24773884,
14486408634000,-25,0.23133528,-0.6710335,0.2461608,
14486427280000,-100,0.23027411,-0.6714254,0.24507378,
14486446751000,-9,0.22954133,-0.6717008,0.24429145,
14486468662000,92,0.2290392,-0.6718981,0.24374911,
14486488377000,-116,0.22864157,-0.6720184,0.2434107,
14486506809000,65,0.2283113,-0.67206806,0.24305686,
14486528690000,-19,0.22818324,-0.67215526,0.24286646,
14486547214000,79,0.2280871,-0.6722196,0.24280442,
14486566837000,-123,0.22787581,-0.67218655,0.24262825,
14486588779000,82,0.22699426,-0.67178774,0.24206959,
14486607304000,-119,0.22447333,-0.67054504,0.24065839,
14486626865000,67,0.22127567,-0.66895837,0.23895507,
14486648838000,110,0.21647139,-0.66655254,0.23631091,
14486667850000,-105,0.21338834,-0.6638802,0.23520766,
