14454236881000,3,-30.38,19.018,-15.904,
14454256107000,3,-30.38,19.018,-15.904,
14454277927000,3,-30.38,19.018,-15.582,
14456384281000,3,-30.357,19.36,-15.882,
14456403538000,3,-30.357,19.36,-15.882,
14456418125000,3,-30.357,19.36,-15.882,
14456440098000,3,-30.357,19.36,-15.882,
14456459660000,3,-30.357,19.36,-15.882,
14456478123000,3,-30.357,19.36,-15.882,
14456500065000,3,-30.357,19.36,-15.882,
14456518528000,3,-30.357,19.36,-15.882,
14456538151000,3,-30.357,19.36,-15.882,
14456560093000,3,-30.357,19.36,-15.882,
14456578983000,3,-30.357,19.36,-15.882,
14456598240000,3,-30.357,19.36,-15.882,
14456620182000,3,-30.357,19.36,-15.882,
14456638798000,3,-30.357,19.36,-15.882,
14456658298000,3,-30.357,19.36,-15.882,
14456680241000,3,-30.357,19.36,-15.882,
14456699650000,3,-30.357,19.36,-15.882,
14456718418000,3,-30.357,19.36,-15.882,
14456740269000,3,-30.357,19.36,-15.882,
14456759281000,3,-30.357,19.36,-15.882,
14456778599000,3,-30.357,19.36,-15.882,
14456800449000,3,-30.357,19.36,-15.882,
14456818790000,3,-30.357,19.36,-15.882,
14456838413000,3,-30.357,19.36,-15.882,
14456860355000,3,-30.357,19.36,-15.882,
14456878971000,3,-30.357,19.36,-15.882,
14456898472000,3,-30.357,19.36,-15.882,
14456920383000,3,-30.357,19.36,-15.882,
14456939640000,3,-30.357,19.36,-15.882,
14456958561000,3,-30.357,19.36,-15.882,
14456980473000,3,-30.357,19.36,-15.882,
14456998966000,3,-30.357,19.36,-15.882,
14457018589000,3,-30.357,19.36,-15.882,
14457040562000,3,-30.357,19.058,-15.882,
14457059055000,3,-30.357,19.058,-15.882,
14457078648000,3,-30.357,19.058,-15.882,
14457100651000,3,-30.357,19.058,-15.882,
14457119724000,3,-30.357,19.058,-15.882,
14457138798000,3,-30.357,19.058,-15.882,
14457160648000,3,-30.357,19.058,-15.882,
14457179478000,3,-30.357,19.058,-15.882,
14457198765000,3,-30.357,19.058,-15.882,
14457220707000,3,-30.357,19.058,-15.882,
14457239231000,3,-30.357,19.058,-15.882,
14457258823000,3,-30.357,19.058,-15.882,
14457280766000,3,-30.357,19.058,-15.882,
14457299656000,3,-30.357,19.058,-15.882,
14457318943000,3,-30.357,19.058,-15.882,
14457340855000,3,-30.357,19.058,-15.882,
14457359501000,3,-30.357,19.058,-15.882,
14457379002000,3,-30.357,19.058,-15.882,
14457400944000,3,-30.357,19.058,-15.882,
14457419834000,3,-30.357,19.058,-15.882,
14457439091000,3,-30.357,19.058,-15.882,
14457460941000,3,-30.357,19.058,-15.882,
14457479832000,3,-30.357,19.058,-15.882,
14457499058000,3,-30.357,19.058,-15.882,
14457520969000,3,-30.357,19.058,-15.882,
14457539463000,3,-30.357,19.058,-15.882,
14457559116000,3,-30.357,19.058,-15.882,
14457581089000,3,-30.357,19.058,-15.882,
14457599766000,3,-30.357,19.058,-15.882,
14457619236000,3,-30.357,19.058,-15.882,
14457641148000,3,-30.357,19.058,-15.882,
14457660831000,3,-30.357,19.058,-15.882,
14457679203000,3,-30.357,19.058,-15.882,
14457701328000,3,-30.357,19.058,-15.882,
14457719669000,3,-30.357,19.058,-15.882,
14457739292000,3,-30.357,19.058,-15.882,
14457761265000,3,-30.357,19.058,-15.882,
14457779758000,3,-30.357,19.058,-15.882,
14457799320000,3,-30.357,19.058,-15.882,
14457821293000,3,-30.357,19.058,-15.882,
14457840336000,3,-30.357,19.058,-15.882,
14457859409000,3,-30.357,19.058,-15.882,
14457881351000,3,-30.357,19.058,-15.882,
14457900394000,3,-30.357,19.058,-15.882,
14457919498000,3,-30.357,19.058,-15.882,
14457941441000,3,-30.357,19.058,-15.882,
14457959995000,3,-30.357,19.058,-15.882,
14457979618000,3,-30.357,19.058,-15.882,
14458001499000,3,-30.357,19.058,-15.882,
14458020451000,3,-30.357,19.058,-15.882,
14458039738000,3,-30.357,19.058,-15.882,
14458061649000,3,-30.357,19.058,-15.882,
14458080296000,3,-30.357,19.058,-15.882,
14458099827000,3,-30.357,19.058,-15.882,
14458121586000,3,-30.357,19.058,-15.882,
14458140446000,3,-30.357,19.058,-15.882,
14458159672000,3,-30.357,19.058,-15.882,
14458181644000,3,-30.357,19.058,-15.882,
14458200840000,3,-30.357,19.058,-15.882,
14458219791000,3,-30.357,19.058,-15.882,
14458241764000,3,-30.357,19.058,-15.882,
14458260288000,3,-30.357,19.371,-15.882,
14458279911000,3,-30.357,19.371,-15.882,
14458302372000,3,-30.357,19.371,-15.882,
14458320408000,3,-30.357,19.371,-15.882,
14458339848000,3,-30.357,19.371,-15.882,
14458361790000,3,-30.357,19.371,-15.582,
14458381046000,3,-30.357,19.371,-15.582,
14458399937000,3,-30.357,19.371,-15.582,
14458421848000,3,-30.357,19.706,-15.582,
14458440342000,3,-30.357,19.706,-15.582,
14458459995000,3,-30.357,19.706,-15.582,
14458481937000,3,-30.67,19.706,-15.582,
14458500431000,3,-30.67,19.706,-15.582,
14458520084000,3,-30.67,19.706,-15.582,
14458542026000,3,-30.67,19.706,-15.582,
14458561008000,3,-30.67,19.706,-15.582,
14458580143000,3,-30.67,19.706,-15.582,
14458602085000,3,-30.67,19.706,-15.582,
14458621311000,3,-30.67,19.369,-15.582,
14458640171000,3,-30.67,19.369,-15.582,
14458662083000,3,-30.67,19.369,-15.582,
14458680668000,3,-30.67,19.369,-15.582,
14458700230000,3,-30.67,19.369,-15.582,
14458722172000,3,-30.67,19.369,-15.582,
14458741062000,3,-30.67,19.065,-15.94,
14458760319000,3,-30.67,19.065,-15.94,
14458782230000,3,-30.67,19.065,-15.94,
14458800846000,3,-30.67,19.065,-15.94,
14458820347000,3,-30.67,19.065,-15.94,
14458842258000,3,-30.67,19.065,-15.94,
14458861149000,3,-30.67,19.065,-15.94,
14458880405000,3,-30.67,19.065,-15.94,
14458902378000,3,-30.67,19.065,-15.94,
14458921238000,3,-30.67,19.065,-15.94,
14458940433000,3,-30.67,19.065,-15.94,
14458962376000,3,-30.67,19.065,-15.94,
14458980869000,3,-30.343,19.065,-15.94,
14459000828000,3,-30.343,19.065,-15.94,
14459022617000,3,-30.343,19.065,-15.94,
14459041264000,3,-30.343,19.065,-15.94,
14459060734000,3,-30.343,19.065,-15.94,
14459082676000,3,-30.343,19.065,-15.94,
14459101994000,3,-30.343,19.065,-15.94,
14459120731000,3,-30.343,19.065,-15.94,
14459142704000,3,-30.343,19.065,-15.94,
14459161167000,3,-30.343,19.065,-15.94,
14459180851000,3,-30.343,19.065,-15.94,
14459202702000,3,-30.343,19.065,-15.94,
14459221287000,3,-30.343,19.065,-15.94,
14459240940000,3,-30.343,19.065,-15.94,
14459262699000,3,-30.343,19.065,-15.94,
14459281773000,3,-30.343,19.065,-15.94,
14459300877000,3,-30.343,19.065,-15.94,
14459322849000,3,-30.343,19.065,-15.611,
14459341709000,3,-30.343,19.065,-15.611,
14459360874000,3,-30.343,19.065,-15.611,
14459382786000,3,-30.343,19.065,-15.611,
14459401463000,3,-30.343,19.065,-15.611,
14459426304000,3,-30.343,19.065,-15.611,
14459446842000,3,-30.343,19.065,-15.611,
14459461887000,3,-30.343,19.38,-15.611,
14459481113000,3,-30.343,19.38,-15.611,
14459503025000,3,-30.343,19.38,-15.611,
14459521519000,3,-30.343,19.38,-15.611,
14459541019000,3,-30.343,19.38,-15.611,
14459562809000,3,-30.343,19.38,-15.611,
14459582249000,3,-30.343,19.38,-15.611,
14459601261000,3,-30.343,19.38,-15.611,
14459623051000,3,-30.343,19.38,-15.611,
14459641941000,3,-30.343,19.38,-15.611,
14459661106000,3,-30.343,19.38,-15.611,
14459683048000,3,-30.343,19.38,-15.611,
14459701572000,3,-30.343,19.38,-15.611,
14459721195000,3,-30.343,19.38,-15.611,
14459743778000,3,-30.651,19.38,-15.611,
14459761814000,3,-30.651,19.38,-15.611,
14459781254000,3,-30.651,19.38,-15.611,
14459803196000,3,-30.651,19.38,-15.611,
14459822422000,3,-30.651,19.38,-15.611,
14459841343000,3,-30.651,19.38,-15.611,
14459863255000,3,-30.651,19.38,-15.611,
14459881748000,3,-30.651,19.38,-15.611,
14459901432000,3,-30.651,19.38,-15.611,
14459923313000,3,-30.651,19.38,-15.611,
14459941837000,3,-30.651,19.38,-15.611,
14459961430000,3,-30.651,19.38,-15.611,
14459983433000,3,-30.651,19.38,-15.611,
14460002445000,3,-30.651,19.38,-15.611,
14460021580000,3,-30.651,19.38,-15.611,
14460043491000,3,-30.651,19.38,-15.611,
14460062290000,3,-30.651,19.38,-15.611,
14460081547000,3,-30.651,19.38,-15.611,
14460103458000,3,-30.651,19.38,-15.611,
14460122013000,3,-30.651,19.38,-15.611,
14460141605000,3,-30.651,19.38,-15.611,
14460163609000,3,-30.651,19.38,-15.611,
14460182621000,3,-30.651,19.38,-15.611,
14460201755000,3,-30.651,19.38,-15.611,
14460223698000,3,-30.651,19.38,-15.611,
14460242344000,3,-30.651,19.38,-15.611,
14460261814000,3,-30.651,19.38,-15.255,
14460283787000,3,-30.651,19.703,-15.255,
14460302616000,3,-30.651,19.703,-15.255,
14460321842000,3,-30.651,19.703,-15.255,
14460343754000,3,-30.651,19.703,-15.255,
14460362644000,3,-30.651,19.703,-15.255,
14460381901000,3,-30.651,19.703,-15.255,
14460403873000,3,-30.651,19.703,-15.255,
14460422337000,3,-30.651,19.703,-15.255,
14460441959000,3,-30.651,19.703,-15.255,
14460463840000,3,-30.651,19.703,-15.255,
14460482456000,3,-30.651,19.703,-15.255,
14460502018000,3,-30.651,19.703,-15.255,
14460523930000,3,-30.651,19.703,-15.255,
14460543705000,3,-30.651,19.703,-15.255,
14460561985000,3,-30.651,19.703,-15.255,
14460583958000,3,-30.651,19.703,-15.255,
14460602512000,3,-30.651,19.703,-15.255,
14460622288000,3,-30.651,19.703,-15.568,
14460644169000,3,-30.651,19.378,-15.568,
14460662601000,3,-30.651,19.378,-15.568,
14460682224000,3,-30.651,19.378,-15.568,
14460704136000,3,-30.651,19.378,-15.568,
14460723057000,3,-30.651,19.378,-15.568,
14460742161000,3,-30.651,19.378,-15.568,
14460764072000,3,-30.651,19.378,-15.568,
14460782932000,3,-30.651,19.378,-15.568,
14460802219000,3,-30.651,19.378,-15.869,
14460824223000,3,-30.651,19.378,-15.869,
14460842838000,3,-30.651,19.378,-15.869,
14460862339000,3,-30.651,19.378,-15.869,
14460884281000,3,-30.651,19.378,-15.869,
14460903172000,3,-30.651,19.378,-15.869,
14460922398000,3,-30.651,19.378,-15.869,
14460944248000,3,-30.651,19.378,-15.869,
14460962955000,3,-30.651,19.378,-15.869,
14460982456000,3,-30.651,19.378,-15.869,
14461004368000,3,-30.651,19.378,-15.869,
14461023197000,3,-30.651,19.378,-15.869,
14461042789000,3,-30.651,19.378,-15.869,
14461064457000,3,-30.346,19.378,-15.869,
14461083378000,3,-30.346,19.075,-15.869,
14461102726000,3,-30.346,19.075,-15.869,
14461124516000,3,-30.346,19.075,-15.869,
14461143009000,3,-30.346,19.075,-15.869,
14461162724000,3,-30.346,19.075,-15.869,
14461184544000,3,-30.346,19.075,-15.869,
14461203190000,3,-30.346,19.075,-15.869,
14461222721000,3,-30.346,19.075,-15.869,
14461244572000,3,-30.346,19.075,-15.869,
14461263889000,3,-30.346,19.075,-15.869,
14461282780000,3,-30.346,19.075,-15.869,
14461304630000,3,-30.346,19.075,-15.869,
14461323154000,3,-30.346,19.075,-15.869,
14461342777000,3,-30.346,19.075,-15.869,
14461364750000,3,-30.346,19.075,-15.869,
14461383213000,3,-30.346,19.075,-15.869,
14461402836000,3,-30.346,19.075,-15.869,
14461424717000,3,-30.346,19.075,-15.869,
14461443760000,3,-30.346,19.075,-15.869,
14461462864000,3,-30.346,19.075,-15.869,
14461484837000,3,-30.346,19.075,-15.869,
14461504154000,3,-30.346,19.075,-15.869,
14461522984000,3,-30.346,19.075,-15.869,
14461544865000,3,-30.346,19.075,-15.869,
14461563389000,3,-30.346,19.075,-15.869,
14461582981000,3,-30.346,19.392,-15.869,
14461605015000,3,-30.346,19.392,-15.869,
14461623844000,3,-30.346,19.392,-15.869,
14461643101000,3,-30.346,19.392,-15.869,
14461664982000,3,-30.346,19.392,-15.869,
14461683598000,3,-30.346,19.392,-15.869,
14461703098000,3,-30.346,19.392,-15.869,
14461725010000,3,-30.346,19.392,-15.869,
14461743870000,3,-30.346,19.392,-15.869,
14461763187000,3,-30.346,19.392,-15.869,
14461785099000,3,-30.346,19.392,-15.869,
14461804081000,3,-30.346,19.392,-15.869,
14461823276000,3,-30.346,19.392,-15.869,
14461845188000,3,-30.346,19.392,-15.869,
14461863651000,3,-30.346,19.392,-15.869,
14461883305000,3,-30.346,19.392,-15.869,
14461905186000,3,-30.346,19.392,-15.869,
14461923862000,3,-30.346,19.392,-15.869,
14461943333000,3,-30.346,19.09,-15.869,
14461965244000,3,-30.346,19.09,-15.869,
14461984501000,3,-30.346,19.09,-15.869,
14462003452000,3,-30.346,19.09,-15.869,
14462025303000,3,-30.346,19.09,-15.869,
14462043797000,3,-30.346,19.09,-15.869,
14462063450000,3,-30.346,19.09,-15.869,
14462085361000,3,-30.346,19.09,-15.869,
14462103916000,3,-30.346,19.09,-15.869,
14462123508000,3,-30.346,19.09,-15.869,
14462145359000,3,-30.346,19.09,-15.869,
14462164432000,3,-30.346,19.09,-15.869,
14462183567000,3,-30.346,19.09,-15.869,
14462205540000,3,-30.346,19.09,-15.869,
14462224339000,3,-30.346,19.09,-15.869,
14462243687000,3,-30.346,19.09,-15.869,
14462265598000,3,-30.346,19.09,-15.869,
14462284092000,3,-30.346,19.09,-15.869,
14462303745000,3,-30.346,19.09,-15.869,
14462325626000,3,-30.346,19.09,-15.869,
14462344486000,3,-30.346,19.09,-15.869,
14462363804000,3,-30.346,19.09,-15.869,
14462385715000,3,-30.346,19.09,-15.869,
14462404362000,3,-30.346,19.09,-15.869,
14462423862000,3,-30.346,19.09,-15.869,
14462445805000,3,-30.346,19.09,-15.869,
14462468479000,3,-30.346,19.09,-15.869,
14462487308000,3,-30.346,19.09,-15.869,
14462505833000,3,-30.346,19.09,-15.869,
14462524662000,3,-30.346,19.09,-15.869,
14462543919000,3,-30.346,19.09,-15.869,
14462565861000,3,-30.346,19.09,-15.869,
14462584293000,3,-30.346,19.09,-15.869,
14462603947000,3,-30.346,19.09,-15.869,
14462625858000,3,-30.346,19.09,-15.524,
14462644505000,3,-30.346,19.09,-15.524,
14462664036000,3,-30.346,19.406,-15.524,
14462685978000,3,-30.346,19.406,-15.524,
14462705234000,3,-30.346,19.406,-15.524,
14462724064000,3,-30.346,19.406,-15.524,
14462746067000,3,-30.346,19.406,-15.524,
14462764530000,3,-30.346,19.406,-15.524,
14462784153000,3,-30.346,19.406,-15.524,
14462806065000,3,-30.346,19.406,-15.524,
14462824558000,3,-30.346,19.406,-15.524,
14462844181000,3,-30.346,19.406,-15.524,
14462866154000,3,-30.346,19.406,-15.524,
14462885136000,3,-30.346,19.406,-15.524,
14462904270000,3,-30.346,19.406,-15.524,
14462926151000,3,-30.346,19.406,-15.524,
14462945011000,3,-30.346,19.406,-15.524,
14462964359000,3,-30.346,19.406,-15.524,
14462986240000,3,-30.346,19.406,-15.524,
14463004887000,3,-30.346,19.406,-15.524,
14463024448000,3,-30.346,19.406,-15.524,
14463046391000,3,-30.346,19.406,-15.524,
14463065281000,3,-30.346,19.406,-15.524,
14463084476000,3,-30.346,19.406,-15.84,
14463106297000,3,-30.346,19.406,-15.84,
14463125004000,3,-30.346,19.406,-15.84,
14463144474000,3,-30.346,19.406,-15.84,
14463166508000,3,-30.346,19.104,-15.84,
14463185429000,3,-30.346,19.104,-15.84,
14463204716000,3,-30.346,19.104,-15.84,
14463226688000,3,-30.346,19.104,-15.84,
14463245518000,3,-30.346,19.104,-15.84,
14463264652000,3,-30.346,19.104,-15.84,
14463286564000,3,-30.346,19.104,-15.84,
14463305149000,3,-30.346,19.104,-15.84,
14463324802000,3,-30.346,19.104,-15.84,
14463346775000,3,-30.346,19.104,-15.84,
14463365299000,3,-30.346,19.104,-15.84,
14463384769000,3,-30.346,19.104,-15.84,
14463406681000,3,-30.346,19.104,-15.84,
14463426395000,3,-30.346,19.104,-15.84,
14463444767000,3,-30.346,19.104,-15.84,
14463466740000,3,-30.346,19.104,-15.84,
14463485264000,3,-30.346,19.104,-15.513,
14463504856000,3,-30.346,19.104,-15.513,
14463526829000,3,-30.346,19.104,-15.513,
14463545353000,3,-30.346,19.104,-15.513,
14463564915000,3,-30.346,19.104,-15.513,
14463586948000,3,-30.346,19.104,-15.513,
14463605900000,3,-30.346,19.104,-15.513,
14463624943000,3,-30.346,19.104,-15.513,
14463646854000,3,-30.346,19.104,-15.513,
14463665775000,3,-30.346,19.104,-15.513,
14463685001000,3,-30.346,19.104,-15.513,
14463706943000,3,-30.346,19.104,-15.513,
14463725498000,3,-30.346,19.104,-15.513,
14463745121000,3,-30.346,19.104,-15.513,
14463767033000,3,-30.346,19.404,-15.513,
14463785953000,3,-30.346,19.404,-15.513,
14463805393000,3,-30.346,19.404,-15.513,
14463827244000,3,-30.346,19.404,-15.513,
14463845890000,3,-30.346,19.404,-15.513,
14463865421000,3,-30.346,19.404,-15.513,
14463887363000,3,-30.346,19.404,-15.513,
14463906254000,3,-30.346,19.404,-15.513,
14463925480000,3,-30.346,19.404,-15.513,
14463947330000,3,-30.346,19.404,-15.513,
14463966282000,3,-30.346,19.404,-15.513,
14463985538000,3,-30.346,19.404,-15.513,
14464007328000,3,-30.346,19.404,-15.513,
14464025822000,3,-30.346,19.404,-15.513,
14464045444000,3,-30.346,19.404,-15.513,
14464067265000,3,-30.346,19.088,-15.513,
14464085911000,3,-30.346,19.088,-15.841,
14464105381000,3,-30.346,19.088,-15.841,
14464127354000,3,-30.346,19.088,-15.841,
14464146610000,3,-30.346,19.088,-15.841,
14464165470000,3,-30.346,19.088,-15.841,
14464187382000,3,-30.346,19.088,-15.841,
14464205936000,3,-30.346,19.088,-15.841,
14464225590000,3,-30.346,19.088,-15.841,
14464247501000,3,-30.346,19.088,-15.841,
14464266056000,3,-30.346,19.088,-15.841,
14464285648000,3,-30.346,19.088,-15.841,
14464307560000,3,-30.346,19.088,-15.841,
14464326572000,3,-30.346,19.088,-15.841,
14464345707000,3,-30.346,19.088,-15.841,
14464367557000,3,-30.346,19.088,-15.841,
14464386875000,3,-30.346,19.088,-15.841,
14464405674000,3,-30.346,19.088,-15.841,
14464427616000,3,-30.346,19.088,-15.841,
14464446201000,3,-30.346,19.088,-15.841,
14464465794000,3,-30.346,19.088,-15.841,
14464487644000,3,-30.346,19.088,-15.841,
14464506535000,3,-30.346,19.088,-15.841,
14464525822000,3,-30.346,19.088,-15.841,
14464547672000,3,-30.346,19.088,-15.841,
14464566349000,3,-30.346,19.088,-15.841,
14464585850000,3,-30.346,19.088,-15.841,
14464607792000,3,-30.346,19.088,-15.841,
14464626652000,3,-30.346,19.088,-15.841,
14464645908000,3,-30.346,19.088,-15.841,
14464667850000,3,-30.346,19.088,-15.841,
14464686771000,3,-30.346,19.088,-15.841,
14464705967000,3,-30.346,19.088,-15.841,
14464727879000,3,-30.346,19.088,-15.841,
14464746555000,3,-30.653,19.088,-15.841,
14464766087000,3,-30.653,19.088,-15.841,
14464787998000,3,-30.653,19.088,-15.841,
14464806675000,3,-30.653,19.088,-15.841,
14464826145000,3,-30.653,19.088,-15.841,
14464848087000,3,-30.653,19.088,-15.841,
14464867313000,3,-30.653,19.088,-15.841,
14464886204000,3,-30.653,19.088,-15.841,
14464908115000,3,-30.653,19.088,-15.841,
14464926640000,3,-30.653,19.088,-15.841,
14464946262000,3,-30.653,19.088,-15.841,
14464968174000,3,-30.653,19.088,-15.841,
14464986729000,3,-30.653,19.088,-15.841,
14465006351000,3,-30.653,19.088,-15.841,
14465028294000,3,-30.653,19.088,-15.841,
14465047276000,3,-30.653,19.088,-15.841,
14465066318000,3,-30.653,19.088,-15.841,
14465088230000,3,-30.653,19.088,-15.841,
14465107090000,3,-30.653,19.088,-15.841,
14465126377000,3,-30.653,19.088,-15.841,
14465148319000,3,-30.653,19.088,-15.841,
14465166843000,3,-30.653,19.088,-15.841,
14465186436000,3,-30.653,19.088,-15.841,
14465208378000,3,-30.653,19.088,-15.841,
14465227360000,3,-30.653,19.088,-15.841,
14465246494000,3,-30.653,19.088,-15.841,
14465268406000,3,-30.653,19.088,-15.841,
14465287052000,3,-30.653,19.088,-15.841,
14465306522000,3,-30.653,19.088,-15.841,
14465328464000,3,-30.653,19.088,-15.841,
14465347813000,3,-30.653,19.088,-15.841,
14465366581000,3,-30.653,19.088,-15.841,
14465388493000,3,-30.653,19.088,-15.841,
14465407505000,3,-30.653,19.088,-15.841,
14465426731000,3,-30.653,19.088,-15.841,
14465448643000,3,-30.653,19.088,-15.841,
14465467136000,3,-30.653,19.088,-15.841,
14465486698000,3,-30.653,19.088,-15.841,
14465508640000,3,-30.653,19.088,-15.841,
14465527317000,3,-30.653,19.088,-15.841,
14465546818000,3,-30.653,19.088,-15.841,
14465568729000,3,-30.653,19.088,-15.841,
14465587955000,3,-30.653,19.088,-15.841,
14465606846000,3,-30.653,19.088,-15.841,
14465628788000,3,-30.653,19.088,-15.841,
14465647282000,3,-30.653,19.088,-15.841,
14465666996000,3,-30.653,19.088,-15.841,
14465688847000,3,-30.653,19.088,-15.841,
14465707371000,3,-30.653,19.088,-15.841,
14465726963000,3,-30.653,19.088,-15.841,
14465748905000,3,-30.653,19.088,-15.841,
14465767887000,3,-30.653,19.088,-15.841,
14465787022000,3,-30.653,19.088,-15.841,
14465808964000,3,-30.653,19.088,-15.841,
14465827854000,3,-30.653,19.088,-15.841,
14465847141000,3,-30.653,19.088,-15.841,
14465868931000,3,-30.653,19.088,-15.841,
14465887516000,3,-30.653,19.088,-15.841,
14465907108000,3,-30.653,19.088,-15.841,
14465929020000,3,-30.653,19.088,-15.841,
14465947941000,3,-30.653,19.088,-15.841,
14465967167000,3,-30.653,19.088,-15.841,
14465989140000,3,-30.653,19.088,-15.841,
14466007725000,3,-30.653,19.088,-15.841,
14466027225000,3,-30.653,19.088,-15.841,
14466049168000,3,-30.653,19.088,-15.498,
14466068027000,3,-30.653,19.088,-15.498,
14466087315000,3,-30.653,19.088,-15.498,
14466109196000,3,-30.653,19.088,-15.498,
14466128117000,3,-30.653,19.404,-15.498,
14466147343000,3,-30.653,19.404,-15.498,
14466169285000,3,-30.653,19.404,-15.498,
14466187839000,3,-30.653,19.404,-15.498,
14466207401000,3,-30.653,19.404,-15.498,
14466229343000,3,-30.653,19.404,-15.498,
14466248020000,3,-30.653,19.404,-15.498,
14466267429000,3,-30.653,19.404,-15.498,
14466289371000,3,-30.653,19.404,-15.498,
14466309116000,3,-30.653,19.404,-15.498,
14466327518000,3,-30.653,19.404,-15.498,
14466349430000,3,-30.653,19.404,-15.498,
14466368015000,3,-30.653,19.404,-15.498,
14466387638000,3,-30.653,19.404,-15.498,
14466409489000,3,-30.653,19.404,-15.498,
14466428043000,3,-30.653,19.404,-15.498,
14466447666000,3,-30.653,19.404,-15.498,
14466469547000,3,-30.653,19.404,-15.498,
14466488621000,3,-30.653,19.404,-15.498,
14466507725000,3,-30.653,19.404,-15.498,
14466529575000,3,-30.653,19.404,-15.498,
14466548435000,3,-30.653,19.404,-15.498,
14466567783000,3,-30.653,19.404,-15.498,
14466589664000,3,-30.653,19.404,-15.498,
14466608219000,3,-30.653,19.404,-15.498,
14466627842000,3,-30.653,19.404,-15.498,
14466649784000,3,-30.653,19.404,-15.498,
14466668613000,3,-30.653,19.404,-15.498,
14466687839000,3,-30.653,19.404,-15.498,
14466709843000,3,-30.653,19.404,-15.498,
14466728550000,3,-30.653,19.404,-15.498,
14466747898000,3,-30.653,19.404,-15.498,
14466769871000,3,-30.653,19.404,-15.498,
14466788731000,3,-30.653,19.404,-15.498,
14466808018000,3,-30.653,19.404,-15.498,
14466829960000,3,-30.653,19.404,-15.498,
14466848789000,3,-30.653,19.404,-15.498,
14466868015000,3,-30.653,19.404,-15.498,
14466889957000,3,-30.653,19.404,-15.498,
14466908451000,3,-30.653,19.404,-15.498,
14466928135000,3,-30.653,19.404,-15.498,
14466950108000,3,-30.653,19.404,-15.498,
14466968845000,3,-30.653,19.404,-15.498,
14466988285000,3,-30.653,19.404,-15.498,
14467010227000,3,-30.653,19.404,-15.498,
14467029423000,3,-30.653,19.404,-15.498,
14467048283000,3,-30.653,19.404,-15.498,
14467070072000,3,-30.653,19.404,-15.498,
14467088627000,3,-30.653,19.404,-15.498,
14467108250000,3,-30.653,19.404,-15.498,
14467130192000,3,-30.653,19.404,-15.498,
14467148746000,3,-30.653,19.404,-15.498,
14467168400000,3,-30.653,19.404,-15.498,
14467190250000,3,-30.653,19.404,-15.498,
14467209263000,3,-30.653,19.404,-15.498,
14467228397000,3,-30.653,19.404,-15.498,
14467250370000,3,-30.653,19.404,-15.498,
14467269657000,3,-30.653,19.404,-15.498,
14467288456000,3,-30.653,19.404,-15.498,
14467310429000,3,-30.653,19.404,-15.498,
14467328953000,3,-30.653,19.404,-15.498,
14467348545000,3,-30.653,19.404,-15.498,
14467370426000,3,-30.653,19.404,-15.498,
14467389317000,3,-30.653,19.404,-15.498,
14467408573000,3,-30.653,19.404,-15.498,
14467430515000,3,-30.653,19.404,-15.498,
14467449131000,3,-30.653,19.404,-15.498,
14467468632000,3,-30.653,19.404,-15.498,
14467490604000,3,-30.653,19.404,-15.498,
14467509403000,3,-30.653,19.404,-15.498,
14467528660000,3,-30.653,19.404,-15.498,
14467550785000,3,-30.653,19.404,-15.498,
14467569523000,3,-30.653,19.404,-15.498,
14467588779000,3,-30.653,19.404,-15.826,
14467610630000,3,-30.653,19.404,-15.826,
14467629093000,3,-30.653,19.404,-15.826,
14467648746000,3,-30.653,19.404,-15.826,
14467670719000,3,-30.653,19.404,-15.826,
14467689396000,3,-30.653,19.404,-15.826,
14467708866000,3,-30.653,19.404,-15.826,
14467730747000,3,-30.653,19.404,-15.826,
14467750095000,3,-30.653,19.404,-15.826,
14467768925000,3,-30.653,19.404,-15.826,
14467790836000,3,-30.653,19.404,-15.513,
14467809360000,3,-30.653,19.404,-15.513,
14467828953000,3,-30.653,19.404,-15.513,
14467850925000,3,-30.653,19.404,-15.513,
14467869419000,3,-30.653,19.404,-15.513,
14467889011000,3,-30.653,19.404,-15.513,
14467911015000,3,-30.653,19.404,-15.513,
14467929996000,3,-30.653,19.404,-15.513,
14467949131000,3,-30.653,19.404,-15.513,
14467970982000,3,-30.653,19.404,-15.513,
14467989841000,3,-30.653,19.404,-15.513,
14468009190000,3,-30.653,19.404,-15.513,
14468031071000,3,-30.653,19.404,-15.513,
14468049595000,3,-30.653,19.404,-15.513,
14468069218000,3,-30.653,19.404,-15.513,
14468091160000,3,-30.653,19.404,-15.513,
14468109989000,3,-30.653,19.404,-15.513,
14468129215000,3,-30.653,19.404,-15.513,
14468151157000,3,-30.653,19.404,-15.513,
14468169804000,3,-30.653,19.404,-15.513,
14468189365000,3,-30.653,19.404,-15.513,
14468211399000,3,-30.653,19.404,-15.513,
14468230747000,3,-30.653,19.404,-15.513,
14468249485000,3,-30.653,19.404,-15.513,
14468271427000,3,-30.653,19.404,-15.513,
14468290348000,3,-30.653,19.404,-15.513,
14468309452000,3,-30.653,19.404,-15.513,
14468331364000,3,-30.653,19.404,-15.513,
14468349827000,3,-30.653,19.404,-15.513,
14468369480000,3,-30.653,19.404,-15.513,
14468391331000,3,-30.653,19.404,-15.513,
14468410099000,3,-30.653,19.404,-15.513,
14468429508000,3,-30.653,19.404,-15.513,
14468451450000,3,-30.653,19.404,-15.513,
14468470707000,3,-30.653,19.404,-15.513,
14468489567000,3,-30.653,19.404,-15.513,
14468511539000,3,-30.653,19.404,-15.513,
14468530308000,3,-30.653,19.404,-15.513,
14468549656000,3,-30.653,19.404,-15.513,
14468571629000,3,-30.653,19.404,-15.513,
14468590153000,3,-30.653,19.404,-15.513,
14468609653000,3,-30.653,19.404,-15.513,
14468631596000,3,-30.653,19.404,-15.513,
14468650883000,3,-30.653,19.404,-15.513,
14468669743000,3,-30.653,19.404,-15.513,
14468691715000,3,-30.653,19.404,-15.513,
14468710575000,3,-30.653,19.404,-15.513,
14468729862000,3,-30.653,19.404,-15.513,
14468751804000,3,-30.653,19.404,-15.513,
14468770359000,3,-30.653,19.404,-15.513,
14468789890000,3,-30.653,19.404,-15.513,
14468811924000,3,-30.653,19.404,-15.513,
14468830906000,3,-30.653,19.404,-15.513,
14468850315000,3,-30.653,19.404,-15.513,
14468872166000,3,-30.653,19.404,-15.841,
14468890751000,3,-30.653,19.404,-15.841,
14468910160000,3,-30.653,19.404,-15.841,
14468932011000,3,-30.653,19.404,-15.841,
14468951328000,3,-30.653,19.404,-15.841,
14468970127000,3,-30.653,19.404,-15.841,
14468992008000,3,-30.653,19.404,-15.841,
14469010899000,3,-30.653,19.404,-15.841,
14469030155000,3,-30.653,19.404,-15.841,
14469052067000,3,-30.653,19.404,-15.841,
14469070560000,3,-30.653,19.404,-15.841,
14469090214000,3,-30.653,19.404,-15.841,
14469112247000,3,-30.653,19.404,-15.841,
14469130894000,3,-30.653,19.404,-15.841,
14469150425000,3,-30.653,19.404,-15.841,
14469172428000,3,-30.653,19.404,-15.841,
14469192142000,3,-30.653,19.404,-15.841,
14469210484000,3,-30.653,19.404,-15.841,
14469232487000,3,-30.653,19.404,-15.841,
14469251011000,3,-30.653,19.404,-15.841,
14469270573000,3,-30.653,19.404,-15.841,
14469292515000,3,-30.653,19.404,-15.841,
14469311100000,3,-30.653,19.404,-15.841,
14469330692000,3,-30.653,19.404,-15.841,
14469352604000,3,-30.653,19.404,-15.841,
14469371586000,3,-30.653,19.404,-15.841,
14469390751000,3,-30.653,19.404,-15.841,
14469412632000,3,-30.653,19.404,-15.841,
14469431492000,3,-30.653,19.404,-15.841,
14469450779000,3,-30.653,19.404,-15.841,
14469473118000,3,-30.653,19.404,-15.841,
14469491276000,3,-30.653,19.404,-15.841,
14469510746000,3,-30.653,19.404,-15.841,
14469532688000,3,-30.653,19.404,-15.841,
14469551487000,3,-30.653,19.404,-15.841,
14469570621000,3,-30.653,19.404,-15.841,
14469592747000,3,-30.653,19.404,-15.841,
14469611179000,3,-30.653,19.404,-15.841,
14469630711000,3,-30.653,19.404,-15.841,
14469652836000,3,-30.653,19.404,-15.841,
14469671482000,3,-30.653,19.404,-15.841,
14469690739000,3,-30.653,19.404,-15.841,
14469712681000,3,-30.653,19.404,-15.841,
14469731571000,3,-30.653,19.404,-15.841,
14469750797000,3,-30.653,19.404,-15.841,
14469772709000,3,-30.653,19.404,-15.841,
14469791233000,3,-30.653,19.404,-15.841,
14469810856000,3,-30.653,19.404,-15.841,
14469832828000,3,-30.653,19.404,-15.841,
14469851536000,3,-30.653,19.404,-15.841,
14469870945000,3,-30.653,19.404,-15.841,
14469892948000,3,-30.653,19.404,-15.841,
14469912113000,3,-30.653,19.404,-15.841,
14469931004000,3,-30.653,19.404,-15.841,
14469953434000,3,-30.653,19.404,-15.841,
14469971439000,3,-30.653,19.404,-15.841,
14469991062000,3,-30.653,19.404,-15.841,
14470012943000,3,-30.653,19.404,-15.841,
14470031498000,3,-30.653,19.404,-15.841,
14470051121000,3,-30.653,19.102,-15.841,
14470073063000,3,-30.653,19.102,-15.841,
14470092167000,3,-30.332,19.102,-15.841,
14470111271000,3,-30.332,19.102,-15.841,
14470133213000,3,-30.332,19.102,-15.841,
14470152531000,3,-30.332,19.102,-15.841,
14470171543000,3,-30.332,19.102,-15.841,
14470193394000,3,-30.332,19.102,-15.841,
14470211735000,3,-30.332,19.102,-15.841,
14470231358000,3,-30.332,19.102,-15.841,
14470253452000,3,-30.332,19.102,-15.841,
14470272129000,3,-30.332,19.102,-15.841,
14470291386000,3,-30.332,19.102,-15.841,
14470313267000,3,-30.332,19.102,-15.841,
14470331882000,3,-30.332,19.102,-15.841,
14470351414000,3,-30.332,19.102,-15.841,
14470373295000,3,-30.332,19.102,-15.841,
14470392185000,3,-30.332,19.102,-15.841,
14470411472000,3,-30.332,19.102,-15.841,
14470433414000,3,-30.332,19.102,-15.841,
14470452244000,3,-30.332,19.102,-15.841,
14470471500000,3,-30.332,19.102,-15.841,
14470493443000,3,-30.332,19.102,-15.841,
14470512791000,3,-30.332,19.102,-15.841,
14470531620000,3,-30.332,19.102,-15.841,
14470553532000,3,-30.332,19.102,-15.841,
14470572208000,3,-30.332,19.102,-15.841,
14470591679000,3,-30.332,19.102,-15.841,
14470613590000,3,-30.332,19.102,-15.841,
14470632877000,3,-30.332,19.102,-15.841,
14470651798000,3,-30.332,19.102,-15.841,
14470673801000,3,-30.332,19.102,-15.841,
14470692570000,3,-30.332,19.102,-15.841,
14470711735000,3,-30.332,19.102,-15.841,
14470733677000,3,-30.332,19.102,-15.841,
14470752171000,3,-30.332,19.102,-15.841,
14470771824000,3,-30.332,19.102,-15.841,
14470793766000,3,-30.332,19.102,-15.841,
14470812717000,3,-30.332,19.102,-15.841,
14470831852000,3,-30.332,19.102,-15.841,
14470853916000,3,-30.332,19.102,-15.841,
14470872776000,3,-30.332,19.102,-15.841,
14470892033000,3,-30.332,19.102,-15.841,
14470913883000,3,-30.332,19.102,-15.841,
14470932377000,3,-30.332,19.102,-15.841,
14470952030000,3,-30.332,19.102,-15.841,
14470973942000,3,-30.332,19.102,-15.841,
14470992954000,3,-30.332,19.102,-15.841,
14471012058000,3,-30.332,19.102,-15.841,
14471033970000,3,-30.332,19.102,-15.841,
14471052708000,3,-30.332,19.102,-15.841,
14471072178000,3,-30.332,19.102,-15.841,
14471094059000,3,-30.332,19.102,-15.841,
14471113316000,3,-30.332,19.102,-15.841,
14471132297000,3,-30.332,19.102,-15.841,
14471154179000,3,-30.332,19.102,-15.841,
14471173099000,3,-30.332,19.102,-15.841,
14471192265000,3,-30.332,19.102,-15.841,
14471214176000,3,-30.332,19.102,-15.841,
14471232670000,3,-30.332,19.102,-15.841,
14471252293000,3,-30.332,19.102,-15.841,
14471274174000,3,-30.332,19.102,-15.841,
14471293644000,3,-30.332,19.102,-15.841,
14471312321000,3,-30.332,19.102,-15.841,
14471334263000,3,-30.332,19.102,-15.841,
14471353550000,3,-30.332,19.102,-15.841,
14471372410000,3,-30.332,19.102,-15.841,
14471394352000,3,-30.332,19.102,-15.841,
14471412785000,3,-30.332,19.102,-15.841,
14471432468000,3,-30.332,19.102,-15.841,
14471454441000,3,-30.332,19.102,-15.841,
14471472965000,3,-30.332,19.102,-15.841,
14471492557000,3,-30.332,19.102,-15.841,
14471514408000,3,-30.332,19.102,-15.841,
14471533451000,3,-30.332,19.102,-15.841,
14471552586000,3,-30.332,19.102,-15.841,
14471574558000,3,-30.332,19.102,-15.841,
14471599461000,3,-30.332,19.102,-15.841,
14471612675000,3,-30.332,19.102,-15.841,
14471634586000,3,-30.332,19.102,-15.841,
14471653080000,3,-30.332,19.102,-15.841,
14471672642000,3,-30.332,19.102,-15.841,
14471694614000,3,-30.332,19.102,-15.841,
14471713505000,3,-30.332,19.102,-15.841,
14471732731000,3,-30.332,19.102,-15.841,
14471754642000,3,-30.332,19.102,-15.841,
14471773289000,3,-30.332,19.102,-15.841,
14471792789000,3,-30.332,19.102,-15.841,
14471814701000,3,-30.332,19.102,-15.841,
14471833561000,3,-30.332,19.102,-15.841,
14471852848000,3,-30.332,19.102,-15.841,
14471874821000,3,-30.332,19.102,-15.841,
14471893772000,3,-30.332,19.102,-15.841,
14471912846000,3,-30.332,19.102,-15.841,
14471934788000,3,-30.332,19.102,-15.841,
14471953678000,3,-30.332,19.102,-15.841,
14471973087000,3,-30.332,19.102,-15.841,
14471994968000,3,-30.332,19.102,-15.841,
14472013584000,3,-30.332,19.102,-15.841,
14472033054000,3,-30.332,19.102,-15.841,
14472054905000,3,-30.332,19.102,-15.841,
14472074619000,3,-30.332,19.102,-15.841,
14472093052000,3,-30.332,19.102,-15.841,
14472114994000,3,-30.332,19.102,-15.841,
14472133518000,3,-30.332,19.102,-15.841,
14472153172000,3,-30.332,19.102,-15.841,
14472175022000,3,-30.332,19.102,-15.841,
14472193546000,3,-30.332,19.102,-15.841,
14472213139000,3,-30.332,19.404,-15.841,
14472235050000,3,-30.332,19.404,-15.841,
14472254124000,3,-30.332,19.404,-15.841,
14472273289000,3,-30.332,19.404,-15.841,
14472295139000,3,-30.332,19.404,-15.841,
14472313938000,3,-30.332,19.404,-15.841,
14472333256000,3,-30.332,19.404,-15.841,
14472355198000,3,-30.332,19.404,-15.841,
14472373722000,3,-30.332,19.404,-15.841,
14472393345000,3,-30.332,19.404,-15.841,
14472415256000,3,-30.332,19.404,-15.841,
14472434147000,3,-30.332,19.404,-15.841,
14472453403000,3,-30.332,19.404,-15.841,
14472475315000,3,-30.332,19.404,-15.841,
14472493961000,3,-30.332,19.404,-15.841,
14472513401000,3,-30.332,19.404,-15.841,
14472535343000,3,-30.332,19.404,-15.841,
14472554295000,3,-30.332,19.404,-15.841,
14472573948000,3,-30.332,19.404,-15.841,
14472595493000,3,-30.332,19.404,-15.841,
14472614536000,3,-30.332,19.404,-15.841,
14472633579000,3,-30.332,19.404,-15.841,
14472655552000,3,-30.332,19.404,-15.841,
14472674168000,3,-30.332,19.404,-15.841,
14472693699000,3,-30.332,19.404,-15.841,
14472715702000,3,-30.332,19.404,-15.841,
14472734379000,3,-30.332,19.404,-15.841,
14472753696000,3,-30.332,19.404,-15.841,
14472775639000,3,-30.332,19.404,-15.841,
14472794895000,3,-30.332,19.404,-15.841,
14472813786000,3,-30.332,19.404,-15.841,
14472835697000,3,-30.332,19.404,-15.841,
14472854160000,3,-30.332,19.404,-15.841,
14472873783000,3,-30.332,19.404,-15.841,
14472895756000,3,-30.332,19.404,-15.841,
14472914310000,3,-30.332,19.404,-15.841,
14472933903000,3,-30.332,19.404,-15.841,
14472955845000,3,-30.332,19.404,-15.841,
14472974857000,3,-30.332,19.404,-15.841,
14472993961000,3,-30.332,19.404,-15.841,
14473015781000,3,-30.332,19.404,-15.841,
14473035191000,3,-30.332,19.404,-15.841,
14473054020000,3,-30.332,19.404,-15.841,
14473075932000,3,-30.332,19.404,-15.841,
14473094425000,3,-30.332,19.404,-15.841,
14473114017000,3,-30.332,19.404,-15.841,
14473135990000,3,-30.332,19.404,-15.504,
14473154880000,3,-30.332,19.404,-15.504,
14473174107000,3,-30.332,19.404,-15.504,
14473196049000,3,-30.332,19.404,-15.504,
14473214603000,3,-30.332,19.404,-15.504,
14473234135000,3,-30.332,19.404,-15.504,
14473256077000,3,-30.332,19.404,-15.504,
14473274937000,3,-30.332,19.404,-15.504,
14473294224000,3,-30.332,19.404,-15.504,
14473316013000,3,-30.332,19.404,-15.504,
14473334995000,3,-30.332,19.404,-15.504,
14473354343000,3,-30.332,19.404,-15.504,
14473376102000,3,-30.332,19.404,-15.504,
14473394688000,3,-30.332,19.404,-15.504,
14473414280000,3,-30.332,19.404,-15.504,
14473436222000,3,-30.332,19.404,-15.504,
14473454868000,3,-30.332,19.404,-15.504,
14473474339000,3,-30.332,19.404,-15.504,
14473496250000,3,-30.332,19.404,-15.504,
14473515568000,3,-30.332,19.404,-15.504,
14473534489000,3,-30.332,19.404,-15.504,
14473556309000,3,-30.332,19.404,-15.504,
14473574833000,3,-30.332,19.404,-15.504,
14473594425000,3,-30.332,19.404,-15.504,
14473616398000,3,-30.332,19.099,-15.504,
14473634922000,3,-30.332,19.099,-15.827,
14473654545000,3,-30.332,19.099,-15.827,
14473676487000,3,-30.332,19.099,-15.827,
14473695499000,3,-30.332,19.099,-15.827,
14473714725000,3,-30.332,19.099,-15.827,
14473736576000,3,-30.332,19.099,-15.827,
14473755436000,3,-30.332,19.099,-15.827,
14473774723000,3,-30.332,19.099,-15.827,
14473796574000,3,-30.332,19.099,-15.827,
14473815220000,3,-30.332,19.099,-15.827,
14473834751000,3,-30.332,19.099,-15.827,
14473856663000,3,-30.332,19.099,-15.827,
14473875584000,3,-30.332,19.099,-15.827,
14473894840000,3,-30.332,19.099,-15.827,
14473916752000,3,-30.332,19.099,-15.827,
14473935398000,3,-30.332,19.099,-15.827,
14473954868000,3,-30.332,19.099,-15.827,
14473976780000,3,-30.332,19.099,-15.827,
14473996159000,3,-30.332,19.099,-15.827,
14474014927000,3,-30.332,19.099,-15.827,
14474036869000,3,-30.332,19.099,-15.827,
14474055698000,3,-30.332,19.099,-15.827,
14474074955000,3,-30.332,19.099,-15.827,
14474096867000,3,-30.332,19.099,-15.827,
14474115421000,3,-30.332,19.099,-15.827,
14474135044000,3,-30.332,19.099,-15.827,
14474157047000,3,-30.332,19.099,-15.827,
14474175724000,3,-30.332,19.099,-15.827,
14474195164000,3,-30.332,19.099,-15.827,
14474217045000,3,-30.332,19.099,-15.827,
14474236240000,3,-30.332,19.099,-15.827,
14474255070000,3,-30.332,19.099,-15.827,
14474277012000,3,-30.332,19.099,-15.827,
14474295536000,3,-30.332,19.099,-15.827,
14474315220000,3,-30.332,19.099,-15.827,
14474337101000,3,-30.332,19.099,-15.827,
14474355625000,3,-30.332,19.099,-15.827,
14474375187000,3,-30.332,19.099,-15.827,
14474397160000,3,-30.332,19.099,-15.827,
14474416172000,3,-30.332,19.099,-15.827,
14474435307000,3,-30.332,19.099,-15.827,
14474457249000,3,-30.332,19.099,-15.827,
14474476078000,3,-30.332,19.099,-15.827,
14474495396000,3,-30.332,19.099,-15.827,
14474517277000,3,-30.332,19.099,-15.827,
14474535801000,3,-30.332,19.099,-15.827,
14474555393000,3,-30.332,19.099,-15.827,
14474577335000,3,-30.332,19.099,-15.827,
14474596256000,3,-30.332,19.099,-15.827,
14474615482000,3,-30.332,19.099,-15.827,
14474641178000,3,-30.332,19.099,-15.827,
14474655979000,3,-30.332,19.099,-15.827,
14474675449000,3,-30.332,19.099,-15.827,
14474697330000,3,-30.332,19.099,-15.827,
14474716312000,3,-30.332,19.099,-15.827,
14474957645000,3,-30.332,19.421,-15.827,
14474976139000,3,-30.332,19.421,-15.827,
14474997990000,3,-30.332,19.421,-15.827,
14475016331000,3,-30.332,19.421,-15.512,
14475035953000,3,-30.642,19.421,-15.512,
14475057774000,3,-30.642,19.421,-15.512,
14475076359000,3,-30.642,19.421,-15.512,
14475095890000,3,-30.642,19.421,-15.512,
14475117924000,3,-30.642,19.421,-15.512,
14475136875000,3,-30.642,19.421,-15.512,
14475156040000,3,-30.642,19.421,-15.512,
14475177921000,3,-30.642,19.421,-15.512,
14475196781000,3,-30.642,19.421,-15.512,
14475216251000,3,-30.642,19.421,-15.512,
14475238163000,3,-30.642,19.421,-15.512,
14475256687000,3,-30.642,19.421,-15.512,
14475276340000,3,-30.642,19.421,-15.512,
14475298283000,3,-30.642,19.421,-15.512,
14475317997000,3,-30.642,19.421,-15.512,
14475336369000,3,-30.642,19.421,-15.512,
14475358341000,3,-30.642,19.421,-15.512,
14475376957000,3,-30.642,19.421,-15.829,
14475396458000,3,-30.642,19.114,-15.829,
14475418369000,3,-30.642,19.114,-15.829,
14475437229000,3,-30.642,19.114,-15.829,
14475456425000,3,-30.642,19.114,-15.829,
14475478336000,3,-30.642,19.114,-15.829,
14475497196000,3,-30.642,19.114,-15.829,
14475516361000,3,-30.642,19.114,-15.829,
14475538242000,3,-30.642,19.114,-15.829,
14475556797000,3,-30.642,19.114,-15.829,
14475576450000,3,-30.642,19.114,-15.829,
14475598362000,3,-30.34,19.114,-15.829,
14475617039000,3,-30.34,19.114,-15.829,
14475636509000,3,-30.34,19.114,-15.829,
14475658451000,3,-30.34,19.114,-15.829,
14475677708000,3,-30.34,19.114,-15.829,
14475696568000,3,-30.34,19.114,-15.829,
14475718449000,3,-30.34,19.114,-15.829,
14475736973000,3,-30.34,19.114,-15.829,
14475756626000,3,-30.34,19.114,-15.829,
14475778538000,3,-30.34,19.114,-15.829,
14475797062000,3,-30.34,19.114,-15.829,
14475816624000,3,-30.34,19.114,-15.829,
14475838535000,3,-30.34,19.114,-15.829,
14475857609000,3,-30.34,19.114,-15.829,
14475876713000,3,-30.34,19.114,-15.829,
14475898624000,3,-30.34,19.114,-15.829,
14475917912000,3,-30.34,19.114,-15.829,
14475936710000,3,-30.34,19.114,-15.829,
14475959476000,3,-30.34,19.114,-15.829,
14475977207000,3,-30.34,19.114,-15.829,
14475996769000,3,-30.34,19.114,-15.829,
14476018711000,3,-30.34,19.114,-15.829,
14476037601000,3,-30.34,19.114,-15.829,
14476056919000,3,-30.34,19.114,-15.829,
14476078800000,3,-30.34,19.114,-15.829,
14476097446000,3,-30.34,19.114,-15.829,
14476116917000,3,-30.34,19.114,-15.829,
14476138859000,3,-30.34,19.114,-15.829,
14476157719000,3,-30.34,19.114,-15.829,
14476177006000,3,-30.34,19.114,-15.829,
14476198887000,3,-30.34,19.114,-15.829,
14476217808000,3,-30.34,19.114,-15.829,
14476237003000,3,-30.34,19.114,-15.829,
14476258915000,3,-30.34,19.114,-15.829,
14476277500000,3,-30.34,19.114,-15.829,
14476297153000,3,-30.34,19.114,-15.829,
14476319004000,3,-30.34,19.114,-15.829,
14476337650000,3,-30.34,19.114,-15.829,
14476357120000,3,-30.34,19.114,-15.829,
14476379093000,3,-30.34,19.114,-15.829,
14476398350000,3,-30.34,19.114,-15.829,
14476417240000,3,-30.34,19.114,-15.829,
14476439182000,3,-30.34,19.114,-15.829,
14476457676000,3,-30.34,19.114,-15.829,
14476477299000,3,-30.34,19.114,-15.829,
14476499241000,3,-30.34,19.114,-15.829,
14476517704000,3,-30.34,19.114,-15.829,
14476537296000,3,-30.34,19.114,-15.829,
14476559208000,3,-30.34,19.422,-15.473,
14476578312000,3,-30.34,19.422,-15.473,
14476597416000,3,-30.34,19.422,-15.473,
14476619297000,3,-30.34,19.422,-15.473,
14476638126000,3,-30.34,19.422,-15.473,
14476657505000,3,-30.34,19.422,-15.473,
14476679417000,3,-30.34,19.422,-15.473,
14476697941000,3,-30.34,19.422,-15.473,
14476717503000,3,-30.34,19.422,-15.473,
14476739384000,3,-30.34,19.422,-15.473,
14476758366000,3,-30.34,19.422,-15.473,
14476777592000,3,-30.34,19.422,-15.473,
14476799503000,3,-30.34,19.422,-15.473,
14476818089000,3,-30.34,19.422,-15.473,
14476837559000,3,-30.34,19.422,-15.473,
14476859592000,3,-30.34,19.422,-15.473,
14476878910000,3,-30.34,19.422,-15.473,
14476897709000,3,-30.34,19.422,-15.473,
14476919590000,3,-30.34,19.422,-15.473,
14476938511000,3,-30.34,19.422,-15.473,
14476957951000,3,-30.34,19.422,-15.473,
14476979893000,3,-30.34,19.422,-15.473,
14476998386000,3,-30.34,19.422,-15.473,
14477017979000,3,-30.34,19.422,-15.473,
14477039921000,3,-30.34,19.422,-15.473,
14477058567000,3,-30.34,19.422,-15.473,
14477078068000,3,-30.34,19.422,-15.473,
14477100010000,3,-30.34,19.422,-15.473,
14477119205000,3,-30.34,19.422,-15.473,
14477138340000,3,-30.34,19.422,-15.473,
14477160130000,3,-30.34,19.422,-15.473,
14477178562000,3,-30.34,19.422,-15.473,
14477198185000,3,-30.34,19.422,-15.473,
14477220219000,3,-30.34,19.422,-15.473,
14477238651000,3,-30.34,19.422,-15.473,
14477258244000,3,-30.34,19.422,-15.473,
14477280216000,3,-30.34,19.422,-15.473,
14477299168000,3,-30.34,19.422,-15.473,
14477318333000,3,-30.34,19.422,-15.473,
14477340275000,3,-30.34,19.422,-15.473,
14477359043000,3,-30.34,19.422,-15.473,
14477378300000,3,-30.34,19.422,-15.789,
14477400364000,3,-30.34,19.102,-15.789,
14477418827000,3,-30.34,19.102,-15.789,
14477438389000,3,-30.34,19.102,-15.789,
14477460209000,3,-30.34,19.102,-15.789,
14477479069000,3,-30.34,19.102,-15.789,
14477498356000,3,-30.34,19.102,-15.789,
14477520176000,3,-30.34,19.102,-15.789,
14477538761000,3,-30.34,19.102,-15.789,
14477558353000,3,-30.34,19.102,-15.789,
14477580296000,3,-30.34,19.102,-15.789,
14477599125000,3,-30.34,19.102,-15.789,
14477618473000,3,-30.34,19.102,-15.789,
14477640354000,3,-30.34,19.102,-15.789,
14477663212000,3,-30.34,19.102,-15.789,
14477679417000,3,-30.34,19.102,-15.789,
14477700382000,3,-30.34,19.102,-15.789,
14477718784000,3,-30.34,19.102,-15.789,
14477738438000,3,-30.34,19.102,-15.789,
14477760349000,3,-30.34,19.102,-15.789,
14477778965000,3,-30.34,19.102,-15.789,
14477798435000,3,-30.34,19.102,-15.789,
14477820438000,3,-30.34,19.102,-15.789,
14477840214000,3,-30.34,19.102,-15.789,
14477858585000,3,-30.34,19.102,-15.789,
14477880497000,3,-30.34,19.102,-15.789,
14477899021000,3,-30.34,19.102,-15.789,
14477918583000,3,-30.34,19.102,-15.789,
14477940525000,3,-30.34,19.102,-15.789,
14477959110000,3,-30.34,19.102,-15.789,
14477978672000,3,-30.34,19.102,-15.789,
14478000675000,3,-30.34,19.102,-15.789,
14478019657000,3,-30.34,19.102,-15.789,
14478038761000,3,-30.34,19.102,-15.789,
14478060734000,3,-30.34,19.102,-15.789,
14478079594000,3,-30.34,19.102,-15.789,
14478098911000,3,-30.34,19.102,-15.789,
14478120731000,3,-30.34,19.102,-15.789,
14478139255000,3,-30.34,19.102,-15.789,
14478158817000,3,-30.34,19.102,-15.789,
14478180790000,3,-30.34,19.102,-15.789,
14478199680000,3,-30.34,19.102,-15.789,
14478218967000,3,-30.34,19.102,-15.789,
14478240910000,3,-30.34,19.102,-15.789,
14478259525000,3,-30.34,19.102,-15.789,
14478279057000,3,-30.34,19.102,-15.789,
14478300999000,3,-30.34,19.102,-15.789,
14478319828000,3,-30.34,19.102,-15.789,
14478339085000,3,-30.34,19.102,-15.789,
14478361118000,3,-30.34,19.102,-15.789,
14478379917000,3,-30.34,19.41,-15.789,
14478399143000,3,-30.34,19.41,-15.435,
14478421024000,3,-30.34,19.41,-15.435,
14478439518000,3,-30.34,19.41,-15.435,
14478459202000,3,-30.34,19.41,-15.435,
14478481144000,3,-30.34,19.41,-15.435,
14478499851000,3,-30.34,19.41,-15.435,
14478519321000,3,-30.34,19.41,-15.435,
14478541233000,3,-30.34,19.41,-15.11,
14478560337000,3,-30.34,19.41,-15.11,
14478579227000,3,-30.34,19.709,-15.11,
14478601353000,3,-30.34,19.709,-15.11,
14478619724000,3,-30.34,19.709,-15.11,
14478639378000,3,-30.34,19.709,-15.11,
14478661320000,3,-30.34,19.709,-15.11,
14478679813000,3,-30.34,19.709,-15.11,
14478699436000,3,-30.34,19.709,-15.11,
14478721378000,3,-30.34,19.709,-15.11,
14478740391000,3,-30.34,19.709,-15.11,
14478759495000,3,-30.34,19.709,-15.11,
14478781437000,3,-30.34,19.709,-15.415,
14478800755000,3,-30.34,19.709,-15.415,
14478819584000,3,-30.34,19.709,-15.415,
14478841557000,3,-30.34,19.709,-15.415,
14478859928000,3,-30.34,19.709,-15.415,
14478879520000,3,-30.34,19.709,-15.415,
14478901707000,3,-30.34,19.709,-15.415,
14478920597000,3,-30.34,19.407,-15.415,
14478939823000,3,-30.34,19.407,-15.415,
14478961765000,3,-30.34,19.407,-15.415,
14478980503000,3,-30.34,19.407,-15.415,
14478999943000,3,-30.34,19.407,-15.415,
14479021854000,3,-30.34,19.407,-15.415,
14479040684000,3,-30.34,19.407,-15.415,
14479059940000,3,-30.34,19.407,-15.415,
14479081882000,3,-30.34,19.407,-15.415,
14479100803000,3,-30.34,19.407,-15.415,
14479120121000,3,-30.34,19.407,-15.415,
14479141911000,3,-30.34,19.407,-15.415,
14479160435000,3,-30.34,19.407,-15.415,
14479180180000,3,-30.34,19.407,-15.415,
14479202030000,3,-30.34,19.407,-15.415,
14479220707000,3,-30.34,19.407,-15.415,
14479240269000,3,-30.34,19.407,-15.415,
14479262058000,3,-30.34,19.407,-15.415,
14479281284000,3,-30.34,19.714,-15.415,
14479300297000,3,-30.34,19.714,-15.415,
14479322147000,3,-30.34,19.714,-15.415,
14479340641000,3,-30.34,19.714,-15.415,
14479360264000,3,-30.34,19.714,-15.415,
14479382267000,3,-30.34,19.714,-15.415,
14479400761000,3,-30.34,19.714,-15.415,
14479420231000,3,-30.34,19.714,-15.415,
14479442112000,3,-30.34,19.714,-15.415,
14479461063000,3,-30.34,19.714,-15.415,
14479480167000,3,-30.34,19.714,-15.415,
14479502048000,3,-30.34,19.714,-15.415,
14479520939000,3,-30.34,19.714,-15.415,
14479540226000,3,-30.34,19.714,-15.415,
14479562199000,3,-30.34,19.714,-15.415,
14479580662000,3,-30.34,19.714,-15.415,
14479600285000,3,-30.34,19.714,-15.415,
14479622227000,3,-30.34,19.714,-15.415,
14479641148000,3,-30.34,19.714,-15.415,
14479660404000,3,-30.34,19.714,-15.415,
14479682285000,3,-30.34,19.714,-15.415,
14479700901000,3,-30.34,19.714,-15.415,
14479720524000,3,-30.34,19.714,-15.415,
14479742557000,3,-30.34,19.714,-15.415,
14479761631000,3,-30.34,19.714,-15.415,
14479780430000,3,-30.34,19.714,-15.415,
14479802372000,3,-30.34,19.714,-15.415,
14479982914000,3,-30.34,19.714,-15.415,
14480002018000,3,-30.34,19.714,-15.415,
14480020756000,3,-30.34,19.714,-15.415,
14480042728000,3,-30.34,19.714,-15.415,
14480061192000,3,-30.34,19.714,-15.415,
14480080784000,3,-30.34,19.714,-15.415,
14480103062000,3,-30.34,19.714,-15.415,
14480121311000,3,-30.34,19.714,-15.415,
14480140934000,3,-30.34,19.714,-15.415,
14480162815000,3,-30.34,19.714,-15.415,
14480181889000,3,-30.34,19.409,-15.415,
14480200993000,3,-30.34,19.409,-15.415,
14480222843000,3,-30.34,19.409,-15.415,
14480241703000,3,-30.34,19.409,-15.415,
14480260990000,3,-30.34,19.409,-15.415,
14480282932000,3,-30.34,19.409,-15.415,
14480301517000,3,-30.34,19.409,-15.415,
14480320957000,3,-30.34,19.409,-15.415,
14480342899000,3,-30.34,19.409,-15.415,
14480361759000,3,-30.34,19.409,-15.415,
14480381077000,3,-30.34,19.409,-15.415,
14480402958000,3,-30.34,19.409,-15.415,
14480421574000,3,-30.34,19.409,-15.728,
14480441105000,3,-30.34,19.409,-15.728,
14480462955000,3,-30.34,19.102,-15.728,
14480481815000,3,-30.34,19.102,-15.728,
14480501102000,3,-30.34,19.102,-15.728,
14480523106000,3,-30.34,19.102,-15.728,
14480542057000,3,-30.34,19.102,-15.728,
14480561130000,3,-30.34,19.102,-15.728,
14480583073000,3,-30.34,19.102,-15.728,
14480601597000,3,-30.34,19.102,-15.728,
14480621281000,3,-30.34,19.102,-15.728,
14480643162000,3,-30.34,19.102,-15.728,
14480661808000,3,-30.34,19.102,-15.728,
14480681309000,3,-30.34,19.102,-15.728,
14480712193000,3,-30.34,19.102,-15.728,
14480722965000,3,-30.34,19.102,-15.728,
14480741367000,3,-30.34,19.102,-15.728,
14480763218000,3,-30.34,19.102,-15.728,
14480781742000,3,-30.34,19.102,-15.728,
14480801365000,3,-30.34,19.102,-15.728,
14480823307000,3,-30.34,19.102,-15.728,
14480841831000,3,-30.34,19.102,-15.728,
14480861454000,3,-30.34,19.102,-15.728,
14480883366000,3,-30.34,19.102,-15.728,
14480902439000,3,-30.34,19.102,-15.728,
14480921604000,3,-30.34,19.102,-15.728,
14480943516000,3,-30.34,19.102,-15.728,
14480962406000,3,-30.34,19.102,-15.728,
14480981632000,3,-30.34,19.102,-15.728,
14481003544000,3,-30.34,19.102,-15.728,
14481022068000,3,-30.34,19.102,-15.728,
14481041691000,3,-30.34,19.102,-15.728,
14481063663000,3,-30.34,19.102,-15.728,
14481082554000,3,-30.34,19.102,-15.728,
14481102085000,3,-30.34,19.102,-15.728,
14481123692000,3,-30.34,19.102,-15.728,
14481142307000,3,-30.34,19.102,-15.728,
14481161869000,3,-30.34,19.102,-15.728,
14481183842000,3,-30.34,19.102,-15.728,
14481202671000,3,-30.34,19.102,-15.728,
14481221836000,3,-30.34,19.102,-15.728,
14481243748000,3,-30.34,19.102,-15.728,
14481262669000,3,-30.34,19.102,-15.728,
14481281834000,3,-30.34,19.102,-15.728,
14481304081000,3,-30.34,19.102,-15.728,
14481322269000,3,-30.34,19.102,-15.728,
14481341892000,3,-30.34,19.102,-15.728,
14481363834000,3,-30.34,19.102,-15.728,
14481382511000,3,-30.34,19.102,-15.728,
14481402042000,3,-30.34,19.102,-15.728,
14481423923000,3,-30.34,19.102,-15.728,
14481443211000,3,-30.34,19.102,-15.728,
14481462040000,3,-30.34,19.102,-15.728,
14481483921000,3,-30.34,19.102,-15.728,
14481502506000,3,-30.34,19.102,-15.728,
14481522099000,3,-30.34,19.102,-15.728,
14481544010000,3,-30.34,19.102,-15.728,
14481562656000,3,-30.34,19.102,-15.728,
14481582310000,3,-30.34,19.102,-15.728,
14481604069000,3,-30.34,19.102,-15.728,
14481623112000,3,-30.34,19.102,-15.728,
14481642246000,3,-30.34,19.102,-15.728,
14481664127000,3,-30.34,19.102,-15.728,
14481683445000,3,-30.34,19.102,-15.728,
14481702244000,3,-30.34,19.102,-15.728,
14481724216000,3,-30.34,19.102,-15.728,
14481742741000,3,-30.34,19.407,-15.728,
14481762302000,3,-30.34,19.407,-15.728,
14481784214000,3,-30.34,19.407,-15.728,
14481803135000,3,-30.34,19.407,-15.728,
14481822422000,3,-30.34,19.407,-15.728,
14481844303000,3,-30.34,19.407,-15.728,
14481862980000,3,-30.34,19.407,-15.728,
14481882420000,3,-30.34,19.407,-15.728,
14481904606000,3,-30.34,19.407,-15.728,
14481923222000,3,-30.34,19.407,-15.728,
14481942509000,3,-30.34,19.407,-15.728,
14481964451000,3,-30.34,19.407,-15.728,
14481983311000,3,-30.34,19.407,-15.728,
14482002567000,3,-30.34,19.407,-15.728,
14482024509000,3,-30.34,19.407,-15.728,
14482043034000,3,-30.34,19.407,-15.728,
14482062595000,3,-30.34,19.407,-15.405,
14482084507000,3,-30.34,19.407,-15.405,
14482103397000,3,-30.34,19.407,-15.405,
14482122715000,3,-30.34,19.407,-15.405,
14482144566000,3,-30.34,19.407,-15.405,
14482163883000,3,-30.34,19.407,-15.405,
14482182713000,3,-30.34,19.407,-15.405,
14482204655000,3,-30.34,19.407,-15.405,
14482223148000,3,-30.34,19.407,-15.405,
14482242802000,3,-30.34,19.407,-15.405,
14482264744000,3,-30.34,19.407,-15.405,
14482283237000,3,-30.34,19.407,-15.405,
14482302952000,3,-30.34,19.407,-15.405,
14482324894000,3,-30.34,19.407,-15.405,
14482343876000,3,-30.34,19.407,-15.405,
14482362949000,3,-30.34,19.407,-15.405,
14482384830000,3,-30.34,19.407,-15.405,
14482403629000,3,-30.34,19.407,-15.405,
14482422947000,3,-30.34,19.407,-15.405,
14482444828000,3,-30.34,19.407,-15.405,
14482463352000,3,-30.34,19.407,-15.405,
14482483005000,3,-30.34,19.407,-15.405,
14482504978000,3,-30.34,19.407,-15.405,
14482523869000,3,-30.34,19.407,-15.405,
14482543125000,3,-30.34,19.407,-15.405,
14482564945000,3,-30.34,19.407,-15.405,
14482583652000,3,-30.34,19.407,-15.405,
14482603489000,3,-30.34,19.407,-15.405,
14482625095000,3,-30.34,19.407,-15.405,
14482644443000,3,-30.34,19.407,-15.405,
14482663151000,3,-30.34,19.407,-15.405,
14482685123000,3,-30.34,19.407,-15.405,
14482703953000,3,-30.34,19.407,-15.405,
14482723209000,3,-30.34,19.407,-15.405,
14482745090000,3,-30.34,19.407,-15.405,
14482763676000,3,-30.34,19.407,-15.405,
14482783329000,3,-30.34,19.407,-15.405,
14482805180000,3,-30.34,19.407,-15.405,
14482823856000,3,-30.34,19.407,-15.405,
14482843296000,3,-30.34,19.407,-15.405,
14482865238000,3,-30.34,19.407,-15.734,
14482884495000,3,-30.34,19.407,-15.734,
14482903477000,3,-30.34,19.407,-15.734,
14482925297000,3,-30.34,19.407,-15.734,
14483045689000,3,-30.34,19.407,-15.734,
14483064732000,3,-30.34,19.407,-15.734,
14483083805000,3,-30.34,19.407,-15.734,
14483105534000,3,-30.34,19.407,-15.734,
14483124332000,3,-30.34,19.407,-15.734,
14483143620000,3,-30.34,19.407,-15.734,
14483165562000,3,-30.34,19.407,-15.734,
14483184116000,3,-30.34,19.407,-15.734,
14483203800000,3,-30.34,19.407,-15.734,
14483225681000,3,-30.34,19.407,-15.734,
14483244541000,3,-30.34,19.407,-15.734,
14483263767000,3,-30.34,19.407,-15.734,
14483285648000,3,-30.34,19.407,-15.734,
14483304325000,3,-30.34,19.407,-15.734,
14483323795000,3,-30.34,19.407,-15.734,
14483345768000,3,-30.34,19.407,-15.734,
14483364628000,3,-30.34,19.407,-15.734,
14483383854000,3,-30.34,19.407,-15.734,
14483405796000,3,-30.34,19.407,-15.734,
14483424686000,3,-30.34,19.407,-15.734,
14483443912000,3,-30.34,19.407,-15.734,
14483465763000,3,-30.34,19.407,-15.734,
14483484318000,3,-30.34,19.407,-15.734,
14483504002000,3,-30.34,19.407,-15.734,
14483525913000,3,-30.34,19.407,-15.734,
14483544559000,3,-30.34,19.407,-15.734,
14483564091000,3,-30.34,19.407,-15.734,
14483585972000,3,-30.34,19.407,-15.734,
14483605686000,3,-30.34,19.407,-15.734,
14483624119000,3,-30.34,19.407,-15.734,
14483646061000,3,-30.34,19.407,-15.734,
14483664463000,3,-30.34,19.407,-15.734,
14483684086000,3,-30.34,19.407,-15.734,
14483706089000,3,-30.34,19.407,-15.734,
14483731022000,3,-30.34,19.407,-15.734,
14483744175000,3,-30.34,19.407,-15.734,
14483766087000,3,-30.34,19.407,-15.734,
14483785099000,3,-30.34,19.407,-15.734,
14483804295000,3,-30.34,19.407,-15.734,
14483826206000,3,-30.34,19.407,-15.734,
14483845066000,3,-30.34,19.407,-15.734,
14483864353000,3,-30.34,19.407,-15.734,
14483886265000,3,-30.34,19.407,-15.734,
14483904880000,3,-30.34,19.407,-15.734,
14483924473000,3,-30.34,19.407,-15.734,
14483946384000,3,-30.34,19.407,-15.734,
14483965214000,3,-30.34,19.407,-15.734,
14483984470000,3,-30.34,19.407,-15.734,
14484006321000,3,-30.34,19.407,-15.734,
14484024998000,3,-30.34,19.407,-15.734,
14484044529000,3,-30.34,19.407,-15.734,
14484066441000,3,-30.34,19.407,-15.734,
14484085300000,3,-30.34,19.407,-15.734,
14484104557000,3,-30.34,19.407,-15.734,
14484126499000,3,-30.34,19.407,-15.734,
14484145390000,3,-30.34,19.407,-15.734,
14484164616000,3,-30.34,19.407,-15.734,
14484186527000,3,-30.34,19.407,-15.403,
14484205082000,3,-30.34,19.407,-15.403,
14484224705000,3,-30.34,19.407,-15.403,
14484246616000,3,-30.34,19.407,-15.403,
14484265232000,3,-30.34,19.407,-15.403,
14484284763000,3,-30.34,19.407,-15.403,
14484306736000,3,-30.34,19.407,-15.403,
14484326023000,3,-30.34,19.407,-15.403,
14484344944000,3,-30.34,19.407,-15.403,
14484366825000,3,-30.34,19.407,-15.403,
14484385288000,3,-30.34,19.407,-15.403,
14484404972000,3,-30.34,19.407,-15.403,
14484426914000,3,-30.34,19.407,-15.403,
14484445499000,3,-30.34,19.407,-15.403,
14484465061000,3,-30.34,19.407,-15.403,
14484486973000,3,-30.34,19.407,-15.403,
14484505924000,3,-30.34,19.407,-15.403,
14484524998000,3,-30.34,19.407,-15.403,
14484546940000,3,-30.34,19.407,-15.403,
14484566166000,3,-30.34,19.407,-15.403,
14484584995000,3,-30.34,19.407,-15.403,
14484606998000,3,-30.34,19.407,-15.403,
14484625523000,3,-30.34,19.407,-15.403,
14484645145000,3,-30.34,19.407,-15.403,
14484666996000,3,-30.34,19.407,-15.403,
14484685886000,3,-30.34,19.407,-15.403,
14484705387000,3,-30.34,19.407,-15.403,
14484967594000,3,-30.34,19.407,-15.724,
14484986240000,3,-30.34,19.407,-15.724,
14485005711000,3,-30.34,19.407,-15.724,
14485027592000,3,-30.34,19.407,-15.724,
14485046818000,3,-30.34,19.407,-15.724,
14485065739000,3,-30.34,19.407,-15.724,
14485087650000,3,-30.34,19.407,-15.724,
14485106113000,3,-30.34,19.407,-15.724,
14485125767000,3,-30.34,19.407,-15.724,
14485147465000,3,-30.34,19.407,-15.724,
14485166019000,3,-30.34,19.407,-15.724,
14485185551000,3,-30.34,19.407,-15.724,
14485207554000,3,-30.34,19.407,-15.724,
14485226566000,3,-30.34,19.407,-15.724,
14485245640000,3,-30.34,19.407,-15.724,
14485267582000,3,-30.34,19.407,-15.724,
14485286411000,3,-30.34,19.407,-15.724,
14485305637000,3,-30.34,19.407,-15.724,
14485327579000,3,-30.34,19.407,-15.724,
14485346134000,3,-30.34,19.407,-15.724,
14485365757000,3,-30.34,19.407,-15.724,
14485387669000,3,-30.34,19.407,-15.724,
14485406559000,3,-30.34,19.407,-15.724,
14485425785000,3,-30.34,19.407,-15.724,
14485447697000,3,-30.34,19.407,-15.724,
14485466404000,3,-30.34,19.407,-15.724,
14485485905000,3,-30.34,19.407,-15.724,
14485507847000,3,-30.34,19.407,-15.724,
14485527134000,3,-30.34,19.407,-15.724,
14485545933000,3,-30.34,19.407,-15.724,
14485567844000,3,-30.34,19.407,-15.724,
14485586796000,3,-30.34,19.407,-15.724,
14485605961000,3,-30.34,19.407,-15.724,
14485627872000,3,-30.34,19.407,-15.724,
14485646397000,3,-30.34,19.407,-15.348,
14485666080000,3,-30.34,19.407,-15.348,
14485688023000,3,-30.34,19.407,-15.348,
14485706638000,3,-30.34,19.407,-15.348,
14485726109000,3,-30.34,19.725,-15.348,
14485748051000,3,-30.34,19.725,-15.348,
14485767277000,3,-30.34,19.725,-15.048,
14485786167000,3,-30.34,19.725,-15.048,
14485808079000,3,-30.34,19.725,-15.048,
14485826633000,3,-30.34,19.725,-15.048,
14485846256000,3,-30.34,19.725,-15.048,
14485868137000,3,-30.34,19.725,-15.048,
14485886692000,3,-30.34,19.725,-15.048,
14485906284000,3,-30.34,19.725,-15.048,
14485928196000,3,-30.34,19.725,-15.048,
14485947239000,3,-30.34,19.725,-15.048,
14485966373000,3,-30.34,19.725,-15.048,
14485988255000,3,-30.34,19.725,-15.048,
14486007084000,3,-30.34,19.725,-15.048,
14486026371000,3,-30.34,19.725,-15.048,
14486048313000,3,-30.34,19.725,-15.048,
14486066837000,3,-30.34,19.725,-15.048,
14486086491000,3,-30.34,19.725,-15.377,
14486108372000,3,-30.34,19.725,-15.377,
14486127232000,3,-30.34,19.725,-15.377,
14486146488000,3,-30.34,19.409,-15.377,
14486168461000,3,-30.34,19.409,-15.377,
14486187046000,3,-30.34,19.409,-15.377,
14486206608000,3,-30.34,19.409,-15.377,
14486228489000,3,-30.34,19.409,-15.377,
14486247349000,3,-30.34,19.409,-15.377,
14486266605000,3,-30.34,19.409,-15.377,
14486288547000,3,-30.34,19.409,-15.377,
14486307468000,3,-30.34,19.409,-15.377,
14486326694000,3,-30.34,19.409,-15.377,
14486348606000,3,-30.34,19.409,-15.377,
14486367100000,3,-30.34,19.409,-15.377,
14486386753000,3,-30.34,19.409,-15.028,
14486408665000,3,-30.34,19.711,-15.028,
14486427341000,3,-30.34,19.711,-15.028,
14486446781000,3,-30.34,19.711,-15.028,
14486468693000,3,-30.34,19.711,-15.028,
14486488438000,3,-30.34,19.711,-15.028,
14486506870000,3,-30.34,19.711,-15.028,
14486528721000,3,-30.34,19.711,-15.028,
14486547245000,3,-30.34,19.711,-15.028,
14486566898000,3,-30.34,19.711,-15.028,
14486588840000,3,-30.34,19.711,-15.028,
14486607334000,3,-30.34,19.711,-15.028,
14486626926000,3,-30.34,19.711,-15.028,
14486648869000,3,-30.34,19.711,-15.028,
14486667912000,3,-30.34,19.711,-15.437,
