772243990477664,3,29.0,2400.0,0.0,
772244012114626,3,29.0,2400.0,0.0,
772244031310183,3,26.0,2400.0,0.0,
772244051085574,3,26.0,2400.0,0.0,
772244072142703,3,28.0,2400.0,0.0,
772244092436891,3,28.0,2400.0,0.0,
772244111327272,3,28.0,2400.0,0.0,
772244132292849,3,28.0,2400.0,0.0,
772244150176150,3,28.0,2400.0,0.0,
772244170683964,3,29.0,2400.0,0.0,
772244192687136,3,29.0,2400.0,0.0,
772244211608033,3,26.0,2400.0,0.0,
772244231383425,3,26.0,2400.0,0.0,
772244252410037,3,25.0,2400.0,0.0,
772244272582157,3,25.0,2400.0,0.0,
772244291014773,3,28.0,2400.0,0.0,
772244312773806,3,28.0,2400.0,0.0,
772244330687625,3,29.0,2400.0,0.0,
772244351164920,3,28.0,2400.0,0.0,
772244372588259,3,28.0,2400.0,0.0,
772244391783815,3,29.0,2400.0,0.0,
772244411254031,3,29.0,2400.0,0.0,
772244432524784,3,26.0,2400.0,0.0,
772244452696901,3,26.0,2400.0,0.0,
772244470763308,3,26.0,2400.0,0.0,
772244492674929,3,26.0,2400.0,0.0,
772244510649784,3,28.0,2400.0,0.0,
772244531188113,3,28.0,2400.0,0.0,
772244552641970,3,28.0,2400.0,0.0,
772244571990115,3,27.0,2400.0,0.0,
772244591734989,3,27.0,2400.0,0.0,
772244612700564,3,28.0,2400.0,0.0,
772244633269411,3,28.0,2400.0,0.0,
772244651000125,3,29.0,2400.0,0.0,
772244672728641,3,29.0,2400.0,0.0,
772244690672976,3,31.0,2400.0,0.0,
772244711058718,3,28.0,2400.0,0.0,
772244732848269,3,28.0,2400.0,0.0,
772244752135379,3,27.0,2400.0,0.0,
772244771697146,3,27.0,2400.0,0.0,
772244793273073,3,28.0,2400.0,0.0,
772244813445193,3,28.0,2400.0,0.0,
772244831908329,3,28.0,2400.0,0.0,
772244853362185,3,28.0,2400.0,0.0,
772244872893434,3,29.0,2400.0,0.0,
772244891570193,3,32.0,2400.0,0.0,
772244913359745,3,32.0,2400.0,0.0,
772244932677370,3,26.0,2400.0,0.0,
772244952086550,3,26.0,2400.0,0.0,
772244973357302,3,29.0,2400.0,0.0,
772244993620975,3,29.0,2400.0,0.0,
772245011809450,3,27.0,2400.0,0.0,
772245033660036,3,27.0,2400.0,0.0,
772245051421267,3,28.0,2400.0,0.0,
772245083190066,3,27.0,2400.0,0.0,
772245101592165,3,27.0,2400.0,0.0,
772245112303835,3,28.0,2400.0,0.0,
772245131713015,3,28.0,2400.0,0.0,
772245153105838,3,28.0,2400.0,0.0,
772245173613650,3,28.0,2400.0,0.0,
772245191527468,3,28.0,2400.0,0.0,
772245213317019,3,28.0,2400.0,0.0,
772245231108768,3,27.0,2400.0,0.0,
772245251677615,3,27.0,2400.0,0.0,
772245273375612,3,27.0,2400.0,0.0,
772245292723758,3,28.0,2400.0,0.0,
772245312499149,3,28.0,2400.0,0.0,
772245337279421,3,28.0,2400.0,0.0,
772245353636843,3,28.0,2400.0,0.0,
772245371642215,3,29.0,2400.0,0.0,
772245393431766,3,29.0,2400.0,0.0,
772245411467654,3,27.0,2400.0,0.0,
772245431914431,3,27.0,2400.0,0.0,
772245453490359,3,27.0,2400.0,0.0,
772245472685916,3,27.0,2400.0,0.0,
772245492369753,3,27.0,2400.0,0.0,
772245513579470,3,27.0,2400.0,0.0,
772245545378787,3,27.0,2400.0,0.0,
772245552580936,3,27.0,2400.0,0.0,
772245573515993,3,27.0,2400.0,0.0,
772245591460329,3,27.0,2400.0,0.0,
772245611876590,3,28.0,2400.0,0.0,
772245633574588,3,28.0,2400.0,0.0,
772245652770144,3,29.0,2400.0,0.0,
772245672270876,3,29.0,2400.0,0.0,
772245693602664,3,28.0,2400.0,0.0,
772245713835819,3,28.0,2400.0,0.0,
772245732298952,3,29.0,2400.0,0.0,
772245753752809,3,29.0,2400.0,0.0,
772245771819217,3,28.0,2400.0,0.0,
772245792510135,3,27.0,2400.0,0.0,
772245813750368,3,27.0,2400.0,0.0,
772245837737184,3,28.0,2400.0,0.0,
772245852507693,3,28.0,2400.0,0.0,
772245873778446,3,27.0,2400.0,0.0,
772245894042116,3,27.0,2400.0,0.0,
772245912108522,3,30.0,2400.0,0.0,
772245933867556,3,30.0,2400.0,0.0,
772245951842411,3,27.0,2400.0,0.0,
772245972319704,3,27.0,2400.0,0.0,
772245993926149,3,27.0,2400.0,0.0,
772246013335330,3,27.0,2400.0,0.0,
772246046599490,3,27.0,2400.0,0.0,
772246053984743,3,29.0,2400.0,0.0,
772246074156862,3,29.0,2400.0,0.0,
772246092345340,3,29.0,2400.0,0.0,
772246114104373,3,29.0,2400.0,0.0,
772246132079226,3,28.0,2400.0,0.0,
772246152464968,3,30.0,2400.0,0.0,
772246174224002,3,30.0,2400.0,0.0,
772246193480594,3,27.0,2400.0,0.0,
772246213011843,3,27.0,2400.0,0.0,
772246234282595,3,27.0,2400.0,0.0,
772246254424197,3,27.0,2400.0,0.0,
772246272826297,3,30.0,2400.0,0.0,
772246294280153,3,30.0,2400.0,0.0,
772246313567263,3,27.0,2400.0,0.0,
772246332640750,3,27.0,2400.0,0.0,
772246354399784,3,27.0,2400.0,0.0,
772246373625857,3,27.0,2400.0,0.0,
772246392974001,3,27.0,2400.0,0.0,
772246414275271,3,28.0,2400.0,0.0,
772246434599979,3,28.0,2400.0,0.0,
772246452880007,3,28.0,2400.0,0.0,
772246474516970,3,28.0,2400.0,0.0,
772246492339236,3,27.0,2400.0,0.0,
772246513091190,3,28.0,2400.0,0.0,
772246534484011,3,28.0,2400.0,0.0,
772246553679567,3,28.0,2400.0,0.0,
772246573149783,3,28.0,2400.0,0.0,
772246594573123,3,27.0,2400.0,0.0,
772246614806276,3,27.0,2400.0,0.0,
772246632781130,3,27.0,2400.0,0.0,
772246654631716,3,27.0,2400.0,0.0,
772246672515018,3,28.0,2400.0,0.0,
772246692992312,3,29.0,2400.0,0.0,
772246714781862,3,29.0,2400.0,0.0,
772246733885867,3,27.0,2400.0,0.0,
772246753813846,3,27.0,2400.0,0.0,
772246775817019,3,27.0,2400.0,0.0,
772246794890505,3,27.0,2400.0,0.0,
772246812926394,3,28.0,2400.0,0.0,
772246834838016,3,30.0,2400.0,0.0,
772246852660281,3,29.0,2400.0,0.0,
772246873046022,3,28.0,2400.0,0.0,
772246894866091,3,28.0,2400.0,0.0,
772246914122684,3,27.0,2400.0,0.0,
772246933684450,3,27.0,2400.0,0.0,
772246954802614,3,27.0,2400.0,0.0,
772246975066287,3,27.0,2400.0,0.0,
772246993895633,3,27.0,2400.0,0.0,
772247014891726,3,27.0,2400.0,0.0,
772247032805544,3,27.0,2400.0,0.0,
772247058776004,3,28.0,2400.0,0.0,
772247074278934,3,28.0,2400.0,0.0,
772247092223269,3,27.0,2400.0,0.0,
772247115019899,3,27.0,2400.0,0.0,
772247134337527,3,28.0,2400.0,0.0,
772247154601199,3,28.0,2400.0,0.0,
772247174742799,3,27.0,2400.0,0.0,
772247194426638,3,27.0,2400.0,0.0,
772247212309939,3,27.0,2400.0,0.0,
772247235076052,3,29.0,2400.0,0.0,
772247254546266,3,29.0,2400.0,0.0,
772247272429567,3,28.0,2400.0,0.0,
772247295195681,3,28.0,2400.0,0.0,
772247314604861,3,28.0,2400.0,0.0,
772247334807496,3,28.0,2400.0,0.0,
772247355254274,3,27.0,2400.0,0.0,
772247375090701,3,27.0,2400.0,0.0,
772247392607791,3,27.0,2400.0,0.0,
772247415099244,3,28.0,2400.0,0.0,
772247434996706,3,28.0,2400.0,0.0,
772247452574832,3,27.0,2400.0,0.0,
772247475646120,3,27.0,2400.0,0.0,
772247494780641,3,28.0,2400.0,0.0,
772247514983278,3,28.0,2400.0,0.0,
772247535033328,3,28.0,2400.0,0.0,
772247554961306,3,27.0,2400.0,0.0,
772247572844606,3,27.0,2400.0,0.0,
772247595183474,3,27.0,2400.0,0.0,
772247614989383,3,27.0,2400.0,0.0,
772247632842166,3,27.0,2400.0,0.0,
772247655730348,3,27.0,2400.0,0.0,
772247675017458,3,27.0,2400.0,0.0,
772247695342166,3,27.0,2400.0,0.0,
772247715453249,3,27.0,2400.0,0.0,
772247734953981,3,27.0,2400.0,0.0,
772247752776247,3,27.0,2400.0,0.0,
772247775145633,3,27.0,2400.0,0.0,
772247795073611,3,27.0,2400.0,0.0,
772247812895875,3,29.0,2400.0,0.0,
772247835723024,3,29.0,2400.0,0.0,
772247855223758,3,27.0,2400.0,0.0,
772247875884158,3,27.0,2400.0,0.0,
772247895384889,3,27.0,2400.0,0.0,
772247926238161,3,27.0,2400.0,0.0,
772247932982547,3,27.0,2400.0,0.0,
772247968352419,3,27.0,2400.0,0.0,
772247975066285,3,27.0,2400.0,0.0,
772247993102175,3,27.0,2400.0,0.0,
772248015868289,3,27.0,2400.0,0.0,
772248035185915,3,28.0,2400.0,0.0,
772248055480104,3,28.0,2400.0,0.0,
772248075469118,3,32.0,2400.0,0.0,
772248095549685,3,27.0,2400.0,0.0,
772248113249880,3,27.0,2400.0,0.0,
772248135741334,3,27.0,2400.0,0.0,
772248155272585,3,27.0,2400.0,0.0,
772248173216922,3,29.0,2400.0,0.0,
772248196379763,3,29.0,2400.0,0.0,
772248215361695,3,27.0,2400.0,0.0,
772248235625368,3,27.0,2400.0,0.0,
772248255675418,3,27.0,2400.0,0.0,
772248275481326,3,27.0,2400.0,0.0,
772248294158082,3,27.0,2400.0,0.0,
772248315672976,3,27.0,2400.0,0.0,
772248335448367,3,27.0,2400.0,0.0,
772248353484255,3,27.0,2400.0,0.0,
772248376280885,3,27.0,2400.0,0.0,
772248395567993,3,28.0,2400.0,0.0,
772248415831666,3,28.0,2400.0,0.0,
772248436156373,3,27.0,2400.0,0.0,
772248455626589,3,29.0,2400.0,0.0,
772248473509891,3,29.0,2400.0,0.0,
772248495787721,3,27.0,2400.0,0.0,
772248515654664,3,27.0,2400.0,0.0,
772248533537965,3,27.0,2400.0,0.0,
772248556365114,3,27.0,2400.0,0.0,
772248575713259,3,28.0,2400.0,0.0,
772248595885378,3,28.0,2400.0,0.0,
772248616026979,3,28.0,2400.0,0.0,
772248635771851,3,27.0,2400.0,0.0,
772248653746705,3,27.0,2400.0,0.0,
772248677367311,3,27.0,2400.0,0.0,
772248696166140,3,27.0,2400.0,0.0,
772248713774783,3,28.0,2400.0,0.0,
772248736479860,3,28.0,2400.0,0.0,
772248756011109,3,29.0,2400.0,0.0,
772248776305299,3,29.0,2400.0,0.0,
772248796233278,3,29.0,2400.0,0.0,
772248816069705,3,28.0,2400.0,0.0,
772248833953005,3,28.0,2400.0,0.0,
772248865935425,3,27.0,2400.0,0.0,
772248875304321,3,27.0,2400.0,0.0,
772248893920045,3,27.0,2400.0,0.0,
772248917449098,3,27.0,2400.0,0.0,
772248936217409,3,28.0,2400.0,0.0,
772248956297977,3,28.0,2400.0,0.0,
772248976317507,3,27.0,2400.0,0.0,
772248996123414,3,28.0,2400.0,0.0,
772249014006715,3,28.0,2400.0,0.0,
772249036376101,3,27.0,2400.0,0.0,
772249056151492,3,27.0,2400.0,0.0,
772249074095828,3,28.0,2400.0,0.0,
772249097075563,3,28.0,2400.0,0.0,
772249116362672,3,27.0,2400.0,0.0,
772249136565309,3,27.0,2400.0,0.0,
772249156920535,3,29.0,2400.0,0.0,
772249176482302,3,27.0,2400.0,0.0,
772249194335084,3,27.0,2400.0,0.0,
772249216673951,3,27.0,2400.0,0.0,
772249236479860,3,27.0,2400.0,0.0,
772249254302126,3,27.0,2400.0,0.0,
772249277007205,3,27.0,2400.0,0.0,
772249296538454,3,28.0,2400.0,0.0,
772249316710572,3,28.0,2400.0,0.0,
772249336852174,3,27.0,2400.0,0.0,
772249356597048,3,27.0,2400.0,0.0,
772249375334842,3,27.0,2400.0,0.0,
772249397368533,3,29.0,2400.0,0.0,
772249416808229,3,29.0,2400.0,0.0,
772249434691529,3,28.0,2400.0,0.0,
772249457335573,3,28.0,2400.0,0.0,
772249476744753,3,29.0,2400.0,0.0,
772249496916872,3,29.0,2400.0,0.0,
772249516997437,3,29.0,2400.0,0.0,
772249536772828,3,28.0,2400.0,0.0,
772249554808717,3,28.0,2400.0,0.0,
772249577330691,3,29.0,2400.0,0.0,
772249596831424,3,29.0,2400.0,0.0,
772249614958864,3,30.0,2400.0,0.0,
772249638121704,3,30.0,2400.0,0.0,
772249656920533,3,29.0,2400.0,0.0,
772249677123171,3,29.0,2400.0,0.0,
772249697051150,3,32.0,2400.0,0.0,
772249716979128,3,28.0,2400.0,0.0,
772249735289674,3,28.0,2400.0,0.0,
772249757475953,3,28.0,2400.0,0.0,
772249777129274,3,28.0,2400.0,0.0,
772249794921023,3,27.0,2400.0,0.0,
772249817748171,3,27.0,2400.0,0.0,
772249837004762,3,29.0,2400.0,0.0,
772249857390504,3,29.0,2400.0,0.0,
772249878234010,3,29.0,2400.0,0.0,
772249897154909,3,30.0,2400.0,0.0,
772249915221316,3,30.0,2400.0,0.0,
772249937590700,3,29.0,2400.0,0.0,
772249958037476,3,29.0,2400.0,0.0,
772249975188356,3,29.0,2400.0,0.0,
772249997771364,3,29.0,2400.0,0.0,
772250017150027,3,29.0,2400.0,0.0,
772250037352664,3,29.0,2400.0,0.0,
772250057738404,3,29.0,2400.0,0.0,
772250077239137,3,30.0,2400.0,0.0,
772250095213991,3,30.0,2400.0,0.0,
772250118010622,3,28.0,2400.0,0.0,
772250137358767,3,28.0,2400.0,0.0,
772250155211549,3,29.0,2400.0,0.0,
772250177947144,3,29.0,2400.0,0.0,
772250197325807,3,27.0,2400.0,0.0,
772250217589480,3,28.0,2400.0,0.0,
772250237578494,3,28.0,2400.0,0.0,
772250257475954,3,27.0,2400.0,0.0,
772250275389771,3,27.0,2400.0,0.0,
772250297850709,3,29.0,2400.0,0.0,
772250317412478,3,29.0,2400.0,0.0,
772250335356814,3,29.0,2400.0,0.0,
772250358611208,3,29.0,2400.0,0.0,
772250377410035,3,29.0,2400.0,0.0,
772250397704225,3,29.0,2400.0,0.0,
772250417693239,3,29.0,2400.0,0.0,
772250437834841,3,29.0,2400.0,0.0,
772250455443484,3,29.0,2400.0,0.0,
772250477782350,3,29.0,2400.0,0.0,
772250497557740,3,29.0,2400.0,0.0,
772250515563112,3,27.0,2400.0,0.0,
772250538512332,3,27.0,2400.0,0.0,
772250557677371,3,29.0,2400.0,0.0,
772250577941042,3,29.0,2400.0,0.0,
772250598570924,3,29.0,2400.0,0.0,
772250617858033,3,29.0,2400.0,0.0,
772250635710817,3,29.0,2400.0,0.0,
772250657897097,3,29.0,2400.0,0.0,
772250677703005,3,29.0,2400.0,0.0,
772250695616823,3,29.0,2400.0,0.0,
772250718413454,3,29.0,2400.0,0.0,
772250737700563,3,29.0,2400.0,0.0,
772250758025271,3,29.0,2400.0,0.0,
772250778136355,3,29.0,2400.0,0.0,
772250797881226,3,29.0,2400.0,0.0,
772250817504029,3,29.0,2400.0,0.0,
772250839385134,3,28.0,2400.0,0.0,
772250857939821,3,28.0,2400.0,0.0,
772250875914676,3,29.0,2400.0,0.0,
772250898711305,3,29.0,2400.0,0.0,
772250918059449,3,30.0,2400.0,0.0,
772250938475710,3,29.0,2400.0,0.0,
772250958800418,3,29.0,2400.0,0.0,
772250978118045,3,29.0,2400.0,0.0,
772250995970828,3,29.0,2400.0,0.0,
772251018492799,3,32.0,2400.0,0.0,
772251038115602,3,32.0,2400.0,0.0,
772251056151491,3,29.0,2400.0,0.0,
772251079253299,3,29.0,2400.0,0.0,
772251098204714,3,28.0,2400.0,0.0,
772251118407350,3,29.0,2400.0,0.0,
772251138487917,3,29.0,2400.0,0.0,
772251158629519,3,29.0,2400.0,0.0,
772251176207644,3,29.0,2400.0,0.0,
772251198546512,3,29.0,2400.0,0.0,
772251218352419,3,29.0,2400.0,0.0,
772251236235718,3,27.0,2400.0,0.0,
772251259123903,3,27.0,2400.0,0.0,
772251278472049,3,29.0,2400.0,0.0,
772251298705204,3,29.0,2400.0,0.0,
772251319060427,3,29.0,2400.0,0.0,
772251338896852,3,28.0,2400.0,0.0,
772251356413941,3,28.0,2400.0,0.0,
772251378783328,3,29.0,2400.0,0.0,
772251398497684,3,29.0,2400.0,0.0,
772251416411501,3,29.0,2400.0,0.0,
772251439208131,3,29.0,2400.0,0.0,
772251458922487,3,29.0,2400.0,0.0,
772251478819949,3,29.0,2400.0,0.0,
772251498961551,3,29.0,2400.0,0.0,
772251518767459,3,27.0,2400.0,0.0,
772251536589723,3,27.0,2400.0,0.0,
772251559294801,3,29.0,2400.0,0.0,
772251578765017,3,29.0,2400.0,0.0,
772251596617800,3,29.0,2400.0,0.0,
772251619322880,3,29.0,2400.0,0.0,
772251638732058,3,29.0,2400.0,0.0,
772251658965211,3,29.0,2400.0,0.0,
772251678954226,3,29.0,2400.0,0.0,
772251698912722,3,29.0,2400.0,0.0,
772251716734988,3,29.0,2400.0,0.0,
772251739470583,3,29.0,2400.0,0.0,
772251760588746,3,29.0,2400.0,0.0,
772251777068238,3,27.0,2400.0,0.0,
772251800719363,3,27.0,2400.0,0.0,
772251821501834,3,29.0,2400.0,0.0,
772251839446170,3,29.0,2400.0,0.0,
772251859130007,3,29.0,2400.0,0.0,
772251878935915,3,28.0,2400.0,0.0,
772251898619753,3,28.0,2400.0,0.0,
772251919249637,3,29.0,2400.0,0.0,
772251938994510,3,29.0,2400.0,0.0,
772251956938845,3,29.0,2400.0,0.0,
772251979735475,3,29.0,2400.0,0.0,
772251998931032,3,28.0,2400.0,0.0,
772252019164187,3,31.0,2400.0,0.0,
772252039488895,3,31.0,2400.0,0.0,
772252059081179,3,29.0,2400.0,0.0,
772252077056031,3,29.0,2400.0,0.0,
772252099303346,3,29.0,2400.0,0.0,
772252119078738,3,29.0,2400.0,0.0,
772252136992556,3,27.0,2400.0,0.0,
772252159880740,3,27.0,2400.0,0.0,
772252179259401,3,28.0,2400.0,0.0,
772252199523073,3,29.0,2400.0,0.0,
772252219664675,3,29.0,2400.0,0.0,
772252239562137,3,29.0,2400.0,0.0,
772252257384402,3,29.0,2400.0,0.0,
772252280150515,3,29.0,2400.0,0.0,
772252299590211,3,29.0,2400.0,0.0,
772252317473512,3,29.0,2400.0,0.0,
772252340270144,3,29.0,2400.0,0.0,
772252359618290,3,28.0,2400.0,0.0,
772252379881960,3,28.0,2400.0,0.0,
772252399840455,3,28.0,2400.0,0.0,
772252419707399,3,29.0,2400.0,0.0,
772252437621217,3,29.0,2400.0,0.0,
772252460051639,3,29.0,2400.0,0.0,
772252479582889,3,29.0,2400.0,0.0,
772252497527223,3,29.0,2400.0,0.0,
772252520567995,3,29.0,2400.0,0.0,
772252539641482,3,28.0,2400.0,0.0,
772252559905154,3,29.0,2400.0,0.0,
772252580992801,3,29.0,2400.0,0.0,
772252599852664,3,29.0,2400.0,0.0,
772252617705446,3,29.0,2400.0,0.0,
772252639983278,3,29.0,2400.0,0.0,
772252659789187,3,29.0,2400.0,0.0,
772252677825076,3,28.0,2400.0,0.0,
772252700713259,3,28.0,2400.0,0.0,
772252719939332,3,29.0,2400.0,0.0,
772252740996462,3,25.0,2400.0,0.0,
772252776579958,3,25.0,2400.0,0.0,
772252780089481,3,28.0,2400.0,0.0,
772252798064334,3,28.0,2400.0,0.0,
772252820342165,3,28.0,2400.0,0.0,
772252840148073,3,28.0,2400.0,0.0,
772252858550173,3,29.0,2400.0,0.0,
772252881529910,3,27.0,2400.0,0.0,
772252899993046,3,27.0,2400.0,0.0,
772252920226199,3,28.0,2400.0,0.0,
772252941191774,3,28.0,2400.0,0.0,
772252960051638,3,29.0,2400.0,0.0,
772252978148561,3,29.0,2400.0,0.0,
772253000914676,3,29.0,2400.0,0.0,
772253020293337,3,29.0,2400.0,0.0,
772253038146119,3,28.0,2400.0,0.0,
772253061034303,3,29.0,2400.0,0.0,
772253080382449,3,29.0,2400.0,0.0,
772253100585086,3,29.0,2400.0,0.0,
772253120574100,3,29.0,2400.0,0.0,
772253140318971,3,28.0,2400.0,0.0,
772253158202271,3,28.0,2400.0,0.0,
772253180663210,3,29.0,2400.0,0.0,
772253200255496,3,29.0,2400.0,0.0,
772253218169314,3,28.0,2400.0,0.0,
772253241210085,3,28.0,2400.0,0.0,
772253260314088,3,28.0,2400.0,0.0,
772253280486208,3,29.0,2400.0,0.0,
772253300383670,3,29.0,2400.0,0.0,
772253320250614,3,28.0,2400.0,0.0,
772253338164431,3,28.0,2400.0,0.0,
772253360625367,3,29.0,2400.0,0.0,
772253380339723,3,29.0,2400.0,0.0,
772253398223024,3,28.0,2400.0,0.0,
772253421172244,3,29.0,2400.0,0.0,
772253440428836,3,29.0,2400.0,0.0,
772253460631471,3,29.0,2400.0,0.0,
772253480956178,3,29.0,2400.0,0.0,
772253500426394,3,28.0,2400.0,0.0,
772253518370731,3,28.0,2400.0,0.0,
772253540801151,3,29.0,2400.0,0.0,
772253560546023,3,29.0,2400.0,0.0,
772253578520875,3,28.0,2400.0,0.0,
772253601164919,3,29.0,2400.0,0.0,
772253620604617,3,29.0,2400.0,0.0,
772253640746219,3,29.0,2400.0,0.0,
772253660887820,3,29.0,2400.0,0.0,
772253680602174,3,28.0,2400.0,0.0,
772253698577028,3,28.0,2400.0,0.0,
772253736113650,3,29.0,2400.0,0.0,
772253740691287,3,29.0,2400.0,0.0,
772253758605106,3,29.0,2400.0,0.0,
772253781371217,3,28.0,2400.0,0.0,
772253800810915,3,28.0,2400.0,0.0,
772253821105105,3,29.0,2400.0,0.0,
772253841094119,3,29.0,2400.0,0.0,
772253860808475,3,29.0,2400.0,0.0,
772253878691775,3,29.0,2400.0,0.0,
772253901305299,3,28.0,2400.0,0.0,
772253921050173,3,28.0,2400.0,0.0,
772253938902957,3,29.0,2400.0,0.0,
772253961852176,3,29.0,2400.0,0.0,
772253980864626,3,29.0,2400.0,0.0,
772254001189332,3,29.0,2400.0,0.0,
772254021178346,3,29.0,2400.0,0.0,
772254041075808,3,29.0,2400.0,0.0,
772254058898075,3,29.0,2400.0,0.0,
772254081206424,3,30.0,2400.0,0.0,
772254101134401,3,30.0,2400.0,0.0,
772254119017703,3,29.0,2400.0,0.0,
772254141875369,3,29.0,2400.0,0.0,
772254161131961,3,29.0,2400.0,0.0,
772254181365114,3,28.0,2400.0,0.0,
772254201781374,3,28.0,2400.0,0.0,
772254221251590,3,29.0,2400.0,0.0,
772254239165408,3,29.0,2400.0,0.0,
772254261443239,3,29.0,2400.0,0.0,
772254281249148,3,29.0,2400.0,0.0,
772254299285037,3,27.0,2400.0,0.0,
772254321959598,3,29.0,2400.0,0.0,
772254341338258,3,29.0,2400.0,0.0,
772254361632449,3,29.0,2400.0,0.0,
772254381682498,3,29.0,2400.0,0.0,
772254401457889,3,31.0,2400.0,0.0,
772254419371706,3,31.0,2400.0,0.0,
772254441985232,3,28.0,2400.0,0.0,
772254461485965,3,28.0,2400.0,0.0,
772254479430301,3,28.0,2400.0,0.0,
772254502104860,3,29.0,2400.0,0.0,
772254521514040,3,29.0,2400.0,0.0,
772254541747196,3,29.0,2400.0,0.0,
772254561766727,3,29.0,2400.0,0.0,
772254581572633,3,28.0,2400.0,0.0,
772254599486453,3,28.0,2400.0,0.0,
772254621977908,3,29.0,2400.0,0.0,
772254641631228,3,29.0,2400.0,0.0,
772254659514528,3,28.0,2400.0,0.0,
772254683043581,3,29.0,2400.0,0.0,
772254701567752,3,29.0,2400.0,0.0,
772254721831424,3,28.0,2400.0,0.0,
772254741789919,3,28.0,2400.0,0.0,
772254761595828,3,28.0,2400.0,0.0,
772254779509647,3,28.0,2400.0,0.0,
772254802001102,3,29.0,2400.0,0.0,
772254821837526,3,29.0,2400.0,0.0,
772254839720828,3,28.0,2400.0,0.0,
772254862609012,3,28.0,2400.0,0.0,
772254881774051,3,28.0,2400.0,0.0,
772254902007204,3,29.0,2400.0,0.0,
772254927764040,3,29.0,2400.0,0.0,
772254941924197,3,29.0,2400.0,0.0,
772254959776981,3,29.0,2400.0,0.0,
772254982146364,3,29.0,2400.0,0.0,
772255002104861,3,29.0,2400.0,0.0,
772255019866092,3,28.0,2400.0,0.0,
772255042571170,3,29.0,2400.0,0.0,
772255061919313,3,29.0,2400.0,0.0,
772255082213503,3,28.0,2400.0,0.0,
772255102355106,3,28.0,2400.0,0.0,
772255122191531,3,29.0,2400.0,0.0,
772255140380007,3,29.0,2400.0,0.0,
772255163085085,3,28.0,2400.0,0.0,
772255182433231,3,28.0,2400.0,0.0,
772255200377566,3,28.0,2400.0,0.0,
772255223021608,3,28.0,2400.0,0.0,
772255242430789,3,28.0,2400.0,0.0,
772255267699344,3,28.0,2400.0,0.0,
772255282652957,3,28.0,2400.0,0.0,
772255302336794,3,29.0,2400.0,0.0,
772255320738894,3,29.0,2400.0,0.0,
772255342833621,3,29.0,2400.0,0.0,
772255362456424,3,29.0,2400.0,0.0,
772255380431276,3,29.0,2400.0,0.0,
772255403380496,3,28.0,2400.0,0.0,
772255422423465,3,28.0,2400.0,0.0,
772255442717654,3,28.0,2400.0,0.0,
772255462737184,3,28.0,2400.0,0.0,
772255482512576,3,29.0,2400.0,0.0,
772255500365360,3,29.0,2400.0,0.0,
772255522978885,3,28.0,2400.0,0.0,
772255543974977,3,28.0,2400.0,0.0,
772255561217410,3,29.0,2400.0,0.0,
772255583312137,3,29.0,2400.0,0.0,
772255602599246,3,29.0,2400.0,0.0,
772255622832399,3,29.0,2400.0,0.0,
772255662169559,3,29.0,2400.0,0.0,
772255662810428,3,28.0,2400.0,0.0,
772255682372195,3,28.0,2400.0,0.0,
772255702788454,3,28.0,2400.0,0.0,
772255722594363,3,28.0,2400.0,0.0,
772255741240604,3,29.0,2400.0,0.0,
772255763152225,3,29.0,2400.0,0.0,
772255782652956,3,29.0,2400.0,0.0,
772255802794558,3,28.0,2400.0,0.0,
772255822997196,3,28.0,2400.0,0.0,
772255842650516,3,29.0,2400.0,0.0,
772255860594850,3,29.0,2400.0,0.0,
772255883269412,3,28.0,2400.0,0.0,
772255902739627,3,28.0,2400.0,0.0,
772255920622928,3,28.0,2400.0,0.0,
772255943389040,3,28.0,2400.0,0.0,
772255962828738,3,28.0,2400.0,0.0,
772255983061893,3,28.0,2400.0,0.0,
772256003020389,3,28.0,2400.0,0.0,
772256022917848,3,29.0,2400.0,0.0,
772256040831668,3,29.0,2400.0,0.0,
772256063323123,3,28.0,2400.0,0.0,
772256083006961,3,30.0,2400.0,0.0,
772256100951296,3,30.0,2400.0,0.0,
772256123961550,3,28.0,2400.0,0.0,
772256143035037,3,28.0,2400.0,0.0,
772256163237674,3,27.0,2400.0,0.0,
772256183257204,3,27.0,2400.0,0.0,
772256203124148,3,29.0,2400.0,0.0,
772256221007450,3,29.0,2400.0,0.0,
772256243376834,3,28.0,2400.0,0.0,
772256263182741,3,28.0,2400.0,0.0,
772256281035525,3,28.0,2400.0,0.0,
772256303954227,3,28.0,2400.0,0.0,
772256323210818,3,28.0,2400.0,0.0,
772256343413454,3,28.0,2400.0,0.0,
772256363860232,3,28.0,2400.0,0.0,
772256383299930,3,28.0,2400.0,0.0,
772256401091678,3,28.0,2400.0,0.0,
772256423461061,3,27.0,2400.0,0.0,
772256443358523,3,28.0,2400.0,0.0,
772256461241825,3,28.0,2400.0,0.0,
772256483977420,3,28.0,2400.0,0.0,
772256503295046,3,28.0,2400.0,0.0,
772256523528201,3,28.0,2400.0,0.0,
772256543730838,3,28.0,2400.0,0.0,
772256563475711,3,31.0,2400.0,0.0,
772256581389528,3,31.0,2400.0,0.0,
772256617308718,3,27.0,2400.0,0.0,
772256623534305,3,29.0,2400.0,0.0,
772256641448123,3,29.0,2400.0,0.0,
772256664183717,3,28.0,2400.0,0.0,
772256683562380,3,28.0,2400.0,0.0,
772256703703983,3,27.0,2400.0,0.0,
772256723723514,3,27.0,2400.0,0.0,
772256743559938,3,28.0,2400.0,0.0,
772256761473757,3,28.0,2400.0,0.0,
772256783965213,3,29.0,2400.0,0.0,
772256803588016,3,28.0,2400.0,0.0,
772256821440798,3,28.0,2400.0,0.0,
772256844664675,3,27.0,2400.0,0.0,
772256863738162,3,27.0,2400.0,0.0,
772256883879764,3,28.0,2400.0,0.0,
772256903899294,3,28.0,2400.0,0.0,
772256923735720,3,28.0,2400.0,0.0,
772256941619022,3,28.0,2400.0,0.0,
772256964018924,3,28.0,2400.0,0.0,
772256983855348,3,28.0,2400.0,0.0,
772257001677615,3,28.0,2400.0,0.0,
772257024504764,3,27.0,2400.0,0.0,
772257043913943,3,27.0,2400.0,0.0,
772257064147096,3,27.0,2400.0,0.0,
772257084471804,3,27.0,2400.0,0.0,
772257103911502,3,28.0,2400.0,0.0,
772257121825320,3,28.0,2400.0,0.0,
772257144133669,3,27.0,2400.0,0.0,
772257163970095,3,27.0,2400.0,0.0,
772257181883914,3,27.0,2400.0,0.0,
772257204558475,3,28.0,2400.0,0.0,
772257223937135,3,28.0,2400.0,0.0,
772257244322878,3,28.0,2400.0,0.0,
772257264433963,3,28.0,2400.0,0.0,
772257284178836,3,27.0,2400.0,0.0,
772257302001100,3,27.0,2400.0,0.0,
772257324828249,3,27.0,2400.0,0.0,
772257344115360,3,28.0,2400.0,0.0,
772257362059694,3,28.0,2400.0,0.0,
772257384795290,3,28.0,2400.0,0.0,
772257404143435,3,28.0,2400.0,0.0,
772257424407108,3,26.0,2400.0,0.0,
772257444396120,3,26.0,2400.0,0.0,
772257464263063,3,28.0,2400.0,0.0,
772257500395877,3,28.0,2400.0,0.0,
772257504851444,3,28.0,2400.0,0.0,
772257524382692,3,28.0,2400.0,0.0,
772257542174440,3,28.0,2400.0,0.0,
772257565764529,3,27.0,2400.0,0.0,
772257584349735,3,27.0,2400.0,0.0,
772257604643923,3,28.0,2400.0,0.0,
772257624663454,3,28.0,2400.0,0.0,
772257644408328,3,28.0,2400.0,0.0,
772257662291629,3,28.0,2400.0,0.0,
772257684630495,3,26.0,2400.0,0.0,
772257704497438,3,28.0,2400.0,0.0,
772257722380740,3,28.0,2400.0,0.0,
772257745421512,3,28.0,2400.0,0.0,
772257764647585,3,28.0,2400.0,0.0,
772257784911257,3,31.0,2400.0,0.0,
772257805083376,3,31.0,2400.0,0.0,
772257824614627,3,28.0,2400.0,0.0,
772257842650515,3,28.0,2400.0,0.0,
772257864867311,3,28.0,2400.0,0.0,
772257884764773,3,29.0,2400.0,0.0,
772257902556522,3,29.0,2400.0,0.0,
772257925353151,3,29.0,2400.0,0.0,
772257944731813,3,29.0,2400.0,0.0,
772257964995486,3,28.0,2400.0,0.0,
772257985167606,3,28.0,2400.0,0.0,
772258004790407,3,29.0,2400.0,0.0,
772258023284059,3,29.0,2400.0,0.0,
772258045378787,3,27.0,2400.0,0.0,
772258064849002,3,28.0,2400.0,0.0,
772258082732302,3,28.0,2400.0,0.0,
772258105406862,3,28.0,2400.0,0.0,
772258124816042,3,28.0,2400.0,0.0,
772258145079715,3,29.0,2400.0,0.0,
772258165068727,3,29.0,2400.0,0.0,
772258184905153,3,28.0,2400.0,0.0,
772258202818972,3,28.0,2400.0,0.0,
772258225371463,3,28.0,2400.0,0.0,
772258245116335,3,28.0,2400.0,0.0,
772258262999636,3,28.0,2400.0,0.0,
772258286040408,3,28.0,2400.0,0.0,
772258305174930,3,28.0,2400.0,0.0,
772258325347048,3,28.0,2400.0,0.0,
772258345488649,3,28.0,2400.0,0.0,
772258365355593,3,28.0,2400.0,0.0,
772258383238895,3,28.0,2400.0,0.0,
772258405608278,3,29.0,2400.0,0.0,
772258426177126,3,28.0,2400.0,0.0,
772258443114382,3,28.0,2400.0,0.0,
772258465972049,3,28.0,2400.0,0.0,
772258485228640,3,28.0,2400.0,0.0,
772258505461794,3,28.0,2400.0,0.0,
772258526274783,3,28.0,2400.0,0.0,
772258545317752,3,27.0,2400.0,0.0,
772258563201052,3,27.0,2400.0,0.0,
772258585570435,3,25.0,2400.0,0.0,
772258605437379,3,28.0,2400.0,0.0,
772258623351199,3,28.0,2400.0,0.0,
772258645964725,3,28.0,2400.0,0.0,
772258665343385,3,28.0,2400.0,0.0,
772258685576539,3,28.0,2400.0,0.0,
772258705748658,3,28.0,2400.0,0.0,
772258725463015,3,28.0,2400.0,0.0,
772258743346316,3,28.0,2400.0,0.0,
772258766051394,3,28.0,2400.0,0.0,
772258785521608,3,28.0,2400.0,0.0,
772258803496460,3,28.0,2400.0,0.0,
772258826232056,3,28.0,2400.0,0.0,
772258846617799,3,28.0,2400.0,0.0,
772258865874392,3,28.0,2400.0,0.0,
772258885832889,3,28.0,2400.0,0.0,
772258905760866,3,27.0,2400.0,0.0,
772258923674683,3,27.0,2400.0,0.0,
772258945983033,3,29.0,2400.0,0.0,
772258965636354,3,28.0,2400.0,0.0,
772258983580691,3,28.0,2400.0,0.0,
772259006682497,3,29.0,2400.0,0.0,
772259025694947,3,29.0,2400.0,0.0,
772259045989136,3,31.0,2400.0,0.0,
772259065978150,3,31.0,2400.0,0.0,
772259085967165,3,28.0,2400.0,0.0,
772259104033572,3,28.0,2400.0,0.0,
772259126586062,3,28.0,2400.0,0.0,
772259146239382,3,28.0,2400.0,0.0,
772259166228394,3,28.0,2400.0,0.0,
772259187071901,3,27.0,2400.0,0.0,
772259206175905,3,27.0,2400.0,0.0,
772259226409060,3,28.0,2400.0,0.0,
772259247283083,3,28.0,2400.0,0.0,
772259266295533,3,27.0,2400.0,0.0,
772259284148316,3,27.0,2400.0,0.0,
772259306548219,3,27.0,2400.0,0.0,
772259326354128,3,28.0,2400.0,0.0,
772259344267947,3,28.0,2400.0,0.0,
772259367003541,3,27.0,2400.0,0.0,
772259386595826,3,27.0,2400.0,0.0,
772259406706911,3,28.0,2400.0,0.0,
772259426848513,3,28.0,2400.0,0.0,
772259446623904,3,29.0,2400.0,0.0,
772259464476686,3,27.0,2400.0,0.0,
772259487547974,3,27.0,2400.0,0.0,
772259507018190,3,28.0,2400.0,0.0,
772259525969606,3,28.0,2400.0,0.0,
772259547209841,3,30.0,2400.0,0.0,
772259566527468,3,30.0,2400.0,0.0,
772259588072877,3,29.0,2400.0,0.0,
772259606780152,3,29.0,2400.0,0.0,
772259626616579,3,29.0,2400.0,0.0,
772259644530398,3,27.0,2400.0,0.0,
772259666960818,3,27.0,2400.0,0.0,
772259686888795,3,28.0,2400.0,0.0,
772259704558472,3,28.0,2400.0,0.0,
772259727629762,3,27.0,2400.0,0.0,
772259746642214,3,27.0,2400.0,0.0,
772259766905887,3,27.0,2400.0,0.0,
772259787840944,3,27.0,2400.0,0.0,
772259806853394,3,28.0,2400.0,0.0,
772259825347047,3,28.0,2400.0,0.0,
772259847014528,3,28.0,2400.0,0.0,
772259866820437,3,28.0,2400.0,0.0,
772259884734255,3,28.0,2400.0,0.0,
772259907469850,3,30.0,2400.0,0.0,
772259926665406,3,30.0,2400.0,0.0,
772259947081667,3,28.0,2400.0,0.0,
772259967406374,3,28.0,2400.0,0.0,
772259986937624,3,28.0,2400.0,0.0,
772260004759889,3,29.0,2400.0,0.0,
772260027037720,3,29.0,2400.0,0.0,
772260046843629,3,29.0,2400.0,0.0,
772260064757449,3,29.0,2400.0,0.0,
772260087432010,3,27.0,2400.0,0.0,
772260106719118,3,27.0,2400.0,0.0,
772260126982789,3,31.0,2400.0,0.0,
772260147093873,3,31.0,2400.0,0.0,
772260166808229,3,28.0,2400.0,0.0,
772260184783084,3,28.0,2400.0,0.0,
772260207488162,3,28.0,2400.0,0.0,
772260226927858,3,29.0,2400.0,0.0,
772260244811158,3,29.0,2400.0,0.0,
772260267577272,3,28.0,2400.0,0.0,
772260286894900,3,28.0,2400.0,0.0,
772260307158571,3,29.0,2400.0,0.0,
772260327239137,3,29.0,2400.0,0.0,
772260347014527,3,28.0,2400.0,0.0,
772260364958864,3,28.0,2400.0,0.0,
772260387450320,3,28.0,2400.0,0.0,
772260407195193,3,28.0,2400.0,0.0,
772260425139528,3,28.0,2400.0,0.0,
772260448546510,3,28.0,2400.0,0.0,
772260468077760,3,28.0,2400.0,0.0,
772260487639528,3,28.0,2400.0,0.0,
772260507262332,3,28.0,2400.0,0.0,
772260527190310,3,28.0,2400.0,0.0,
772260545043092,3,29.0,2400.0,0.0,
772260567473512,3,29.0,2400.0,0.0,
772260587279421,3,28.0,2400.0,0.0,
772260605193240,3,28.0,2400.0,0.0,
772260628325564,3,28.0,2400.0,0.0,
772260647338014,3,28.0,2400.0,0.0,
772260667571168,3,28.0,2400.0,0.0,
772260687926393,3,28.0,2400.0,0.0,
772260707366091,3,28.0,2400.0,0.0,
772260725310428,3,28.0,2400.0,0.0,
772260747679811,3,28.0,2400.0,0.0,
772260767424683,3,29.0,2400.0,0.0,
772260785338502,3,29.0,2400.0,0.0,
772260808135134,3,28.0,2400.0,0.0,
772260827483279,3,28.0,2400.0,0.0,
772260847746951,3,28.0,2400.0,0.0,
772260867949586,3,28.0,2400.0,0.0,
772260887633424,3,28.0,2400.0,0.0,
772260905638796,3,28.0,2400.0,0.0,
772260928374393,3,28.0,2400.0,0.0,
772260947753054,3,28.0,2400.0,0.0,
772260965666871,3,28.0,2400.0,0.0,
772260989409547,3,29.0,2400.0,0.0,
772261007842165,3,29.0,2400.0,0.0,
772261028044802,3,29.0,2400.0,0.0,
772261048064334,3,29.0,2400.0,0.0,
772261067992311,3,28.0,2400.0,0.0,
772261085845093,3,29.0,2400.0,0.0,
772261108428103,3,29.0,2400.0,0.0,
772261127898317,3,28.0,2400.0,0.0,
772261145751101,3,28.0,2400.0,0.0,
772261169005495,3,29.0,2400.0,0.0,
772261188017945,3,29.0,2400.0,0.0,
772261208373171,3,28.0,2400.0,0.0,
772261228423220,3,28.0,2400.0,0.0,
772261248198611,3,28.0,2400.0,0.0,
772261266173464,3,29.0,2400.0,0.0,
772261288634400,3,29.0,2400.0,0.0,
772261308013062,3,28.0,2400.0,0.0,
772261326018434,3,28.0,2400.0,0.0,
772261348784549,3,29.0,2400.0,0.0,
772261368376834,3,29.0,2400.0,0.0,
772261388396364,3,28.0,2400.0,0.0,
772261422209840,3,28.0,2400.0,0.0,
772261428069215,3,28.0,2400.0,0.0,
772261446044069,3,28.0,2400.0,0.0,
772261468779667,3,28.0,2400.0,0.0,
772261488524539,3,28.0,2400.0,0.0,
772261506285768,3,28.0,2400.0,0.0,
772261529326540,3,29.0,2400.0,0.0,
772261548430545,3,29.0,2400.0,0.0,
772261568633182,3,29.0,2400.0,0.0,
772261588591677,3,29.0,2400.0,0.0,
772261608580689,3,28.0,2400.0,0.0,
772261626280885,3,29.0,2400.0,0.0,
772261648955447,3,29.0,2400.0,0.0,
772261668669803,3,28.0,2400.0,0.0,
772261686308963,3,28.0,2400.0,0.0,
772261709136110,3,29.0,2400.0,0.0,
772261728667360,3,29.0,2400.0,0.0,
772261748625857,3,28.0,2400.0,0.0,
772261768706424,3,28.0,2400.0,0.0,
772261788573368,3,28.0,2400.0,0.0,
772261806700808,3,28.0,2400.0,0.0,
772261829100709,3,28.0,2400.0,0.0,
772261848815065,3,28.0,2400.0,0.0,
772261868804080,3,28.0,2400.0,0.0,
772261889556034,3,29.0,2400.0,0.0,
772261908782107,3,29.0,2400.0,0.0,
772261929045777,3,28.0,2400.0,0.0,
772261949065309,3,29.0,2400.0,0.0,
772261968901736,3,29.0,2400.0,0.0,
772261987273318,3,28.0,2400.0,0.0,
772262009123904,3,28.0,2400.0,0.0,
772262028960329,3,28.0,2400.0,0.0,
772262046904664,3,28.0,2400.0,0.0,
772262069426638,3,29.0,2400.0,0.0,
772262088744266,3,29.0,2400.0,0.0,
772262109038456,3,28.0,2400.0,0.0,
772262129515749,3,28.0,2400.0,0.0,
772262148924928,3,28.0,2400.0,0.0,
772262166930299,3,29.0,2400.0,0.0,
772262189543826,3,29.0,2400.0,0.0,
772262209075077,3,29.0,2400.0,0.0,
772262226775271,3,29.0,2400.0,0.0,
772262249602418,3,29.0,2400.0,0.0,
772262268920046,3,29.0,2400.0,0.0,
772262289214236,3,28.0,2400.0,0.0,
772262309264285,3,29.0,2400.0,0.0,
772262328978641,3,29.0,2400.0,0.0,
772262346922975,3,28.0,2400.0,0.0,
772262370055299,3,28.0,2400.0,0.0,
772262389739138,3,28.0,2400.0,0.0,
772262406981569,3,28.0,2400.0,0.0,
772262429747684,3,30.0,2400.0,0.0,
772262449339968,3,30.0,2400.0,0.0,
772262469481569,3,31.0,2400.0,0.0,
772262489348513,3,30.0,2400.0,0.0,
772262509123904,3,30.0,2400.0,0.0,
772262527007205,3,29.0,2400.0,0.0,
772262549498659,3,29.0,2400.0,0.0,
772262569304566,3,28.0,2400.0,0.0,
772262587065797,3,28.0,2400.0,0.0,
772262610045535,3,29.0,2400.0,0.0,
772262629119022,3,29.0,2400.0,0.0,
772262649962527,3,29.0,2400.0,0.0,
772262669615846,3,29.0,2400.0,0.0,
772262689391237,3,29.0,2400.0,0.0,
772262707213502,3,29.0,2400.0,0.0,
772262729521853,3,29.0,2400.0,0.0,
772262752654178,3,29.0,2400.0,0.0,
772262767333132,3,29.0,2400.0,0.0,
772262790251832,3,28.0,2400.0,0.0,
772262809355837,3,28.0,2400.0,0.0,
772262829558474,3,28.0,2400.0,0.0,
772262849974735,3,29.0,2400.0,0.0,
772262869872195,3,29.0,2400.0,0.0,
772262887419801,3,29.0,2400.0,0.0,
772262910033327,3,29.0,2400.0,0.0,
772262929595095,3,28.0,2400.0,0.0,
772262947508913,3,28.0,2400.0,0.0,
772262970213992,3,29.0,2400.0,0.0,
772262989592653,3,29.0,2400.0,0.0,
772263009886842,3,28.0,2400.0,0.0,
772263029936892,3,29.0,2400.0,0.0,
772263049590213,3,29.0,2400.0,0.0,
772263067473514,3,28.0,2400.0,0.0,
772263090209109,3,28.0,2400.0,0.0,
772263109648805,3,28.0,2400.0,0.0,
772263127593141,3,28.0,2400.0,0.0,
772263150633914,3,29.0,2400.0,0.0,
772263169798954,3,29.0,2400.0,0.0,
772263190459353,3,28.0,2400.0,0.0,
772263210509400,3,29.0,2400.0,0.0,
772263230071169,3,29.0,2400.0,0.0,
772263247893434,3,29.0,2400.0,0.0,
772263270476444,3,29.0,2400.0,0.0,
772263290251834,3,28.0,2400.0,0.0,
772263308013063,3,28.0,2400.0,0.0,
772263331755739,3,29.0,2400.0,0.0,
772263350432497,3,29.0,2400.0,0.0,
772263370482547,3,28.0,2400.0,0.0,
772263390563114,3,28.0,2400.0,0.0,
772263410307986,3,28.0,2400.0,0.0,
772263428160768,3,28.0,2400.0,0.0,
772263450133425,3,28.0,2400.0,0.0,
772263470000369,3,28.0,2400.0,0.0,
772263487914187,3,28.0,2400.0,0.0,
772263510771853,3,28.0,2400.0,0.0,
772263530028443,3,28.0,2400.0,0.0,
772263550383669,3,28.0,2400.0,0.0,
772263570708376,3,28.0,2400.0,0.0,
772263591002567,3,28.0,2400.0,0.0,
772263608122928,3,28.0,2400.0,0.0,
772263630492311,3,28.0,2400.0,0.0,
772263650206666,3,28.0,2400.0,0.0,
772263668089967,3,28.0,2400.0,0.0,
772263690917117,3,29.0,2400.0,0.0,
772263711882694,3,29.0,2400.0,0.0,
772263730528933,3,28.0,2400.0,0.0,
772263750578981,3,29.0,2400.0,0.0,
772263770293337,3,29.0,2400.0,0.0,
772263788176638,3,26.0,2400.0,0.0,
772263811064823,3,26.0,2400.0,0.0,
772263830474001,3,29.0,2400.0,0.0,
772263848204713,3,29.0,2400.0,0.0,
772263871001344,3,28.0,2400.0,0.0,
772263890380007,3,28.0,2400.0,0.0,
772263910948856,3,27.0,2400.0,0.0,
772263930754764,3,29.0,2400.0,0.0,
772263950438600,3,29.0,2400.0,0.0,
772263968382936,3,27.0,2400.0,0.0,
772263990843874,3,27.0,2400.0,0.0,
772264018126589,3,28.0,2400.0,0.0,
772264028411015,3,28.0,2400.0,0.0,
772264051390749,3,28.0,2400.0,0.0,
772264070494752,3,28.0,2400.0,0.0,
772264090788942,3,28.0,2400.0,0.0,
772264111083133,3,29.0,2400.0,0.0,
772264130675418,3,29.0,2400.0,0.0,
772264148680788,3,29.0,2400.0,0.0,
772264170897584,3,29.0,2400.0,0.0,
772264190795046,3,29.0,2400.0,0.0,
772264208861453,3,29.0,2400.0,0.0,
772264231566531,3,29.0,2400.0,0.0,
772264250792605,3,29.0,2400.0,0.0,
772264270964723,3,29.0,2400.0,0.0,
772264291899782,3,28.0,2400.0,0.0,
772264310881716,3,28.0,2400.0,0.0,
772264328795535,3,28.0,2400.0,0.0,
772264351073368,3,28.0,2400.0,0.0,
772264370879275,3,29.0,2400.0,0.0,
772264388915162,3,29.0,2400.0,0.0,
772264411620241,3,31.0,2400.0,0.0,
772264431029422,3,31.0,2400.0,0.0,
772264451201541,3,29.0,2400.0,0.0,
772264471251589,3,29.0,2400.0,0.0,
772264491240602,3,29.0,2400.0,0.0,
772264509154422,3,28.0,2400.0,0.0,
772264531981571,3,28.0,2400.0,0.0,
772264551238161,3,29.0,2400.0,0.0,
772264569060427,3,29.0,2400.0,0.0,
772264591704470,3,29.0,2400.0,0.0,
772264611083133,3,29.0,2400.0,0.0,
772264631346804,3,29.0,2400.0,0.0,
772264651335817,3,29.0,2400.0,0.0,
772264671263797,3,29.0,2400.0,0.0,
772264689177616,3,29.0,2400.0,0.0,
772264711669070,3,29.0,2400.0,0.0,
772264731322390,3,29.0,2400.0,0.0,
772264749266726,3,29.0,2400.0,0.0,
772264772338016,3,29.0,2400.0,0.0,
772264791258913,3,29.0,2400.0,0.0,
772264811522585,3,31.0,2400.0,0.0,
772264831542117,3,30.0,2400.0,0.0,
772264851378543,3,30.0,2400.0,0.0,
772264869475466,3,29.0,2400.0,0.0,
772264891722780,3,29.0,2400.0,0.0,
772264911498172,3,28.0,2400.0,0.0,
772264929381473,3,28.0,2400.0,0.0,
772264952178103,3,29.0,2400.0,0.0,
772264971495729,3,29.0,2400.0,0.0,
772264991606814,3,28.0,2400.0,0.0,
772265011962040,3,29.0,2400.0,0.0,
772265031493288,3,29.0,2400.0,0.0,
772265049346071,3,28.0,2400.0,0.0,
772265071654422,3,28.0,2400.0,0.0,
772265091582401,3,29.0,2400.0,0.0,
772265109496218,3,29.0,2400.0,0.0,
772265132689577,3,32.0,2400.0,0.0,
772265152464968,3,32.0,2400.0,0.0,
772265171965702,3,29.0,2400.0,0.0,
772265192229372,3,28.0,2400.0,0.0,
772265211730104,3,28.0,2400.0,0.0,
772265229704959,3,29.0,2400.0,0.0,
772265252989871,3,29.0,2400.0,0.0,
772265272002321,3,28.0,2400.0,0.0,
772265289763552,3,28.0,2400.0,0.0,
772265312438113,3,31.0,2400.0,0.0,
772265331847293,3,31.0,2400.0,0.0,
772265352324587,3,28.0,2400.0,0.0,
772265372099977,3,29.0,2400.0,0.0,
772265392088992,3,29.0,2400.0,0.0,
772265409880741,3,29.0,2400.0,0.0,
772265432341677,3,29.0,2400.0,0.0,
772265452300173,3,28.0,2400.0,0.0,
772265470610721,3,28.0,2400.0,0.0,
772265492919071,3,28.0,2400.0,0.0,
772265511962038,3,28.0,2400.0,0.0,
772265532347780,3,28.0,2400.0,0.0,
772265552214724,3,28.0,2400.0,0.0,
772265572051151,3,28.0,2400.0,0.0,
772265590026003,3,27.0,2400.0,0.0,
772265612364870,3,27.0,2400.0,0.0,
772265632201297,3,29.0,2400.0,0.0,
772265650054081,3,29.0,2400.0,0.0,
772265672911745,3,29.0,2400.0,0.0,
772265692290407,3,28.0,2400.0,0.0,
772265712462527,3,28.0,2400.0,0.0,
772265732817752,3,28.0,2400.0,0.0,
772265752257448,3,28.0,2400.0,0.0,
772265770171267,3,27.0,2400.0,0.0,
772265792540652,3,27.0,2400.0,0.0,
772265812468631,3,28.0,2400.0,0.0,
772265830290896,3,28.0,2400.0,0.0,
772265852995974,3,31.0,2400.0,0.0,
772265872527224,3,28.0,2400.0,0.0,
772265892577274,3,28.0,2400.0,0.0,
772265912749392,3,27.0,2400.0,0.0,
772265932433229,3,27.0,2400.0,0.0,
772265950408084,3,29.0,2400.0,0.0,
772265973113163,3,29.0,2400.0,0.0,
772265992491823,3,29.0,2400.0,0.0,
772266010497194,3,29.0,2400.0,0.0,
772266033232791,3,28.0,2400.0,0.0,
772266052580936,3,27.0,2400.0,0.0,
772266073119265,3,27.0,2400.0,0.0,
772266092711550,3,28.0,2400.0,0.0,
772266112486941,3,28.0,2400.0,0.0,
772266130400760,3,29.0,2400.0,0.0,
772266152953249,3,29.0,2400.0,0.0,
772266172637087,3,28.0,2400.0,0.0,
772266190520389,3,28.0,2400.0,0.0,
772266229949099,3,30.0,2400.0,0.0,
772266232634646,3,27.0,2400.0,0.0,
772266252867800,3,27.0,2400.0,0.0,
772266272917849,3,27.0,2400.0,0.0,
772266292723758,3,27.0,2400.0,0.0,
772266310668093,3,31.0,2400.0,0.0,
772266332945925,3,31.0,2400.0,0.0,
772266352782351,3,28.0,2400.0,0.0,
772266370696171,3,28.0,2400.0,0.0,
772266393523318,3,27.0,2400.0,0.0,
772266412810427,3,28.0,2400.0,0.0,
772266433043582,3,28.0,2400.0,0.0,
772266453490360,3,28.0,2400.0,0.0,
772266472991091,3,28.0,2400.0,0.0,
772266490935427,3,29.0,2400.0,0.0,
772266513213259,3,29.0,2400.0,0.0,
772266533080204,3,28.0,2400.0,0.0,
772266551024538,3,28.0,2400.0,0.0,
772266573729616,3,29.0,2400.0,0.0,
772266593047244,3,28.0,2400.0,0.0,
772266613585575,3,28.0,2400.0,0.0,
772266633757693,3,32.0,2400.0,0.0,
772266653197390,3,32.0,2400.0,0.0,
772266671050174,3,29.0,2400.0,0.0,
772266693755252,3,29.0,2400.0,0.0,
772266713255984,3,28.0,2400.0,0.0,
772266731108767,3,28.0,2400.0,0.0,
772266753874881,3,28.0,2400.0,0.0,
772266773284061,3,27.0,2400.0,0.0,
772266793517214,3,27.0,2400.0,0.0,
772266813536745,3,28.0,2400.0,0.0,
772266833922488,3,28.0,2400.0,0.0,
772266851256473,3,30.0,2400.0,0.0,
772266873808962,3,30.0,2400.0,0.0,
772266893340212,3,28.0,2400.0,0.0,
772266911589724,3,28.0,2400.0,0.0,
772266934233768,3,29.0,2400.0,0.0,
772266953368288,3,29.0,2400.0,0.0,
772266973570925,3,29.0,2400.0,0.0,
772266993682009,3,28.0,2400.0,0.0,
772267013487918,3,28.0,2400.0,0.0,
772267031493288,3,30.0,2400.0,0.0,
772267053771120,3,30.0,2400.0,0.0,
772267073546511,3,27.0,2400.0,0.0,
772267091338260,3,27.0,2400.0,0.0,
772267114195925,3,29.0,2400.0,0.0,
772267133452517,3,28.0,2400.0,0.0,
772267153685672,3,28.0,2400.0,0.0,
772267174498661,3,34.0,2400.0,0.0,
772267193480593,3,34.0,2400.0,0.0,
772267211394411,3,30.0,2400.0,0.0,
772267233763797,3,30.0,2400.0,0.0,
772267253569706,3,27.0,2400.0,0.0,
772267271453005,3,27.0,2400.0,0.0,
772267294249636,3,29.0,2400.0,0.0,
772267313658816,3,27.0,2400.0,0.0,
772267333891971,3,27.0,2400.0,0.0,
772267354064089,3,27.0,2400.0,0.0,
772267373778444,3,27.0,2400.0,0.0,
772267391661746,3,29.0,2400.0,0.0,
772267414397342,3,29.0,2400.0,0.0,
772267433745486,3,26.0,2400.0,0.0,
772267451659304,3,26.0,2400.0,0.0,
772267474364383,3,29.0,2400.0,0.0,
772267493834598,3,27.0,2400.0,0.0,
772267514067751,3,27.0,2400.0,0.0,
772267534087282,3,28.0,2400.0,0.0,
772267554015261,3,28.0,2400.0,0.0,
772267571837528,3,29.0,2400.0,0.0,
772267595000368,3,29.0,2400.0,0.0,
772267614256960,3,27.0,2400.0,0.0,
772267631987674,3,27.0,2400.0,0.0,
772267659270388,3,29.0,2400.0,0.0,
772267674071412,3,28.0,2400.0,0.0,
772267694213015,3,28.0,2400.0,0.0,
772267714140994,3,27.0,2400.0,0.0,
772267734038455,3,27.0,2400.0,0.0,
772267752013307,3,29.0,2400.0,0.0,
772267774504763,3,29.0,2400.0,0.0,
772267794249636,3,27.0,2400.0,0.0,
772267812102420,3,27.0,2400.0,0.0,
772267835112672,3,28.0,2400.0,0.0,
772267854186159,3,27.0,2400.0,0.0,
772267874419314,3,27.0,2400.0,0.0,
772267894744021,3,28.0,2400.0,0.0,
772267914275270,3,28.0,2400.0,0.0,
772267932219607,3,30.0,2400.0,0.0,
772267954497439,3,30.0,2400.0,0.0,
772267974364382,3,29.0,2400.0,0.0,
772267992278200,3,29.0,2400.0,0.0,
772268015044313,3,28.0,2400.0,0.0,
772268034422976,3,29.0,2400.0,0.0,
772268054686648,3,29.0,2400.0,0.0,
772268074797731,3,28.0,2400.0,0.0,
772268094420534,3,28.0,2400.0,0.0,
772268112334353,3,27.0,2400.0,0.0,
772268150054079,3,27.0,2400.0,0.0,
772268154509645,3,29.0,2400.0,0.0,
772268172423464,3,29.0,2400.0,0.0,
772268195159060,3,29.0,2400.0,0.0,
772268214598757,3,28.0,2400.0,0.0,
772268234831910,3,28.0,2400.0,0.0,
772268254820925,3,29.0,2400.0,0.0,
772268274657351,3,29.0,2400.0,0.0,
772268292571170,3,30.0,2400.0,0.0,
772268315032106,3,30.0,2400.0,0.0,
772268334746462,3,27.0,2400.0,0.0,
772268352629764,3,27.0,2400.0,0.0,
772268375792605,3,29.0,2400.0,0.0,
772268394652467,3,27.0,2400.0,0.0,
772268414885622,3,27.0,2400.0,0.0,
772268434874636,3,29.0,2400.0,0.0,
772268454802615,3,29.0,2400.0,0.0,
772268472716432,3,27.0,2400.0,0.0,
772268495055300,3,27.0,2400.0,0.0,
772268514861209,3,29.0,2400.0,0.0,
772268532927615,3,29.0,2400.0,0.0,
772268555571656,3,28.0,2400.0,0.0,
772268574797731,3,29.0,2400.0,0.0,
772268595061404,3,29.0,2400.0,0.0,
772268615447146,3,32.0,2400.0,0.0,
772268634947877,3,32.0,2400.0,0.0,
772268652922732,3,30.0,2400.0,0.0,
772268675261599,3,30.0,2400.0,0.0,
772268695159060,3,29.0,2400.0,0.0,
772268713072877,3,29.0,2400.0,0.0,
772268735808474,3,29.0,2400.0,0.0,
772268755400759,3,27.0,2400.0,0.0,
772268775572878,3,27.0,2400.0,0.0,
772268795683961,3,29.0,2400.0,0.0,
772268815886599,3,29.0,2400.0,0.0,
772268833342654,3,27.0,2400.0,0.0,
772268856108767,3,27.0,2400.0,0.0,
772268875456910,3,30.0,2400.0,0.0,
772268893401245,3,30.0,2400.0,0.0,
772268916106324,3,29.0,2400.0,0.0,
772268935484987,3,31.0,2400.0,0.0,
772268955718142,3,31.0,2400.0,0.0,
772268975768191,3,29.0,2400.0,0.0,
772268995604616,3,29.0,2400.0,0.0,
772269013487916,3,28.0,2400.0,0.0,
772269035979371,3,28.0,2400.0,0.0,
772269055632692,3,29.0,2400.0,0.0,
772269073546512,3,27.0,2400.0,0.0,
772269097197634,3,27.0,2400.0,0.0,
772269116606813,3,27.0,2400.0,0.0,
772269136015991,3,27.0,2400.0,0.0,
772269156035523,3,29.0,2400.0,0.0,
772269175871950,3,29.0,2400.0,0.0,
772269193816286,3,28.0,2400.0,0.0,
772269216094119,3,28.0,2400.0,0.0,
772269235961061,3,29.0,2400.0,0.0,
772269253874878,3,29.0,2400.0,0.0,
772269277068238,3,29.0,2400.0,0.0,
772269295958620,3,28.0,2400.0,0.0,
772269316374881,3,28.0,2400.0,0.0,
772269336638552,3,29.0,2400.0,0.0,
772269356078248,3,29.0,2400.0,0.0,
772269373992065,3,27.0,2400.0,0.0,
772269396330933,3,27.0,2400.0,0.0,
772269416106325,3,29.0,2400.0,0.0,
772269434020144,3,27.0,2400.0,0.0,
772269456816775,3,27.0,2400.0,0.0,
772269476164919,3,28.0,2400.0,0.0,
772269496398072,3,28.0,2400.0,0.0,
772269516509156,3,29.0,2400.0,0.0,
772269536254030,3,29.0,2400.0,0.0,
772269553771121,3,28.0,2400.0,0.0,
772269576445681,3,28.0,2400.0,0.0,
772269595946412,3,29.0,2400.0,0.0,
772269613860231,3,29.0,2400.0,0.0,
772269636595827,3,29.0,2400.0,0.0,
772269656005007,3,27.0,2400.0,0.0,
772269676238161,3,27.0,2400.0,0.0,
772269696288209,3,27.0,2400.0,0.0,
772269717986207,3,27.0,2400.0,0.0,
772269734007936,3,28.0,2400.0,0.0,
772269756346804,3,28.0,2400.0,0.0,
772269776030643,3,29.0,2400.0,0.0,
772269793974977,3,28.0,2400.0,0.0,
772269816924195,3,28.0,2400.0,0.0,
772269836028199,3,29.0,2400.0,0.0,
772269856230837,3,29.0,2400.0,0.0,
772269876219851,3,30.0,2400.0,0.0,
772269896147830,3,30.0,2400.0,0.0,
772269914214235,3,28.0,2400.0,0.0,
772269936431031,3,28.0,2400.0,0.0,
772269956145387,3,27.0,2400.0,0.0,
772269974059207,3,28.0,2400.0,0.0,
772269996916872,3,28.0,2400.0,0.0,
772270016173463,3,29.0,2400.0,0.0,
772270036406617,3,29.0,2400.0,0.0,
772270057372194,3,28.0,2400.0,0.0,
772270076384646,3,28.0,2400.0,0.0,
772270099089724,3,28.0,2400.0,0.0,
772270116606813,3,28.0,2400.0,0.0,
772270136351685,3,29.0,2400.0,0.0,
772270154234987,3,28.0,2400.0,0.0,
772270177001101,3,28.0,2400.0,0.0,
772270196379763,3,29.0,2400.0,0.0,
772270216612917,3,29.0,2400.0,0.0,
772270236662965,3,29.0,2400.0,0.0,
772270256438355,3,29.0,2400.0,0.0,
772270274352175,3,28.0,2400.0,0.0,
772270297545535,3,28.0,2400.0,0.0,
772270316741091,3,27.0,2400.0,0.0,
772270334563356,3,27.0,2400.0,0.0,
772270357329468,3,27.0,2400.0,0.0,
772270376738649,3,29.0,2400.0,0.0,
772270396880251,3,29.0,2400.0,0.0,
772270416899783,3,31.0,2400.0,0.0,
772270436705690,3,31.0,2400.0,0.0,
772270455443482,3,27.0,2400.0,0.0,
772270477110963,3,27.0,2400.0,0.0,
772270496672731,3,30.0,2400.0,0.0,
772270514617068,3,27.0,2400.0,0.0,
772270537596804,3,27.0,2400.0,0.0,
772270556761842,3,27.0,2400.0,0.0,
772270576994996,3,27.0,2400.0,0.0,
772270596953493,3,30.0,2400.0,0.0,
772270616881472,3,30.0,2400.0,0.0,
772270634734255,3,27.0,2400.0,0.0,
772270657134156,3,27.0,2400.0,0.0,
772270676970582,3,28.0,2400.0,0.0,
772270694884401,3,28.0,2400.0,0.0,
772270717742068,3,28.0,2400.0,0.0,
772270737059695,3,29.0,2400.0,0.0,
772270757323366,3,29.0,2400.0,0.0,
772270777617554,3,28.0,2400.0,0.0,
772270797087770,3,28.0,2400.0,0.0,
772270815032107,3,29.0,2400.0,0.0,
772270837554080,3,29.0,2400.0,0.0,
772270857421023,3,30.0,2400.0,0.0,
772270875334840,3,28.0,2400.0,0.0,
772270897978883,3,28.0,2400.0,0.0,
772270917357546,3,27.0,2400.0,0.0,
772270937590701,3,27.0,2400.0,0.0,
772270957701784,3,27.0,2400.0,0.0,
772270977477174,3,27.0,2400.0,0.0,
772270995390992,3,27.0,2400.0,0.0,
772271018431765,3,27.0,2400.0,0.0,
772271037383181,3,27.0,2400.0,0.0,
772271055480106,3,28.0,2400.0,0.0,
772271078612428,3,28.0,2400.0,0.0,
772271097502808,3,30.0,2400.0,0.0,
772271117735963,3,30.0,2400.0,0.0,
772271137755495,3,28.0,2400.0,0.0,
772271157561404,3,28.0,2400.0,0.0,
772271175505740,3,28.0,2400.0,0.0,
772271198515992,3,28.0,2400.0,0.0,
772271217528443,3,29.0,2400.0,0.0,
772271235442263,3,27.0,2400.0,0.0,
772271259123905,3,27.0,2400.0,0.0,
772271277739626,3,28.0,2400.0,0.0,
772271298003297,3,28.0,2400.0,0.0,
772271318419557,3,28.0,2400.0,0.0,
772271337798219,3,28.0,2400.0,0.0,
772271355773074,3,28.0,2400.0,0.0,
772271378386600,3,28.0,2400.0,0.0,
772271397704225,3,27.0,2400.0,0.0,
772271415618043,3,29.0,2400.0,0.0,
772271438811403,3,29.0,2400.0,0.0,
772271458067995,3,27.0,2400.0,0.0,
772271478148562,3,27.0,2400.0,0.0,
772271498564822,3,28.0,2400.0,0.0,
772271518004518,3,28.0,2400.0,0.0,
772271535887818,3,28.0,2400.0,0.0,
772271558257205,3,30.0,2400.0,0.0,
772271578124148,3,32.0,2400.0,0.0,
772271595946413,3,28.0,2400.0,0.0,
772271618712525,3,28.0,2400.0,0.0,
772271637999634,3,29.0,2400.0,0.0,
772271658507449,3,29.0,2400.0,0.0,
772271678435428,3,27.0,2400.0,0.0,
772271698058230,3,27.0,2400.0,0.0,
772271715972048,3,27.0,2400.0,0.0,
772271738707643,3,28.0,2400.0,0.0,
772271757933717,3,28.0,2400.0,0.0,
772271775878054,3,31.0,2400.0,0.0,
772271798644169,3,31.0,2400.0,0.0,
772271818022830,3,29.0,2400.0,0.0,
772271838652711,3,29.0,2400.0,0.0,
772271858946901,3,27.0,2400.0,0.0,
772271878111940,3,27.0,2400.0,0.0,
772271895964724,3,27.0,2400.0,0.0,
772271918486696,3,29.0,2400.0,0.0,
772271938109498,3,29.0,2400.0,0.0,
772271955992799,3,28.0,2400.0,0.0,
772271993193728,3,28.0,2400.0,0.0,
772271998107058,3,27.0,2400.0,0.0,
772272018370730,3,27.0,2400.0,0.0,
772272038390260,3,28.0,2400.0,0.0,
772272058165650,3,28.0,2400.0,0.0,
772272076048952,3,29.0,2400.0,0.0,
772272098509891,3,29.0,2400.0,0.0,
772272118346317,3,29.0,2400.0,0.0,
772272136992556,3,28.0,2400.0,0.0,
772272159056764,3,28.0,2400.0,0.0,
772272178435427,3,29.0,2400.0,0.0,
772272198515994,3,29.0,2400.0,0.0,
772272218871219,3,28.0,2400.0,0.0,
772272238463503,3,28.0,2400.0,0.0,
772272256377320,3,28.0,2400.0,0.0,
772272278746706,3,28.0,2400.0,0.0,
772272298552615,3,28.0,2400.0,0.0,
772272316405398,3,28.0,2400.0,0.0,
772272339171512,3,28.0,2400.0,0.0,
772272359343630,3,28.0,2400.0,0.0,
772272378783327,3,28.0,2400.0,0.0,
772272398894411,3,29.0,2400.0,0.0,
772272418578250,3,29.0,2400.0,0.0,
772272436461551,3,28.0,2400.0,0.0,
772272459319216,3,28.0,2400.0,0.0,
772272478789430,3,28.0,2400.0,0.0,
772272497008424,3,28.0,2400.0,0.0,
772272519866091,3,28.0,2400.0,0.0,
772272539122684,3,27.0,2400.0,0.0,
772272559294802,3,27.0,2400.0,0.0,
772272579344850,3,26.0,2400.0,0.0,
772272599150759,3,26.0,2400.0,0.0,
772272617034059,3,28.0,2400.0,0.0,
772272639464481,3,28.0,2400.0,0.0,
772272659178836,3,28.0,2400.0,0.0,
772272677092653,3,27.0,2400.0,0.0,
772272700194459,3,27.0,2400.0,0.0,
772272719115359,3,30.0,2400.0,0.0,
772272739379031,3,30.0,2400.0,0.0,
772272759520634,3,28.0,2400.0,0.0,
772272779692751,3,28.0,2400.0,0.0,
772272797209840,3,30.0,2400.0,0.0,
772272819579226,3,27.0,2400.0,0.0,
772272839385134,3,27.0,2400.0,0.0,
772272857298953,3,27.0,2400.0,0.0,
772272880278689,3,27.0,2400.0,0.0,
772272899779420,3,30.0,2400.0,0.0,
772272919707399,3,30.0,2400.0,0.0,
772272940550906,3,28.0,2400.0,0.0,
772272959258182,3,28.0,2400.0,0.0,
772272977263553,3,28.0,2400.0,0.0,
772273000823122,3,28.0,2400.0,0.0,
772273019316774,3,28.0,2400.0,0.0,
772273037261110,3,28.0,2400.0,0.0,
772273060973269,3,28.0,2400.0,0.0,
772273079375370,3,30.0,2400.0,0.0,
772273099608523,3,30.0,2400.0,0.0,
772273126921754,3,28.0,2400.0,0.0,
772273139647585,3,28.0,2400.0,0.0,
772273157408815,3,27.0,2400.0,0.0,
772273180174930,3,27.0,2400.0,0.0,
772273200102907,3,27.0,2400.0,0.0,
772273217497926,3,28.0,2400.0,0.0,
772273240233522,3,28.0,2400.0,0.0,
772273259612185,3,27.0,2400.0,0.0,
772273279845340,3,27.0,2400.0,0.0,
772273299895389,3,28.0,2400.0,0.0,
772273319731813,3,28.0,2400.0,0.0,
772273337615113,3,27.0,2400.0,0.0,
772273360106570,3,28.0,2400.0,0.0,
772273379607303,3,28.0,2400.0,0.0,
772273397521121,3,28.0,2400.0,0.0,
772273420561892,3,28.0,2400.0,0.0,
772273439787965,3,28.0,2400.0,0.0,
772273460021120,3,28.0,2400.0,0.0,
772273479979617,3,28.0,2400.0,0.0,
772273499693973,3,28.0,2400.0,0.0,
772273517729861,3,28.0,2400.0,0.0,
772273540160279,3,28.0,2400.0,0.0,
772273559813600,3,28.0,2400.0,0.0,
772273577788454,3,29.0,2400.0,0.0,
772273600737674,3,29.0,2400.0,0.0,
772273620085818,3,28.0,2400.0,0.0,
772273640288454,3,28.0,2400.0,0.0,
772273660369020,3,28.0,2400.0,0.0,
772273679869753,3,28.0,2400.0,0.0,
772273697722536,3,29.0,2400.0,0.0,
772273720152958,3,29.0,2400.0,0.0,
772273739867312,3,29.0,2400.0,0.0,
772273757842164,3,28.0,2400.0,0.0,
772273780547243,3,28.0,2400.0,0.0,
772273799986941,3,28.0,2400.0,0.0,
772273821532352,3,28.0,2400.0,0.0,
772273840270144,3,28.0,2400.0,0.0,
772273860015016,3,28.0,2400.0,0.0,
772273877898316,3,28.0,2400.0,0.0,
772273901091677,3,27.0,2400.0,0.0,
772273920409305,3,27.0,2400.0,0.0,
772273937987430,3,28.0,2400.0,0.0,
772273960784059,3,28.0,2400.0,0.0,
772273980132204,3,27.0,2400.0,0.0,
772274000273806,3,27.0,2400.0,0.0,
772274020323855,3,28.0,2400.0,0.0,
772274040129764,3,28.0,2400.0,0.0,
772274058013064,3,29.0,2400.0,0.0,
772274080535035,3,29.0,2400.0,0.0,
772274100340944,3,29.0,2400.0,0.0,
772274118193727,3,28.0,2400.0,0.0,
772274141326053,3,28.0,2400.0,0.0,
772274160338503,3,29.0,2400.0,0.0,
772274180693726,3,29.0,2400.0,0.0,
772274200499635,3,29.0,2400.0,0.0,
772274220366580,3,29.0,2400.0,0.0,
772274238341434,3,28.0,2400.0,0.0,
772274260649783,3,27.0,2400.0,0.0,
772274280516725,3,27.0,2400.0,0.0,
772274298583131,3,28.0,2400.0,0.0,
772274321440798,3,28.0,2400.0,0.0,
772274340514285,3,27.0,2400.0,0.0,
772274360686405,3,27.0,2400.0,0.0,
772274381041628,3,28.0,2400.0,0.0,
772274400603395,3,28.0,2400.0,0.0,
772274418456179,3,30.0,2400.0,0.0,
772274440795047,3,29.0,2400.0,0.0,
772274460600956,3,29.0,2400.0,0.0,
772274478545290,3,29.0,2400.0,0.0,
772274501128297,3,29.0,2400.0,0.0,
772274520506960,3,28.0,2400.0,0.0,
772274540801150,3,28.0,2400.0,0.0,
772274560973270,3,29.0,2400.0,0.0,
772274580626590,3,29.0,2400.0,0.0,
772274599883180,3,28.0,2400.0,0.0,
772274621337039,3,29.0,2400.0,0.0,
772274640746219,3,29.0,2400.0,0.0,
772274658904178,3,28.0,2400.0,0.0,
772274681731325,3,28.0,2400.0,0.0,
772274700865847,3,29.0,2400.0,0.0,
772274721099002,3,29.0,2400.0,0.0,
772274741423709,3,29.0,2400.0,0.0,
772274761321169,3,29.0,2400.0,0.0,
772274779112918,3,27.0,2400.0,0.0,
772274801604373,3,28.0,2400.0,0.0,
772274821257693,3,28.0,2400.0,0.0,
772274839568239,3,31.0,2400.0,0.0,
772274876799685,3,31.0,2400.0,0.0,
772274881377322,3,28.0,2400.0,0.0,
772274901305301,3,28.0,2400.0,0.0,
772274921355348,3,28.0,2400.0,0.0,
772274941222292,3,28.0,2400.0,0.0,
772274959105594,3,29.0,2400.0,0.0,
772274981688602,3,29.0,2400.0,0.0,
772275001250368,3,29.0,2400.0,0.0,
772275028563602,3,31.0,2400.0,0.0,
772275042174442,3,31.0,2400.0,0.0,
772275061369998,3,29.0,2400.0,0.0,
772275081542116,3,29.0,2400.0,0.0,
772275102019412,3,29.0,2400.0,0.0,
772275121642215,3,29.0,2400.0,0.0,
772275139342410,3,29.0,2400.0,0.0,
772275161589723,3,28.0,2400.0,0.0,
772275181334597,3,28.0,2400.0,0.0,
772275199217899,3,28.0,2400.0,0.0,
772275221984012,3,28.0,2400.0,0.0,
772275241332155,3,31.0,2400.0,0.0,
772275262023074,3,31.0,2400.0,0.0,
772275281737430,3,29.0,2400.0,0.0,
772275301665408,3,29.0,2400.0,0.0,
772275319487673,3,29.0,2400.0,0.0,
772275342406374,3,28.0,2400.0,0.0,
772275361907108,3,28.0,2400.0,0.0,
772275382201297,3,32.0,2400.0,0.0,
772275402434450,3,32.0,2400.0,0.0,
772275424895388,3,29.0,2400.0,0.0,
772275441985233,3,29.0,2400.0,0.0,
772275461699588,3,29.0,2400.0,0.0,
772275481627565,3,29.0,2400.0,0.0,
772275499480349,3,28.0,2400.0,0.0,
772275521910770,3,27.0,2400.0,0.0,
772275541686160,3,27.0,2400.0,0.0,
772275559599977,3,28.0,2400.0,0.0,
772275582640749,3,28.0,2400.0,0.0,
772275601805789,3,32.0,2400.0,0.0,
772275622008426,3,32.0,2400.0,0.0,
772275642027956,3,29.0,2400.0,0.0,
772275661772830,3,29.0,2400.0,0.0,
772275679717166,3,28.0,2400.0,0.0,
772275702056033,3,28.0,2400.0,0.0,
772275721800905,3,28.0,2400.0,0.0,
772275746977907,3,28.0,2400.0,0.0,
772275762602908,3,28.0,2400.0,0.0,
772275781798465,3,27.0,2400.0,0.0,
772275801909548,3,27.0,2400.0,0.0,
772275836272341,3,29.0,2400.0,0.0,
772275841765506,3,29.0,2400.0,0.0,
772275859709842,3,28.0,2400.0,0.0,
772275882018190,3,28.0,2400.0,0.0,
772275901946169,3,28.0,2400.0,0.0,
772275919737918,3,29.0,2400.0,0.0,
772275942595584,3,29.0,2400.0,0.0,
772275961974245,3,29.0,2400.0,0.0,
772275982207400,3,29.0,2400.0,0.0,
772276002226932,3,28.0,2400.0,0.0,
772276022032840,3,29.0,2400.0,0.0,
772276039946657,3,29.0,2400.0,0.0,
772276062651736,3,29.0,2400.0,0.0,
772276082091434,3,29.0,2400.0,0.0,
772276100005252,3,28.0,2400.0,0.0,
772276122649294,3,28.0,2400.0,0.0,
772276142088992,3,28.0,2400.0,0.0,
772276162352664,3,28.0,2400.0,0.0,
772276182372195,3,29.0,2400.0,0.0,
772276202117067,3,32.0,2400.0,0.0,
772276220091922,3,32.0,2400.0,0.0,
772276242522342,3,29.0,2400.0,0.0,
772276262175662,3,29.0,2400.0,0.0,
772276280119997,3,29.0,2400.0,0.0,
772276303191287,3,29.0,2400.0,0.0,
772276322203739,3,29.0,2400.0,0.0,
772276342467410,3,29.0,2400.0,0.0,
772276362975221,3,32.0,2400.0,0.0,
772276382292849,3,29.0,2400.0,0.0,
772276400298221,3,29.0,2400.0,0.0,
772276422606570,3,29.0,2400.0,0.0,
772276442351442,3,29.0,2400.0,0.0,
772276460265261,3,28.0,2400.0,0.0,
772276483153446,3,28.0,2400.0,0.0,
772276502410037,3,30.0,2400.0,0.0,
772276522612673,3,30.0,2400.0,0.0,
772276543059451,3,28.0,2400.0,0.0,
772276562560184,3,29.0,2400.0,0.0,
772276580474002,3,29.0,2400.0,0.0,
772276602812868,3,29.0,2400.0,0.0,
772276622679812,3,29.0,2400.0,0.0,
772276640563114,3,29.0,2400.0,0.0,
772276663207156,3,29.0,2400.0,0.0,
772276682585817,3,29.0,2400.0,0.0,
772276702818972,3,29.0,2400.0,0.0,
772276722899539,3,29.0,2400.0,0.0,
772276742766482,3,29.0,2400.0,0.0,
772276760619265,3,29.0,2400.0,0.0,
772276783843142,3,29.0,2400.0,0.0,
772276802764041,3,29.0,2400.0,0.0,
772276820677860,3,29.0,2400.0,0.0,
772276843443971,3,29.0,2400.0,0.0,
772276862792117,3,29.0,2400.0,0.0,
772276883025272,3,29.0,2400.0,0.0,
772276903014285,3,29.0,2400.0,0.0,
772276922850710,3,29.0,2400.0,0.0,
772276940795047,3,29.0,2400.0,0.0,
772276963286502,3,29.0,2400.0,0.0,
772276982939822,3,29.0,2400.0,0.0,
772277000823122,3,29.0,2400.0,0.0,
772277023863894,3,29.0,2400.0,0.0,
772277042906864,3,28.0,2400.0,0.0,
772277063140018,3,28.0,2400.0,0.0,
772277083159548,3,28.0,2400.0,0.0,
772277103026492,3,29.0,2400.0,0.0,
772277120879276,3,29.0,2400.0,0.0,
772277143187625,3,29.0,2400.0,0.0,
772277163054567,3,29.0,2400.0,0.0,
772277180907351,3,28.0,2400.0,0.0,
772277203856571,3,28.0,2400.0,0.0,
772277223143680,3,29.0,2400.0,0.0,
772277243620973,3,29.0,2400.0,0.0,
772277263884646,3,29.0,2400.0,0.0,
772277283446414,3,28.0,2400.0,0.0,
772277301482303,3,28.0,2400.0,0.0,
772277323760133,3,28.0,2400.0,0.0,
772277343566042,3,28.0,2400.0,0.0,
772277361510379,3,27.0,2400.0,0.0,
772277384245975,3,27.0,2400.0,0.0,
772277403563600,3,29.0,2400.0,0.0,
772277423857790,3,29.0,2400.0,0.0,
772277443938358,3,29.0,2400.0,0.0,
772277463774783,3,28.0,2400.0,0.0,
772277481627565,3,28.0,2400.0,0.0,
772277504729372,3,31.0,2400.0,0.0,
772277523741824,3,31.0,2400.0,0.0,
772277541655643,3,29.0,2400.0,0.0,
772277564513307,3,29.0,2400.0,0.0,
772277583861453,3,29.0,2400.0,0.0,
772277604003055,3,29.0,2400.0,0.0,
772277624022586,3,28.0,2400.0,0.0,
772277643981081,3,29.0,2400.0,0.0,
772277661742312,3,29.0,2400.0,0.0,
772277684264285,3,29.0,2400.0,0.0,
772277703978641,3,29.0,2400.0,0.0,
772277721831423,3,29.0,2400.0,0.0,
772277745574099,3,29.0,2400.0,0.0,
772277765257938,3,28.0,2400.0,0.0,
772277784239871,3,28.0,2400.0,0.0,
772277804167848,3,28.0,2400.0,0.0,
772277824034792,3,29.0,2400.0,0.0,
772277841887577,3,29.0,2400.0,0.0,
772277864317995,3,29.0,2400.0,0.0,
772277884215456,3,29.0,2400.0,0.0,
772277902251345,3,32.0,2400.0,0.0,
772277925078494,3,32.0,2400.0,0.0,
772277944243532,3,29.0,2400.0,0.0,
772277964537721,3,29.0,2400.0,0.0,
772277984923464,3,29.0,2400.0,0.0,
772278004210574,3,28.0,2400.0,0.0,
772278022124392,3,28.0,2400.0,0.0,
772278044188600,3,29.0,2400.0,0.0,
772278063933474,3,29.0,2400.0,0.0,
772278081847293,3,29.0,2400.0,0.0,
772278104704958,3,29.0,2400.0,0.0,
772278124053102,3,28.0,2400.0,0.0,
772278144286257,3,28.0,2400.0,0.0,
772278164519412,3,29.0,2400.0,0.0,
772278184172731,3,27.0,2400.0,0.0,
772278202391725,3,27.0,2400.0,0.0,
772278225096804,3,28.0,2400.0,0.0,
772278245543582,3,28.0,2400.0,0.0,
772278263548952,3,29.0,2400.0,0.0,
772278285704714,3,29.0,2400.0,0.0,
772278304442507,3,28.0,2400.0,0.0,
772278324706180,3,28.0,2400.0,0.0,
772278344695192,3,27.0,2400.0,0.0,
772278364592653,3,28.0,2400.0,0.0,
772278382506472,3,28.0,2400.0,0.0,
772278404967410,3,27.0,2400.0,0.0,
772278424590212,3,27.0,2400.0,0.0,
772278442290407,3,27.0,2400.0,0.0,
772278466857058,3,27.0,2400.0,0.0,
772278484404666,3,29.0,2400.0,0.0,
772278504546267,3,29.0,2400.0,0.0,
772278524565798,3,30.0,2400.0,0.0,
772278544432742,3,28.0,2400.0,0.0,
772278562316043,3,28.0,2400.0,0.0,
772278584654909,3,28.0,2400.0,0.0,
772278604399782,3,28.0,2400.0,0.0,
772278622344119,3,27.0,2400.0,0.0,
772278645201785,3,27.0,2400.0,0.0,
772278664458376,3,27.0,2400.0,0.0,
772278684813600,3,27.0,2400.0,0.0,
772278705596072,3,27.0,2400.0,0.0,
772278727110965,3,27.0,2400.0,0.0,
772278742491823,3,27.0,2400.0,0.0,
772278764800173,3,27.0,2400.0,0.0,
772278784606082,3,27.0,2400.0,0.0,
772278802489383,3,29.0,2400.0,0.0,
772278825286013,3,29.0,2400.0,0.0,
772278844756227,3,28.0,2400.0,0.0,
772278864897830,3,31.0,2400.0,0.0,
772278885039432,3,29.0,2400.0,0.0,
772278904814821,3,33.0,2400.0,0.0,
