772243987731082,3,0.078731135,9.806175,0.056059357,
772244009490114,3,0.082578786,9.80618,0.048940342,
772244028746707,3,0.08437738,9.806205,0.040846195,
772244047911746,3,0.08472718,9.8062315,0.032410275,
772244069548709,3,0.08528962,9.806251,0.023783272,
772244089781862,3,0.08486436,9.806266,0.018517954,
772244108244996,3,0.08403319,9.806275,0.017195243,
772244129637820,3,0.084612705,9.806275,0.013163111,
772244147521120,3,0.08397965,9.806284,0.010974819,
772244167967898,3,0.083159655,9.806294,0.009236206,
772244189726931,3,0.082188584,9.806305,0.0058179502,
772244208922487,3,0.08262085,9.806302,0.0013517856,
772244227965455,3,0.083338775,9.806295,-0.00436668,
772244249724490,3,0.08495348,9.806276,-0.01102551,
772244269927128,3,0.0850344,9.806274,-0.012583142,
772244288146121,3,0.08483137,9.806276,-0.011806101,
772244309844118,3,0.08549022,9.8062725,-0.00985586,
772244327788454,3,0.08759715,9.806254,-0.009251444,
772244348479374,3,0.09098967,9.806224,-0.009765566,
772244369902712,3,0.09442502,9.806188,-0.012149366,
772244389098269,3,0.09610769,9.806169,-0.015114905,
772244408171755,3,0.09745567,9.806157,-0.014358362,
772244429900272,3,0.099855736,9.806135,-0.01209697,
772244450133425,3,0.10168363,9.806113,-0.014405547,
772244468169313,3,0.104700804,9.806077,-0.01676674,
772244489928347,3,0.10883029,9.806028,-0.019122621,
772244507964236,3,0.110119015,9.806006,-0.022199843,
772244528624636,3,0.109670684,9.8060055,-0.02502686,
772244550047976,3,0.1095176,9.806004,-0.026514657,
772244569274051,3,0.11049145,9.805989,-0.027691867,
772244588683231,3,0.11166962,9.805974,-0.028604096,
772244610076052,3,0.113478824,9.805952,-0.028895583,
772244630431276,3,0.11565414,9.805927,-0.02883706,
772244648436648,3,0.11752953,9.805893,-0.032113593,
772244670134647,3,0.11740479,9.805876,-0.037794907,
772244688048464,3,0.11717723,9.805861,-0.041732557,
772244708434206,3,0.11813391,9.805835,-0.04512571,
772244730223758,3,0.11850063,9.805828,-0.04588197,
772244749480350,3,0.12036208,9.805811,-0.044341613,
772244768584353,3,0.12325207,9.805782,-0.042649016,
772244790312868,3,0.12722507,9.805738,-0.041178152,
772244810515506,3,0.13076872,9.805695,-0.04032235,
772244828948124,3,0.1320883,9.805682,-0.039278068,
772244850371462,3,0.13311839,9.805668,-0.039497495,
772244868743044,3,0.13206016,9.805678,-0.04040571,
772244888671023,3,0.13271269,9.805653,-0.044301216,
772244910430057,3,0.13450187,9.805611,-0.048278883,
772244929686648,3,0.13441335,9.805609,-0.04879583,
772244948699099,3,0.13358456,9.805627,-0.047207948,
772244970458133,3,0.13568996,9.805607,-0.045302264,
772244990691288,3,0.1372271,9.805586,-0.045528945,
772245008879763,3,0.1377672,9.8055725,-0.046780713,
772245030608278,3,0.13749796,9.805574,-0.046836805,
772245048491580,3,0.1374388,9.805557,-0.050523825,
772245069151981,3,0.13475433,9.805531,-0.061589185,
772245090575320,3,0.13475433,9.805531,-0.061589185,
772245109801394,3,0.13303775,9.805531,-0.065353125,
772245128783328,3,0.13208152,9.805532,-0.067035876,
772245150572879,3,0.13250118,9.805538,-0.06548141,
772245170806033,3,0.13501425,9.805515,-0.06346692,
772245188902956,3,0.13646382,9.805474,-0.06657808,
772245210661990,3,0.13592339,9.805445,-0.072099835,
772245228575809,3,0.13430181,9.805434,-0.07636307,
772245249083621,3,0.13098289,9.805445,-0.08049944,
772245270720583,3,0.12895635,9.80545,-0.08306286,
772245290007693,3,0.12950777,9.805456,-0.08157367,
772245309294803,3,0.13099772,9.805462,-0.07832146,
772245330718142,3,0.13285321,9.805433,-0.0788624,
772245351012331,3,0.13424003,9.80538,-0.083074406,
772245369017703,3,0.13384639,9.805363,-0.08565589,
772245390837772,3,0.13406037,9.80534,-0.08788998,
772245408843142,3,0.1327288,9.805326,-0.09138505,
772245429137331,3,0.13234529,9.8053,-0.0948434,
772245450896365,3,0.13476793,9.805266,-0.09484475,
772245470122440,3,0.13590498,9.805266,-0.09316349,
772245489256960,3,0.13619153,9.805304,-0.08879546,
772245510893923,3,0.1394308,9.805298,-0.0843364,
772245531157596,3,0.1387982,9.805277,-0.08758701,
772245549529178,3,0.13807556,9.805256,-0.091050126,
772245570983034,3,0.13931075,9.805222,-0.092911355,
772245588896853,3,0.1377745,9.805222,-0.09500778,
772245609313113,3,0.1372609,9.80521,-0.097023904,
772245631011112,3,0.13790895,9.805187,-0.098377034,
772245650298220,3,0.13737132,9.8051815,-0.09956366,
772245669310671,3,0.1384873,9.805166,-0.0997384,
772245691069705,3,0.14111635,9.8051195,-0.10059753,
772245711302860,3,0.14270958,9.805083,-0.10179873,
772245729491335,3,0.1422104,9.805064,-0.10433256,
772245751128298,3,0.14380752,9.804986,-0.109467186,
772245769072635,3,0.14463963,9.804916,-0.11439562,
772245789794071,3,0.1450711,9.804868,-0.11803833,
772245811186892,3,0.14510226,9.804829,-0.12110192,
772245835204225,3,0.14619572,9.804762,-0.12523046,
772245849455935,3,0.14662166,9.804731,-0.12701704,
772245871214969,3,0.14848854,9.804692,-0.12790653,
772245891478640,3,0.14877369,9.804616,-0.13334075,
772245909545046,3,0.14888707,9.804569,-0.13659239,
772245931334597,3,0.14958121,9.804485,-0.14170489,
772245949248417,3,0.15032484,9.804428,-0.14492974,
772245969756228,3,0.152008,9.804408,-0.1444602,
772245991362673,3,0.1529872,9.804381,-0.14526147,
772246010619266,3,0.15207759,9.804371,-0.14689004,
772246030028446,3,0.15201582,9.80435,-0.14841987,
772246051451784,3,0.15245783,9.804329,-0.14927536,
772246071654421,3,0.15362057,9.80433,-0.14804852,
772246089751346,3,0.15489842,9.804342,-0.14591788,
772246111479862,3,0.15523937,9.804335,-0.14607236,
772246129393679,3,0.15423521,9.8043165,-0.14826633,
772246149809939,3,0.15431392,9.804337,-0.14690477,
772246171568972,3,0.15679696,9.804308,-0.14614032,
772246190825565,3,0.15718071,9.804274,-0.14796722,
772246209929568,3,0.15525913,9.804254,-0.15135302,
772246231566530,3,0.15465467,9.804168,-0.15742029,
772246251830203,3,0.15371783,9.804141,-0.15997452,
772246270232303,3,0.15308654,9.8041525,-0.15982305,
772246291625124,3,0.15448172,9.804105,-0.16143306,
772246310973269,3,0.15691765,9.804018,-0.1642962,
772246329985721,3,0.15847002,9.803936,-0.16769476,
772246351744754,3,0.15822823,9.803816,-0.17483102,
772246370970828,3,0.1564661,9.803787,-0.1779426,
772246389952761,3,0.15536241,9.803805,-0.17787884,
772246411711795,3,0.15429232,9.803867,-0.1754329,
772246431975467,3,0.15690738,9.8038645,-0.17328599,
772246450224978,3,0.15833913,9.803834,-0.17368193,
772246471861940,3,0.15908998,9.803729,-0.17883459,
772246489745242,3,0.1585668,9.803665,-0.18270598,
772246510497196,3,0.15655047,9.803663,-0.1845999,
772246531890017,3,0.15601766,9.803655,-0.18551518,
772246551146609,3,0.15836193,9.803625,-0.18509789,
772246570128543,3,0.16019385,9.803597,-0.18498136,
772246591918094,3,0.16071437,9.803634,-0.18251722,
772246612181765,3,0.16360176,9.803608,-0.18143293,
772246630217653,3,0.16418526,9.803555,-0.1837351,
772246652007205,3,0.16382432,9.803509,-0.18651196,
772246669951542,3,0.16431215,9.803496,-0.18667142,
772246690459353,3,0.16507667,9.80346,-0.18789467,
772246712096315,3,0.16537966,9.803471,-0.18710142,
772246731322391,3,0.1649505,9.8034525,-0.18841216,
772246750701053,3,0.16556291,9.803395,-0.19091997,
772246772093874,3,0.16653657,9.803321,-0.19377813,
772246792327028,3,0.16751496,9.803198,-0.1991298,
772246810423953,3,0.16678649,9.803199,-0.19968525,
772246832213504,3,0.16631226,9.803225,-0.19880344,
772246850127322,3,0.16726094,9.803227,-0.19789508,
772246870513064,3,0.16720253,9.803212,-0.19868167,
772246892272097,3,0.1674999,9.803149,-0.20153402,
772246911528690,3,0.16738254,9.803079,-0.20506755,
772246930632693,3,0.16764402,9.80302,-0.20761816,
772246952239138,3,0.16693905,9.803011,-0.20856151,
772246972533328,3,0.1671492,9.802949,-0.21129113,
772246990965946,3,0.16655259,9.802895,-0.21428785,
772247012358767,3,0.16729261,9.802875,-0.21460451,
772247030272585,3,0.16786388,9.802907,-0.21269718,
772247054747683,3,0.16909286,9.802929,-0.21069516,
772247071715458,3,0.16827185,9.802963,-0.20971505,
772247089629275,3,0.168048,9.802958,-0.21019477,
772247111937624,3,0.16943748,9.802903,-0.21159108,
772247131774051,3,0.16751508,9.802869,-0.21468566,
772247152007205,3,0.16580018,9.802892,-0.2150468,
772247172118287,3,0.16666265,9.802877,-0.21501042,
772247191832644,3,0.1680809,9.802844,-0.21543045,
772247209746463,3,0.1681751,9.802839,-0.21558274,
772247232482058,3,0.16705103,9.802808,-0.2178378,
772247251921754,3,0.1663008,9.802791,-0.21916826,
772247269835573,3,0.16576238,9.802798,-0.21919648,
772247292113406,3,0.16580102,9.802793,-0.21943332,
772247311949832,3,0.16613461,9.80277,-0.22021541,
772247332182985,3,0.16695443,9.802743,-0.2207859,
772247352202517,3,0.16770095,9.802665,-0.22372371,
772247372008426,3,0.16666634,9.802578,-0.22817098,
772247389922244,3,0.16324908,9.802577,-0.2307334,
772247412413698,3,0.16205902,9.80251,-0.23441231,
772247432097536,3,0.16136415,9.802528,-0.23408958,
772247449980838,3,0.16195849,9.802523,-0.23390318,
772247472624880,3,0.1639487,9.802477,-0.23443082,
772247492095094,3,0.16365185,9.802414,-0.2372876,
772247512328249,3,0.16193533,9.802362,-0.24056551,
772247532378299,3,0.16094814,9.802321,-0.24285263,
772247552214724,3,0.16226926,9.802281,-0.24360164,
772247570098024,3,0.16306894,9.802279,-0.2431553,
772247592467409,3,0.16359088,9.802265,-0.2433578,
772247612273318,3,0.16381356,9.8021965,-0.24601108,
772247630156619,3,0.16389413,9.802169,-0.24702825,
772247652587037,3,0.16275412,9.802146,-0.24868803,
772247672270876,3,0.16210158,9.802131,-0.24970724,
772247692534549,3,0.16251652,9.802102,-0.25054368,
772247712859255,3,0.1625391,9.802086,-0.25120077,
772247732390504,3,0.16371082,9.802077,-0.25075793,
772247750273806,3,0.16560046,9.802066,-0.2499479,
772247772643191,3,0.16536501,9.80196,-0.25427756,
772247792449099,3,0.1636049,9.801916,-0.25708142,
772247810332399,3,0.1628811,9.801923,-0.2572427,
772247832640749,3,0.16327175,9.801947,-0.25610653,
772247852446658,3,0.16295967,9.801999,-0.2543092,
772247872679812,3,0.16348965,9.80199,-0.25428194,
772247892821412,3,0.16204163,9.801982,-0.2555316,
772247912535769,3,0.16108806,9.801889,-0.2596173,
772247930449588,3,0.15971774,9.801804,-0.2636863,
772247953215701,3,0.15883973,9.801726,-0.26704234,
772247972594362,3,0.15801275,9.801739,-0.2671479,
772247990508181,3,0.15792,9.801794,-0.26514417,
772248012816531,3,0.15882482,9.801827,-0.26333246,
772248032622439,3,0.16046807,9.80177,-0.2644919,
772248052886110,3,0.16125973,9.801704,-0.26645586,
772248072905642,3,0.16085516,9.801608,-0.2701798,
772248092742068,3,0.15987106,9.801539,-0.27325127,
772248110625369,3,0.15862498,9.801532,-0.27424824,
772248133116823,3,0.15752365,9.801671,-0.26990205,
772248152770144,3,0.15860187,9.80175,-0.26632705,
772248170683963,3,0.15979256,9.801725,-0.26656687,
772248193328005,3,0.16112287,9.801604,-0.2702024,
772248212798219,3,0.16095948,9.801523,-0.27319983,
772248233031374,3,0.15985198,9.801566,-0.2723324,
772248253050906,3,0.15839832,9.801568,-0.27305457,
772248272887332,3,0.15823698,9.801528,-0.27464622,
772248290770631,3,0.15926917,9.801497,-0.27511367,
772248313140017,3,0.1600131,9.801479,-0.27526715,
772248332945926,3,0.16045363,9.801455,-0.27595904,
772248350890261,3,0.16106707,9.801415,-0.27695417,
772248373259645,3,0.161613,9.801296,-0.28081906,
772248392973999,3,0.16179197,9.8012705,-0.281644,
772248413207154,3,0.16204979,9.801311,-0.28006274,
772248433592897,3,0.16216742,9.801402,-0.27680823,
772248453032595,3,0.16319229,9.801423,-0.27541944,
772248470976932,3,0.16348884,9.801369,-0.27722883,
772248493285280,3,0.16337936,9.801213,-0.2827431,
772248513091187,3,0.16155912,9.801183,-0.28476208,
772248531005006,3,0.16076845,9.801216,-0.28407225,
772248553343874,3,0.16025037,9.801215,-0.28442803,
772248573149783,3,0.160578,9.801212,-0.2843291,
772248593352420,3,0.16266178,9.801154,-0.285182,
772248613524537,3,0.16325386,9.801074,-0.28753227,
772248633238892,3,0.16347733,9.801007,-0.28973413,
772248651152711,3,0.16271482,9.800972,-0.29133782,
772248673827272,3,0.16245033,9.800965,-0.29170117,
772248693266970,3,0.16382532,9.801009,-0.28948244,
772248711211307,3,0.16461733,9.801058,-0.28738564,
772248733489138,3,0.16517413,9.801045,-0.2874137,
772248753295045,3,0.16560595,9.80102,-0.2880745,
772248773558717,3,0.16630079,9.800939,-0.2904024,
772248793578249,3,0.16427653,9.800862,-0.29411045,
772248813414676,3,0.162442,9.800823,-0.29644126,
772248831297976,3,0.16245781,9.800793,-0.29742658,
772248858702760,3,0.16452178,9.800816,-0.29554802,
772248872679810,3,0.1647671,9.800847,-0.2943511,
772248891356568,3,0.16582495,9.8007765,-0.2960751,
772248914000612,3,0.16647217,9.800616,-0.30100578,
772248933470828,3,0.16647217,9.800616,-0.30100578,
772248953703983,3,0.1672121,9.80061,-0.30085015,
772248973692995,3,0.168204,9.800546,-0.30231413,
772248993559937,3,0.16835073,9.800487,-0.30417603,
772249011473756,3,0.16811708,9.800494,-0.3040571,
772249033843142,3,0.16765621,9.80053,-0.30311182,
772249053618533,3,0.16673078,9.80061,-0.30111623,
772249071532351,3,0.16577391,9.800562,-0.30312148,
772249093962770,3,0.16671233,9.800359,-0.30915987,
772249113646608,3,0.16678731,9.800222,-0.31341952,
772249133910280,3,0.16745344,9.8001,-0.31688172,
772249154234988,3,0.16643435,9.799985,-0.32094082,
772249173766238,3,0.16571431,9.799928,-0.32305214,
772249191649537,3,0.16586466,9.799922,-0.32314873,
772249213988404,3,0.1670538,9.799944,-0.3218757,
772249233794313,3,0.16757333,9.799908,-0.32269734,
772249251708132,3,0.1675147,9.799792,-0.32625806,
772249273985965,3,0.16737665,9.799661,-0.33022422,
772249293822390,3,0.16702081,9.799621,-0.33159485,
772249314086060,3,0.16744597,9.799607,-0.33170742,
772249334197145,3,0.16664621,9.799677,-0.3300909,
772249353911501,3,0.16506752,9.799757,-0.32850686,
772249371825320,3,0.16467282,9.799744,-0.32913888,
772249394530398,3,0.16488251,9.799652,-0.33171946,
772249413970094,3,0.16517395,9.799631,-0.33216026,
772249431883912,3,0.16513918,9.799618,-0.33256212,
772249454192263,3,0.16490938,9.799512,-0.33577567,
772249474028689,3,0.16570449,9.799512,-0.3353931,
772249494261843,3,0.1662092,9.799578,-0.33320028,
772249514281373,3,0.16809535,9.7995825,-0.33215865,
772249534117799,3,0.16789319,9.799488,-0.33502516,
772249552001100,3,0.16784006,9.799383,-0.33813357,
772249574492556,3,0.16702949,9.799323,-0.34023413,
772249594145877,3,0.1662313,9.79935,-0.33983344,
772249612090212,3,0.16699433,9.799316,-0.34045127,
772249634703736,3,0.1674968,9.799212,-0.34321055,
772249654204469,3,0.16636735,9.799195,-0.34422496,
772249674407107,3,0.16532731,9.799226,-0.34384003,
772249694365603,3,0.16490105,9.79919,-0.3450579,
772249714263064,3,0.16407378,9.799151,-0.34652504,
772249732207399,3,0.16326566,9.799069,-0.34929258,
772249754515748,3,0.16365473,9.798924,-0.3531188,
772249774321657,3,0.16242245,9.798886,-0.35474342,
772249792235476,3,0.16248369,9.798913,-0.35396367,
772249814665896,3,0.16213539,9.798882,-0.35501757,
772249834349733,3,0.16123286,9.798847,-0.35635552,
772249854613404,3,0.16256082,9.798775,-0.35775304,
772249874999147,3,0.1644015,9.798696,-0.35905734,
772249894469363,3,0.16448395,9.79862,-0.36111075,
772249912352664,3,0.16363722,9.798562,-0.36302865,
772249934691530,3,0.16401806,9.798681,-0.3596683,
772249954650025,3,0.16505319,9.798772,-0.35667726,
772249972411256,3,0.16591345,9.798844,-0.35429677,
772249994689089,3,0.16600113,9.798855,-0.35397682,
772250014525516,3,0.16555335,9.798827,-0.35490066,
772250034758670,3,0.16434027,9.798776,-0.3569029,
772250054869752,3,0.16281417,9.798755,-0.3581751,
772250074614625,3,0.16352956,9.798694,-0.359514,
772250092528444,3,0.16304749,9.798629,-0.3615069,
772250115233523,3,0.16208479,9.798572,-0.3634762,
772250134673220,3,0.16192529,9.798596,-0.3628899,
772250152587037,3,0.16149206,9.798602,-0.36290655,
772250174864869,3,0.16302274,9.798569,-0.36313626,
772250194670778,3,0.16358458,9.7984495,-0.36607817,
772250214934451,3,0.163127,9.798356,-0.36877924,
772250234953983,3,0.16262238,9.798368,-0.36864626,
772250254790407,3,0.16171445,9.798473,-0.36628443,
772250272704224,3,0.16158867,9.798614,-0.36255905,
772250295165162,3,0.16218035,9.798607,-0.36248317,
772250314849001,3,0.16230452,9.798468,-0.366185,
772250332762820,3,0.16036312,9.798383,-0.36928517,
772250355345828,3,0.15650412,9.798431,-0.3696555,
772250374877077,3,0.15696351,9.798416,-0.36984992,
772250395110231,3,0.15707022,9.798473,-0.36828196,
772250415129763,3,0.15729353,9.798477,-0.36813235,
772250434966189,3,0.15661056,9.798412,-0.37008953,
772250452849490,3,0.15569696,9.798419,-0.3703152,
772250475218873,3,0.15420768,9.7984085,-0.37121466,
772250494994264,3,0.15303889,9.798446,-0.37072662,
772250512938600,3,0.1527071,9.798415,-0.3716488,
772250535338503,3,0.15464531,9.798401,-0.37121847,
772250555052860,3,0.15418455,9.798368,-0.37232068,
772250575286013,3,0.15314125,9.79835,-0.37319696,
772250595641236,3,0.1527828,9.798387,-0.37238798,
772250615111452,3,0.15308025,9.798325,-0.37386894,
772250633025271,3,0.15222599,9.798294,-0.3750101,
772250655364139,3,0.15141769,9.798263,-0.37619632,
772250675170046,3,0.15181069,9.798184,-0.37805745,
772250693083864,3,0.15137455,9.798159,-0.37889242,
772250715361695,3,0.15150113,9.798198,-0.37786198,
772250735198122,3,0.15228869,9.798213,-0.37711275,
772250755431277,3,0.1522135,9.798185,-0.37785932,
772250775542361,3,0.15196663,9.798177,-0.37820882,
772250795287233,3,0.1525049,9.7981415,-0.37887505,
772250814086060,3,0.15219708,9.7980995,-0.38011652,
772250835936647,3,0.15192738,9.798027,-0.38208318,
772250855376345,3,0.15130816,9.798002,-0.38293797,
772250873290164,3,0.15037659,9.798006,-0.38319868,
772250895598513,3,0.14907306,9.79807,-0.38211775,
772250915404420,3,0.14817545,9.798092,-0.38187078,
772250935698610,3,0.14624049,9.798203,-0.3797407,
772250955687624,3,0.14682674,9.798299,-0.3770887,
772250975524051,3,0.14731193,9.798259,-0.3779053,
772250993407351,3,0.14722466,9.798122,-0.38148314,
772251015898805,3,0.1456871,9.798025,-0.3845779,
772251035552125,3,0.1451921,9.797998,-0.38541418,
772251053465944,3,0.14537627,9.798042,-0.38420185,
772251076109988,3,0.1452644,9.798088,-0.3830904,
772251095580202,3,0.14687079,9.798119,-0.3816978,
772251115813356,3,0.1484073,9.798071,-0.38236135,
772251135802369,3,0.14875582,9.797997,-0.3840638,
772251155669313,3,0.14927116,9.797955,-0.38496128,
772251173583132,3,0.1492473,9.797923,-0.3857859,
772251195922000,3,0.14870739,9.798017,-0.3836151,
772251215697390,3,0.15039252,9.798148,-0.3795689,
772251233641724,3,0.1503423,9.798177,-0.3788503,
772251256041627,3,0.15015836,9.798117,-0.38045782,
772251275755984,3,0.14939989,9.798032,-0.3829768,
772251296019656,3,0.14815357,9.797998,-0.38429326,
772251316344363,3,0.14852802,9.797959,-0.38512704,
772251335845094,3,0.14795835,9.797923,-0.38628584,
772251353758912,3,0.14681733,9.797881,-0.38774216,
772251376128298,3,0.14818914,9.797796,-0.38938528,
772251395903689,3,0.14897381,9.797822,-0.38845155,
772251413817507,3,0.14997537,9.797941,-0.3850392,
772251436095338,3,0.14901862,9.797959,-0.38494188,
772251455931764,3,0.14765295,9.797876,-0.3875843,
772251476195436,3,0.1469525,9.797765,-0.39064088,
772251496306521,3,0.14743471,9.797711,-0.39180955,
772251516020877,3,0.1482209,9.797822,-0.38871622,
772251533934694,3,0.14906761,9.79799,-0.38415292,
772251556609253,3,0.14937122,9.797939,-0.38527456,
772251576079469,3,0.14876914,9.797893,-0.38673082,
772251594023806,3,0.14742912,9.797939,-0.38609296,
772251616271121,3,0.14665765,9.797936,-0.38643,
772251636077029,3,0.14726177,9.797856,-0.38822815,
772251656340700,3,0.14709936,9.797781,-0.39017043,
772251676329713,3,0.14690895,9.797846,-0.38862285,
772251696196657,3,0.14769167,9.797905,-0.38687405,
772251714110476,3,0.1486904,9.797918,-0.3861109,
772251736601931,3,0.14905995,9.797779,-0.389482,
772251756316285,3,0.1487572,9.7977295,-0.39085343,
772251774199586,3,0.1480936,9.79768,-0.3923452,
772251796904665,3,0.14631324,9.797724,-0.39194408,
772251816313845,3,0.14631324,9.797724,-0.39194408,
772251836577518,3,0.14504297,9.797879,-0.38850403,
772251856505495,3,0.1457741,9.798,-0.38514176,
772251876311402,3,0.14607818,9.7980585,-0.38353536,
772251895995241,3,0.14588457,9.798024,-0.3844735,
772251916594607,3,0.14452986,9.797874,-0.3888279,
772251936369998,3,0.14371122,9.797808,-0.3907488,
772251954314334,3,0.14282091,9.797893,-0.3889903,
772251976714235,3,0.14449571,9.797967,-0.38646454,
772251996428590,3,0.14508705,9.79803,-0.38467032,
772252016631227,3,0.14586145,9.79811,-0.3823263,
772252036955935,3,0.14555332,9.7980795,-0.38321766,
772252056517702,3,0.1450504,9.797939,-0.38697347,
772252074431520,3,0.14387251,9.797901,-0.38836834,
772252096739869,3,0.14311837,9.797951,-0.38738444,
772252116545778,3,0.14213048,9.798134,-0.3831062,
772252134459597,3,0.1418593,9.7983055,-0.3788159,
772252156767947,3,0.142507,9.798295,-0.37878746,
772252176604372,3,0.14184761,9.798179,-0.38208172,
772252196837525,3,0.1402822,9.798076,-0.38528785,
772252216979127,3,0.13939457,9.798077,-0.38553226,
772252236693484,3,0.13878855,9.798124,-0.38457346,
772252254576785,3,0.14030601,9.798222,-0.38152927,
772252277281863,3,0.14180909,9.798196,-0.38164696,
772252296752077,3,0.14182611,9.798216,-0.38110858,
772252314635377,3,0.14145425,9.798158,-0.3827464,
772252336913210,3,0.13959399,9.798081,-0.38537234,
772252356780154,3,0.13880098,9.797986,-0.38809517,
772252377013308,3,0.13814825,9.7980385,-0.38697168,
772252397002320,3,0.13790748,9.798132,-0.38472182,
772252416869264,3,0.13790005,9.798184,-0.38336593,
772252434783083,3,0.1374886,9.798217,-0.3826825,
772252457213503,3,0.13840353,9.798196,-0.38287392,
772252476927860,3,0.13826734,9.798171,-0.3835714,
772252494811159,3,0.13606328,9.798192,-0.38380614,
772252517455201,3,0.13494287,9.79818,-0.38454,
772252536925416,3,0.13570508,9.798137,-0.38533145,
772252557189089,3,0.1368162,9.798175,-0.38398734,
772252577208621,3,0.13714725,9.798247,-0.38201943,
772252597014529,3,0.13641146,9.798253,-0.38214785,
772252614928346,3,0.13561529,9.798172,-0.3845005,
772252637297731,3,0.13503848,9.7980995,-0.38653177,
772252657103640,3,0.13484332,9.798042,-0.3880486,
772252675017459,3,0.13521682,9.798062,-0.38740912,
772252697447878,3,0.13383502,9.79819,-0.38467047,
772252717101197,3,0.13355897,9.798288,-0.3822572,
772252737364869,3,0.1343632,9.798364,-0.38005498,
772252757781129,3,0.1344747,9.798389,-0.3793135,
772252777220828,3,0.1341926,9.798284,-0.38214344,
772252795134647,3,0.1339985,9.79816,-0.38536134,
772252817473513,3,0.13396241,9.798118,-0.38646534,
772252837248902,3,0.13416906,9.798157,-0.3853954,
772252855193239,3,0.13329928,9.798251,-0.38330504,
772252877501589,3,0.13283089,9.798415,-0.37927294,
772252897276980,3,0.13231027,9.798515,-0.3767831,
772252917540652,3,0.1322457,9.7984915,-0.37746847,
772252937651735,3,0.13223132,9.798423,-0.37925294,
772252957366090,3,0.13157761,9.798363,-0.38099197,
772252975279909,3,0.13167027,9.798371,-0.38075665,
772252997984988,3,0.13240393,9.798508,-0.3769621,
772253017455202,3,0.13301834,9.798705,-0.3715794,
772253035338502,3,0.13416862,9.798823,-0.36806324,
772253057646851,3,0.13445759,9.798785,-0.36897442,
772253077483278,3,0.13244335,9.798713,-0.37159288,
772253097685915,3,0.13112749,9.798645,-0.37387204,
772253117735965,3,0.13166448,9.798687,-0.37255242,
772253137572390,3,0.1316974,9.798774,-0.3702833,
772253155486207,3,0.13116401,9.798879,-0.36762866,
772253177947145,3,0.13085419,9.798918,-0.36671335,
772253197600466,3,0.13167661,9.798937,-0.3659257,
772253215514285,3,0.13203305,9.798933,-0.3659099,
772253238158328,3,0.13176858,9.798976,-0.36486438,
772253257628541,3,0.13123302,9.799029,-0.36356744,
772253277861695,3,0.1311696,9.798968,-0.36525965,
772253297850710,3,0.13102728,9.798928,-0.36636984,
772253317717654,3,0.12991616,9.799025,-0.36421224,
772253335600955,3,0.12978853,9.799096,-0.36233452,
772253357970338,3,0.12966788,9.799148,-0.36092448,
772253377745728,3,0.12987864,9.799091,-0.36239508,
772253395659548,3,0.1303391,9.799067,-0.3628915,
772253418120486,3,0.13143441,9.799004,-0.3642022,
772253437804324,3,0.13041279,9.799032,-0.3638024,
772253458037477,3,0.13054252,9.799101,-0.36191797,
772253478362184,3,0.13161564,9.799184,-0.359252,
772253497862916,3,0.13240045,9.79915,-0.35989526,
772253515776736,3,0.1331642,9.799143,-0.35985047,
772253538146121,3,0.1338112,9.799135,-0.35980004,
772253557952029,3,0.1344516,9.799189,-0.3580795,
772253575865846,3,0.13255881,9.799145,-0.35998085,
772253598143678,3,0.13075535,9.799139,-0.36078927,
772253617949587,3,0.12947476,9.799264,-0.35784307,
772253638213259,3,0.12878413,9.799454,-0.35287854,
772253658354861,3,0.12913859,9.799492,-0.35165665,
772253678069215,3,0.1297797,9.799392,-0.3541957,
772253695983033,3,0.12854503,9.799328,-0.3564296,
772253718718630,3,0.12780838,9.799243,-0.35902175,
772253738127810,3,0.12756516,9.799215,-0.3598479,
772253756041629,3,0.12666634,9.799294,-0.3580246,
772253778349977,3,0.12799324,9.799373,-0.35541022,
772253798125367,3,0.12885751,9.799387,-0.35471296,
772253818389040,3,0.12764175,9.799474,-0.35276634,
772253838378055,3,0.12792048,9.79944,-0.3535365,
772253858306034,3,0.12716629,9.799417,-0.35446683,
772253876158816,3,0.12713987,9.799444,-0.35373524,
772253898650270,3,0.12719591,9.79943,-0.35413265,
772253918425661,3,0.12580551,9.799557,-0.3510951,
772253936247927,3,0.12543726,9.799634,-0.34905455,
772253958861454,3,0.12558725,9.799691,-0.34737906,
772253978392703,3,0.124959715,9.799613,-0.3497997,
772253998595338,3,0.12318167,9.7995405,-0.35244566,
772254018614870,3,0.12201413,9.799547,-0.35268497,
772254038451297,3,0.12148959,9.79956,-0.35251105,
772254056304080,3,0.1213202,9.799589,-0.35174263,
772254078642947,3,0.12120118,9.799581,-0.3520388,
772254098448854,3,0.12140695,9.7996025,-0.35135883,
772254116362673,3,0.12217695,9.799596,-0.3512305,
772254138762577,3,0.12092902,9.79957,-0.3524161,
772254158476932,3,0.11932207,9.79956,-0.3532689,
772254178710085,3,0.11975513,9.799524,-0.35410392,
772254199065310,3,0.120274425,9.799543,-0.3533775,
772254218566043,3,0.12014978,9.799582,-0.35237756,
772254236479862,3,0.120037474,9.799632,-0.35100612,
772254258788210,3,0.11992692,9.799586,-0.3523327,
772254278624636,3,0.11860788,9.799633,-0.351428,
772254296568972,3,0.11954187,9.799635,-0.35106882,
772254318816287,3,0.120019495,9.799635,-0.35090923,
772254338652712,3,0.120007,9.799665,-0.35006112,
772254358916384,3,0.12012917,9.799711,-0.3487363,
772254378996952,3,0.12035105,9.799682,-0.34950814,
772254398741824,3,0.12024012,9.799637,-0.3507955,
772254416655642,3,0.11894157,9.799654,-0.35075065,
772254439330203,3,0.11924939,9.799609,-0.35192254,
772254458800418,3,0.11955652,9.799585,-0.35246906,
772254476744754,3,0.12050498,9.799547,-0.35320497,
772254498992067,3,0.1208841,9.799508,-0.35415486,
772254518828494,3,0.120007955,9.799503,-0.35459086,
772254539092166,3,0.11799526,9.79954,-0.35423562,
772254559081180,3,0.117476866,9.799656,-0.3511853,
772254578917604,3,0.118102014,9.799789,-0.3472237,
772254596831423,3,0.11801771,9.799842,-0.34581968,
772254619322879,3,0.11803452,9.799686,-0.35017085,
772254638976199,3,0.11857067,9.799552,-0.3537138,
772254656890017,3,0.11852648,9.799591,-0.35266715,
772254679564578,3,0.11784204,9.799684,-0.35028017,
772254698973758,3,0.11782275,9.799757,-0.34827498,
772254719237430,3,0.11877248,9.799707,-0.3493041,
772254739256960,3,0.1179066,9.799663,-0.35085502,
772254759062869,3,0.11812329,9.79968,-0.350328,
772254776976687,3,0.11821119,9.79968,-0.35030162,
772254799346072,3,0.11820521,9.799685,-0.35018724,
772254819151979,3,0.11796019,9.7997,-0.34980738,
772254837065798,3,0.118760146,9.79977,-0.34757468,
772254859496219,3,0.11847992,9.799878,-0.34460393,
772254879180057,3,0.11812678,9.799878,-0.34471497,
772254899413210,3,0.11725942,9.799948,-0.34307244,
772254919768435,3,0.11665563,9.8000145,-0.3413077,
772254939269168,3,0.11648959,9.800008,-0.34156352,
772254957182987,3,0.11682133,9.799968,-0.3425928,
772254979521852,3,0.11819762,9.799961,-0.34236258,
772254999327761,3,0.11824418,9.799983,-0.3416767,
772255017211062,3,0.11808882,9.800031,-0.34037927,
772255039519412,3,0.11791635,9.800093,-0.33861294,
772255059325319,3,0.118390396,9.800123,-0.3375779,
772255079588992,3,0.118303105,9.800149,-0.33688292,
772255099730594,3,0.117566094,9.800118,-0.3380165,
772255119444949,3,0.11689455,9.800135,-0.33774143,
772255137358767,3,0.11707314,9.8001995,-0.33581278,
772255160094363,3,0.11744773,9.800206,-0.33549944,
772255179534061,3,0.11683433,9.800153,-0.33728564,
772255197447879,3,0.11610977,9.800133,-0.33808655,
772255219725710,3,0.11697657,9.800219,-0.3352826,
772255239562136,3,0.11783786,9.800344,-0.3312694,
772255259825809,3,0.118691884,9.800347,-0.33090413,
772255279784305,3,0.119004056,9.80031,-0.3319184,
772255299651247,3,0.11928291,9.800276,-0.33279082,
772255317534548,3,0.118698515,9.800265,-0.33336717,
772255339995487,3,0.11851859,9.8003025,-0.3322719,
772255359679324,3,0.11839075,9.80029,-0.3326818,
772255377593142,3,0.11829928,9.80031,-0.33215037,
772255400237185,3,0.11955895,9.80033,-0.3310589,
772255419707401,3,0.11918997,9.800304,-0.3319915,
772255439940555,3,0.119336426,9.800215,-0.3345902,
772255459929567,3,0.12000925,9.800157,-0.3360514,
772255479796511,3,0.11981157,9.800183,-0.33530888,
772255497710330,3,0.118956454,9.800126,-0.33727965,
772255520049197,3,0.11799256,9.800193,-0.33570024,
772255539885622,3,0.11662395,9.8002615,-0.33415735,
772255557768923,3,0.11636382,9.800377,-0.33086652,
772255580199344,3,0.117589585,9.800328,-0.3318696,
772255599883182,3,0.11705828,9.800247,-0.33444005,
772255620146852,3,0.11588938,9.800229,-0.3353934,
772255640563113,3,0.11514758,9.800219,-0.33593154,
772255660002811,3,0.114460915,9.800221,-0.3360908,
772255677916629,3,0.11502583,9.80025,-0.33503163,
772255700224977,3,0.11556953,9.800342,-0.33217907,
772255720030886,3,0.115333624,9.800406,-0.33033496,
772255737914187,3,0.11513127,9.800398,-0.33065727,
772255760192020,3,0.11525718,9.800328,-0.3327061,
772255780028444,3,0.11429604,9.800304,-0.33371085,
772255800261599,3,0.11472165,9.800318,-0.33318478,
772255820372684,3,0.11494689,9.800389,-0.33103594,
772255840117557,3,0.115999945,9.800478,-0.32796413,
772255858031374,3,0.11688027,9.800495,-0.3271458,
772255880705935,3,0.116374746,9.8004675,-0.32815665,
772255900176151,3,0.11543387,9.800533,-0.32650205,
772255918089969,3,0.11463543,9.800637,-0.32369432,
772255940367800,3,0.115180135,9.8006,-0.32459086,
772255960204226,3,0.11613002,9.80057,-0.3251952,
772255980467899,3,0.11672694,9.800535,-0.32600942,
772256000456912,3,0.11670341,9.800605,-0.32391435,
772256020293337,3,0.117309384,9.800638,-0.32268304,
772256038207155,3,0.11612976,9.800644,-0.3228891,
772256060698612,3,0.11517114,9.800573,-0.3254403,
772256080382449,3,0.11426192,9.800569,-0.3258396,
772256098357302,3,0.1139359,9.800573,-0.32582664,
772256120909793,3,0.113795325,9.80059,-0.32539397,
772256140441043,3,0.112866506,9.800631,-0.3244933,
772256160674197,3,0.11333641,9.800593,-0.3254486,
772256180632692,3,0.113770775,9.800523,-0.32740894,
772256200530154,3,0.11340048,9.800475,-0.3289402,
772256218413456,3,0.11310855,9.800508,-0.32809803,
772256240752322,3,0.11229184,9.800594,-0.3257703,
772256260558229,3,0.11210544,9.800662,-0.3237752,
772256278472049,3,0.11252445,9.800711,-0.32215935,
772256300871952,3,0.1141208,9.800698,-0.3220005,
772256320586307,3,0.11407527,9.800674,-0.3227187,
772256340819460,3,0.11381383,9.80068,-0.32269716,
772256361174685,3,0.11289414,9.800698,-0.32242364,
772256380736454,3,0.11180304,9.800793,-0.31992978,
772256398558719,3,0.111528315,9.800845,-0.31840262,
772256420958620,3,0.113136716,9.800785,-0.31967995,
772256440764529,3,0.113454,9.800712,-0.32181996,
772256458647831,3,0.11232105,9.800701,-0.32253075,
772256480925662,3,0.11147942,9.80075,-0.32139638,
772256500762087,3,0.11131063,9.800852,-0.31831133,
772256520995242,3,0.11141802,9.800963,-0.3147949,
772256541136844,3,0.11159197,9.801041,-0.31234613,
772256560851199,3,0.111924656,9.80104,-0.31222782,
772256578765017,3,0.11200406,9.800973,-0.3143145,
772256601531130,3,0.11048746,9.800897,-0.31719753,
772256620940311,3,0.109674335,9.800863,-0.3185203,
772256638793094,3,0.10944681,9.8009,-0.31746396,
772256661101442,3,0.10942102,9.800998,-0.3144335,
772256680907351,3,0.109505646,9.801073,-0.31205648,
772256701140506,3,0.10974598,9.8011875,-0.30835807,
772256721129520,3,0.109798074,9.801232,-0.30689606,
772256740965944,3,0.109372064,9.801276,-0.30564022,
772256758879763,3,0.109798476,9.801272,-0.30562234,
772256781371219,3,0.11014314,9.801237,-0.30663177,
772256801055057,3,0.1093171,9.801298,-0.30493486,
772256818938356,3,0.10913188,9.801386,-0.30222043,
772256841582400,3,0.109163135,9.801488,-0.29886365,
772256861083133,3,0.10920546,9.801536,-0.2972811,
772256881316287,3,0.10810226,9.801496,-0.2989747,
772256901305300,3,0.107635655,9.801447,-0.30070817,
772256921141726,3,0.10639965,9.801461,-0.30070314,
772256939055545,3,0.10667645,9.80149,-0.29973248,
772256961424930,3,0.107212186,9.801555,-0.29734945,
772256981230837,3,0.10716855,9.8015995,-0.2959011,
772256999114138,3,0.10763021,9.801618,-0.29510596,
772257021514041,3,0.10859661,9.801629,-0.29438812,
772257041228397,3,0.10780127,9.801677,-0.2930737,
772257061492067,3,0.10684052,9.801709,-0.2923505,
772257081816775,3,0.10680662,9.801713,-0.29224604,
772257101317508,3,0.10626913,9.801741,-0.2914843,
772257119231326,3,0.1054224,9.80178,-0.29055604,
772257141570192,3,0.10532659,9.801799,-0.28987646,
772257161376101,3,0.104427464,9.80182,-0.2895143,
772257179289920,3,0.10480651,9.801864,-0.28784436,
772257201567752,3,0.104447745,9.801878,-0.2875575,
772257221404177,3,0.10528491,9.801882,-0.2870745,
772257241667849,3,0.10543458,9.801878,-0.28715423,
772257261809452,3,0.104741335,9.801914,-0.28621733,
772257281523807,3,0.104053594,9.801936,-0.28572407,
772257299407106,3,0.10370021,9.801984,-0.2841763,
772257322112185,3,0.10568269,9.802042,-0.28142932,
772257341551883,3,0.10686856,9.802027,-0.28150693,
772257359465700,3,0.10720177,9.802024,-0.28146294,
772257381743532,3,0.10546187,9.802035,-0.28170994,
772257401579959,3,0.105362706,9.802054,-0.28112474,
772257421813114,3,0.10492031,9.802087,-0.28015184,
772257441802126,3,0.10491143,9.802077,-0.2805117,
772257461699587,3,0.10474525,9.80206,-0.28111705,
772257479582888,3,0.10441664,9.802101,-0.2798349,
772257502074344,3,0.103556,9.802202,-0.27663466,
772257521727663,3,0.10311127,9.802313,-0.27281263,
772257539641481,3,0.1035661,9.802324,-0.27222607,
772257562346560,3,0.105411276,9.80222,-0.27525705,
772257581755741,3,0.10571931,9.802168,-0.27696452,
772257602019411,3,0.10528936,9.802192,-0.27630526,
772257622008425,3,0.10437313,9.802195,-0.2765708,
772257641844851,3,0.10337356,9.8022,-0.27669623,
772257659758670,3,0.10293995,9.802199,-0.27688327,
772257682097536,3,0.103135966,9.802239,-0.27543604,
772257701872927,3,0.104249224,9.802294,-0.27311704,
772257719817263,3,0.10486978,9.802265,-0.27381253,
772257742247684,3,0.104719415,9.802227,-0.27528673,
772257761962038,3,0.10439088,9.802173,-0.27728096,
772257782195192,3,0.10369503,9.802207,-0.27639169,
772257802519900,3,0.104684986,9.802329,-0.2716257,
772257822020633,3,0.10512416,9.802448,-0.26718068,
772257839934450,3,0.10624318,9.802446,-0.26675478,
772257862273317,3,0.10538654,9.802351,-0.27057552,
772257882079226,3,0.10440538,9.802297,-0.27289796,
772257899993045,3,0.104186736,9.802304,-0.27268353,
772257922270876,3,0.10458096,9.802394,-0.26933324,
772257942107302,3,0.10487132,9.802425,-0.26802734,
772257962340457,3,0.103592694,9.802473,-0.26680487,
772257982482059,3,0.103261404,9.802494,-0.26612878,
772258002196413,3,0.10318662,9.802525,-0.26509607,
772258020079714,3,0.102318674,9.802582,-0.2633008,
772258042784793,3,0.101439096,9.802609,-0.2625636,
772258062255008,3,0.10198239,9.802592,-0.2630052,
772258080138308,3,0.103034824,9.802573,-0.26334685,
772258102416140,3,0.10259526,9.802616,-0.261915,
772258122283084,3,0.10210964,9.802671,-0.26000074,
772258142516239,3,0.10278101,9.802675,-0.25961053,
772258162505251,3,0.10314216,9.802674,-0.25947365,
772258182372194,3,0.10341541,9.802697,-0.25849342,
772258200255496,3,0.103498496,9.802734,-0.25705692,
772258222746952,3,0.10477703,9.802724,-0.25695243,
772258242430788,3,0.10638715,9.802769,-0.2545623,
772258260344606,3,0.10793599,9.802843,-0.25100735,
772258282958132,3,0.10887862,9.802912,-0.24796553,
772258302458866,3,0.10959435,9.802928,-0.24697089,
772258322692019,3,0.11016612,9.802939,-0.2462492,
772258342711550,3,0.110080674,9.802975,-0.24487764,
772258362547976,3,0.10982922,9.802987,-0.244474,
772258380461795,3,0.10877284,9.802997,-0.2446206,
772258402800661,3,0.108401544,9.803051,-0.24252081,
772258422606569,3,0.10858443,9.803121,-0.23966262,
772258440489871,3,0.10812906,9.803183,-0.23733431,
772258462889774,3,0.10730651,9.803218,-0.23621504,
772258482604128,3,0.10652168,9.803279,-0.2340594,
772258502867800,3,0.10665371,9.80333,-0.23178121,
772258523253543,3,0.106843,9.803299,-0.23309818,
772258542723758,3,0.106907666,9.803245,-0.2352903,
772258560607058,3,0.1068806,9.803237,-0.23565349,
772258582976441,3,0.105900936,9.803313,-0.23290567,
772258602782350,3,0.10505497,9.803386,-0.23015296,
772258620696169,3,0.10474976,9.803414,-0.22909936,
772258642974002,3,0.10546707,9.803431,-0.22805345,
772258662779909,3,0.10584889,9.803455,-0.22680694,
772258683013062,3,0.104880325,9.803455,-0.22724354,
772258703185182,3,0.103829265,9.803443,-0.22833866,
772258722899538,3,0.10248521,9.803507,-0.22614303,
772258740782840,3,0.102897204,9.803561,-0.22355457,
772258763487918,3,0.10277232,9.803557,-0.22380354,
772258782927614,3,0.101793975,9.803547,-0.22469983,
772258800841431,3,0.10209749,9.803535,-0.22509837,
772258823149781,3,0.10221816,9.803565,-0.22371046,
772258842986208,3,0.103151746,9.803557,-0.22366223,
772258863219363,3,0.102869496,9.803574,-0.22309202,
772258883177860,3,0.10309185,9.803544,-0.22425194,
772258903075319,3,0.10331584,9.803544,-0.22417787,
772258920958619,3,0.103657946,9.803563,-0.22315818,
772258943419557,3,0.10412534,9.803588,-0.22190954,
772258963103396,3,0.104274966,9.803579,-0.22219293,
772258981017215,3,0.10325495,9.803576,-0.22276036,
772259003661257,3,0.102309346,9.803583,-0.22290987,
772259023131471,3,0.104261115,9.803631,-0.21985807,
772259043364624,3,0.10464356,9.803687,-0.21716227,
772259063384156,3,0.103767395,9.803721,-0.21603067,
772259083220583,3,0.10356691,9.803703,-0.2169725,
772259101164919,3,0.103697784,9.803732,-0.21555182,
772259123503787,3,0.10363064,9.803794,-0.21283999,
772259143340212,3,0.10426415,9.803828,-0.21088608,
772259161223511,3,0.10398438,9.803892,-0.20807888,
772259183653932,3,0.103863716,9.803923,-0.20663288,
772259203368288,3,0.10404455,9.803931,-0.20613517,
772259223601443,3,0.1039545,9.803952,-0.20520748,
772259243956668,3,0.10339763,9.803931,-0.20650852,
772259263457399,3,0.102354884,9.803903,-0.20835064,
772259281340699,3,0.101132356,9.803928,-0.20771995,
772259303740602,3,0.10086338,9.8040085,-0.20413181,
772259323485476,3,0.099940255,9.804121,-0.19905716,
772259341429812,3,0.09878278,9.804188,-0.19630666,
772259363707643,3,0.09883354,9.804132,-0.19904825,
772259383513551,3,0.09826396,9.804105,-0.20069346,
772259403777223,3,0.09675253,9.804101,-0.2015582,
772259423918826,3,0.09562882,9.804089,-0.20276558,
772259443633182,3,0.094023526,9.804114,-0.20222469,
772259461546999,3,0.09536299,9.804123,-0.20120506,
772259484221558,3,0.096787654,9.804197,-0.19685094,
772259503661256,3,0.096787654,9.804197,-0.19685094,
772259521575075,3,0.09643714,9.804227,-0.19553794,
772259543883426,3,0.09576484,9.80419,-0.19778913,
772259563689334,3,0.096136265,9.804154,-0.19924305,
772259583922487,3,0.096350946,9.804158,-0.19900961,
772259603942018,3,0.09765277,9.804183,-0.19712435,
772259623808962,3,0.09767151,9.804242,-0.19417398,
772259641722781,3,0.097565785,9.804247,-0.19393378,
772259664092165,3,0.09784336,9.804224,-0.19493853,
772259683867555,3,0.09732149,9.804216,-0.19556616,
772259701720338,3,0.09689371,9.804253,-0.19399723,
772259724333864,3,0.09665097,9.804314,-0.190994,
772259743834597,3,0.096368626,9.804321,-0.19073501,
772259764098270,3,0.09675144,9.804358,-0.18872185,
772259784087282,3,0.09803872,9.804377,-0.18699569,
772259803954224,3,0.0991176,9.804351,-0.18785454,
772259821837526,3,0.09851646,9.804321,-0.1897196,
772259844176394,3,0.09733298,9.8043165,-0.19049688,
772259863982303,3,0.09833845,9.804339,-0.18889421,
772259881896121,3,0.09907089,9.804346,-0.18810575,
772259904326539,3,0.10075294,9.804377,-0.18558015,
772259924010377,3,0.100892715,9.804394,-0.18456689,
772259944274050,3,0.100858465,9.80438,-0.18532926,
772259964568240,3,0.10015848,9.804376,-0.18600805,
772259984130007,3,0.09985636,9.804391,-0.18533492,
772260002013307,3,0.10004721,9.804429,-0.18322383,
772260024321656,3,0.10072878,9.804475,-0.18035178,
772260044158083,3,0.10236597,9.804505,-0.17775424,
772260062071902,3,0.10315655,9.804508,-0.17712775,
772260084349735,3,0.103148825,9.804492,-0.17804655,
772260104186159,3,0.103155695,9.804459,-0.17984842,
772260124419312,3,0.10213461,9.804462,-0.18018852,
772260144530397,3,0.101728015,9.804478,-0.17957205,
772260164244753,3,0.10225222,9.804471,-0.1797127,
772260182158572,3,0.1032515,9.804452,-0.18011025,
772260204863650,3,0.10332157,9.804445,-0.18043117,
772260224333864,3,0.10206673,9.804517,-0.17730169,
772260242217164,3,0.10155635,9.804568,-0.17469943,
772260264525515,3,0.10171384,9.804606,-0.17242037,
772260284331423,3,0.10234403,9.804611,-0.1718122,
772260304595095,3,0.10372948,9.804523,-0.17602837,
772260324614625,3,0.10328038,9.804499,-0.17750172,
772260344420533,3,0.102972485,9.804501,-0.17771946,
772260362364870,3,0.10241222,9.804501,-0.17794478,
772260384795290,3,0.1030387,9.8045025,-0.17752837,
772260404509647,3,0.10545571,9.804505,-0.17594425,
772260422423464,3,0.10601223,9.80451,-0.17529956,
772260445098023,3,0.106704876,9.804544,-0.17303303,
772260464507204,3,0.10626911,9.804537,-0.17362848,
772260484770876,3,0.105255336,9.804534,-0.17442816,
772260504759891,3,0.10577658,9.804517,-0.17509982,
772260524596316,3,0.10644091,9.804516,-0.17472716,
772260542510133,3,0.10673642,9.804526,-0.17394207,
772260564849000,3,0.106675304,9.804528,-0.1739204,
772260584685427,3,0.105654925,9.8045225,-0.17480427,
772260602599246,3,0.10412679,9.804516,-0.17614159,
772260624968630,3,0.10342505,9.804528,-0.17582984,
772260644682984,3,0.103573516,9.804531,-0.1755806,
772260664946656,3,0.10411959,9.804526,-0.17559355,
772260685271364,3,0.10529733,9.804521,-0.17522547,
772260704772097,3,0.10404298,9.804542,-0.17469676,
772260722685916,3,0.10292824,9.804568,-0.1738698,
772260745024782,3,0.1036323,9.804593,-0.17207606,
772260764861207,3,0.10493697,9.804618,-0.16992451,
772260782744508,3,0.10392535,9.804669,-0.16741337,
772260805052859,3,0.102859564,9.80474,-0.16399637,
772260824858767,3,0.10270691,9.804738,-0.16416252,
772260845122439,3,0.102884166,9.804727,-0.16471565,
772260865264039,3,0.1022704,9.804728,-0.1651359,
772260884978395,3,0.10156004,9.8047285,-0.16543344,
772260902892214,3,0.10071581,9.804761,-0.16398586,
772260925597293,3,0.10171571,9.80482,-0.15985475,
772260945098025,3,0.10285169,9.8048525,-0.15700346,
772260963011842,3,0.102302805,9.804814,-0.15981735,
772260985991578,3,0.10118006,9.804752,-0.16425008,
772261005034547,3,0.10111829,9.804789,-0.162192,
772261025267703,3,0.101406984,9.804863,-0.15737434,
772261045256717,3,0.10183678,9.804903,-0.15463245,
772261065154177,3,0.10308006,9.804902,-0.15381138,
772261083037476,3,0.103445195,9.804905,-0.15337181,
772261105498414,3,0.10413395,9.80491,-0.15269162,
772261125212771,3,0.10377721,9.804897,-0.15365854,
772261143096072,3,0.103220664,9.804899,-0.15393764,
772261165709597,3,0.102529526,9.80492,-0.15303493,
772261185210328,3,0.10250328,9.804947,-0.15135065,
772261205474000,3,0.10203732,9.804975,-0.14977495,
772261225463015,3,0.10151858,9.8049965,-0.14877824,
772261245299441,3,0.10187546,9.805002,-0.14817238,
772261263213259,3,0.102321655,9.804982,-0.14913344,
772261285552125,3,0.1022274,9.804996,-0.14829807,
772261305358033,3,0.101567216,9.80503,-0.14650543,
772261323271852,3,0.10156773,9.805022,-0.14699264,
772261345702273,3,0.100301184,9.805018,-0.14818828,
772261365386111,3,0.10063744,9.805005,-0.14882804,
772261385649782,3,0.10121713,9.805032,-0.14661124,
772261406035523,3,0.10137875,9.805069,-0.14404,
772261425475221,3,0.10108634,9.805086,-0.1429922,
772261443389040,3,0.10178987,9.805074,-0.14333208,
772261465758426,3,0.10347707,9.8050585,-0.14318626,
772261485564334,3,0.104014486,9.805062,-0.1426582,
772261503447633,3,0.1035825,9.80509,-0.14103504,
772261525725465,3,0.103290044,9.805093,-0.14093861,
772261545561891,3,0.10251831,9.805083,-0.14213642,
772261565795047,3,0.101596996,9.805079,-0.14315368,
772261585936648,3,0.102189444,9.805074,-0.14314269,
772261605651002,3,0.102310546,9.805046,-0.14490883,
772261623564820,3,0.10200786,9.805051,-0.14480637,
772261646239381,3,0.10024006,9.805026,-0.14765315,
772261665709597,3,0.09965549,9.805032,-0.14774525,
772261683623416,3,0.10073701,9.805028,-0.14721417,
772261705901247,3,0.103617944,9.805056,-0.1434149,
772261725737671,3,0.10506847,9.805089,-0.1399408,
772261745970827,3,0.10392352,9.805076,-0.14167029,
772261765990359,3,0.102386095,9.805094,-0.14155549,
772261785826785,3,0.1031626,9.805072,-0.14257191,
772261803740603,3,0.10396,9.805058,-0.14298314,
772261826201539,3,0.10283099,9.80509,-0.14151525,
772261845885377,3,0.10305804,9.80511,-0.14005987,
772261863799196,3,0.10333768,9.805121,-0.13891298,
772261886412722,3,0.10417276,9.805148,-0.13634762,
772261905913454,3,0.10446077,9.805151,-0.1360163,
772261926146608,3,0.10477259,9.805148,-0.13590015,
772261946135621,3,0.105237305,9.805171,-0.13397557,
772261966002565,3,0.10553528,9.805174,-0.13351096,
772261983916384,3,0.10553839,9.805162,-0.13428296,
772262006255252,3,0.10378782,9.805168,-0.1353303,
772262026061159,3,0.10299064,9.805178,-0.13520598,
772262043974976,3,0.10283834,9.805183,-0.1348573,
772262066344362,3,0.103603385,9.8051815,-0.13437574,
772262086089235,3,0.10349161,9.805173,-0.13517214,
772262106322391,3,0.102721944,9.805151,-0.13727088,
772262126677615,3,0.10226366,9.805137,-0.13871802,
772262146208864,3,0.10074051,9.80519,-0.13597798,
772262164092164,3,0.10056345,9.805253,-0.13146693,
772262186431032,3,0.10076418,9.805296,-0.12807044,
772262206236941,3,0.102137566,9.805275,-0.12869938,
772262224120242,3,0.102499515,9.805257,-0.12972558,
772262246428590,3,0.10281779,9.805235,-0.13111673,
772262266265016,3,0.10171299,9.805263,-0.12991233,
772262286498171,3,0.10112404,9.8052845,-0.12869138,
772262306670290,3,0.10061251,9.805309,-0.12724736,
772262326354129,3,0.10134822,9.805321,-0.1257574,
772262344298464,3,0.10172623,9.805309,-0.12633224,
772262367034058,3,0.10234863,9.805272,-0.12865911,
772262386443239,3,0.1026885,9.805259,-0.12944457,
772262404357058,3,0.10265142,9.805274,-0.12828687,
772262426634891,3,0.10243353,9.805318,-0.12510829,
772262446471316,3,0.103102975,9.805334,-0.12324659,
772262466704469,3,0.103947155,9.805308,-0.124567024,
772262486724000,3,0.10451557,9.805268,-0.12712912,
772262506529909,3,0.103524216,9.805268,-0.12801121,
772262524413211,3,0.10255565,9.8052845,-0.12762253,
772262546874148,3,0.10166089,9.805288,-0.12798972,
772262566557984,3,0.10065907,9.805289,-0.12870117,
772262584471803,3,0.100584164,9.805279,-0.12955056,
772262607085329,3,0.09903803,9.805271,-0.13128214,
772262626586062,3,0.09801561,9.8052845,-0.1310765,
772262646819217,3,0.09841148,9.805309,-0.12889923,
772262666838747,3,0.09957906,9.805308,-0.12809236,
772262686675171,3,0.09992546,9.805298,-0.12858881,
772262704588991,3,0.098191276,9.805326,-0.12774473,
772262726866823,3,0.098027974,9.805327,-0.12780778,
772262746764285,3,0.0988424,9.805319,-0.12790087,
772262764647586,3,0.099493004,9.805296,-0.12903976,
772262787078004,3,0.09965943,9.805255,-0.13206281,
772262806792360,3,0.099952005,9.80523,-0.13366154,
772262826994997,3,0.09958774,9.805223,-0.13437912,
772262847350222,3,0.099068515,9.805256,-0.13238218,
772262866881472,3,0.09972459,9.805271,-0.13072641,
772262884764772,3,0.10031276,9.805259,-0.13133878,
772262907103639,3,0.10114821,9.8052025,-0.13476606,
772262926940065,3,0.09993035,9.805197,-0.13615198,
772262944823367,3,0.09965716,9.805215,-0.13501781,
772262967101199,3,0.09947717,9.805249,-0.13259678,
772262986937624,3,0.0989069,9.8052635,-0.13206878,
772263007170777,3,0.09694407,9.805305,-0.13045792,
772263027251344,3,0.09599336,9.805324,-0.12964207,
772263047026735,3,0.09565397,9.805319,-0.13029598,
772263064940555,3,0.09446696,9.805337,-0.12985557,
772263087584597,3,0.0947733,9.805352,-0.12838621,
772263107054811,3,0.09481422,9.805342,-0.12912172,
772263124999147,3,0.09355379,9.80534,-0.13020605,
772263147307497,3,0.09426522,9.805343,-0.12947844,
772263167143923,3,0.09563339,9.805367,-0.12663327,
772263187377077,3,0.096802816,9.805374,-0.1250915,
772263207457643,3,0.095908955,9.805374,-0.12583834,
772263227233033,3,0.09760244,9.805379,-0.124184355,
772263245116335,3,0.099830404,9.80537,-0.12308503,
772263267638308,3,0.10013019,9.805334,-0.1257148,
772263287322147,3,0.09890101,9.805332,-0.12670185,
772263305235964,3,0.0986167,9.805342,-0.12626694,
772263327910523,3,0.09834577,9.805394,-0.12231887,
772263347319704,3,0.099257976,9.805404,-0.12086735,
772263367552859,3,0.09946469,9.805374,-0.12313588,
772263387602908,3,0.09798003,9.805369,-0.12460071,
772263407439334,3,0.09830612,9.80536,-0.12514903,
772263425322633,3,0.0991694,9.805346,-0.12547493,
772263447539430,3,0.099838644,9.805295,-0.12895954,
772263467436891,3,0.0990337,9.8053,-0.12918618,
772263485320193,3,0.0988679,9.805304,-0.12901802,
772263507750613,3,0.099267475,9.805314,-0.12783888,
772263527434449,3,0.10077934,9.805294,-0.12826177,
772263547698121,3,0.10130457,9.805278,-0.12903295,
772263568022829,3,0.10151635,9.805272,-0.12934458,
772263587554079,3,0.10077545,9.805262,-0.13063596,
772263605437381,3,0.10050909,9.805247,-0.13196497,
772263627806765,3,0.101199225,9.8052435,-0.13174088,
772263647612671,3,0.10219425,9.8052635,-0.12952287,
772263665495973,3,0.10147167,9.805287,-0.12830964,
772263687804323,3,0.10089836,9.805274,-0.12974475,
772263707610232,3,0.10061293,9.805246,-0.13195337,
772263727873904,3,0.101109974,9.805221,-0.13354504,
772263748015504,3,0.101544805,9.805194,-0.13509864,
772263767729860,3,0.10112293,9.80519,-0.1356898,
772263785613161,3,0.10073882,9.805196,-0.13562767,
772263808287722,3,0.102118336,9.805191,-0.13489781,
772263827788454,3,0.102167636,9.80519,-0.13495669,
772263845671754,3,0.10230215,9.805179,-0.1355531,
772263867949586,3,0.1017012,9.805146,-0.1384476,
772263887786012,3,0.100353695,9.805139,-0.13998602,
772263908049685,3,0.09973895,9.805184,-0.13721791,
772263928069217,3,0.09825185,9.805252,-0.13331725,
772263947875124,3,0.09849406,9.805284,-0.13078153,
772263965788941,3,0.09795228,9.805307,-0.12947808,
772263988280398,3,0.099941865,9.80529,-0.12914743,
772264009642703,3,0.10231028,9.805285,-0.12774067,
772264025847537,3,0.10198422,9.805296,-0.12719578,
772264048461062,3,0.10135175,9.805295,-0.1276771,
772264067961793,3,0.10150596,9.805293,-0.12768668,
772264088225465,3,0.10287268,9.805308,-0.12549889,
772264108214479,3,0.102887854,9.8053055,-0.12574401,
772264128050906,3,0.10218966,9.80531,-0.12585701,
772264145995242,3,0.1015253,9.80533,-0.12486557,
772264168242555,3,0.102538764,9.805355,-0.12205248,
772264188109498,3,0.10362766,9.8053665,-0.12016133,
772264206023317,3,0.102924846,9.805378,-0.1199354,
772264228423221,3,0.102228805,9.805377,-0.120489255,
772264248168094,3,0.101385,9.805369,-0.12182861,
772264268370729,3,0.10068839,9.805365,-0.12278005,
772264288786989,3,0.10037763,9.805365,-0.12310128,
772264308287722,3,0.10039781,9.805355,-0.12384266,
772264326140505,3,0.10039414,9.805366,-0.12295038,
772264348479374,3,0.101582035,9.805381,-0.12076822,
772264368285281,3,0.10207091,9.805383,-0.12023894,
772264386199098,3,0.101784915,9.805377,-0.12086867,
772264408507448,3,0.10071212,9.805411,-0.11895998,
772264428313356,3,0.100870855,9.805419,-0.118211575,
772264448546512,3,0.10007093,9.805454,-0.11595588,
772264468657595,3,0.10146122,9.805474,-0.11308402,
772264488402468,3,0.102206066,9.805458,-0.11376715,
772264506316286,3,0.10160558,9.805438,-0.116014905,
772264528990848,3,0.10001336,9.805433,-0.11773252,
772264548491579,3,0.09922915,9.805445,-0.11748825,
772264566374879,3,0.099675395,9.805468,-0.11516251,
772264588652713,3,0.09994307,9.805452,-0.116226844,
772264608489139,3,0.10033793,9.805457,-0.11548113,
772264628722292,3,0.099737644,9.805474,-0.11449287,
772264648711306,3,0.09958602,9.805473,-0.11472759,
772264668578250,3,0.09914766,9.805471,-0.11521468,
772264686492068,3,0.09968469,9.805464,-0.115466654,
772264708983523,3,0.099768534,9.805452,-0.116365924,
772264728667360,3,0.09951423,9.805481,-0.11408388,
772264746550661,3,0.09899152,9.805503,-0.11271354,
772264769194706,3,0.09965651,9.805496,-0.112665325,
772264788634402,3,0.10073634,9.805459,-0.11495331,
772264808898073,3,0.10196245,9.805432,-0.11620988,
772264828887088,3,0.1017809,9.805452,-0.11465836,
772264848754032,3,0.10111202,9.805467,-0.113965094,
772264866667849,3,0.100186,9.805482,-0.11347357,
772264889006716,3,0.09934123,9.80552,-0.1110278,
772264908812625,3,0.0988124,9.805557,-0.108078256,
772264926726443,3,0.09950979,9.8055525,-0.10795357,
772264949126345,3,0.09931738,9.8055315,-0.10997,
772264968840700,3,0.09847444,9.805546,-0.10955308,
772264989073855,3,0.09847024,9.805559,-0.10813846,
772265009398563,3,0.09876062,9.805548,-0.109015144,
772265028929812,3,0.09988831,9.805533,-0.109223545,
772265046813112,3,0.1016429,9.805535,-0.10743802,
772265069151980,3,0.10304684,9.805549,-0.104845904,
772265088988407,3,0.104292974,9.805521,-0.10622964,
772265106902224,3,0.104119,9.805512,-0.10715682,
772265129180056,3,0.10431951,9.805513,-0.10685245,
772265149016482,3,0.10492833,9.805514,-0.106317595,
772265169249637,3,0.104839906,9.805554,-0.10243513,
772265189421755,3,0.105566755,9.805551,-0.102160655,
772265209136110,3,0.10514619,9.805534,-0.10406477,
772265227019411,3,0.104762256,9.805523,-0.10550065,
772265249755008,3,0.103187844,9.805524,-0.10711811,
772265269164187,3,0.10275155,9.805526,-0.107360326,
772265287078004,3,0.102303185,9.805526,-0.10763913,
772265309355838,3,0.10250861,9.805524,-0.10767332,
772265329192264,3,0.10314804,9.805499,-0.1093132,
772265349425417,3,0.10310846,9.805484,-0.11069272,
772265369414431,3,0.10329591,9.805467,-0.11195085,
772265389281375,3,0.103631206,9.805444,-0.113719456,
772265407195193,3,0.10377858,9.80543,-0.114692844,
772265429656130,3,0.103822194,9.805425,-0.1151666,
772265449339968,3,0.10360768,9.805403,-0.11726848,
772265467253786,3,0.10408545,9.805405,-0.11657889,
772265489867313,3,0.10430709,9.805391,-0.1175796,
772265509368044,3,0.10484898,9.805369,-0.11888925,
772265529601198,3,0.10520244,9.805366,-0.11886061,
772265549620730,3,0.10368149,9.805383,-0.118751094,
772265569457157,3,0.10260871,9.805363,-0.12141102,
772265587370974,3,0.10249316,9.805327,-0.12429464,
772265609740359,3,0.10402824,9.805322,-0.123431735,
772265629546267,3,0.10566532,9.805355,-0.119227566,
772265647429568,3,0.105208136,9.805369,-0.11861723,
772265669829470,3,0.10557651,9.805355,-0.119312145,
772265689543825,3,0.1064939,9.805358,-0.11836952,
772265709776980,3,0.10589697,9.805378,-0.11721174,
772265730132206,3,0.105360605,9.80539,-0.116634004,
772265749632937,3,0.10520594,9.805376,-0.11806167,
772265767546754,3,0.10501086,9.805367,-0.11887714,
772265789855105,3,0.10601187,9.805367,-0.11811098,
772265809691532,3,0.10473927,9.805375,-0.11850847,
772265827605349,3,0.10349934,9.805378,-0.119325176,
772265849883181,3,0.1025032,9.805405,-0.11796528,
772265869719607,3,0.10068751,9.805449,-0.11595438,
772265889952762,3,0.10192911,9.805458,-0.11399748,
772265910094363,3,0.101557024,9.805497,-0.11105647,
772265929808718,3,0.10182081,9.805484,-0.11185725,
772265947753054,3,0.1022438,9.805438,-0.11550251,
772265970427616,3,0.099598736,9.80545,-0.116673306,
772265989867312,3,0.09773075,9.805484,-0.11548014,
772266007781129,3,0.09719463,9.805512,-0.11345518,
772266030089480,3,0.097720936,9.805517,-0.11264505,
772266049895389,3,0.098263115,9.805507,-0.11319314,
772266070128542,3,0.09868944,9.80549,-0.114224166,
772266090087038,3,0.09768541,9.805488,-0.11517867,
772266109953982,3,0.09648239,9.805497,-0.115368515,
772266127867801,3,0.096802875,9.805477,-0.11672548,
772266150359255,3,0.09851959,9.80552,-0.111701205,
772266170043093,3,0.09853293,9.805549,-0.10919956,
772266187926394,3,0.09822112,9.805553,-0.10899275,
772266210661991,3,0.09678826,9.805549,-0.11060169,
772266230040652,3,0.09529062,9.80555,-0.111822225,
772266250273806,3,0.09536999,9.805535,-0.113105215,
772266270293338,3,0.09617168,9.805519,-0.11374401,
772266290129764,3,0.09601494,9.805524,-0.11350049,
772266308043582,3,0.095770076,9.805529,-0.11335688,
772266330382448,3,0.09543902,9.805536,-0.11284509,
772266350188357,3,0.096052386,9.805541,-0.111975804,
772266368102176,3,0.09625267,9.805526,-0.1130388,
772266390502078,3,0.09626621,9.805508,-0.11470471,
772266410216433,3,0.09573113,9.805501,-0.11573433,
772266430449588,3,0.09595668,9.805489,-0.11653699,
772266450804813,3,0.096817926,9.805492,-0.11553689,
772266470305544,3,0.0972346,9.805502,-0.11428835,
772266488219362,3,0.096787,9.805498,-0.1149813,
772266510527713,3,0.09712723,9.805495,-0.11491848,
772266530364139,3,0.09824874,9.805505,-0.11321338,
772266548338992,3,0.09902897,9.805513,-0.11168051,
772266570555788,3,0.09860093,9.805517,-0.11191899,
772266590392215,3,0.09836214,9.805498,-0.11369527,
772266610625370,3,0.09785291,9.805526,-0.1118741,
772266630766970,3,0.09806065,9.805546,-0.10983686,
772266650481325,3,0.09867042,9.8055525,-0.10859998,
772266668395145,3,0.098905906,9.80557,-0.106814384,
772266691069706,3,0.09877609,9.805575,-0.10644306,
772266710539919,3,0.09874294,9.805563,-0.107608035,
772266728423220,3,0.09940317,9.8055525,-0.10787886,
772266750762088,3,0.10003913,9.805546,-0.10790683,
772266770567997,3,0.10024481,9.80555,-0.10734744,
772266790801150,3,0.100158155,9.805577,-0.104974985,
772266810790163,3,0.10085797,9.805588,-0.10323378,
772266830657107,3,0.10155302,9.805603,-0.101087384,
772266848570927,3,0.101978905,9.805612,-0.099916965,
772266871062380,3,0.1036856,9.8055935,-0.09985241,
772266890715700,3,0.10379704,9.805575,-0.10151475,
772266908599002,3,0.103408664,9.805577,-0.10182157,
772266931243046,3,0.10307598,9.805604,-0.099356994,
772266950743777,3,0.10309991,9.805615,-0.09827645,
772266970946413,3,0.1042263,9.805588,-0.09986309,
772266990996463,3,0.10537043,9.805581,-0.09935303,
772267010832889,3,0.10568187,9.805559,-0.101221256,
772267028746707,3,0.10590541,9.805538,-0.10292284,
772267051085573,3,0.105831906,9.805536,-0.10319947,
772267070860965,3,0.106248744,9.805544,-0.10196624,
772267088774784,3,0.107436,9.805541,-0.10101318,
772267111205203,3,0.109093614,9.80555,-0.09846496,
772267130889040,3,0.10853417,9.805565,-0.09756797,
772267151122195,3,0.10773847,9.80553,-0.10190745,
772267171538456,3,0.10813202,9.80549,-0.1052121,
772267190978152,3,0.108211994,9.8054695,-0.106950656,
772267208891970,3,0.10813348,9.805476,-0.10646911,
772267231230838,3,0.10884833,9.805473,-0.10611605,
772267251067264,3,0.10931095,9.805463,-0.10648614,
772267268950564,3,0.10954576,9.805455,-0.1069914,
772267291228396,3,0.11000373,9.805449,-0.107025295,
772267311064822,3,0.10895242,9.805452,-0.10783207,
772267331297977,3,0.10850947,9.805438,-0.10967873,
772267351439578,3,0.109518796,9.805407,-0.11140097,
772267371153933,3,0.11023964,9.805401,-0.11115376,
772267389067752,3,0.110497035,9.805405,-0.11051556,
772267411742313,3,0.110314645,9.805436,-0.10783965,
772267431212527,3,0.11124687,9.805439,-0.10668588,
772267449126345,3,0.11242225,9.805435,-0.105713464,
772267471404178,3,0.11222148,9.805429,-0.10662777,
772267491240604,3,0.11169879,9.805431,-0.106844485,
772267511473757,3,0.112068415,9.8054285,-0.1067298,
772267531493288,3,0.1130909,9.805446,-0.10408698,
772267551360232,3,0.114054784,9.805439,-0.103741236,
772267569243534,3,0.11441158,9.805444,-0.1028843,
772267591704470,3,0.11453796,9.805448,-0.10227134,
772267611418825,3,0.11494964,9.805425,-0.104090795,
772267629302127,3,0.11526096,9.8054085,-0.10529924,
772267651915652,3,0.11507899,9.805403,-0.10600457,
772267671416383,3,0.11472156,9.805405,-0.106156275,
772267691649538,3,0.11492099,9.805407,-0.10578256,
772267711638553,3,0.11518609,9.805427,-0.103527784,
772267731505496,3,0.114434265,9.805481,-0.09910653,
772267749419313,3,0.11384059,9.80551,-0.09698378,
772267771758181,3,0.114365146,9.805494,-0.097975075,
772267791564090,3,0.11216851,9.805506,-0.09934643,
772267809477908,3,0.11207102,9.805499,-0.10008953,
772267831908327,3,0.11173947,9.805523,-0.09812621,
772267851592165,3,0.112799466,9.805513,-0.097892635,
772267871825320,3,0.11260151,9.805528,-0.09659369,
772267892150027,3,0.113157704,9.805543,-0.09451394,
772267911681276,3,0.113053694,9.805554,-0.0933533,
772267929595095,3,0.11230182,9.80557,-0.09267625,
772267951842410,3,0.11249303,9.805549,-0.09470785,
772267971739871,3,0.11317659,9.80552,-0.09678836,
772267989653688,3,0.11366519,9.805523,-0.095809706,
772268011962038,3,0.11523674,9.805533,-0.0929055,
772268031767947,3,0.11405403,9.805562,-0.09127664,
772268052001101,3,0.11283417,9.805572,-0.09184315,
772268072142702,3,0.11269981,9.805566,-0.09255429,
772268091857058,3,0.1132258,9.805547,-0.0939366,
772268109770877,3,0.11384446,9.805538,-0.09415231,
772268132475955,3,0.114316136,9.8055315,-0.09419889,
772268151915651,3,0.11388543,9.805546,-0.093336046,
772268169829470,3,0.114210136,9.805549,-0.0927012,
772268192107303,3,0.114793725,9.805532,-0.09361821,
772268211943728,3,0.11479457,9.805525,-0.0944625,
772268232207399,3,0.11628119,9.805516,-0.09331643,
772268252196413,3,0.117351465,9.805503,-0.09353889,
772268272063357,3,0.11681358,9.805494,-0.094995044,
772268289977176,3,0.116889365,9.8055,-0.09437744,
772268312438112,3,0.11663398,9.805509,-0.09383551,
772268332121950,3,0.11728914,9.805503,-0.093518354,
772268350005252,3,0.11663685,9.8055,-0.09476662,
772268372649295,3,0.11612987,9.805492,-0.09608373,
772268392119508,3,0.115877666,9.805491,-0.09637912,
772268412322146,3,0.11589098,9.805482,-0.09728601,
772268432341678,3,0.116481334,9.805474,-0.097461864,
772268452208621,3,0.11766219,9.805468,-0.09672525,
772268470122438,3,0.11820322,9.805453,-0.09755195,
772268492430788,3,0.117055625,9.80545,-0.09918212,
772268512267215,3,0.11600626,9.805455,-0.09985366,
772268530181033,3,0.11553894,9.805475,-0.098545596,
772268552580934,3,0.11684715,9.805476,-0.0968879,
772268572264773,3,0.1174887,9.805465,-0.09713633,
772268592497928,3,0.11555132,9.805487,-0.097383365,
772268612853152,3,0.11571036,9.805482,-0.09758714,
772268632384401,3,0.11520881,9.805489,-0.09758395,
772268650298220,3,0.11413729,9.80552,-0.09559393,
772268672637088,3,0.11416496,9.805562,-0.09129326,
772268692473513,3,0.114499494,9.805567,-0.09017515,
772268710387331,3,0.114605695,9.805562,-0.090534896,
772268732634646,3,0.11451204,9.805527,-0.09441986,
772268752501590,3,0.11338121,9.805513,-0.097221024,
772268772734744,3,0.11250991,9.805515,-0.097999625,
772268792845827,3,0.1126493,9.805532,-0.09607677,
772268812590700,3,0.11372847,9.805559,-0.092005365,
772268830504520,3,0.115090154,9.805554,-0.090796754,
772268853148562,3,0.11383326,9.805536,-0.094255246,
772268872649293,3,0.111881055,9.805535,-0.09670648,
772268890563111,3,0.11134079,9.805538,-0.09703152,
772268912810426,3,0.11242015,9.805541,-0.09553218,
772268932677370,3,0.11359587,9.80555,-0.093152426,
772268952910525,3,0.114913076,9.805551,-0.0914703,
772268972930057,3,0.115204334,9.805562,-0.089864366,
772268992766481,3,0.114430174,9.805561,-0.090977035,
772269010680299,3,0.1137421,9.805554,-0.092569426,
772269033141237,3,0.11225034,9.805549,-0.09499546,
772269052825075,3,0.11218963,9.805539,-0.09593808,
772269070738895,3,0.113453194,9.805544,-0.09391817,
772269093413455,3,0.11482659,9.805518,-0.09503399,
772269112853151,3,0.1145915,9.805496,-0.09748065,
772269133086304,3,0.11482158,9.805491,-0.097641714,
772269153105836,3,0.11433619,9.805492,-0.09810991,
772269172942262,3,0.11404327,9.8055,-0.09776385,
772269190856082,3,0.11419004,9.805504,-0.09718394,
772269213164432,3,0.11493132,9.805506,-0.0961736,
772269233000856,3,0.11437939,9.805515,-0.09581704,
772269250884156,3,0.114387505,9.805528,-0.09457232,
772269273284059,3,0.1142261,9.805546,-0.092895865,
772269292998415,3,0.11494262,9.805538,-0.092747636,
772269313262088,3,0.115034424,9.805525,-0.0939579,
772269333617312,3,0.114239454,9.805531,-0.09441415,
772269353118043,3,0.11396891,9.8055315,-0.09469385,
772269371031861,3,0.11507265,9.805523,-0.09423407,
772269393370728,3,0.11692835,9.805496,-0.0947386,
772269413176637,3,0.117114775,9.805474,-0.09673454,
772269431090457,3,0.11633891,9.805483,-0.09677135,
772269453337772,3,0.11559613,9.805485,-0.097353876,
772269473204714,3,0.114820905,9.805499,-0.09696569,
772269493437867,3,0.11621956,9.805481,-0.09721969,
772269513579469,3,0.11690721,9.805479,-0.096530214,
772269533293825,3,0.11753101,9.805471,-0.09668838,
772269551146609,3,0.11688495,9.805464,-0.097968064,
772269573851687,3,0.115984395,9.8054905,-0.09643186,
772269593321901,3,0.11640809,9.805502,-0.09478301,
772269611205201,3,0.11569334,9.805526,-0.09308975,
772269633483034,3,0.11624747,9.805518,-0.093254335,
772269653349978,3,0.11745597,9.805498,-0.09378362,
772269673583132,3,0.11701454,9.805489,-0.09533055,
772269693572145,3,0.11445425,9.805518,-0.09555912,
772269713439088,3,0.11414985,9.805505,-0.097111225,
772269731322389,3,0.114259,9.805482,-0.09935429,
772269753752810,3,0.11445616,9.805476,-0.099735565,
772269773497684,3,0.113993846,9.8055,-0.097833894,
772269791380983,3,0.11356616,9.805525,-0.0958873,
772269813963990,3,0.11398592,9.805505,-0.097380966,
772269833495241,3,0.11410678,9.8055,-0.097676285,
772269853728396,3,0.114155486,9.80549,-0.09862801,
772269873686892,3,0.11372374,9.805513,-0.09665255,
772269893584353,3,0.113860264,9.805531,-0.09482037,
772269911498170,3,0.114706084,9.805531,-0.0939275,
772269933837037,3,0.11347678,9.80555,-0.09320315,
772269953612429,3,0.11325822,9.805547,-0.09379648,
772269971556765,3,0.113062754,9.805536,-0.09515362,
772269993956667,3,0.11165977,9.8055315,-0.097403206,
772270013671022,3,0.110939644,9.805533,-0.098105334,
772270033873658,3,0.111605614,9.8055315,-0.097335346,
772270054320436,3,0.113581315,9.805543,-0.093967676,
772270073790652,3,0.11348359,9.805556,-0.09255276,
772270096526248,3,0.11401588,9.805548,-0.09288785,
772270114012819,3,0.113763,9.805544,-0.09353877,
772270133818726,3,0.113366306,9.805544,-0.09422977,
772270151702028,3,0.11259229,9.805555,-0.093890354,
772270174010378,3,0.112877995,9.805562,-0.09275199,
772270193846805,3,0.11393307,9.805559,-0.09178224,
772270214049441,3,0.11417196,9.805563,-0.091114216,
772270234191041,3,0.1138544,9.805553,-0.09243009,
772270253935914,3,0.113875225,9.805532,-0.09462238,
772270271819216,3,0.1129984,9.805544,-0.09461575,
772270294524295,3,0.11167137,9.805541,-0.0963694,
772270313994509,3,0.11207628,9.805546,-0.09545807,
772270331908326,3,0.11321492,9.805557,-0.092890814,
772270354186158,3,0.11501559,9.805552,-0.09128395,
772270374022585,3,0.116007246,9.805537,-0.09152745,
772270394255740,3,0.11675644,9.805513,-0.09320719,
772270414275272,3,0.11608749,9.805503,-0.094980225,
772270434111696,3,0.11481523,9.805522,-0.09459066,
772270452025513,3,0.113710955,9.80554,-0.09405123,
772270474486452,3,0.11451969,9.805558,-0.09120308,
772270494170290,3,0.1159888,9.805567,-0.08828948,
772270512084109,3,0.11564605,9.805579,-0.087422304,
772270534667117,3,0.11530458,9.805568,-0.089205675,
772270554198366,3,0.11488508,9.805557,-0.09081143,
772270574401002,3,0.11425507,9.805546,-0.09290063,
772270594420534,3,0.11410127,9.805547,-0.0929232,
772270614287478,3,0.113802105,9.805569,-0.09087755,
772270632170779,3,0.11373821,9.805582,-0.089534424,
772270654540162,3,0.11415974,9.8055725,-0.089995295,
772270674346070,3,0.11451219,9.805567,-0.090297945,
772270692259889,3,0.11432408,9.805547,-0.09255337,
772270714690310,3,0.11416344,9.805529,-0.09458759,
772270734374149,3,0.11523305,9.805525,-0.09390073,
772270754607302,3,0.11595495,9.805526,-0.092758365,
772270774962525,3,0.11513209,9.805546,-0.09158786,
772270794463258,3,0.11458958,9.805541,-0.092927,
772270812346560,3,0.11444607,9.805526,-0.09467004,
772270834685428,3,0.11452965,9.805499,-0.09725996,
772270854521853,3,0.11395923,9.805487,-0.09915053,
772270872435670,3,0.11311836,9.805485,-0.1003397,
772270894682985,3,0.115104966,9.8054695,-0.09952673,
772270914519411,3,0.1156963,9.805461,-0.099702284,
772270934752566,3,0.11572342,9.805464,-0.0994018,
772270954894167,3,0.115549564,9.805473,-0.09876585,
772270974608522,3,0.1148675,9.805472,-0.09960348,
772270992522340,3,0.1146882,9.805465,-0.1004588,
772271015257936,3,0.114623286,9.805459,-0.10110651,
772271034667117,3,0.115870304,9.805466,-0.099094726,
772271052611453,3,0.11760325,9.805469,-0.09663905,
772271074889284,3,0.11981813,9.80544,-0.09704154,
772271094695191,3,0.119536646,9.805441,-0.097108014,
772271114928346,3,0.11905624,9.805448,-0.09689852,
772271134947878,3,0.11924658,9.805449,-0.09666328,
772271154784305,3,0.11944489,9.805456,-0.09562103,
772271172698123,3,0.11887714,9.805469,-0.09518432,
772271195128541,3,0.11877059,9.805462,-0.0959577,
772271214873414,3,0.11981075,9.805463,-0.09457564,
772271232756716,3,0.12025473,9.805459,-0.09440672,
772271255400759,3,0.120864645,9.8054495,-0.09459142,
772271274870974,3,0.12069625,9.80544,-0.09579846,
772271295104127,3,0.12048056,9.805446,-0.09543651,
772271315093141,3,0.120123506,9.805489,-0.0915507,
772271334960085,3,0.12031819,9.8055105,-0.08891199,
772271352873904,3,0.120461814,9.805517,-0.0878954,
772271375212772,3,0.12072043,9.805494,-0.08995749,
772271395049196,3,0.12082259,9.805482,-0.09106822,
772271412932496,3,0.1223052,9.805467,-0.09083178,
772271435332399,3,0.12244868,9.805484,-0.08888571,
772271455046755,3,0.12211072,9.8055,-0.08751385,
772271475279910,3,0.1212164,9.805512,-0.08741566,
772271495604617,3,0.12094007,9.805505,-0.08854323,
772271515135866,3,0.120149754,9.805529,-0.08708338,
772271533049684,3,0.12121136,9.80553,-0.085382454,
772271555388552,3,0.12296785,9.805515,-0.08443602,
772271575224978,3,0.12355544,9.805491,-0.08643241,
772271593108279,3,0.12291768,9.805505,-0.08580071,
772271615355592,3,0.12249018,9.805544,-0.081917234,
772271635222535,3,0.122402504,9.805562,-0.079852246,
772271655486208,3,0.121549904,9.805554,-0.08206616,
772271675597292,3,0.12162646,9.805539,-0.08359638,
772271695342166,3,0.123257674,9.805533,-0.08194635,
772271713255983,3,0.12381436,9.805543,-0.0799179,
772271735900025,3,0.12325881,9.805547,-0.0803536,
772271755370241,3,0.122940116,9.805521,-0.08374085,
772271773284060,3,0.12294457,9.805505,-0.08569353,
772271795531375,3,0.12332541,9.805517,-0.08393524,
772271815398318,3,0.12434763,9.805539,-0.07950316,
772271835631471,3,0.12605509,9.805526,-0.078499004,
772271855651002,3,0.12746781,9.805483,-0.08164457,
772271875487429,3,0.12748289,9.805446,-0.08592032,
772271893370730,3,0.12603737,9.80546,-0.086355135,
772271915862185,3,0.12538241,9.805473,-0.0857909,
772271935546022,3,0.12620951,9.8054695,-0.08497823,
772271953459840,3,0.12743764,9.805465,-0.08380099,
772271976134401,3,0.1276872,9.805448,-0.08543551,
772271995574099,3,0.12702821,9.805454,-0.085492924,
772272015776736,3,0.12626304,9.805466,-0.08547994,
772272035796266,3,0.1256632,9.80548,-0.08464337,
772272055632691,3,0.12614901,9.805477,-0.08414662,
772272073546510,3,0.12691122,9.805463,-0.08491936,
772272095915896,3,0.12950662,9.8054285,-0.08490296,
772272115721805,3,0.12957498,9.805405,-0.08733387,
772272133635623,3,0.1274104,9.80541,-0.08994467,
772272156035524,3,0.12565899,9.8054285,-0.09036223,
772272175749879,3,0.12605274,9.805449,-0.08764559,
772272195983034,3,0.12585074,9.805464,-0.08624685,
772272216338259,3,0.12659572,9.805452,-0.08646667,
772272235838992,3,0.12710668,9.805426,-0.08875714,
772272253722291,3,0.1273858,9.80542,-0.088974945,
772272276061158,3,0.12678386,9.805421,-0.08977814,
772272295897585,3,0.1261968,9.805412,-0.09154553,
772272313811404,3,0.12628363,9.8054,-0.09259705,
772272336089236,3,0.12714227,9.805399,-0.09170702,
772272355925661,3,0.12692674,9.805419,-0.08978375,
772272376128296,3,0.12663057,9.80544,-0.08784514,
772272396269899,3,0.12667745,9.805434,-0.08850249,
772272415984255,3,0.12761204,9.805425,-0.08797289,
772272433898074,3,0.12741755,9.805422,-0.08870301,
772272456603152,3,0.12700123,9.805427,-0.08870082,
772272476073366,3,0.12644859,9.805438,-0.088131584,
772272494017701,3,0.12679261,9.805419,-0.089850575,
772272516295534,3,0.12785664,9.805405,-0.08985451,
772272536131961,3,0.128203,9.8054085,-0.08902421,
772272556365115,3,0.12851626,9.805412,-0.088208206,
772272576354127,3,0.12785307,9.805428,-0.08747493,
772272596221070,3,0.12729953,9.805412,-0.08983044,
772272614134889,3,0.12691441,9.805403,-0.09149353,
772272636565310,3,0.12786758,9.805383,-0.0923052,
772272656249149,3,0.1295299,9.805356,-0.09285457,
772272674162966,3,0.1279237,9.805394,-0.0909452,
772272696776490,3,0.12677485,9.805429,-0.08864132,
772272716277223,3,0.12761925,9.805429,-0.08741584,
772272736510378,3,0.12746558,9.805423,-0.08846731,
772272756529910,3,0.12687576,9.80542,-0.089588135,
772272776396853,3,0.12773621,9.805427,-0.08771209,
772272794280153,3,0.12857959,9.805438,-0.08505594,
772272816619020,3,0.1272453,9.8054495,-0.08582185,
772272836455446,3,0.12584652,9.805461,-0.08654221,
772272854369265,3,0.12647411,9.805462,-0.0855748,
772272876769167,3,0.12707843,9.80546,-0.08494331,
772272896483522,3,0.12645368,9.805469,-0.0847938,
772272916716676,3,0.12624066,9.805463,-0.08587517,
772272937132936,3,0.12577519,9.805473,-0.08512986,
772272956511599,3,0.12570573,9.805487,-0.08387897,
772272974425418,3,0.12715977,9.805481,-0.0823609,
772272996794802,3,0.12813093,9.805455,-0.08372339,
772273016570191,3,0.12889314,9.805419,-0.08675036,
772273034484010,3,0.12612006,9.805456,-0.08661863,
772273056761843,3,0.12417545,9.8055,-0.08455091,
772273076598269,3,0.12232118,9.80555,-0.081271596,
772273096831423,3,0.12165476,9.8055935,-0.076993346,
772273119567018,3,0.12274624,9.805619,-0.071767546,
772273136687379,3,0.12395179,9.805588,-0.07403422,
772273154601198,3,0.12440498,9.805549,-0.07838358,
772273177306277,3,0.12386951,9.805532,-0.08101716,
772273196776492,3,0.122350246,9.805537,-0.08288032,
772273214659791,3,0.12213815,9.805546,-0.08208437,
772273236937623,3,0.12319347,9.805568,-0.07775811,
772273256774049,3,0.12401832,9.805583,-0.074515596,
772273277007204,3,0.123090155,9.805623,-0.07082918,
772273297026736,3,0.12319886,9.805627,-0.06993629,
772273316863161,3,0.12363909,9.805604,-0.07232464,
772273334776978,3,0.123395786,9.805593,-0.07426417,
772273357207399,3,0.122794025,9.805621,-0.07158179,
772273376921755,3,0.12261399,9.805641,-0.06889731,
772273394835574,3,0.12276346,9.805643,-0.06838439,
772273417449099,3,0.1218015,9.805645,-0.06976678,
772273436949830,3,0.12028403,9.80565,-0.07183554,
772273457182985,3,0.119921155,9.805637,-0.07419198,
772273477171999,3,0.12087968,9.80562,-0.074803516,
772273497038943,3,0.120590776,9.8056135,-0.075977616,
772273514922244,3,0.119782746,9.805617,-0.07690462,
772273537261109,3,0.11804758,9.805634,-0.07763363,
772273557097535,3,0.118776806,9.805633,-0.076448746,
772273574980837,3,0.11960619,9.805624,-0.07627416,
772273597411257,3,0.11969996,9.805605,-0.07867543,
772273617125613,3,0.11987938,9.805591,-0.080194,
772273637358766,3,0.11950232,9.805591,-0.080780014,
772273657683472,3,0.1195131,9.805595,-0.08012728,
772273677214723,3,0.11896913,9.8056135,-0.07851497,
772273695098025,3,0.11981132,9.805622,-0.07632211,
772273717467410,3,0.12157878,9.805615,-0.07421534,
772273737242800,3,0.12179798,9.805614,-0.07410852,
772273755187135,3,0.119527094,9.80563,-0.07587716,
772273777495485,3,0.11706677,9.805646,-0.07747312,
772273797331911,3,0.11714239,9.805637,-0.07845674,
772273817565066,3,0.119360946,9.8056135,-0.07812471,
772273837615115,3,0.121394455,9.805595,-0.07728689,
772273857421022,3,0.119955346,9.805628,-0.07526112,
772273875304322,3,0.12005247,9.805636,-0.07392105,
772273898039919,3,0.12020362,9.805627,-0.07503165,
772273917449099,3,0.12040607,9.805604,-0.077605665,
772273935362918,3,0.11985561,9.805597,-0.07933045,
772273957640749,3,0.12075223,9.805595,-0.07818894,
772273977507691,3,0.12265845,9.805602,-0.07428351,
772273997710329,3,0.12437961,9.805612,-0.0699973,
772274017729860,3,0.12399174,9.805629,-0.06819423,
772274037566287,3,0.12333025,9.80564,-0.06795986,
772274055480105,3,0.123749554,9.80564,-0.0669891,
772274077941041,3,0.12342578,9.805648,-0.066359736,
772274097655397,3,0.123644084,9.805633,-0.06844937,
772274115538698,3,0.12419081,9.805611,-0.07051879,
772274138152224,3,0.123334065,9.805612,-0.07208615,
772274157683474,3,0.12308005,9.805611,-0.07235903,
772274177916627,3,0.12334583,9.8056135,-0.07158913,
772274197905641,3,0.12389393,9.805625,-0.069136515,
772274217742067,3,0.124880545,9.805618,-0.06810703,
772274235655886,3,0.12539081,9.805588,-0.071579896,
772274257994754,3,0.12577814,9.805553,-0.07540283,
772274277800661,3,0.12601723,9.805565,-0.07350144,
772274295744996,3,0.12599862,9.805588,-0.070562795,
772274318144899,3,0.12699273,9.805593,-0.068029925,
772274337859255,3,0.12822865,9.805575,-0.068143494,
772274358031375,3,0.12739874,9.805578,-0.069311514,
772274378386599,3,0.12624568,9.805582,-0.07070841,
772274397917848,3,0.12643114,9.805577,-0.071219996,
772274415801149,3,0.1254567,9.805579,-0.07268166,
772274438140016,3,0.12568772,9.805568,-0.07372935,
772274457945925,3,0.12607694,9.805562,-0.073838316,
772274475859744,3,0.12697442,9.805552,-0.07358079,
772274498137574,3,0.12849207,9.80555,-0.07121067,
772274517974000,3,0.12812819,9.805561,-0.07044258,
772274538207155,3,0.127046,9.805574,-0.07043505,
772274558379276,3,0.12737764,9.805566,-0.07097231,
772274578063113,3,0.12865184,9.805548,-0.07120938,
772274596007448,3,0.12813829,9.805564,-0.07014631,
772274618682009,3,0.12778606,9.805566,-0.07028073,
772274638152224,3,0.12709239,9.805591,-0.06805265,
772274656035526,3,0.1277883,9.80559,-0.067066796,
772274678313356,3,0.12879747,9.805569,-0.068007015,
772274698180299,3,0.12879351,9.805572,-0.06780232,
772274718413455,3,0.12952617,9.805559,-0.067991115,
772274738555057,3,0.12907489,9.805544,-0.07100237,
772274758421999,3,0.12788592,9.805547,-0.07270344,
772274776244264,3,0.12857321,9.805543,-0.07217836,
772274798705204,3,0.1317116,9.805526,-0.06865797,
772274818480594,3,0.13358305,9.805512,-0.06698459,
772274836302858,3,0.13354819,9.805525,-0.06511126,
772274859007937,3,0.13644882,9.80547,-0.067269996,
772274878478153,3,0.13466777,9.80551,-0.065241344,
772274898619754,3,0.12574524,9.805688,-0.055260114,
772274918639284,3,0.11670933,9.805854,-0.044729955,
772274938506228,3,0.10560716,9.8060255,-0.03322101,
772274956389529,3,0.10022941,9.806106,-0.025052901,
772274978758914,3,0.0991873,9.806123,-0.023011679,
772274998534304,3,0.10321807,9.806069,-0.026887715,
772275016448122,3,0.109446645,9.805994,-0.029684426,
772275038939579,3,0.11041635,9.805985,-0.028947087,
772275058592899,3,0.10634782,9.806042,-0.02504794,
772275078795534,3,0.10283302,9.806085,-0.02358921,
772275099181277,3,0.101431504,9.806098,-0.023364225,
772275118651493,3,0.102563955,9.806085,-0.02368601,
772275136565311,3,0.10361829,9.806073,-0.024491016,
772275158873659,3,0.10406077,9.8060665,-0.025278704,
772275178679568,3,0.10380007,9.806067,-0.02590941,
772275196593386,3,0.104932845,9.806057,-0.025272535,
772275218871219,3,0.10790627,9.806035,-0.020953745,
772275238707643,3,0.10817736,9.806041,-0.016316894,
772275258940798,3,0.10870173,9.806036,-0.014996572,
772275279082401,3,0.1086028,9.806033,-0.018120905,
772275298857791,3,0.10792625,9.806035,-0.020934684,
772275316741091,3,0.108282335,9.8060255,-0.023209589,
772275339415652,3,0.1075344,9.806027,-0.02555048,
772275358916385,3,0.10793181,9.806016,-0.02823788,
772275376830203,3,0.1089037,9.806002,-0.029482683,
772275399016481,3,0.10990026,9.805997,-0.02728166,
772275420043093,3,0.11007022,9.806002,-0.024850396,
772275439269168,3,0.112157516,9.805978,-0.024851028,
772275459014041,3,0.11320434,9.80596,-0.027055748,
772275478942018,3,0.11204591,9.805975,-0.02651823,
772275496825319,3,0.11250048,9.805971,-0.026079232,
772275519316776,3,0.11321955,9.805965,-0.025217745,
772275539000613,3,0.1145384,9.805948,-0.025581839,
772275556914431,3,0.11418223,9.805949,-0.026924005,
772275579527957,3,0.11445845,9.8059435,-0.027884541,
772275599059207,3,0.11493649,9.805935,-0.02860807,
772275619261844,3,0.11613694,9.805923,-0.02784993,
772275639250856,3,0.11628928,9.80592,-0.028482985,
772275659117800,3,0.11734268,9.805907,-0.028286051,
772275677031619,3,0.118080586,9.805902,-0.02768304,
772275699339969,3,0.117808014,9.805902,-0.028261986,
772275719145876,3,0.11819049,9.805902,-0.027118258,
772275737090212,3,0.11872619,9.805893,-0.027631208,
772275759490116,3,0.11947909,9.805888,-0.026034117,
772275779173953,3,0.1193194,9.805891,-0.025696209,
772275799407106,3,0.119707346,9.805884,-0.02617784,
772275819823367,3,0.11921726,9.805886,-0.027768193,
772275839263065,3,0.11951835,9.805883,-0.027219418,
772275857176883,3,0.1195675,9.805888,-0.025232563,
772275879515749,3,0.11898449,9.8059025,-0.022824824,
772275899352175,3,0.1189054,9.805905,-0.02230616,
772275917235476,3,0.11856583,9.805908,-0.022691319,
772275939513309,3,0.11976119,9.805891,-0.023282511,
772275959380251,3,0.11910021,9.805895,-0.025235761,
772275979582888,3,0.11776368,9.805909,-0.02584121,
772275999724491,3,0.117411636,9.80591,-0.026884267,
772276019469363,3,0.11745478,9.805909,-0.02747633,
772276037352663,3,0.118221164,9.805902,-0.02647972,
772276060057742,3,0.11940582,9.805888,-0.02618796,
772276079497440,3,0.120880865,9.805865,-0.02807373,
772276097411258,3,0.12094125,9.805855,-0.030861687,
772276119689089,3,0.12005996,9.805861,-0.032457918,
772276139525515,3,0.11960131,9.805866,-0.032539148,
772276159758670,3,0.11908748,9.805876,-0.031798124,
772276179778201,3,0.118849434,9.805881,-0.030908184,
772276199614626,3,0.1192828,9.805874,-0.031666752,
772276217497927,3,0.11852146,9.80588,-0.03273732,
772276239989383,3,0.11807558,9.805881,-0.034369268,
772276259673221,3,0.1184914,9.80587,-0.035508025,
772276277587038,3,0.12076792,9.805848,-0.033853356,
772276300200564,3,0.12158176,9.805849,-0.03068481,
772276319670780,3,0.12212184,9.805842,-0.030529205,
772276339934451,3,0.122014925,9.805839,-0.032462332,
772276360411745,3,0.121621616,9.805839,-0.03362391,
772276379790408,3,0.12208403,9.805835,-0.03306302,
772276397704226,3,0.12231357,9.805832,-0.03331248,
772276420043094,3,0.121980585,9.805831,-0.034698095,
772276439849001,3,0.12164175,9.80583,-0.03608438,
772276457732302,3,0.12141616,9.805834,-0.03554705,
772276480162723,3,0.12164133,9.805831,-0.036126185,
772276499877078,3,0.12105589,9.805834,-0.03701501,
772276520079714,3,0.121222645,9.805831,-0.03697066,
772276540465457,3,0.121856555,9.805825,-0.036664404,
772276559966190,3,0.122304544,9.805816,-0.037684236,
772276577880008,3,0.12140851,9.80582,-0.03938492,
772276600218874,3,0.12171815,9.805813,-0.0400358,
772276620024783,3,0.122167364,9.805814,-0.038707342,
772276637938601,3,0.121965535,9.805815,-0.038909413,
772276660216434,3,0.12213285,9.805806,-0.040584147,
772276680052858,3,0.12216915,9.805796,-0.04270671,
772276700255496,3,0.12191076,9.805803,-0.04194394,
772276720397098,3,0.12190155,9.805809,-0.040551145,
772276740172488,3,0.12232303,9.805813,-0.03836009,
772276758025271,3,0.12380435,9.80579,-0.039376587,
772276780791384,3,0.12501211,9.805758,-0.043222316,
772276800170047,3,0.12310119,9.805772,-0.04543572,
772276818083866,3,0.12103439,9.805808,-0.04313586,
772276840392214,3,0.12001758,9.805845,-0.03734691,
772276860198123,3,0.1205054,9.805849,-0.03466858,
772276880431278,3,0.120220445,9.805846,-0.03626584,
772276900450809,3,0.12011819,9.805828,-0.041344382,
772276920317751,3,0.11860987,9.805837,-0.043284778,
772276938201052,3,0.11814991,9.805837,-0.044648558,
772276960661991,3,0.1177152,9.805853,-0.042362027,
772276980345828,3,0.117428824,9.80586,-0.04126858,
772276998259646,3,0.118839696,9.805847,-0.040362544,
772277020903689,3,0.118474275,9.805848,-0.04130868,
772277040373905,3,0.1184502,9.805851,-0.04042783,
772277060607059,3,0.11823665,9.805855,-0.040603776,
772277080626589,3,0.11910331,9.805835,-0.042386223,
772277100493533,3,0.119775824,9.805832,-0.041233316,
772277118376835,3,0.120243385,9.805834,-0.039203405,
772277140654666,3,0.1200572,9.805837,-0.03930745,
772277160521608,3,0.12022267,9.805832,-0.040023748,
772277178435428,3,0.120176695,9.805832,-0.04024228,
772277200835330,3,0.12060645,9.805821,-0.041275755,
772277220580203,3,0.12051055,9.80583,-0.039652165,
772277240813356,3,0.12119358,9.8058195,-0.039989017,
772277261138064,3,0.12172424,9.805816,-0.039437108,
772277280669315,3,0.12110127,9.805821,-0.040003706,
772277298613651,3,0.120811634,9.80582,-0.0409176,
772277320921999,3,0.12115382,9.805823,-0.039250012,
772277340758425,3,0.12185937,9.805819,-0.038236994,
772277358672245,3,0.12288462,9.805808,-0.03771444,
772277380950076,3,0.123046264,9.80581,-0.037015542,
772277400786501,3,0.12613153,9.80577,-0.036858335,
772277421019656,3,0.12805216,9.805741,-0.037853174,
772277441130741,3,0.12921783,9.805732,-0.03662888,
772277460875613,3,0.12867442,9.805737,-0.037036177,
772277478758913,3,0.12787682,9.805743,-0.03784754,
772277501463992,3,0.12705185,9.805747,-0.039615624,
772277520934207,3,0.12849757,9.80572,-0.041410577,
772277538817508,3,0.12948346,9.80571,-0.04101575,
772277561095339,3,0.13038835,9.805694,-0.041809976,
772277580962283,3,0.1300808,9.8056965,-0.042223573,
772277601195438,3,0.13052113,9.805694,-0.041573245,
772277621184451,3,0.13109,9.805695,-0.039524786,
772277641051393,3,0.1312361,9.8056965,-0.03841802,
772277658934695,3,0.13068253,9.805702,-0.039005008,
772277681426151,3,0.13091353,9.805695,-0.040286604,
772277701079471,3,0.13036095,9.8056965,-0.04157646,
772277718993288,3,0.12975,9.805705,-0.04151311,
772277741667849,3,0.13060902,9.805685,-0.043114208,
772277761107547,3,0.13060902,9.805685,-0.043114208,
772277781340701,3,0.13245028,9.805663,-0.042656004,
772277801390749,3,0.13394338,9.805644,-0.042705443,
772277821227175,3,0.13281478,9.805656,-0.0429821,
772277839110477,3,0.13177314,9.805673,-0.042681277,
772277861479860,3,0.13123672,9.805685,-0.041216977,
772277881255251,3,0.1314404,9.805695,-0.0386244,
772277899169070,3,0.13227855,9.805688,-0.0372149,
772277921630008,3,0.13312274,9.805684,-0.03496357,
772277941283327,3,0.13337032,9.805673,-0.037307207,
772277961546999,3,0.13127932,9.805694,-0.039453976,
772277981902224,3,0.13059328,9.805691,-0.04221778,
772278001372440,3,0.13155322,9.80568,-0.04139797,
772278019255740,3,0.13392042,9.805669,-0.0364947,
772278041594606,3,0.13653055,9.805658,-0.029337674,
772278061400515,3,0.13930525,9.805631,-0.02482823,
772278079283817,3,0.13872094,9.805644,-0.022304894,
772278101622683,3,0.13914032,9.80564,-0.021183,
772278121428591,3,0.13953604,9.8056345,-0.021356937,
772278141661746,3,0.13858107,9.805653,-0.018859925,
772278161803348,3,0.13897578,9.805655,-0.014922171,
772278181517702,3,0.14006734,9.805642,-0.012423504,
772278199462038,3,0.13966738,9.80565,-0.010362995,
772278222167117,3,0.13534449,9.8057165,-0.0046859705,
772278241606815,3,0.1318923,9.805763,0.002191989,
772278259520632,3,0.1327151,9.805749,0.007865175,
772278281859499,3,0.1385474,9.805665,0.012125431,
772278301604373,3,0.1367126,9.805692,0.01128804,
772278321868045,3,0.13056627,9.805781,0.00461703,
772278341857058,3,0.12379847,9.805869,-0.0011371748,
772278361724001,3,0.11453718,9.805982,-0.0022401756,
772278379607303,3,0.10923691,9.806042,0.0023435345,
772278402068241,3,0.10839425,9.806051,0.0038488323,
772278421752077,3,0.10785494,9.806058,0.0028718747,
772278439635378,3,0.10724104,9.806064,0.0044453656,
772278462279422,3,0.103335544,9.806102,0.009847239,
772278481749637,3,0.1017906,9.806117,0.009929956,
772278502013308,3,0.10034864,9.806135,0.007907896,
772278522002321,3,0.097203985,9.806169,0.0022601008,
772278541869265,3,0.09372494,9.806203,-0.0037773254,
772278559752567,3,0.09072724,9.80623,-0.0062882113,
772278582121950,3,0.08455168,9.806286,-0.0011787341,
772278601897341,3,0.07863957,9.806332,0.0070588896,
772278619811160,3,0.07173137,9.806375,0.01668623,
772278642241580,3,0.06225096,9.806425,0.022797665,
772278661925417,3,0.055929758,9.806481,0.01395673,
772278682158571,3,0.051090576,9.806518,0.0010681773,
772278702605349,3,0.039935686,9.806541,-0.023478692,
772278722045047,3,0.039935686,9.806541,-0.023478692,
772278739928347,3,0.03968869,9.806557,-0.01702747,
772278762297731,3,0.04676966,9.806538,-0.0079949,
772278782103640,3,0.053165592,9.806506,-0.002226573,
772278799986942,3,0.05480954,9.806497,0.002544256,
772278822295290,3,0.049973864,9.806523,8.962593E-4,
772278842101198,3,0.045068555,9.806543,-0.0073238104,
772278862364871,3,0.041696485,9.806551,-0.016320383,
772278882506473,3,0.0405848,9.806544,-0.02098285,
772278902220827,3,0.044320844,9.806527,-0.02108335,
