772243987731082,3,0.0018989854,0.00936218,5.1790755E-4,
772244009490114,3,0.014421724,-0.022402816,0.0047939643,
772244028746707,3,0.023279268,-0.028511465,-0.0034527166,
772244047911746,3,0.023890134,-0.030954927,-0.010477667,
772244069548709,3,0.018392347,-0.019959353,-0.009561369,
772244089781862,3,0.006785907,-0.008963779,-0.013531993,
772244108244996,3,-0.010012887,-0.023624547,-0.016891751,
772244129637820,3,6.63884E-5,-0.02026479,-0.012310263,
772244147521120,3,-0.008485723,0.00142093,-0.015364589,
772244167967898,3,-0.009402022,0.03165876,-0.012615696,
772244189726931,3,-8.499101E-4,0.04082174,-0.014448291,
772244208922487,3,0.0037315823,0.042654335,-0.007728773,
772244227965455,3,0.01075653,0.03776741,-0.008645071,
772244249724490,3,0.011061963,0.0011154972,-0.006507043,
772244269927128,3,-0.013067214,0.011500206,-0.0107831,
772244288146121,3,-0.022535624,0.019746888,-0.007423341,
772244309844118,3,-0.02558995,0.03043703,-0.0052853124,
772244327788454,3,-0.021619327,0.01302737,0.0029613683,
772244348479374,3,-0.015205242,0.01302737,0.0017396379,
772244369902712,3,-0.008485723,0.0017263629,0.003572234,
772244389098269,3,-0.0045151003,0.0035589598,-0.0010092556,
772244408171755,3,-0.021619327,0.0063078515,-0.0052853124,
772244429900272,3,-0.026811682,0.016387127,0.0014342051,
772244450133425,3,-0.006958563,0.025244676,-7.038228E-4,
772244468169313,3,-0.005125966,0.024939243,0.005099397,
772244489928347,3,-0.006347697,0.027382702,0.0047939643,
772244507964236,3,-8.499101E-4,0.029520731,-0.004063582,
772244528624636,3,-0.0054313987,0.03043703,-0.011088531,
772244550047976,3,-0.01031832,0.035934817,-0.008950504,
772244569274051,3,-0.010623753,0.03196419,-0.0049798796,
772244588683231,3,-0.013067214,0.015470829,-0.003147284,
772244610076052,3,-0.015205242,0.021884914,-0.0010092556,
772244630431276,3,-0.015816107,0.026466407,2.1247473E-4,
772244648436648,3,9.826869E-4,0.026160974,-0.0028418512,
772244670134647,3,0.008923937,0.020052321,-0.0107831,
772244688048464,3,0.0034261495,0.031047896,-0.0107831,
772244708434206,3,-0.003293369,0.04784669,-0.006507043,
772244730223758,3,-0.014594376,0.04204347,-0.005590745,
772244749480350,3,-0.024062788,0.03501852,0.0017396379,
772244768584353,3,-0.026200816,0.03410222,0.0063211275,
772244790312868,3,-0.023451922,0.03654568,0.0060156947,
772244810515506,3,-0.020703029,0.028299,0.005099397,
772244828948124,3,-0.022230193,0.030131597,2.1247473E-4,
772244850371462,3,-0.014594376,0.021884914,-0.004674447,
772244868743044,3,-0.012150915,0.023106646,-0.012615696,
772244888671023,3,0.0018989854,0.012721937,-0.007728773,
772244910430057,3,6.7725405E-4,0.027382702,-0.004063582,
772244929686648,3,-0.014288943,0.026160974,-0.007728773,
772244948699099,3,-0.025895383,0.040516306,-0.011088531,
772244970458133,3,-0.025284518,0.049679283,5.1790755E-4,
772244990691288,3,-0.014899809,0.036851116,-0.0019255537,
772245008879763,3,-0.008485723,0.025550108,-0.0043690144,
772245030608278,3,-0.01398351,0.016081695,-0.010477667,
772245048491580,3,0.004037015,0.0081404485,-0.010477667,
772245069151981,3,0.012283694,-0.008352913,-0.01567002,
772245090575320,3,0.00495331,-0.004687719,-0.016586319,
772245109801394,3,0.0012881197,0.0038643926,-0.016586319,
772245128783328,3,-0.010012887,0.0038643926,-0.012921128,
772245150572879,3,-0.022535624,-0.0068257526,-0.006507043,
772245170806033,3,-0.02314649,-0.0052985847,0.0014342051,
772245188902956,3,0.0012881197,0.014554534,-0.0049798796,
772245210661990,3,0.009229369,0.010278475,-0.0147537235,
772245228575809,3,0.008923937,0.03165876,-0.017502617,
772245249083621,3,0.0028152838,0.06403462,-0.023000404,
772245270720583,3,-0.006347697,0.06800524,-0.015975453,
772245290007693,3,-0.023757355,0.051817313,-0.0025364188,
772245309294803,3,-0.03139317,0.019136023,-0.002230986,
772245330718142,3,-0.011540052,0.008751314,-0.0037581492,
772245351012331,3,0.004647877,-7.1709603E-4,-0.0043690144,
772245369017703,3,-0.0023770705,0.026160974,-0.0107831,
772245390837772,3,-0.0057368316,0.042654335,-0.008645071,
772245408843142,3,9.826869E-4,0.04784669,-0.011088531,
772245429137331,3,-5.4447725E-4,0.03318592,-0.008034206,
772245450896365,3,-0.01734327,0.025855541,2.1247473E-4,
772245470122440,3,-0.024673654,0.005391553,-0.003147284,
772245489256960,3,-0.03597466,-0.008047484,-0.007423341,
772245510893923,3,-0.033836633,0.011194773,0.005099397,
772245531157596,3,-2.3904443E-4,0.03196419,-0.011393964,
772245549529178,3,0.0031207167,0.029215299,-0.011393964,
772245570983034,3,-0.006958563,0.04906842,-0.003147284,
772245588896853,3,-0.0035988018,0.04112717,-0.012310263,
772245609313113,3,-0.0060422644,0.028299,-0.009866802,
772245631011112,3,-0.010012887,0.018525157,-0.007728773,
772245650298220,3,-0.008485723,0.008751314,-0.008034206,
772245669310671,3,-0.014288943,0.006918717,-0.003147284,
772245691069705,3,-0.010929186,0.022190347,0.0020450708,
772245711302860,3,-0.009707455,0.029520731,-9.2957634E-5,
772245729491335,3,-0.0011553429,0.028299,-0.008950504,
772245751128298,3,0.009229369,0.021579482,-0.003147284,
772245769072635,3,0.011978261,0.01883059,-0.0028418512,
772245789794071,3,0.0012881197,0.020357754,-0.007728773,
772245811186892,3,-5.4447725E-4,0.023717511,-0.006507043,
772245835204225,3,0.0034261495,0.024022944,-0.0043690144,
772245849455935,3,-0.0017662048,0.02249578,-0.0028418512,
772245871214969,3,-0.009707455,0.028299,-9.2957634E-5,
772245891478640,3,0.011061963,0.022801213,-0.007117908,
772245909545046,3,0.004037015,0.026771836,-0.0058961776,
772245931334597,3,0.0077022053,0.028604433,-0.0043690144,
772245949248417,3,0.0028152838,0.030742463,-0.0034527166,
772245969756228,3,-0.016426973,0.022801213,5.1790755E-4,
772245991362673,3,-0.010929186,0.028299,-0.0028418512,
772246010619266,3,-0.005125966,0.01883059,-0.010172235,
772246030028446,3,-0.007263992,0.010583907,-0.008950504,
772246051451784,3,-0.010623753,-0.0049931556,-0.004674447,
772246071654421,3,-0.021619327,-0.0071311817,-0.0016201208,
772246089751346,3,-0.024368221,0.0066132843,-0.0016201208,
772246111479862,3,-0.0136780795,0.0044752546,-0.008034206,
772246129393679,3,-0.0054313987,-0.0010225326,-0.0107831,
772246149809939,3,-0.020397596,0.0038643926,-0.0058961776,
772246171568972,3,-0.016426973,0.012721937,-9.2957634E-5,
772246190825565,3,-0.003293369,0.017303426,-0.007728773,
772246209929568,3,0.0034261495,0.009056747,-0.018113483,
772246231566530,3,0.012283694,0.0060024187,-0.012615696,
772246251830203,3,-0.0026825033,0.019136023,-0.011393964,
772246270232303,3,-0.014899809,0.04815212,-0.008950504,
772246291625124,3,-0.0054313987,0.057009667,2.1247473E-4,
772246310973269,3,0.0022044182,0.023106646,0.0011287727,
772246329985721,3,0.0037315823,0.017303426,-0.0037581492,
772246351744754,3,0.017476048,0.010278475,-0.011699397,
772246370970828,3,9.826869E-4,0.015470829,-0.015364589,
772246389952761,3,-0.015205242,0.029520731,-0.008950504,
772246411711795,3,-0.024062788,0.03532395,-0.011088531,
772246431975467,3,-0.021619327,0.019441456,0.003572234,
772246450224978,3,-0.010623753,0.013332803,-0.0025364188,
772246471861940,3,0.009534802,0.008445881,-0.007423341,
772246489745242,3,0.008618504,0.017608859,-0.01200483,
772246510497196,3,-0.0060422644,0.037156545,-0.01567002,
772246531890017,3,-0.010623753,0.051817313,-0.008339639,
772246551146609,3,-0.01612154,0.044181496,0.0029613683,
772246570128543,3,-0.0136780795,0.034713086,0.0029613683,
772246591918094,3,-0.024062788,0.01883059,-0.006507043,
772246612181765,3,-0.018565001,0.01669256,0.0041830987,
772246630217653,3,-8.499101E-4,0.025550108,-0.0052853124,
772246652007205,3,-0.0020716377,0.0041698217,-0.009561369,
772246669951542,3,-0.011234619,0.017608859,-0.004063582,
772246690459353,3,-0.00818029,0.029826164,-0.0043690144,
772246712096315,3,-0.017037837,0.02463381,-0.0058961776,
772246731322391,3,-0.00665313,0.040210873,-0.009866802,
772246750701053,3,6.7725405E-4,0.022190347,-0.0037581492,
772246772093874,3,3.7182122E-4,0.019136023,-0.0052853124,
772246792327028,3,0.012283694,0.019746888,-0.0034527166,
772246810423953,3,-0.009707455,0.029520731,-0.010172235,
772246832213504,3,-0.01734327,0.045403227,-0.009561369,
772246850127322,3,-0.017648702,0.04906842,-0.004674447,
772246870513064,3,-0.009096589,0.038378276,-0.0052853124,
772246892272097,3,6.63884E-5,0.028604433,-0.007728773,
772246911528690,3,0.0055641755,0.026771836,-0.008950504,
772246930632693,3,9.826869E-4,0.020968616,-0.005590745,
772246952239138,3,-0.007263992,0.042654335,-0.010172235,
772246972533328,3,-2.3904443E-4,0.05487164,-0.006507043,
772246990965946,3,0.0018989854,0.03898914,-0.008645071,
772247012358767,3,-0.012761781,0.0121110715,-0.003147284,
772247030272585,3,-0.023757355,0.01302737,-0.0037581492,
772247054747683,3,-0.021008462,0.02463381,-0.0037581492,
772247071715458,3,-0.015510675,0.024022944,-0.011088531,
772247089629275,3,-0.009096589,0.01088934,-0.007117908,
772247111937624,3,-0.007263992,0.025550108,-0.0019255537,
772247131774051,3,0.0028152838,0.033796787,-0.013531993,
772247152007205,3,-0.011845484,0.013638236,-0.014448291,
772247172118287,3,-0.012150915,0.0044752546,-0.0025364188,
772247191832644,3,-0.009402022,0.014554534,-0.003147284,
772247209746463,3,-0.010929186,0.021884914,-0.00620161,
772247232482058,3,-0.0026825033,0.026160974,-0.010172235,
772247251921754,3,-0.006958563,0.031047896,-0.011699397,
772247269835573,3,-0.010623753,0.04204347,-0.006507043,
772247292113406,3,-0.010929186,0.025244676,-0.006507043,
772247311949832,3,-0.008791156,0.017303426,-0.007423341,
772247332182985,3,-0.00818029,0.0029480942,-0.004063582,
772247352202517,3,0.0037315823,0.020663187,-0.004674447,
772247372008426,3,0.01075653,0.026466407,-0.011699397,
772247389922244,3,-5.4447725E-4,0.024939243,-0.019335214,
772247412413698,3,0.0031207167,0.019746888,-0.012615696,
772247432097536,3,-0.013372647,0.0026426613,-0.009561369,
772247449980838,3,-0.011234619,0.009667613,-0.0043690144,
772247472624880,3,-0.008791156,0.018219724,-3.9839046E-4,
772247492095094,3,0.002509851,0.03135333,-0.009561369,
772247512328249,3,0.002509851,0.025855541,-0.012615696,
772247532378299,3,-0.0011553429,0.029215299,-0.009561369,
772247552214724,3,-0.007263992,0.034407653,-0.0016201208,
772247570098024,3,-0.012456348,0.021579482,-0.0028418512,
772247592467409,3,-0.011234619,0.023717511,-0.0034527166,
772247612273318,3,0.0012881197,0.032880493,-0.007423341,
772247630156619,3,-0.00665313,0.00936218,-0.0058961776,
772247652587037,3,-0.0039042346,0.027688134,-0.01322656,
772247672270876,3,-0.006347697,0.019746888,-0.009866802,
772247692534549,3,-0.007569425,0.030742463,-0.0049798796,
772247712859255,3,-0.008485723,0.025244676,-0.0049798796,
772247732390504,3,-0.013372647,0.009973042,-9.2957634E-5,
772247750273806,3,-0.014594376,0.019746888,0.003572234,
772247772643191,3,0.006785907,0.03135333,-0.008339639,
772247792449099,3,0.0015935525,0.023717511,-0.012921128,
772247810332399,3,-0.010623753,0.014249101,-0.009561369,
772247832640749,3,-0.016732406,0.013332803,-0.005590745,
772247852446658,3,-0.0194813,0.0081404485,-0.009866802,
772247872679812,3,-0.009402022,0.019441456,-0.0049798796,
772247892821412,3,-0.0039042346,0.017914291,-0.013531993,
772247912535769,3,0.009534802,0.029520731,-0.011699397,
772247930449588,3,0.010451097,0.034713086,-0.013531993,
772247953215701,3,9.826869E-4,0.024328377,-0.010477667,
772247972594362,3,-0.010623753,0.029520731,-0.008339639,
772247990508181,3,-0.020397596,0.026160974,-0.0043690144,
772248012816531,3,-0.017954135,0.016387127,-0.0034527166,
772248032622439,3,-0.0045151003,0.011500206,-0.001314688,
772248052886110,3,-8.499101E-4,0.012721937,-0.0049798796,
772248072905642,3,0.006175041,0.026466407,-0.008950504,
772248092742068,3,0.002509851,0.030742463,-0.009866802,
772248110625369,3,-0.0060422644,0.034407653,-0.011088531,
772248133116823,3,-0.029255142,0.021579482,-0.0107831,
772248152770144,3,-0.027117115,0.008445881,-7.038228E-4,
772248170683963,3,-0.006347697,0.00936218,-0.001314688,
772248193328005,3,0.0043424442,-0.0016333982,-0.0025364188,
772248212798219,3,0.0034261495,0.021579482,-0.008645071,
772248233031374,3,-0.014899809,0.025550108,-0.010172235,
772248253050906,3,-0.0060422644,0.03532395,-0.011088531,
772248272887332,3,-0.003293369,0.028604433,-0.00620161,
772248290770631,3,-0.007569425,0.014554534,-7.038228E-4,
772248313140017,3,-0.009707455,0.0151654,-0.0037581492,
772248332945926,3,-0.0060422644,0.017303426,-0.004063582,
772248350890261,3,-0.0035988018,0.022801213,-0.0037581492,
772248373259645,3,0.0055641755,0.023106646,-0.0043690144,
772248392973999,3,-0.00818029,0.026160974,-0.0052853124,
772248413207154,3,-0.017648702,0.039294574,-0.003147284,
772248433592897,3,-0.023451922,0.028299,-0.00620161,
772248453032595,3,-0.014594376,0.021579482,-0.001314688,
772248470976932,3,3.7182122E-4,0.015776262,-0.006507043,
772248493285280,3,0.012589127,0.014554534,-0.008339639,
772248513091187,3,-0.0011553429,0.028909866,-0.012921128,
772248531005006,3,-0.013372647,0.03746198,-0.010172235,
772248553343874,3,-0.007874858,0.048762985,-0.008034206,
772248573149783,3,-0.009707455,0.025550108,-0.004674447,
772248593352420,3,-0.0054313987,0.018219724,0.0020450708,
772248613524537,3,0.0015935525,0.015776262,-0.004063582,
772248633238892,3,3.7182122E-4,0.01883059,-0.0052853124,
772248651152711,3,-0.0017662048,0.03318592,-0.008339639,
772248673827272,3,-0.009402022,0.027993567,-0.008034206,
772248693266970,3,-0.020703029,0.030131597,0.0014342051,
772248711211307,3,-0.0194813,0.028909866,-0.0019255537,
772248733489138,3,-0.007874858,0.023717511,-0.0037581492,
772248753295045,3,-0.0054313987,0.0121110715,-0.0058961776,
772248773558717,3,0.0015935525,0.024939243,-0.0043690144,
772248793578249,3,0.008007638,0.042654335,-0.0147537235,
772248813414676,3,6.7725405E-4,0.03654568,-0.012310263,
772248831297976,3,-0.005125966,0.025550108,-0.0034527166,
772248858702760,3,-0.019175867,0.019441456,-0.0016201208,
772248872679810,3,-0.013067214,0.012721937,-0.0037581492,
772248891356568,3,0.0012881197,0.019746888,-0.0016201208,
772248914000612,3,0.008618504,0.019746888,-0.0016201208,
772248933470828,3,-0.007263992,0.0432652,-0.006507043,
772248953703983,3,-0.009707455,0.048457555,-0.0028418512,
772248973692995,3,-0.0023770705,0.034713086,-0.0028418512,
772248993559937,3,-5.4447725E-4,0.021884914,-0.004674447,
772249011473756,3,-0.009707455,0.016081695,-0.008034206,
772249033843142,3,-0.013372647,0.016997993,-0.00620161,
772249053618533,3,-0.01734327,0.024328377,-0.009866802,
772249071532351,3,0.0043424442,0.025244676,-0.009866802,
772249093962770,3,0.017170615,0.01669256,-0.003147284,
772249113646608,3,0.011061963,0.016387127,-0.006507043,
772249133910280,3,0.0077022053,0.03624025,-0.0037581492,
772249154234988,3,0.010451097,0.029215299,-0.010477667,
772249173766238,3,0.0012881197,0.017914291,-0.008645071,
772249191649537,3,-0.007569425,0.026160974,-0.004063582,
772249213988404,3,-0.0136780795,0.029826164,-0.001314688,
772249233794313,3,-0.003293369,0.025550108,-0.0037581492,
772249251708132,3,0.011672828,0.02463381,-0.0052853124,
772249273985965,3,0.0077022053,0.02463381,-0.006507043,
772249293822390,3,-0.0029879361,0.026771836,-0.008645071,
772249314086060,3,-0.008485723,0.02249578,-0.004063582,
772249334197145,3,-0.016426973,0.017303426,-0.009255936,
772249353911501,3,-0.014288943,0.021884914,-0.01322656,
772249371825320,3,-0.004820533,0.014249101,-0.009255936,
772249394530398,3,0.0022044182,0.017303426,-0.0058961776,
772249413970094,3,-0.006347697,0.023717511,-0.004674447,
772249431883912,3,-0.0054313987,0.03990544,-0.004674447,
772249454192263,3,0.004647877,0.042654335,-0.007117908,
772249474028689,3,-0.011234619,0.027077269,-0.0016201208,
772249494261843,3,-0.018259568,0.028299,-0.0025364188,
772249514281373,3,-0.011845484,0.026771836,0.0026559355,
772249534117799,3,0.006175041,0.024022944,-0.007117908,
772249552001100,3,0.008313071,0.013638236,-0.006507043,
772249574492556,3,9.826869E-4,0.018219724,-0.008339639,
772249594145877,3,-0.009402022,0.027382702,-0.008339639,
772249612090212,3,-0.0042096674,0.020052321,-0.0025364188,
772249634703736,3,0.0031207167,0.020052321,-0.0043690144,
772249654204469,3,-0.0035988018,0.0151654,-0.011393964,
772249674407107,3,-0.010012887,0.021274049,-0.008645071,
772249694365603,3,-0.001460772,0.03043703,-0.008645071,
772249714263064,3,6.63884E-5,0.011194773,-0.008950504,
772249732207399,3,0.008313071,0.0066132843,-0.009866802,
772249754515748,3,0.0077022053,0.006918717,-0.0052853124,
772249774321657,3,3.7182122E-4,0.017303426,-0.011393964,
772249792235476,3,-0.011234619,0.023717511,-0.0034527166,
772249814665896,3,-0.0042096674,0.03043703,-0.008339639,
772249834349733,3,-0.0029879361,0.019441456,-0.006507043,
772249854613404,3,-5.4447725E-4,0.016387127,-0.0016201208,
772249874999147,3,-8.499101E-4,0.019136023,0.0011287727,
772249894469363,3,0.0015935525,0.019746888,-0.007117908,
772249912352664,3,0.0018989854,0.018219724,-0.009561369,
772249934691530,3,-0.023757355,0.029826164,-0.0043690144,
772249954650025,3,-0.021619327,0.04082174,5.1790755E-4,
772249972411256,3,-0.019175867,0.034407653,-7.038228E-4,
772249994689089,3,-0.008485723,0.019441456,-0.007117908,
772250014525516,3,-0.0020716377,0.013638236,-0.009255936,
772250034758670,3,0.002509851,0.018525157,-0.01200483,
772250054869752,3,-8.499101E-4,0.030742463,-0.01200483,
772250074614625,3,-8.499101E-4,0.041738037,-0.0025364188,
772250092528444,3,0.0043424442,0.036851116,-0.008645071,
772250115233523,3,-2.3904443E-4,0.018219724,-0.0107831,
772250134673220,3,-0.009707455,0.014554534,-0.007117908,
772250152587037,3,-0.0057368316,0.015470829,-0.0052853124,
772250174864869,3,-0.0060422644,0.029215299,-3.9839046E-4,
772250194670778,3,0.0070913397,0.026771836,-0.0043690144,
772250214934451,3,0.004647877,0.026771836,-0.007117908,
772250234953983,3,-0.008791156,0.025244676,-0.007117908,
772250254790407,3,-0.017648702,0.021579482,-0.009255936,
772250272704224,3,-0.024062788,0.012721937,-0.0058961776,
772250295165162,3,-0.006958563,0.011194773,-0.0049798796,
772250314849001,3,0.010145664,0.014249101,-0.007423341,
772250332762820,3,0.009840231,0.037156545,-0.01567002,
772250355345828,3,-0.0060422644,0.046319526,-0.019640647,
772250374877077,3,-0.006347697,0.044486932,-0.0016201208,
772250395110231,3,-0.0136780795,0.033796787,-0.007728773,
772250415129763,3,-0.007569425,0.0029480942,-0.007423341,
772250434966189,3,0.0034261495,0.0044752546,-0.009255936,
772250452849490,3,-0.0057368316,0.0151654,-0.009561369,
772250475218873,3,-0.0035988018,0.04570866,-0.01322656,
772250494994264,3,-0.00818029,0.044486932,-0.009255936,
772250512938600,3,-8.499101E-4,0.041738037,-0.00620161,
772250535338503,3,-0.009402022,0.027077269,5.1790755E-4,
772250555052860,3,-0.0011553429,0.023412079,-0.009866802,
772250575286013,3,-0.0020716377,0.018219724,-0.011088531,
772250595641236,3,-0.009096589,0.017914291,-0.006507043,
772250615111452,3,0.0012881197,0.028909866,-0.0052853124,
772250633025271,3,-2.3904443E-4,0.029215299,-0.009561369,
772250655364139,3,-0.001460772,0.02463381,-0.009561369,
772250675170046,3,0.0028152838,0.027688134,-0.0052853124,
772250693083864,3,-0.0029879361,0.034713086,-0.006507043,
772250715361695,3,-0.011234619,0.032880493,-0.00620161,
772250735198122,3,-0.009707455,0.01883059,-0.002230986,
772250755431277,3,-0.003293369,0.01669256,-0.0052853124,
772250775542361,3,-0.004820533,0.0151654,-0.007423341,
772250795287233,3,-0.0023770705,0.022190347,-0.0025364188,
772250814086060,3,9.826869E-4,0.024022944,-0.00620161,
772250835936647,3,0.002509851,0.019441456,-0.008645071,
772250855376345,3,-0.0026825033,0.021579482,-0.009561369,
772250873290164,3,-0.004820533,0.028909866,-0.009561369,
772250895598513,3,-0.011845484,0.019746888,-0.011088531,
772250915404420,3,-0.00818029,0.007835016,-0.008950504,
772250935698610,3,-0.014594376,0.009667613,-0.013837426,
772250955687624,3,-0.017037837,0.0011154972,-0.0037581492,
772250975524051,3,-0.001460772,0.017608859,-0.004674447,
772250993407351,3,0.014421724,0.02249578,-0.008339639,
772251015898805,3,0.006175041,0.019136023,-0.011393964,
772251035552125,3,-0.003293369,0.03043703,-0.009255936,
772251053465944,3,-0.011845484,0.038072847,-0.005590745,
772251076109988,3,-0.011234619,0.04357063,-0.007117908,
772251095580202,3,-0.01031832,0.021579482,0.0029613683,
772251115813356,3,-0.0020716377,0.030742463,8.233404E-4,
772251135802369,3,0.0028152838,0.028604433,-0.0037581492,
772251155669313,3,-0.0026825033,0.020052321,-0.0037581492,
772251173583132,3,-0.0017662048,0.021274049,-0.0049798796,
772251195922000,3,-0.015816107,0.025244676,-0.008034206,
772251215697390,3,-0.024979087,0.021884914,0.0038776668,
772251233641724,3,-0.007569425,0.033796787,-0.005590745,
772251256041627,3,9.826869E-4,0.022190347,-0.007117908,
772251275755984,3,0.006785907,0.014249101,-0.009561369,
772251296019656,3,3.7182122E-4,0.020357754,-0.011088531,
772251316344363,3,-0.0017662048,0.03776741,-0.0049798796,
772251335845094,3,0.0015935525,0.04570866,-0.007423341,
772251353758912,3,0.002509851,0.03165876,-0.011699397,
772251376128298,3,-5.4447725E-4,0.020357754,-9.2957634E-5,
772251395903689,3,-0.01031832,0.01883059,-0.0028418512,
772251413817507,3,-0.02192476,0.03165876,-7.038228E-4,
772251436095338,3,-0.0054313987,0.037156545,-0.010477667,
772251455931764,3,0.008313071,0.03135333,-0.011393964,
772251476195436,3,0.008313071,0.021579482,-0.008339639,
772251496306521,3,-0.0011553429,0.020052321,-0.0037581492,
772251516020877,3,-0.021008462,0.016997993,-0.0019255537,
772251533934694,3,-0.028338846,0.030131597,-3.9839046E-4,
772251556609253,3,-8.499101E-4,0.03410222,-0.005590745,
772251576079469,3,0.0022044182,0.01669256,-0.009561369,
772251594023806,3,-0.007874858,0.013332803,-0.0107831,
772251616271121,3,-0.003293369,0.04479236,-0.009255936,
772251636077029,3,0.0034261495,0.040516306,-0.0025364188,
772251656340700,3,0.002509851,0.026771836,-0.00620161,
772251676329713,3,-0.012150915,0.025550108,-0.005590745,
772251696196657,3,-0.012150915,0.030742463,-7.038228E-4,
772251714110476,3,-0.00818029,0.03135333,-3.9839046E-4,
772251736601931,3,0.009840231,0.03318592,-0.005590745,
772251756316285,3,0.0018989854,0.025855541,-0.00620161,
772251774199586,3,0.0031207167,0.04204347,-0.008645071,
772251796904665,3,-0.0017662048,0.026466407,-0.008950504,
772251816313845,3,-0.014288943,0.016081695,-0.009561369,
772251836577518,3,-0.021008462,0.019136023,-0.011088531,
772251856505495,3,-0.020703029,0.008751314,-0.0019255537,
772251876311402,3,-0.010012887,0.023106646,-0.0037581492,
772251895995241,3,6.7725405E-4,0.027993567,-0.007423341,
772251916594607,3,0.014421724,0.041432604,-0.011699397,
772251936369998,3,0.0037315823,0.03165876,-0.008950504,
772251954314334,3,-0.0136780795,0.023106646,-0.008034206,
772251976714235,3,-0.01734327,0.024022944,-9.2957634E-5,
772251996428590,3,-0.012761781,0.022190347,-0.0016201208,
772252016631227,3,-0.014594376,0.020052321,-0.0010092556,
772252036955935,3,-5.4447725E-4,0.033491354,-0.007423341,
772252056517702,3,0.01289456,0.03135333,-0.008339639,
772252074431520,3,0.0012881197,0.022801213,-0.009255936,
772252096739869,3,-0.010623753,0.028299,-0.009255936,
772252116545778,3,-0.025284518,0.020357754,-0.009255936,
772252134459597,3,-0.02558995,0.01669256,-0.006507043,
772252156767947,3,-0.0039042346,0.015776262,-0.004674447,
772252176604372,3,0.011061963,0.015470829,-0.010172235,
772252196837525,3,0.009534802,0.018525157,-0.012310263,
772252216979127,3,-0.004820533,0.041738037,-0.008034206,
772252236693484,3,-0.009707455,0.03654568,-0.006507043,
772252254576785,3,-0.020092163,0.030742463,0.003572234,
772252277281863,3,-0.0042096674,0.03165876,-7.038228E-4,
772252296752077,3,-0.006958563,0.00936218,-0.00620161,
772252314635377,3,0.006785907,0.013332803,-0.007423341,
772252336913210,3,0.006785907,0.024022944,-0.013531993,
772252356780154,3,0.0073967725,0.028604433,-0.008950504,
772252377013308,3,-0.010929186,0.029826164,-0.007117908,
772252397002320,3,-0.015205242,0.032880493,-0.006507043,
772252416869264,3,-0.01031832,0.01669256,-0.005590745,
772252434783083,3,-0.007874858,0.009973042,-0.007728773,
772252457213503,3,-0.0045151003,0.018219724,-0.003147284,
772252476927860,3,-0.001460772,0.027077269,-0.007728773,
772252494811159,3,-0.0017662048,0.03165876,-0.013531993,
772252517455201,3,-0.003293369,0.027077269,-0.010477667,
772252536925416,3,-5.4447725E-4,0.023412079,-0.001314688,
772252557189089,3,-0.01031832,0.01302737,-0.001314688,
772252577208621,3,-0.011540052,0.011805639,-0.004063582,
772252597014529,3,-0.0029879361,0.021579482,-0.009561369,
772252614928346,3,0.008923937,0.036851116,-0.008950504,
772252637297731,3,0.0031207167,0.038378276,-0.008950504,
772252657103640,3,0.0028152838,0.043876067,-0.007117908,
772252675017459,3,-0.007874858,0.032269627,-0.002230986,
772252697447878,3,-0.016732406,0.028299,-0.010172235,
772252717101197,3,-0.015205242,0.02249578,-0.00620161,
772252737364869,3,-0.013067214,0.019441456,-0.002230986,
772252757781129,3,-0.006958563,0.024022944,-0.0058961776,
772252777220828,3,0.009840231,0.029826164,-0.00620161,
772252795134647,3,0.012283694,0.04112717,-0.00620161,
772252817473513,3,-0.001460772,0.044181496,-0.0034527166,
772252837248902,3,-0.010623753,0.038378276,-0.004063582,
772252855193239,3,-0.01398351,0.021274049,-0.010172235,
772252877501589,3,-0.022535624,0.00722415,-0.008339639,
772252897276980,3,-0.01612154,0.013943668,-0.006507043,
772252917540652,3,-8.499101E-4,0.023717511,-0.00620161,
772252937651735,3,0.0058696084,0.029215299,-0.00620161,
772252957366090,3,0.0037315823,0.031047896,-0.008034206,
772252975279909,3,-0.006347697,0.032269627,-0.0043690144,
772252997984988,3,-0.022230193,0.03318592,-0.0016201208,
772253017455202,3,-0.031087738,0.03043703,-0.0019255537,
772253035338502,3,-0.01978673,0.021274049,-3.9839046E-4,
772253057646851,3,0.0012881197,0.018219724,-0.0052853124,
772253077483278,3,0.008618504,0.022801213,-0.014142858,
772253097685915,3,0.0058696084,0.032880493,-0.011699397,
772253117735965,3,-0.011234619,0.042654335,-0.002230986,
772253137572390,3,-0.015205242,0.04357063,-0.0052853124,
772253155486207,3,-0.017954135,0.03196419,-0.008034206,
772253177947145,3,-0.00818029,0.014249101,-0.007728773,
772253197600466,3,-0.007569425,0.0121110715,-0.001314688,
772253215514285,3,-0.0042096674,0.018525157,-0.002230986,
772253238158328,3,-0.009096589,0.016081695,-0.006507043,
772253257628541,3,-0.009707455,0.03318592,-0.007423341,
772253277861695,3,0.0034261495,0.03654568,-0.00620161,
772253297850710,3,9.826869E-4,0.031047896,-0.006507043,
772253317717654,3,-0.015510675,0.005696986,-0.008950504,
772253335600955,3,-0.012456348,0.013638236,-0.006507043,
772253357970338,3,-0.010012887,0.02463381,-0.005590745,
772253377745728,3,0.004037015,0.018219724,-0.004063582,
772253395659548,3,9.826869E-4,0.017914291,-0.0025364188,
772253418120486,3,-0.0020716377,0.026466407,-0.0034527166,
772253437804324,3,-0.007569425,0.028604433,-0.007728773,
772253458037477,3,-0.013067214,0.03135333,-0.004674447,
772253478362184,3,-0.015510675,0.014859967,-7.038228E-4,
772253497862916,3,6.63884E-5,0.013638236,-0.001314688,
772253515776736,3,-0.0039042346,0.011500206,-0.001314688,
772253538146121,3,-0.0057368316,0.00142093,-0.001314688,
772253557952029,3,-0.012761781,0.033491354,-0.00620161,
772253575865846,3,0.0058696084,0.039600007,-0.015059156,
772253598143678,3,-0.0023770705,0.030131597,-0.01322656,
772253617949587,3,-0.017954135,0.025855541,-0.008645071,
772253638213259,3,-0.026200816,0.029215299,-0.008339639,
772253658354861,3,-0.007569425,0.016081695,-0.0043690144,
772253678069215,3,0.010145664,0.009667613,-0.004063582,
772253695983033,3,0.009229369,0.016081695,-0.011393964,
772253718718630,3,0.006175041,0.021884914,-0.007728773,
772253738127810,3,6.63884E-5,0.03135333,-0.005590745,
772253756041629,3,-0.0136780795,0.019746888,-0.011088531,
772253778349977,3,-0.015510675,0.014249101,-0.001314688,
772253798125367,3,-0.0057368316,0.016081695,-0.001314688,
772253818389040,3,-0.012761781,0.012721937,-0.009866802,
772253838378055,3,-5.4447725E-4,0.03043703,-0.0037581492,
772253858306034,3,3.7182122E-4,0.029520731,-0.008339639,
772253876158816,3,-0.008485723,0.021884914,-0.00620161,
772253898650270,3,-0.0023770705,0.013638236,-0.005590745,
772253918425661,3,-0.018870434,0.006918717,-0.011393964,
772253936247927,3,-0.012456348,0.009667613,-0.00620161,
772253958861454,3,-0.010623753,0.017914291,-0.0058961776,
772253978392703,3,0.008007638,0.035629384,-0.0107831,
772253998595338,3,0.008313071,0.030742463,-0.012615696,
772254018614870,3,-0.0029879361,0.026160974,-0.011393964,
772254038451297,3,-0.003293369,0.021579482,-0.007728773,
772254056304080,3,-0.006958563,0.0151654,-0.0058961776,
772254078642947,3,-0.0026825033,0.019746888,-0.00620161,
772254098448854,3,-0.006958563,0.016387127,-0.004674447,
772254116362673,3,-0.003293369,0.020357754,-0.0019255537,
772254138762577,3,0.0015935525,0.022190347,-0.0107831,
772254158476932,3,9.826869E-4,0.009667613,-0.013531993,
772254178710085,3,6.63884E-5,0.0044752546,-0.0049798796,
772254199065310,3,-0.007874858,0.016997993,-0.002230986,
772254218566043,3,-0.007569425,0.022801213,-0.007728773,
772254236479862,3,-0.009402022,0.021274049,-0.0058961776,
772254258788210,3,6.7725405E-4,0.027993567,-0.007423341,
772254278624636,3,-0.007569425,0.02249578,-0.010477667,
772254296568972,3,-0.0057368316,0.03135333,-0.001314688,
772254318816287,3,-0.0042096674,0.021884914,-0.0037581492,
772254338652712,3,-0.007263992,0.020663187,-0.0049798796,
772254358916384,3,-0.008485723,0.020663187,-0.0049798796,
772254378996952,3,9.826869E-4,0.023412079,-0.004674447,
772254398741824,3,0.0028152838,0.029826164,-0.00620161,
772254416655642,3,-0.0020716377,0.027077269,-0.011088531,
772254439330203,3,9.826869E-4,0.013638236,-0.004674447,
772254458800418,3,6.63884E-5,0.014249101,-0.0034527166,
772254476744754,3,0.0012881197,0.00936218,-0.0019255537,
772254498992067,3,6.7725405E-4,0.022801213,-0.0058961776,
772254518828494,3,-0.0020716377,0.026771836,-0.009866802,
772254539092166,3,-0.0054313987,0.02463381,-0.0147537235,
772254559081180,3,-0.017037837,0.01669256,-0.006507043,
772254578917604,3,-0.021008462,0.020357754,-0.0034527166,
772254596831423,3,-0.007874858,0.020663187,-0.006507043,
772254619322879,3,0.015032589,0.01669256,-0.00620161,
772254638976199,3,0.013810858,0.021579482,-0.0034527166,
772254656890017,3,-0.009096589,0.018525157,-0.005590745,
772254679564578,3,-0.013372647,0.029215299,-0.008034206,
772254698973758,3,-0.012150915,0.033491354,-0.005590745,
772254719237430,3,0.0022044182,0.029826164,-0.003147284,
772254739256960,3,0.00495331,0.025244676,-0.010477667,
772254759062869,3,-0.0060422644,0.016387127,-0.003147284,
772254776976687,3,-0.0026825033,0.038683712,-0.0043690144,
772254799346072,3,-0.0045151003,0.032269627,-0.0049798796,
772254819151979,3,-0.005125966,0.021884914,-0.008034206,
772254837065798,3,-0.014594376,0.0047806874,-0.004063582,
772254859496219,3,-0.014594376,0.009056747,-0.007117908,
772254879180057,3,-0.001460772,0.021274049,-0.008950504,
772254899413210,3,-0.011234619,0.027993567,-0.009866802,
772254919768435,3,-0.010623753,0.040516306,-0.008950504,
772254939269168,3,-0.0011553429,0.038378276,-0.006507043,
772254957182987,3,0.0015935525,0.021884914,-0.0037581492,
772254979521852,3,-0.004820533,0.022190347,2.1247473E-4,
772254999327761,3,-0.006347697,0.013638236,-0.0052853124,
772255017211062,3,-0.009707455,0.013638236,-0.007117908,
772255039519412,3,-0.010623753,0.020663187,-0.007423341,
772255059325319,3,-0.007263992,0.027077269,-0.0037581492,
772255079588992,3,-0.007569425,0.022190347,-0.0052853124,
772255099730594,3,0.0022044182,0.026160974,-0.009561369,
772255119444949,3,-0.0035988018,0.025244676,-0.009255936,
772255137358767,3,-0.010623753,0.014249101,-0.0052853124,
772255160094363,3,-0.0042096674,0.020968616,-0.0049798796,
772255179534061,3,0.0055641755,0.030742463,-0.008950504,
772255197447879,3,3.7182122E-4,0.028909866,-0.008034206,
772255219725710,3,-0.015510675,0.034407653,-0.002230986,
772255239562136,3,-0.021619327,0.024939243,-0.0010092556,
772255259825809,3,-0.0035988018,0.02249578,-0.0028418512,
772255279784305,3,0.002509851,0.011805639,-0.004063582,
772255299651247,3,6.7725405E-4,0.016387127,-0.0052853124,
772255317534548,3,9.826869E-4,0.025550108,-0.008339639,
772255339995487,3,-0.008485723,0.033491354,-0.005590745,
772255359679324,3,-8.499101E-4,0.036851116,-0.0058961776,
772255377593142,3,-0.0045151003,0.017303426,-0.0058961776,
772255400237185,3,-0.007263992,0.016081695,-3.9839046E-4,
772255419707401,3,0.0034261495,0.025244676,-0.007423341,
772255439940555,3,0.009840231,0.024328377,-0.004674447,
772255459929567,3,0.004037015,0.028604433,-0.0043690144,
772255479796511,3,0.0034261495,0.031047896,-0.00620161,
772255497710330,3,-0.003293369,0.019746888,-0.010172235,
772255520049197,3,-0.01031832,0.023717511,-0.008339639,
772255539885622,3,-0.009096589,0.019136023,-0.011393964,
772255557768923,3,-0.018259568,0.009667613,-0.008339639,
772255580199344,3,0.0018989854,0.0041698217,-0.0016201208,
772255599883182,3,0.010145664,0.01883059,-0.009255936,
772255620146852,3,0.0018989854,0.028909866,-0.010477667,
772255640563113,3,-2.3904443E-4,0.03410222,-0.009561369,
772255660002811,3,-0.0011553429,0.017303426,-0.008034206,
772255677916629,3,-0.007874858,0.0121110715,-0.0034527166,
772255700224977,3,-0.015510675,0.016997993,-0.004063582,
772255720030886,3,-0.010929186,0.024939243,-0.007117908,
772255737914187,3,6.7725405E-4,0.025244676,-0.007117908,
772255760192020,3,0.006175041,0.033491354,-0.0058961776,
772255780028444,3,0.0018989854,0.026160974,-0.010172235,
772255800261599,3,-0.006347697,0.024939243,-0.004063582,
772255820372684,3,-0.012761781,0.016387127,-0.004674447,
772255840117557,3,-0.016426973,0.016997993,-0.0016201208,
772255858031374,3,-0.0054313987,0.020663187,-0.0016201208,
772255880705935,3,6.7725405E-4,0.021274049,-0.008339639,
772255900176151,3,-0.011234619,0.028909866,-0.008950504,
772255918089969,3,-0.01734327,0.038378276,-0.009561369,
772255940367800,3,0.0012881197,0.04357063,-0.0049798796,
772255960204226,3,3.7182122E-4,0.028604433,-0.0010092556,
772255980467899,3,3.7182122E-4,0.020052321,-0.003147284,
772256000456912,3,-0.011845484,0.018525157,-0.00620161,
772256020293337,3,-0.006958563,0.022190347,-0.004063582,
772256038207155,3,6.63884E-5,0.030742463,-0.011699397,
772256060698612,3,0.0077022053,0.03410222,-0.009866802,
772256080382449,3,-2.3904443E-4,0.03135333,-0.009561369,
772256098357302,3,-0.0017662048,0.0151654,-0.008034206,
772256120909793,3,-0.0045151003,0.014859967,-0.007117908,
772256140441043,3,-0.0057368316,0.017914291,-0.009561369,
772256160674197,3,0.004037015,0.019746888,-0.0043690144,
772256180632692,3,0.006785907,0.02249578,-0.0043690144,
772256200530154,3,0.0043424442,0.020357754,-0.008339639,
772256218413456,3,-0.00665313,0.014249101,-0.007117908,
772256240752322,3,-0.013372647,0.025855541,-0.009866802,
772256260558229,3,-0.012150915,0.041432604,-0.005590745,
772256278472049,3,-0.010012887,0.038378276,-0.0028418512,
772256300871952,3,-0.003293369,0.027688134,2.1247473E-4,
772256320586307,3,0.0015935525,0.01883059,-0.007117908,
772256340819460,3,-0.003293369,0.013638236,-0.008034206,
772256361174685,3,-0.0045151003,0.028909866,-0.009866802,
772256380736454,3,-0.014594376,0.027382702,-0.009561369,
772256398558719,3,-0.009096589,0.028299,-0.006507043,
772256420958620,3,0.0031207167,0.021884914,-9.2957634E-5,
772256440764529,3,0.008618504,0.020663187,-0.005590745,
772256458647831,3,0.0015935525,0.007529583,-0.013531993,
772256480925662,3,-0.009096589,0.012721937,-0.009255936,
772256500762087,3,-0.017954135,0.034713086,-0.004674447,
772256520995242,3,-0.018259568,0.026160974,-0.0043690144,
772256541136844,3,-0.013067214,0.018525157,-0.007117908,
772256560851199,3,-8.499101E-4,0.009667613,-0.0049798796,
772256578765017,3,0.010451097,0.01669256,-0.008339639,
772256601531130,3,0.009840231,0.03196419,-0.012615696,
772256620940311,3,0.0031207167,0.030742463,-0.008950504,
772256638793094,3,-0.009096589,0.03746198,-0.006507043,
772256661101442,3,-0.015510675,0.029520731,-0.007423341,
772256680907351,3,-0.013372647,0.016387127,-0.007117908,
772256701140506,3,-0.021313895,0.018525157,-0.0043690144,
772256721129520,3,-0.009096589,0.030742463,-0.0052853124,
772256740965944,3,-0.007569425,0.023717511,-0.008339639,
772256758879763,3,-0.0020716377,0.031047896,-0.0052853124,
772256781371219,3,9.826869E-4,0.027077269,-0.0052853124,
772256801055057,3,-0.011234619,0.018219724,-0.009255936,
772256818938356,3,-0.01612154,0.020357754,-0.0058961776,
772256841582400,3,-0.016732406,0.022801213,-0.006507043,
772256861083133,3,-0.009096589,0.024022944,-0.006507043,
772256881316287,3,0.0070913397,0.024022944,-0.01200483,
772256901305300,3,0.0055641755,0.025244676,-0.007728773,
772256921141726,3,-0.003293369,0.028299,-0.011088531,
772256939055545,3,-0.007263992,0.03776741,-0.005590745,
772256961424930,3,-0.013372647,0.034713086,-0.0043690144,
772256981230837,3,-0.008485723,0.03501852,-0.006507043,
772256999114138,3,-0.00665313,0.03135333,-0.0034527166,
772257021514041,3,-0.0057368316,0.032880493,-0.003147284,
772257041228397,3,-0.00818029,0.028299,-0.008950504,
772257061492067,3,-0.0054313987,0.03501852,-0.011088531,
772257081816775,3,-0.003293369,0.03043703,-0.007117908,
772257101317508,3,-0.0054313987,0.021579482,-0.009255936,
772257119231326,3,-0.006347697,0.023412079,-0.010477667,
772257141570192,3,-0.0057368316,0.03501852,-0.007117908,
772257161376101,3,-0.0045151003,0.03318592,-0.009866802,
772257179289920,3,-0.011845484,0.03624025,-0.0034527166,
772257201567752,3,-0.003293369,0.03410222,-0.007423341,
772257221404177,3,-0.0042096674,0.021274049,-0.0025364188,
772257241667849,3,-0.0017662048,0.022190347,-0.006507043,
772257261809452,3,-0.007874858,0.03165876,-0.009561369,
772257281523807,3,-0.0054313987,0.037156545,-0.008950504,
772257299407106,3,-0.009707455,0.022801213,-0.007423341,
772257322112185,3,-0.01398351,0.02249578,0.0032668011,
772257341551883,3,-0.001460772,0.028909866,-0.001314688,
772257359465700,3,-0.0020716377,0.021274049,-0.004063582,
772257381743532,3,-0.0020716377,0.014554534,-0.012921128,
772257401579959,3,-0.004820533,0.019746888,-0.0052853124,
772257421813114,3,-0.0060422644,0.023412079,-0.008339639,
772257441802126,3,-0.001460772,0.017914291,-0.008339639,
772257461699587,3,-5.4447725E-4,0.01669256,-0.006507043,
772257479582888,3,-0.01031832,0.025244676,-0.007117908,
772257502074344,3,-0.014899809,0.037156545,-0.008034206,
772257521727663,3,-0.019175867,0.026160974,-0.007728773,
772257539641481,3,-0.0045151003,0.028299,-0.0043690144,
772257562346560,3,0.009840231,0.013638236,0.0011287727,
772257581755741,3,0.006175041,0.014554534,-0.005590745,
772257602019411,3,-0.004820533,0.026160974,-0.008339639,
772257622008425,3,-8.499101E-4,0.029215299,-0.009866802,
772257641844851,3,-0.0020716377,0.027993567,-0.009561369,
772257659758670,3,-0.0011553429,0.030131597,-0.008034206,
772257682097536,3,-0.00818029,0.024328377,-0.0037581492,
772257701872927,3,-0.013067214,0.02249578,-7.038228E-4,
772257719817263,3,0.002509851,0.020052321,-0.0034527166,
772257742247684,3,0.004037015,0.023412079,-0.007423341,
772257761962038,3,0.0070913397,0.019136023,-0.007728773,
772257782195192,3,-0.007569425,0.012721937,-0.006507043,
772257802519900,3,-0.024673654,0.013943668,-0.0016201208,
772257822020633,3,-0.02314649,0.020663187,-0.0052853124,
772257839934450,3,-0.0020716377,0.022190347,-0.002230986,
772257862273317,3,0.014421724,0.027077269,-0.009255936,
772257882079226,3,0.008007638,0.035629384,-0.011088531,
772257899993045,3,-0.0029879361,0.03410222,-0.0043690144,
772257922270876,3,-0.01734327,0.03532395,-0.004063582,
772257942107302,3,-0.00818029,0.03196419,-0.004674447,
772257962340457,3,-0.00818029,0.015470829,-0.01322656,
772257982482059,3,-0.0054313987,0.011500206,-0.008339639,
772258002196413,3,-0.006958563,0.016081695,-0.00620161,
772258020079714,3,-0.010929186,0.024022944,-0.010172235,
772258042784793,3,-0.005125966,0.027688134,-0.009561369,
772258062255008,3,-2.3904443E-4,0.023106646,-0.004063582,
772258080138308,3,-2.3904443E-4,0.021884914,-0.0016201208,
772258102416140,3,-0.008791156,0.009973042,-0.008645071,
772258122283084,3,-0.010929186,0.016081695,-0.007728773,
772258142516239,3,-0.0045151003,0.025244676,-0.0028418512,
772258162505251,3,-0.0026825033,0.026771836,-0.0028418512,
772258182372194,3,-0.006347697,0.011805639,-0.004674447,
772258200255496,3,-0.01031832,0.01669256,-0.004674447,
772258222746952,3,-0.0035988018,0.013332803,-3.9839046E-4,
772258242430788,3,-0.014594376,0.020968616,0.0023505036,
772258260344606,3,-0.020092163,0.028299,0.0023505036,
772258282958132,3,-0.015205242,0.028909866,-0.0028418512,
772258302458866,3,-0.006958563,0.025244676,-0.0025364188,
772258322692019,3,-0.0054313987,0.018219724,-0.0037581492,
772258342711550,3,-0.00818029,0.020357754,-0.008645071,
772258362547976,3,-0.005125966,0.019136023,-0.007728773,
772258380461795,3,-0.0026825033,0.025855541,-0.0107831,
772258402800661,3,-0.012150915,0.022801213,-0.007728773,
772258422606569,3,-0.016426973,0.018219724,-0.0058961776,
772258440489871,3,-0.014288943,0.019746888,-0.009866802,
772258462889774,3,-0.007874858,0.011805639,-0.009866802,
772258482604128,3,-0.011845484,0.009056747,-0.010172235,
772258502867800,3,-0.012150915,0.023412079,-0.0058961776,
772258523253543,3,0.004037015,0.028909866,-0.00620161,
772258542723758,3,0.0073967725,0.020663187,-0.006507043,
772258560607058,3,-5.4447725E-4,0.015470829,-0.006507043,
772258582976441,3,-0.014288943,0.027077269,-0.009561369,
772258602782350,3,-0.015510675,0.031047896,-0.010172235,
772258620696169,3,-0.007263992,0.029215299,-0.008034206,
772258642974002,3,-0.006958563,0.016387127,-0.0037581492,
772258662779909,3,-0.007874858,0.016081695,-0.005590745,
772258683013062,3,-0.0011553429,0.0151654,-0.011393964,
772258703185182,3,0.002509851,0.022190347,-0.010172235,
772258722899538,3,-0.012150915,0.020357754,-0.011699397,
772258740782840,3,-0.014594376,0.023412079,-0.00620161,
772258763487918,3,-8.499101E-4,0.022190347,-0.007423341,
772258782927614,3,0.0022044182,0.015776262,-0.0107831,
772258800841431,3,-0.0011553429,0.03624025,-0.004674447,
772258823149781,3,-0.008791156,0.04693039,-0.00620161,
772258842986208,3,-0.0023770705,0.046014093,-0.0010092556,
772258863219363,3,-0.004820533,0.031047896,-0.007423341,
772258883177860,3,0.0037315823,0.01669256,-0.0052853124,
772258903075319,3,-0.0026825033,0.021274049,-0.0058961776,
772258920958619,3,-0.007874858,0.026771836,-0.004674447,
772258943419557,3,-0.007569425,0.033491354,-0.004063582,
772258963103396,3,-0.0011553429,0.031047896,-0.0052853124,
772258981017215,3,9.826869E-4,0.026771836,-0.01200483,
772259003661257,3,-0.0029879361,0.016081695,-0.010172235,
772259023131471,3,-0.018259568,0.014554534,0.0032668011,
772259043364624,3,-0.014594376,0.029215299,-0.0052853124,
772259063384156,3,-0.00818029,0.03776741,-0.010477667,
772259083220583,3,0.0018989854,0.039294574,-0.007423341,
772259101164919,3,-0.010623753,0.03990544,-0.004674447,
772259123503787,3,-0.015816107,0.024328377,-0.007117908,
772259143340212,3,-0.012150915,0.01883059,-0.0037581492,
772259161223511,3,-0.016426973,0.020357754,-0.008034206,
772259183653932,3,-0.008791156,0.019136023,-0.007117908,
772259203368288,3,-0.0042096674,0.020357754,-0.005590745,
772259223601443,3,-0.0054313987,0.021579482,-0.008339639,
772259243956668,3,0.0028152838,0.021274049,-0.009561369,
772259263457399,3,0.0055641755,0.032880493,-0.01200483,
772259281340699,3,-0.00818029,0.030131597,-0.011393964,
772259303740602,3,-0.018259568,0.027077269,-0.006507043,
772259323485476,3,-0.025895383,0.017914291,-0.011088531,
772259341429812,3,-0.014899809,0.010278475,-0.013531993,
772259363707643,3,0.010145664,0.0044752546,-0.007728773,
772259383513551,3,0.00495331,0.013332803,-0.009866802,
772259403777223,3,6.63884E-5,0.046319526,-0.014142858,
772259423918826,3,0.002509851,0.047541257,-0.011699397,
772259443633182,3,-0.0054313987,0.022801213,-0.012310263,
772259461546999,3,-0.008791156,0.014554534,2.1247473E-4,
772259484221558,3,-0.01398351,0.018525157,0.0023505036,
772259503661256,3,-0.009402022,0.021884914,-0.011088531,
772259521575075,3,-0.009402022,0.021884914,-0.008034206,
772259543883426,3,0.0077022053,0.027382702,-0.008950504,
772259563689334,3,0.0037315823,0.027382702,-0.005590745,
772259583922487,3,-0.005125966,0.021884914,-0.0049798796,
772259603942018,3,-0.011845484,0.02249578,-7.038228E-4,
772259623808962,3,-0.01612154,0.022801213,-0.007117908,
772259641722781,3,-0.0029879361,0.017303426,-0.008950504,
772259664092165,3,0.0015935525,0.016081695,-0.0058961776,
772259683867555,3,-2.3904443E-4,0.026160974,-0.007728773,
772259701720338,3,-0.011234619,0.030742463,-0.009255936,
772259724333864,3,-0.016732406,0.042654335,-0.008034206,
772259743834597,3,-0.0042096674,0.048762985,-0.007728773,
772259764098270,3,-0.011540052,0.019136023,-0.004674447,
772259784087282,3,-0.01031832,0.020663187,-7.038228E-4,
772259803954224,3,0.002509851,0.033796787,-0.002230986,
772259821837526,3,0.0077022053,0.027077269,-0.0107831,
772259844176394,3,9.826869E-4,0.028909866,-0.0107831,
772259863982303,3,-0.011234619,0.025855541,-9.2957634E-5,
772259881896121,3,-0.006958563,0.03776741,-0.0025364188,
772259904326539,3,-0.013372647,0.029826164,5.1790755E-4,
772259924010377,3,-0.006347697,0.021274049,-0.007117908,
772259944274050,3,0.0015935525,0.013943668,-0.007117908,
772259964568240,3,-5.4447725E-4,0.030131597,-0.010477667,
772259984130007,3,-0.00665313,0.040516306,-0.00620161,
772260002013307,3,-0.015205242,0.03624025,-0.0049798796,
772260024321656,3,-0.014899809,0.036851116,-0.0028418512,
772260044158083,3,-0.014899809,0.024328377,8.233404E-4,
772260062071902,3,-0.006347697,0.02249578,-0.002230986,
772260084349735,3,0.0012881197,0.027688134,-0.007117908,
772260104186159,3,0.0052587427,0.034407653,-0.00620161,
772260124419312,3,-5.4447725E-4,0.031047896,-0.010477667,
772260144530397,3,-0.005125966,0.024939243,-0.007423341,
772260164244753,3,-0.0023770705,0.013332803,-0.0043690144,
772260182158572,3,-0.001460772,0.01302737,-0.0028418512,
772260204863650,3,-0.0029879361,0.021579482,-0.007117908,
772260224333864,3,-0.0194813,0.03135333,-0.011393964,
772260242217164,3,-0.015205242,0.030131597,-0.008950504,
772260264525515,3,-0.010929186,0.020663187,-0.004063582,
772260284331423,3,-0.0057368316,0.013638236,-0.00620161,
772260304595095,3,0.017781481,0.017303426,-0.0010092556,
772260324614625,3,0.004647877,0.025550108,-0.008034206,
772260344420533,3,-0.0017662048,0.03410222,-0.007728773,
772260362364870,3,-0.0017662048,0.039294574,-0.007423341,
772260384795290,3,-0.004820533,0.034407653,-0.0028418512,
772260404509647,3,-0.011234619,0.027077269,0.0032668011,
772260422423464,3,-0.0057368316,0.03196419,-0.0037581492,
772260445098023,3,-0.012150915,0.023717511,-0.003147284,
772260464507204,3,9.826869E-4,0.032575056,-0.008034206,
772260484770876,3,6.7725405E-4,0.024022944,-0.008950504,
772260504759891,3,6.63884E-5,0.027077269,-0.0034527166,
772260524596316,3,-0.005125966,0.023412079,-0.004063582,
772260542510133,3,-0.0060422644,0.020663187,-0.006507043,
772260564849000,3,-0.0020716377,0.013943668,-0.006507043,
772260584685427,3,0.0015935525,0.020357754,-0.011393964,
772260602599246,3,0.0052587427,0.026160974,-0.01322656,
772260624968630,3,-0.0045151003,0.030131597,-0.008950504,
772260644682984,3,-0.003293369,0.026160974,-0.006507043,
772260664946656,3,-0.0017662048,0.020357754,-0.0037581492,
772260685271364,3,-0.0054313987,0.020663187,-0.0019255537,
772260704772097,3,-0.006347697,0.027382702,-0.012615696,
772260722685916,3,-0.008485723,0.021274049,-0.011393964,
772260745024782,3,-0.011234619,0.016387127,-0.0037581492,
772260764861207,3,-0.014288943,0.013638236,-0.0016201208,
772260782744508,3,-0.0136780795,0.021579482,-0.01322656,
772260805052859,3,-0.016426973,0.005391553,-0.009561369,
772260824858767,3,6.7725405E-4,0.03654568,-0.007423341,
772260845122439,3,-2.3904443E-4,0.04082174,-0.00620161,
772260865264039,3,-0.001460772,0.0582314,-0.008950504,
772260884978395,3,-0.0023770705,0.0151654,-0.011393964,
772260902892214,3,-0.011540052,0.006918717,-0.010477667,
772260925597293,3,-0.0194813,0.023717511,-0.0034527166,
772260945098025,3,-0.015510675,0.033491354,-9.2957634E-5,
772260963011842,3,0.010145664,0.040210873,-0.009255936,
772260985991578,3,0.014421724,0.019746888,-0.0107831,
772261005034547,3,-0.014594376,0.0081404485,-0.008034206,
772261025267703,3,-0.026200816,0.019136023,-0.0049798796,
772261045256717,3,-0.015205242,0.018525157,-0.0049798796,
772261065154177,3,-0.006347697,0.017303426,-0.001314688,
772261083037476,3,-0.0039042346,0.018525157,-0.0049798796,
772261105498414,3,-0.0060422644,0.027382702,-0.004674447,
772261125212771,3,6.7725405E-4,0.038072847,-0.008950504,
772261143096072,3,-0.0029879361,0.037156545,-0.0107831,
772261165709597,3,-0.007569425,0.034407653,-0.008645071,
772261185210328,3,-0.011845484,0.045403227,-0.005590745,
772261205474000,3,-0.01031832,0.044486932,-0.007423341,
772261225463015,3,-0.006958563,0.023412079,-0.008645071,
772261245299441,3,-0.0054313987,0.023717511,-0.0058961776,
772261263213259,3,0.0018989854,0.016387127,-0.005590745,
772261285552125,3,-0.007263992,0.027688134,-0.00620161,
772261305358033,3,-0.011845484,0.042959765,-0.009255936,
772261323271852,3,3.7182122E-4,0.041738037,-0.00620161,
772261345702273,3,9.826869E-4,0.025855541,-0.012615696,
772261365386111,3,-0.0011553429,0.01088934,-0.00620161,
772261385649782,3,-0.014594376,0.023717511,-0.0034527166,
772261406035523,3,-0.014899809,0.041738037,-0.00620161,
772261425475221,3,-0.008791156,0.033796787,-0.007423341,
772261443389040,3,-0.0011553429,0.027077269,-0.003147284,
772261465758426,3,-0.0039042346,0.025550108,-3.9839046E-4,
772261485564334,3,-0.0054313987,0.019746888,-0.0043690144,
772261503447633,3,-0.011845484,0.021884914,-0.008034206,
772261525725465,3,-0.0035988018,0.039294574,-0.006507043,
772261545561891,3,0.0022044182,0.03135333,-0.009866802,
772261565795047,3,0.0018989854,0.018219724,-0.010172235,
772261585936648,3,-0.0020716377,0.022801213,-0.0049798796,
772261605651002,3,0.006175041,0.030742463,-0.007117908,
772261623564820,3,0.0052587427,0.027993567,-0.012615696,
772261646239381,3,0.0012881197,0.032575056,-0.009561369,
772261665709597,3,-0.003293369,0.028909866,-0.007117908,
772261683623416,3,-0.00665313,0.025550108,-7.038228E-4,
772261705901247,3,-0.0194813,0.028299,0.005099397,
772261725737671,3,-0.0194813,0.03135333,-9.2957634E-5,
772261745970827,3,0.0052587427,0.03410222,-0.011393964,
772261765990359,3,-0.0035988018,0.018525157,-0.011393964,
772261785826785,3,0.0018989854,0.027993567,-0.0028418512,
772261803740603,3,-8.499101E-4,0.03135333,-0.004674447,
772261826201539,3,-0.009707455,0.017303426,-0.010477667,
772261845885377,3,-0.011234619,0.023106646,-0.0043690144,
772261863799196,3,-0.008791156,0.03624025,-0.0034527166,
772261886412722,3,-0.014288943,0.033796787,-0.003147284,
772261905913454,3,-0.0042096674,0.03532395,-0.0052853124,
772261926146608,3,-0.0035988018,0.028604433,-0.0052853124,
772261946135621,3,-0.011845484,0.019136023,-0.0034527166,
772261966002565,3,-0.0042096674,0.03654568,-0.0034527166,
772261983916384,3,6.7725405E-4,0.03532395,-0.007117908,
772262006255252,3,9.826869E-4,0.025550108,-0.013837426,
772262026061159,3,-0.0039042346,0.01302737,-0.009866802,
772262043974976,3,-0.0039042346,0.01669256,-0.007423341,
772262066344362,3,-0.005125966,0.021579482,-0.0043690144,
772262086089235,3,6.7725405E-4,0.010278475,-0.005590745,
772262106322391,3,0.006175041,0.011500206,-0.010477667,
772262126677615,3,0.0028152838,0.01669256,-0.007423341,
772262146208864,3,-0.017648702,0.016997993,-0.012615696,
772262164092164,3,-0.02558995,0.013332803,-0.005590745,
772262186431032,3,-0.017954135,0.008751314,-0.007117908,
772262206236941,3,6.7725405E-4,0.00142093,-0.0016201208,
772262224120242,3,0.002509851,0.01088934,-0.0058961776,
772262246428590,3,0.002509851,0.029215299,-0.006507043,
772262266265016,3,-0.010623753,0.035934817,-0.0107831,
772262286498171,3,-0.010012887,0.044181496,-0.008034206,
772262306670290,3,-0.009707455,0.032575056,-0.008034206,
772262326354129,3,-0.010623753,0.015470829,-0.0025364188,
772262344298464,3,6.63884E-5,0.020968616,-0.006507043,
772262367034058,3,0.006480474,0.013332803,-0.0043690144,
772262386443239,3,-8.499101E-4,0.024022944,-0.0052853124,
772262404357058,3,-0.009707455,0.03196419,-0.0052853124,
772262426634891,3,-0.016732406,0.032269627,-0.007423341,
772262446471316,3,-0.010929186,0.023412079,-0.0025364188,
772262466704469,3,0.0043424442,0.021884914,-0.003147284,
772262486724000,3,0.009840231,0.021884914,-0.005590745,
772262506529909,3,6.7725405E-4,0.02249578,-0.0107831,
772262524413211,3,-0.005125966,0.03135333,-0.011393964,
772262546874148,3,-0.001460772,0.03746198,-0.009866802,
772262566557984,3,6.63884E-5,0.028604433,-0.010172235,
772262584471803,3,0.0018989854,0.021274049,-0.007423341,
772262607085329,3,0.0031207167,0.021274049,-0.012615696,
772262626586062,3,-0.0039042346,0.01883059,-0.010477667,
772262646819217,3,-0.013372647,0.027688134,-0.004674447,
772262666838747,3,-0.007263992,0.024939243,-0.0010092556,
772262686675171,3,-2.3904443E-4,0.021884914,-0.0052853124,
772262704588991,3,-0.007569425,0.012416504,-0.015975453,
772262726866823,3,-0.0035988018,0.007529583,-0.007117908,
772262746764285,3,-0.0020716377,0.020663187,-0.003147284,
772262764647586,3,0.0043424442,0.030742463,-0.003147284,
772262787078004,3,0.009840231,0.019441456,-0.005590745,
772262806792360,3,0.0037315823,0.027993567,-0.005590745,
772262826994997,3,6.63884E-5,0.028909866,-0.007728773,
772262847350222,3,-0.012150915,0.025244676,-0.009255936,
772262866881472,3,-0.010012887,0.029826164,-0.0028418512,
772262884764772,3,0.0012881197,0.03135333,-0.003147284,
772262907103639,3,0.01075653,0.020663187,-0.003147284,
772262926940065,3,0.002509851,0.026771836,-0.01200483,
772262944823367,3,-0.010012887,0.022801213,-0.008034206,
772262967101199,3,-0.01398351,0.02463381,-0.007728773,
772262986937624,3,-0.0060422644,0.026466407,-0.009561369,
772263007170777,3,-0.01031832,0.023412079,-0.015364589,
772263027251344,3,-0.006347697,0.019746888,-0.011699397,
772263047026735,3,-2.3904443E-4,0.019136023,-0.008339639,
772263064940555,3,-0.006347697,0.026466407,-0.012921128,
772263087584597,3,-0.008791156,0.034713086,-0.004674447,
772263107054811,3,9.826869E-4,0.038378276,-0.006507043,
772263124999147,3,0.0015935525,0.021884914,-0.012615696,
772263147307497,3,-0.007569425,0.01302737,-0.0037581492,
772263167143923,3,-0.017648702,0.030742463,-0.0010092556,
772263187377077,3,-0.010623753,0.046014093,-0.0010092556,
772263207457643,3,6.7725405E-4,0.04662496,-0.009255936,
772263227233033,3,-0.011540052,0.03135333,0.0011287727,
772263245116335,3,-0.009402022,0.029826164,0.0041830987,
772263267638308,3,0.0070913397,0.027382702,-0.00620161,
772263287322147,3,6.7725405E-4,0.020357754,-0.010477667,
772263305235964,3,-0.006347697,0.023717511,-0.008339639,
772263327910523,3,-0.017954135,0.02249578,-0.006507043,
772263347319704,3,-0.01031832,0.038683712,-0.0019255537,
772263367552859,3,0.0073967725,0.0121110715,-0.005590745,
772263387602908,3,0.004037015,0.016997993,-0.012921128,
772263407439334,3,6.63884E-5,0.011194773,-0.004674447,
772263425322633,3,-0.0017662048,0.03410222,-0.0028418512,
772263447539430,3,0.0113673955,0.03898914,-0.0028418512,
772263467436891,3,-0.0020716377,0.020357754,-0.008034206,
772263485320193,3,-0.003293369,0.02249578,-0.008034206,
772263507750613,3,-0.008485723,0.021274049,-0.004063582,
772263527434449,3,-0.0011553429,0.026466407,-9.2957634E-5,
772263547698121,3,6.7725405E-4,0.024328377,-0.0037581492,
772263568022829,3,-0.0011553429,0.023412079,-0.004063582,
772263587554079,3,0.0034261495,0.03165876,-0.009866802,
772263605437381,3,0.0034261495,0.024328377,-0.006507043,
772263627806765,3,-0.004820533,0.023412079,-0.0037581492,
772263647612671,3,-0.014594376,0.016081695,-0.002230986,
772263665495973,3,-0.009096589,0.023717511,-0.009866802,
772263687804323,3,0.0031207167,0.025244676,-0.008034206,
772263707610232,3,0.008313071,0.029215299,-0.007728773,
772263727873904,3,0.0043424442,0.028909866,-0.0052853124,
772263748015504,3,0.0037315823,0.03135333,-0.0049798796,
772263767729860,3,6.63884E-5,0.023412079,-0.007117908,
772263785613161,3,-0.0029879361,0.016997993,-0.007117908,
772263808287722,3,-0.0060422644,0.020663187,-0.0010092556,
772263827788454,3,-0.001460772,0.021274049,-0.00620161,
772263845671754,3,6.7725405E-4,0.017608859,-0.007117908,
772263867949586,3,0.008007638,0.021579482,-0.009255936,
772263887786012,3,0.0031207167,0.027688134,-0.012310263,
772263908049685,3,-0.016426973,0.034407653,-0.008950504,
772263928069217,3,-0.022230193,0.024939243,-0.012310263,
772263947875124,3,-0.015816107,0.017303426,-0.00620161,
772263965788941,3,-0.01031832,0.0121110715,-0.009866802,
772263988280398,3,-0.0054313987,0.010583907,0.0011287727,
772264009642703,3,-0.009707455,0.023412079,0.0044885315,
772264025847537,3,-0.0060422644,0.029215299,-0.008034206,
772264048461062,3,-0.001460772,0.027688134,-0.007728773,
772264067961793,3,-0.0035988018,0.026466407,-0.0049798796,
772264088225465,3,-0.013372647,0.018219724,-0.001314688,
772264108214479,3,-0.0017662048,0.023717511,-0.006507043,
772264128050906,3,-0.0042096674,0.027382702,-0.008339639,
772264145995242,3,-0.008791156,0.03135333,-0.008034206,
772264168242555,3,-0.015205242,0.02463381,-0.0019255537,
772264188109498,3,-0.011845484,0.027688134,-0.0037581492,
772264206023317,3,-0.003293369,0.01669256,-0.010477667,
772264228423221,3,-0.0011553429,0.0066132843,-0.009255936,
772264248168094,3,0.0031207167,0.022190347,-0.0107831,
772264268370729,3,9.826869E-4,0.035934817,-0.008950504,
772264288786989,3,-0.0023770705,0.03654568,-0.00620161,
772264308287722,3,3.7182122E-4,0.02249578,-0.0052853124,
772264326140505,3,-0.00818029,0.005696986,-0.008034206,
772264348479374,3,-0.012150915,0.0066132843,-0.0019255537,
772264368285281,3,-0.005125966,0.02249578,-0.0049798796,
772264386199098,3,-0.0020716377,0.038683712,-0.007728773,
772264408507448,3,-0.012456348,0.04662496,-0.0107831,
772264428313356,3,-0.00665313,0.05273361,-0.005590745,
772264448546512,3,-0.013372647,0.033491354,-0.009255936,
772264468657595,3,-0.01612154,0.021274049,-9.2957634E-5,
772264488402468,3,6.7725405E-4,0.027077269,-0.004063582,
772264506316286,3,0.008923937,0.014249101,-0.008645071,
772264528990848,3,0.0028152838,0.018525157,-0.01322656,
772264548491579,3,-0.0045151003,0.025244676,-0.009255936,
772264566374879,3,-0.01612154,0.03746198,-0.0034527166,
772264588652713,3,0.0015935525,0.040210873,-0.005590745,
772264608489139,3,-0.00665313,0.02249578,-0.004674447,
772264628722292,3,-0.00818029,0.027688134,-0.008645071,
772264648711306,3,-0.0026825033,0.011194773,-0.007728773,
772264668578250,3,-5.4447725E-4,0.021884914,-0.008339639,
772264686492068,3,-0.001460772,0.024022944,-0.0043690144,
772264708983523,3,-2.3904443E-4,0.022801213,-0.006507043,
772264728667360,3,-0.015205242,0.027077269,-0.00620161,
772264746550661,3,-0.010623753,0.038072847,-0.008034206,
772264769194706,3,-0.0026825033,0.023106646,-0.003147284,
772264788634402,3,0.008007638,0.013943668,-0.002230986,
772264808898073,3,0.0018989854,0.014859967,-0.002230986,
772264828887088,3,-0.011540052,0.024939243,-0.007728773,
772264848754032,3,-0.007263992,0.04570866,-0.008645071,
772264866667849,3,-0.007263992,0.03654568,-0.009561369,
772264889006716,3,-0.01398351,0.014249101,-0.009561369,
772264908812625,3,-0.016732406,0.003253527,-0.0107831,
772264926726443,3,-0.0029879361,0.0011154972,-0.0037581492,
772264949126345,3,0.004647877,0.017914291,-0.007728773,
772264968840700,3,-0.005125966,0.032880493,-0.009866802,
772264989073855,3,-0.010623753,0.027993567,-0.00620161,
772265009398563,3,-2.3904443E-4,0.027382702,-0.0058961776,
772265028929812,3,-0.003293369,0.022801213,-0.0016201208,
772265046813112,3,-0.013067214,0.026466407,0.003572234,
772265069151980,3,-0.014288943,0.032880493,-3.9839046E-4,
772265088988407,3,0.002509851,0.027993567,-3.9839046E-4,
772265106902224,3,6.7725405E-4,0.021579482,-0.0058961776,
772265129180056,3,-0.0054313987,0.024328377,-0.004674447,
772265149016482,3,-0.006347697,0.018525157,-0.004674447,
772265169249637,3,-0.021313895,0.013943668,-0.007423341,
772265189421755,3,-0.0039042346,0.013943668,-0.0049798796,
772265209136110,3,0.006175041,0.015470829,-0.008645071,
772265227019411,3,0.004037015,0.027993567,-0.008339639,
772265249755008,3,0.0028152838,0.027077269,-0.012615696,
772265269164187,3,-0.0026825033,0.026160974,-0.007728773,
772265287078004,3,-0.0020716377,0.022801213,-0.009255936,
772265309355838,3,-0.0039042346,0.013638236,-0.0058961776,
772265329192264,3,0.00495331,0.0151654,-0.004063582,
772265349425417,3,0.004037015,0.012721937,-0.0058961776,
772265369414431,3,0.0031207167,0.023106646,-0.00620161,
772265389281375,3,0.0058696084,0.029520731,-0.0052853124,
772265407195193,3,0.0015935525,0.022801213,-0.0058961776,
772265429656130,3,-0.0020716377,0.03776741,-0.0058961776,
772265449339968,3,0.006785907,0.04570866,-0.007117908,
772265467253786,3,-0.006958563,0.023106646,-0.003147284,
772265489867313,3,0.0015935525,0.022190347,-0.006507043,
772265509368044,3,0.0034261495,0.012416504,-0.004063582,
772265529601198,3,-0.003293369,0.026466407,-0.0052853124,
772265549620730,3,-0.0029879361,0.032575056,-0.013531993,
772265569457157,3,0.008618504,0.03165876,-0.010172235,
772265587370974,3,0.01075653,0.021884914,-0.006507043,
772265609740359,3,-0.007874858,0.013943668,-7.038228E-4,
772265629546267,3,-0.02314649,0.021579482,0.0020450708,
772265647429568,3,-0.006958563,0.020052321,-0.00620161,
772265669829470,3,-0.003293369,0.013943668,-0.007728773,
772265689543825,3,-0.00818029,0.024022944,-7.038228E-4,
772265709776980,3,-0.009096589,0.04693039,-0.008034206,
772265730132206,3,-0.0057368316,0.04937385,-0.009561369,
772265749632937,3,0.0037315823,0.02249578,-0.0049798796,
772265767546754,3,0.0018989854,0.01302737,-0.008339639,
772265789855105,3,-0.006347697,0.022801213,-0.0037581492,
772265809691532,3,-0.0020716377,0.04357063,-0.013531993,
772265827605349,3,-8.499101E-4,0.0423489,-0.013531993,
772265849883181,3,-0.01031832,0.042959765,-0.009561369,
772265869719607,3,-0.012761781,0.029215299,-0.011393964,
772265889952762,3,-0.012761781,0.020663187,-0.0010092556,
772265910094363,3,-0.016732406,0.007529583,-0.008950504,
772265929808718,3,0.0012881197,0.0035589598,-0.007117908,
772265947753054,3,0.013810858,0.0038643926,-0.007117908,
772265970427616,3,-5.4447725E-4,0.023412079,-0.016280886,
772265989867312,3,-0.01031832,0.041432604,-0.015059156,
772266007781129,3,-0.0136780795,0.04784669,-0.008339639,
772266030089480,3,-0.007569425,0.028299,-0.0043690144,
772266049895389,3,-8.499101E-4,0.02463381,-0.0043690144,
772266070128542,3,9.826869E-4,0.028299,-0.0043690144,
772266090087038,3,6.63884E-5,0.025855541,-0.0107831,
772266109953982,3,-0.0039042346,0.026771836,-0.010477667,
772266127867801,3,0.002509851,0.018219724,-0.0043690144,
772266150359255,3,-0.025895383,0.017914291,-9.2957634E-5,
772266170043093,3,-0.015205242,0.017303426,-0.007728773,
772266187926394,3,-0.0039042346,0.01669256,-0.008645071,
772266210661991,3,0.0022044182,0.024939243,-0.011393964,
772266230040652,3,9.826869E-4,0.027077269,-0.01322656,
772266250273806,3,9.826869E-4,0.03898914,-0.0058961776,
772266270293338,3,-8.499101E-4,0.036851116,-0.002230986,
772266290129764,3,-0.004820533,0.018525157,-0.007423341,
772266308043582,3,-0.005125966,0.007835016,-0.007728773,
772266330382448,3,-0.006347697,0.013943668,-0.007423341,
772266350188357,3,-0.007874858,0.021884914,-0.003147284,
772266368102176,3,0.002509851,0.023106646,-0.00620161,
772266390502078,3,0.0034261495,0.020357754,-0.006507043,
772266410216433,3,3.7182122E-4,0.017914291,-0.008339639,
772266430449588,3,-2.3904443E-4,0.020052321,-0.0052853124,
772266450804813,3,-0.007874858,0.020968616,-0.0028418512,
772266470305544,3,-0.009707455,0.021274049,-0.0049798796,
772266488219362,3,-5.4447725E-4,0.028299,-0.009255936,
772266510527713,3,-0.0042096674,0.020357754,-0.004674447,
772266530364139,3,-0.012456348,0.023717511,-0.001314688,
772266548338992,3,-0.012761781,0.038683712,-0.003147284,
772266570555788,3,-0.0029879361,0.045097794,-0.008034206,
772266590392215,3,0.004037015,0.042654335,-0.007423341,
772266610625370,3,-0.013067214,0.03318592,-0.007117908,
772266630766970,3,-0.014288943,0.028299,-0.0052853124,
772266650481325,3,-0.009707455,0.02463381,-0.0052853124,
772266668395145,3,-0.0136780795,0.025550108,-0.0043690144,
772266691069706,3,-0.0057368316,0.027993567,-0.0058961776,
772266710539919,3,0.0012881197,0.03196419,-0.0058961776,
772266728423220,3,-0.003293369,0.020052321,-0.0037581492,
772266750762088,3,-0.0042096674,0.016387127,-0.0043690144,
772266770567997,3,-0.00818029,0.014249101,-0.0049798796,
772266790801150,3,-0.01612154,0.019441456,-0.0049798796,
772266810790163,3,-0.013067214,0.030131597,-0.0019255537,
772266830657107,3,-0.0136780795,0.022801213,-0.0025364188,
772266848570927,3,-0.009402022,0.016081695,-0.0034527166,
772266871062380,3,-0.004820533,0.011805639,-3.9839046E-4,
772266890715700,3,0.0037315823,0.021274049,-0.00620161,
772266908599002,3,-0.0017662048,0.02249578,-0.008034206,
772266931243046,3,-0.01398351,0.031047896,-0.006507043,
772266950743777,3,-0.009402022,0.04784669,-0.0052853124,
772266970946413,3,0.0031207167,0.023106646,-0.002230986,
772266990996463,3,-0.006958563,0.020357754,-0.0010092556,
772267010832889,3,0.0055641755,0.026466407,-0.0049798796,
772267028746707,3,0.0037315823,0.025244676,-0.005590745,
772267051085573,3,-0.0045151003,0.028909866,-0.005590745,
772267070860965,3,-0.010929186,0.027688134,-0.0028418512,
772267088774784,3,-0.009402022,0.025550108,-0.0025364188,
772267111205203,3,-0.014899809,0.012416504,2.1247473E-4,
772267130889040,3,-0.007263992,0.017914291,-0.009255936,
772267151122195,3,0.016254317,0.012721937,-0.008645071,
772267171538456,3,0.011061963,0.011805639,-0.00620161,
772267190978152,3,0.0034261495,0.011805639,-0.00620161,
772267208891970,3,-0.007874858,0.027382702,-0.005590745,
772267231230838,3,-0.0060422644,0.028299,-0.003147284,
772267251067264,3,-0.0026825033,0.023412079,-0.0052853124,
772267268950564,3,-8.499101E-4,0.015776262,-0.0052853124,
772267291228396,3,-0.0035988018,0.019441456,-0.004674447,
772267311064822,3,-0.001460772,0.029826164,-0.012310263,
772267331297977,3,0.0043424442,0.025244676,-0.0058961776,
772267351439578,3,0.0028152838,0.020968616,-0.001314688,
772267371153933,3,-0.0060422644,0.01302737,-0.0037581492,
772267389067752,3,-0.007874858,0.017303426,-0.0058961776,
772267411742313,3,-0.015510675,0.01883059,-0.007117908,
772267431212527,3,-0.009707455,0.025550108,-0.0016201208,
772267449126345,3,-0.010012887,0.025855541,-0.0010092556,
772267471404178,3,-8.499101E-4,0.024939243,-0.007728773,
772267491240604,3,-0.0042096674,0.029826164,-0.008645071,
772267511473757,3,-0.0054313987,0.017914291,-0.0052853124,
772267531493288,3,-0.017648702,0.014249101,-0.0010092556,
772267551360232,3,-0.00665313,0.03165876,-0.003147284,
772267569243534,3,-0.008485723,0.026160974,-0.0049798796,
772267591704470,3,-0.006347697,0.020663187,-0.0049798796,
772267611418825,3,0.004647877,0.020968616,-0.0049798796,
772267629302127,3,0.0012881197,0.027993567,-0.0052853124,
772267651915652,3,-0.0020716377,0.02463381,-0.008034206,
772267671416383,3,-0.004820533,0.02463381,-0.008950504,
772267691649538,3,-0.007569425,0.028909866,-0.0043690144,
772267711638553,3,-0.015816107,0.032269627,-0.0049798796,
772267731505496,3,-0.025284518,0.013638236,-0.010172235,
772267749419313,3,-0.014288943,0.011500206,-0.011393964,
772267771758181,3,-2.3904443E-4,0.019746888,-0.0052853124,
772267791564090,3,0.0015935525,0.030131597,-0.01567002,
772267809477908,3,-8.499101E-4,0.028299,-0.0058961776,
772267831908327,3,-0.013372647,0.03043703,-0.008034206,
772267851592165,3,-0.006347697,0.022190347,-0.0025364188,
772267871825320,3,-0.011845484,0.012721937,-0.008339639,
772267892150027,3,-0.015205242,0.03196419,-0.004674447,
772267911681276,3,-0.010012887,0.03654568,-0.006507043,
772267929595095,3,-0.007874858,0.025855541,-0.008645071,
772267951842410,3,0.0034261495,0.030131597,-0.006507043,
772267971739871,3,0.0043424442,0.019441456,-0.004063582,
772267989653688,3,-0.010012887,0.017608859,-0.004674447,
772268011962038,3,-0.01734327,0.019441456,-9.2957634E-5,
772268031767947,3,-0.012150915,0.035629384,-0.011393964,
772268052001101,3,-0.0023770705,0.020357754,-0.011699397,
772268072142702,3,-8.499101E-4,0.0151654,-0.007117908,
772268091857058,3,0.0015935525,0.020968616,-0.0052853124,
772268109770877,3,-0.0042096674,0.031047896,-0.0037581492,
772268132475955,3,-0.005125966,0.027382702,-0.0037581492,
772268151915651,3,-0.008791156,0.03165876,-0.008034206,
772268169829470,3,-0.00818029,0.023412079,-0.0043690144,
772268192107303,3,-8.499101E-4,0.024022944,-0.004063582,
772268211943728,3,-0.001460772,0.019136023,-0.00620161,
772268232207399,3,-0.010012887,0.02249578,2.1247473E-4,
772268252196413,3,-0.003293369,0.032269627,-0.0016201208,
772268272063357,3,0.0018989854,0.031047896,-0.009561369,
772268289977176,3,-0.008791156,0.019746888,-0.0043690144,
772268312438112,3,-0.007569425,0.018525157,-0.008034206,
772268332121950,3,-0.0057368316,0.023717511,-0.004063582,
772268350005252,3,0.002509851,0.01883059,-0.0107831,
772268372649295,3,6.7725405E-4,0.020663187,-0.008950504,
772268392119508,3,-0.0035988018,0.031047896,-0.0058961776,
772268412322146,3,-8.499101E-4,0.03410222,-0.0058961776,
772268432341678,3,-0.0035988018,0.03318592,-0.0034527166,
772268452208621,3,-0.007874858,0.032575056,-0.0010092556,
772268470122438,3,-0.0011553429,0.027382702,-0.0058961776,
772268492430788,3,0.0022044182,0.032269627,-0.010172235,
772268512267215,3,-0.0026825033,0.03165876,-0.011699397,
772268530181033,3,-0.010929186,0.024022944,-0.009561369,
772268552580934,3,-0.012456348,0.014249101,-0.003147284,
772268572264773,3,-0.0042096674,0.018525157,-0.0037581492,
772268592497928,3,-0.005125966,0.027382702,-0.014448291,
772268612853152,3,-0.0054313987,0.047541257,-0.007117908,
772268632384401,3,-0.0060422644,0.047541257,-0.008339639,
772268650298220,3,-0.015816107,0.021884914,-0.0107831,
772268672637088,3,-0.024368221,0.0121110715,-0.00620161,
772268692473513,3,-0.009096589,0.027382702,-0.0058961776,
772268710387331,3,-8.499101E-4,0.01669256,-0.006507043,
772268732634646,3,0.011978261,0.020052321,-0.007423341,
772268752501590,3,0.006785907,0.023717511,-0.0107831,
772268772734744,3,-0.0023770705,0.032880493,-0.009561369,
772268792845827,3,-0.014594376,0.016997993,-0.005590745,
772268812590700,3,-0.024062788,0.025855541,-0.002230986,
772268830504520,3,-0.009402022,0.032880493,-0.001314688,
772268853148562,3,0.010451097,0.035629384,-0.012310263,
772268872649293,3,0.0055641755,0.023412079,-0.014448291,
772268890563111,3,-0.005125966,0.03746198,-0.007117908,
772268912810426,3,-0.012150915,0.0423489,-0.0019255537,
772268932677370,3,-0.016732406,0.022801213,-0.0025364188,
772268952910525,3,-0.013372647,0.015470829,-0.0028418512,
772268972930057,3,-0.012150915,0.012416504,-0.0058961776,
772268992766481,3,0.0012881197,0.027077269,-0.0107831,
772269010680299,3,0.0028152838,0.032269627,-0.008339639,
772269033141237,3,0.0043424442,0.034713086,-0.011699397,
772269052825075,3,-0.0011553429,0.027688134,-0.00620161,
772269070738895,3,-0.014899809,0.024022944,-7.038228E-4,
772269093413455,3,3.7182122E-4,0.03043703,-0.0016201208,
772269112853151,3,0.006480474,0.028909866,-0.008034206,
772269133086304,3,-0.004820533,0.027382702,-0.0043690144,
772269153105836,3,-0.0029879361,0.032269627,-0.008645071,
772269172942262,3,-0.006958563,0.021274049,-0.008034206,
772269190856082,3,-0.00818029,0.023717511,-0.0058961776,
772269213164432,3,-0.009402022,0.019441456,-0.0028418512,
772269233000856,3,-0.007263992,0.023106646,-0.009255936,
772269250884156,3,-0.012150915,0.017608859,-0.007728773,
772269273284059,3,-0.011540052,0.02249578,-0.007423341,
772269292998415,3,-0.006347697,0.029520731,-0.0028418512,
772269313262088,3,6.63884E-5,0.040210873,-0.00620161,
772269333617312,3,-0.003293369,0.026771836,-0.009866802,
772269353118043,3,-0.003293369,0.02249578,-0.006507043,
772269371031861,3,-0.006958563,0.021884914,-7.038228E-4,
772269393370728,3,-0.0020716377,0.023106646,-3.9839046E-4,
772269413176637,3,0.0037315823,0.015776262,-0.0058961776,
772269431090457,3,-0.0060422644,0.02463381,-0.010172235,
772269453337772,3,-0.0017662048,0.041738037,-0.008645071,
772269473204714,3,-0.00665313,0.027688134,-0.008950504,
772269493437867,3,-0.0035988018,0.023412079,5.1790755E-4,
772269513579469,3,-0.00818029,0.016997993,-0.0052853124,
772269533293825,3,-0.0042096674,0.011500206,-0.005590745,
772269551146609,3,-2.3904443E-4,0.03043703,-0.009866802,
772269573851687,3,-0.012761781,0.038072847,-0.008034206,
772269593321901,3,-0.012456348,0.039294574,-0.002230986,
772269611205201,3,-0.012761781,0.024022944,-0.010172235,
772269633483034,3,-0.0045151003,0.0044752546,-0.005590745,
772269653349978,3,-0.0029879361,-0.002244264,-0.0028418512,
772269673583132,3,0.0028152838,0.011500206,-0.0107831,
772269693572145,3,-0.0039042346,0.027688134,-0.017502617,
772269713439088,3,0.0022044182,0.04082174,-0.007728773,
772269731322389,3,0.0058696084,0.030742463,-0.00620161,
772269753752810,3,-0.0035988018,0.021579482,-0.0058961776,
772269773497684,3,-0.013067214,0.022190347,-0.008339639,
772269791380983,3,-0.014899809,0.020663187,-0.008950504,
772269813963990,3,0.0012881197,0.021579482,-0.0049798796,
772269833495241,3,-0.0042096674,0.029520731,-0.0058961776,
772269853728396,3,-0.001460772,0.040210873,-0.006507043,
772269873686892,3,-0.015510675,0.029215299,-0.007117908,
772269893584353,3,-0.01398351,0.029826164,-0.006507043,
772269911498170,3,-0.009707455,0.017303426,-0.0037581492,
772269933837037,3,-0.007263992,0.020052321,-0.012310263,
772269953612429,3,-8.499101E-4,0.014249101,-0.007728773,
772269971556765,3,0.0012881197,0.027688134,-0.008950504,
772269993956667,3,0.0043424442,0.04204347,-0.012615696,
772270013671022,3,-0.0023770705,0.03043703,-0.008950504,
772270033873658,3,-0.009707455,0.022190347,-0.003147284,
772270054320436,3,-0.021008462,0.027382702,0.0014342051,
772270073790652,3,-0.011234619,0.029520731,-0.007117908,
772270096526248,3,-0.0035988018,0.01883059,-0.004674447,
772270114012819,3,-0.001460772,0.026466407,-0.008645071,
772270133818726,3,-0.0026825033,0.027993567,-0.008034206,
772270151702028,3,-0.007874858,0.035934817,-0.009866802,
772270174010378,3,-0.009707455,0.024022944,-0.0052853124,
772270193846805,3,-0.009707455,0.015470829,-0.0019255537,
772270214049441,3,-0.00818029,0.018525157,-0.006507043,
772270234191041,3,0.0022044182,0.018525157,-0.009561369,
772270253935914,3,0.0058696084,0.019136023,-0.007728773,
772270271819216,3,-0.0060422644,0.03165876,-0.011393964,
772270294524295,3,0.0018989854,0.035629384,-0.011088531,
772270313994509,3,-0.010623753,0.031047896,-0.004674447,
772270331908326,3,-0.017954135,0.027382702,2.1247473E-4,
772270354186158,3,-0.011540052,0.020357754,2.1247473E-4,
772270374022585,3,-0.0039042346,0.013638236,-0.0028418512,
772270394255740,3,0.002509851,0.015776262,-0.0043690144,
772270414275272,3,0.0028152838,0.024022944,-0.010172235,
772270434111696,3,-0.00818029,0.018219724,-0.011088531,
772270452025513,3,-0.008791156,0.024328377,-0.011393964,
772270474486452,3,-0.017648702,0.017303426,-0.0019255537,
772270494170290,3,-0.0194813,0.022801213,-0.0010092556,
772270512084109,3,-0.007874858,0.021884914,-0.010477667,
772270534667117,3,0.0031207167,0.010583907,-0.008034206,
772270554198366,3,0.0018989854,0.024022944,-0.008339639,
772270574401002,3,0.004037015,0.035934817,-0.008645071,
772270594420534,3,-0.0057368316,0.034407653,-0.007423341,
772270614287478,3,-0.015205242,0.030742463,-0.008645071,
772270632170779,3,-0.011540052,0.026771836,-0.00620161,
772270654540162,3,-0.0029879361,0.024328377,-0.0058961776,
772270674346070,3,-0.003293369,0.020968616,-0.0052853124,
772270692259889,3,0.006480474,0.020052321,-0.008034206,
772270714690310,3,0.0028152838,0.026466407,-0.008034206,
772270734374149,3,-0.009402022,0.033796787,-0.002230986,
772270754607302,3,-0.01031832,0.03043703,-0.002230986,
772270774962525,3,-0.010012887,0.025855541,-0.009866802,
772270794463258,3,0.0018989854,0.0151654,-0.009561369,
772270812346560,3,0.0037315823,0.01088934,-0.009561369,
772270834685428,3,0.006785907,0.029826164,-0.006507043,
772270854521853,3,0.0043424442,0.026160974,-0.009866802,
772270872435670,3,6.7725405E-4,0.02249578,-0.009866802,
772270894682985,3,-0.009096589,0.024022944,0.0023505036,
772270914519411,3,-0.0035988018,0.029215299,-0.004063582,
772270934752566,3,-0.0057368316,0.021579482,-0.00620161,
772270954894167,3,-0.007874858,0.013638236,-0.007117908,
772270974608522,3,-0.0017662048,0.028909866,-0.011088531,
772270992522340,3,-0.0011553429,0.041738037,-0.007117908,
772271015257936,3,-0.0023770705,0.028604433,-0.006507043,
772271034667117,3,-0.014288943,0.029826164,-9.2957634E-5,
772271052611453,3,-0.01734327,0.02463381,0.0017396379,
772271074889284,3,-0.003293369,0.021579482,0.0017396379,
772271094695191,3,-0.005125966,0.0121110715,-0.008645071,
772271114928346,3,-0.007263992,0.02463381,-0.008950504,
772271134947878,3,-0.006958563,0.0432652,-0.004063582,
772271154784305,3,-0.009402022,0.034713086,-0.0052853124,
772271172698123,3,-0.007874858,0.030131597,-0.008339639,
772271195128541,3,-0.0023770705,0.015470829,-0.007117908,
772271214873414,3,-0.012456348,0.01669256,-0.0025364188,
772271232756716,3,-0.004820533,0.021884914,-0.0049798796,
772271255400759,3,-0.0035988018,0.032880493,-0.0049798796,
772271274870974,3,-2.3904443E-4,0.03196419,-0.007117908,
772271295104127,3,-0.007874858,0.037156545,-0.007117908,
772271315093141,3,-0.024368221,0.028604433,-0.008339639,
772271334960085,3,-0.017648702,0.026771836,-0.00620161,
772271352873904,3,-0.008485723,0.03624025,-0.0049798796,
772271375212772,3,0.004037015,0.025244676,-0.0049798796,
772271395049196,3,-2.3904443E-4,0.026771836,-0.0043690144,
772271412932496,3,-0.00818029,0.030742463,-3.9839046E-4,
772271435332399,3,-0.0136780795,0.03135333,-0.0052853124,
772271455046755,3,-0.011234619,0.027382702,-0.008645071,
772271475279910,3,-0.0060422644,0.029520731,-0.0107831,
772271495604617,3,-2.3904443E-4,0.03318592,-0.006507043,
772271515135866,3,-0.012150915,0.03318592,-0.008645071,
772271533049684,3,-0.013372647,0.030131597,-0.001314688,
772271555388552,3,-0.009402022,0.029826164,0.0011287727,
772271575224978,3,0.002509851,0.028604433,-0.0037581492,
772271593108279,3,-0.009096589,0.0121110715,-0.010477667,
772271615355592,3,-0.021008462,0.01302737,-0.008034206,
772271635222535,3,-0.015205242,0.027993567,-0.007423341,
772271655486208,3,0.004647877,0.027993567,-0.009561369,
772271675597292,3,0.0015935525,0.020968616,-0.00620161,
772271695342166,3,-0.013372647,0.020968616,0.0014342051,
772271713255983,3,-0.01612154,0.03196419,-0.0034527166,
772271735900025,3,-0.003293369,0.04204347,-0.007423341,
772271755370241,3,0.010451097,0.027993567,-0.007117908,
772271773284060,3,0.0031207167,0.028299,-0.005590745,
772271795531375,3,-0.0136780795,0.024939243,-0.0034527166,
772271815398318,3,-0.025895383,0.021884914,-0.0019255537,
772271835631471,3,-0.00818029,0.01883059,2.1247473E-4,
772271855651002,3,0.01075653,0.018525157,-7.038228E-4,
772271875487429,3,0.015032589,0.017608859,-0.007423341,
772271893370730,3,-0.0035988018,0.027382702,-0.012921128,
772271915862185,3,-0.00818029,0.040516306,-0.007117908,
772271935546022,3,-0.008791156,0.04082174,-7.038228E-4,
772271953459840,3,-0.011845484,0.028909866,-7.038228E-4,
772271976134401,3,0.002509851,0.011194773,-0.007423341,
772271995574099,3,-0.004820533,0.0063078515,-0.0107831,
772272015776736,3,-0.0060422644,0.029215299,-0.010477667,
772272035796266,3,-0.010012887,0.03746198,-0.00620161,
772272055632691,3,-0.007874858,0.039600007,-0.0025364188,
772272073546510,3,-0.0011553429,0.027077269,-0.003147284,
772272095915896,3,-0.0045151003,0.008751314,0.0038776668,
772272115721805,3,0.0058696084,0.021579482,-0.007117908,
772272133635623,3,0.0073967725,0.029520731,-0.016280886,
772272156035524,3,-0.0035988018,0.026466407,-0.012615696,
772272175749879,3,-0.018259568,0.024939243,-0.0034527166,
772272195983034,3,-0.011845484,0.027077269,-0.008339639,
772272216338259,3,-0.0039042346,0.012416504,-0.0037581492,
772272235838992,3,0.006785907,0.014554534,-0.004674447,
772272253722291,3,-0.0045151003,0.017303426,-0.0052853124,
772272276061158,3,-0.001460772,0.026771836,-0.008950504,
772272295897585,3,0.002509851,0.03501852,-0.008339639,
772272313811404,3,-8.499101E-4,0.033491354,-0.0052853124,
772272336089236,3,-0.010012887,0.03410222,-0.003147284,
772272355925661,3,-0.014594376,0.032575056,-0.00620161,
772272376128296,3,-0.014288943,0.019746888,-0.007423341,
772272396269899,3,-0.0017662048,0.017914291,-0.007423341,
772272415984255,3,-0.009402022,0.019746888,-0.0025364188,
772272433898074,3,-0.0011553429,0.03898914,-0.007423341,
772272456603152,3,-0.004820533,0.025855541,-0.007423341,
772272476073366,3,-0.007569425,0.021274049,-0.007117908,
772272494017701,3,0.0037315823,0.025244676,-0.004063582,
772272516295534,3,-0.0060422644,0.020663187,-0.0016201208,
772272536131961,3,-0.009402022,0.026466407,-0.0052853124,
772272556365115,3,-0.008791156,0.027077269,-0.005590745,
772272576354127,3,-0.008791156,0.030742463,-0.007728773,
772272596221070,3,0.006175041,0.034407653,-0.008339639,
772272614134889,3,0.0034261495,0.024328377,-0.008645071,
772272636565310,3,-0.0017662048,0.017608859,-0.002230986,
772272656249149,3,-0.0039042346,0.026466407,5.1790755E-4,
772272674162966,3,-0.015816107,0.026160974,-0.01322656,
772272696776490,3,-0.014899809,0.023412079,-0.011088531,
772272716277223,3,-0.011234619,0.022190347,-0.0025364188,
772272736510378,3,-5.4447725E-4,0.029520731,-0.00620161,
772272756529910,3,-8.499101E-4,0.020968616,-0.008645071,
772272776396853,3,-0.014288943,0.0151654,-0.0049798796,
772272794280153,3,-0.019175867,0.014554534,-0.0019255537,
772272816619020,3,-0.0026825033,0.028299,-0.011088531,
772272836455446,3,-0.0023770705,0.028909866,-0.0107831,
772272854369265,3,-0.011234619,0.029215299,-0.0025364188,
772272876769167,3,-0.007569425,0.03135333,-0.0049798796,
772272896483522,3,-0.006347697,0.013638236,-0.009255936,
772272916716676,3,-0.0011553429,0.016997993,-0.007423341,
772272937132936,3,-0.009707455,0.024022944,-0.007423341,
772272956511599,3,-0.010929186,0.022801213,-0.0043690144,
772272974425418,3,-0.012150915,0.025550108,0.0011287727,
772272996794802,3,0.0018989854,0.021579482,-0.004063582,
772273016570191,3,0.008923937,0.00936218,-0.007423341,
772273034484010,3,-0.007874858,0.027382702,-0.020556943,
772273056761843,3,-0.016732406,0.07533562,-0.014142858,
772273076598269,3,-0.02314649,0.055482503,-0.0107831,
772273096831423,3,-0.024673654,0.026160974,-0.007728773,
772273119567018,3,-0.025895383,0.0020317957,-0.003147284,
772273136687379,3,0.0077022053,-0.0013279617,-0.0043690144,
772273154601198,3,0.019308645,0.018525157,-0.0052853124,
772273177306277,3,0.00495331,0.026160974,-0.008645071,
772273196776492,3,0.0018989854,0.05517707,-0.011088531,
772273214659791,3,-0.010623753,0.047235824,-0.004674447,
772273236937623,3,-0.024673654,0.018525157,-0.0010092556,
772273256774049,3,-0.021619327,0.015470829,-0.0052853124,
772273277007204,3,-0.02192476,-0.002549693,-0.011699397,
772273297026736,3,-0.008791156,0.011805639,-0.005590745,
772273316863161,3,0.0043424442,0.03135333,-0.003147284,
772273334776978,3,0.0028152838,0.03501852,-0.007423341,
772273357207399,3,-0.016732406,0.020357754,-0.008950504,
772273376921755,3,-0.017954135,0.017914291,-0.008950504,
772273394835574,3,-0.007569425,0.013943668,-0.007423341,
772273417449099,3,9.826869E-4,0.023106646,-0.010172235,
772273436949830,3,0.004647877,0.032269627,-0.012921128,
772273457182985,3,0.0055641755,0.033796787,-0.007423341,
772273477171999,3,-0.0026825033,0.032575056,-0.0028418512,
772273497038943,3,6.7725405E-4,0.027077269,-0.008950504,
772273514922244,3,-0.0020716377,0.024328377,-0.010477667,
772273537261109,3,-0.0020716377,0.027993567,-0.01200483,
772273557097535,3,-0.010623753,0.029826164,-0.0019255537,
772273574980837,3,-0.005125966,0.028604433,-0.0037581492,
772273597411257,3,0.006175041,0.023106646,-0.006507043,
772273617125613,3,0.0018989854,0.014554534,-0.0052853124,
772273637358766,3,-0.0029879361,0.023412079,-0.007423341,
772273657683472,3,-0.009096589,0.03318592,-0.005590745,
772273677214723,3,-0.0136780795,0.027382702,-0.008645071,
772273695098025,3,-0.017648702,0.014859967,-0.0034527166,
772273717467410,3,-0.0136780795,0.017303426,-0.001314688,
772273737242800,3,-0.0054313987,0.022190347,-0.006507043,
772273755187135,3,0.0031207167,0.040210873,-0.016891751,
772273777495485,3,9.826869E-4,0.04204347,-0.014448291,
772273797331911,3,-5.4447725E-4,0.042654335,-0.0049798796,
772273817565066,3,-0.007263992,0.029215299,0.0023505036,
772273837615115,3,-0.010623753,0.015776262,0.0014342051,
772273857421022,3,-0.014594376,0.007529583,-0.012615696,
772273875304322,3,-0.011845484,0.017608859,-0.007423341,
772273898039919,3,3.7182122E-4,0.042654335,-0.005590745,
772273917449099,3,0.0070913397,0.030742463,-0.006507043,
772273935362918,3,0.002509851,0.029826164,-0.008645071,
772273957640749,3,-0.012456348,0.030131597,-0.001314688,
772273977507691,3,-0.02558995,0.041738037,0.0032668011,
772273997710329,3,-0.025895383,0.037156545,0.0014342051,
772274017729860,3,-0.01398351,0.020968616,-0.008034206,
772274037566287,3,-0.0060422644,0.0035589598,-0.010172235,
772274055480105,3,-0.01031832,0.0011154972,-0.0049798796,
772274077941041,3,-0.007874858,0.025550108,-0.007728773,
772274097655397,3,0.004037015,0.037156545,-0.006507043,
772274115538698,3,0.0043424442,0.03654568,-0.0043690144,
772274138152224,3,0.0012881197,0.031047896,-0.009255936,
772274157683474,3,-0.005125966,0.028909866,-0.007423341,
772274177916627,3,-0.009707455,0.02249578,-0.004674447,
772274197905641,3,-0.016426973,0.029215299,-0.0028418512,
772274217742067,3,-0.009707455,0.025550108,-0.0019255537,
772274235655886,3,0.011672828,0.027077269,-0.0052853124,
772274257994754,3,0.009534802,0.022801213,-0.0049798796,
772274277800661,3,-0.015816107,0.023412079,-0.004063582,
772274295744996,3,-0.021008462,0.014249101,-0.006507043,
772274318144899,3,-0.01612154,0.0044752546,-0.0016201208,
772274337859255,3,-0.0029879361,0.024939243,-0.003147284,
772274358031375,3,-2.3904443E-4,0.018219724,-0.011699397,
772274378386599,3,9.826869E-4,0.02249578,-0.011699397,
772274397917848,3,-0.0035988018,0.028909866,-0.0049798796,
772274415801149,3,0.0022044182,0.042654335,-0.010477667,
772274438140016,3,-0.0011553429,0.017608859,-0.004674447,
772274457945925,3,-0.0054313987,0.013943668,-0.005590745,
772274475859744,3,-0.007263992,0.008751314,-0.0034527166,
772274498137574,3,-0.015510675,0.012416504,-3.9839046E-4,
772274517974000,3,-0.009402022,0.030131597,-0.007728773,
772274538207155,3,-0.0060422644,0.029520731,-0.010172235,
772274558379276,3,-0.0029879361,0.024939243,-0.004674447,
772274578063113,3,-0.0042096674,0.020968616,-7.038228E-4,
772274596007448,3,-0.012456348,0.015776262,-0.009561369,
772274618682009,3,-0.005125966,0.008445881,-0.008950504,
772274638152224,3,-0.017037837,0.0151654,-0.009866802,
772274656035526,3,-0.011540052,0.018525157,-0.0019255537,
772274678313356,3,-0.0011553429,0.029215299,-0.0019255537,
772274698180299,3,-0.0060422644,0.020052321,-0.00620161,
772274718413455,3,-0.0042096674,0.018525157,-0.0028418512,
772274738555057,3,0.008313071,0.028909866,-0.008645071,
772274758421999,3,0.0015935525,0.026160974,-0.011699397,
772274776244264,3,-0.009402022,0.027382702,-7.038228E-4,
772274798705204,3,-0.020397596,0.023717511,0.0069319922,
772274818480594,3,-0.0136780795,0.030742463,0.0029613683,
772274836302858,3,-0.013372647,0.020663187,-0.0049798796,
772274859007937,3,0.004037015,0.014859967,-0.003147284,
772274878478153,3,-0.0194813,0.0121110715,-0.022389539,
772274898619754,3,-0.05552235,0.08113884,-0.050794773,
772274918639284,3,-0.057965808,0.12970263,-0.052932803,
772274938506228,3,-0.0634636,0.15016662,-0.055681694,
772274956389529,3,-0.0466648,0.15566441,-0.026360163,
772274978758914,3,-0.013372647,0.08083341,-0.004674447,
772274998534304,3,0.012589127,0.0020317957,0.013346078,
772275016448122,3,0.008007638,-0.036758147,0.0173167,
772275038939579,3,-0.010623753,-0.034009255,-0.007728773,
772275058592899,3,-0.02558995,0.024022944,-0.023000404,
772275078795534,3,-0.012456348,0.059147697,-0.019335214,
772275099181277,3,-0.006958563,0.05029015,-0.012615696,
772275118651493,3,-0.004820533,0.021274049,-0.0037581492,
772275136565311,3,-0.0029879361,0.007529583,-0.003147284,
772275158873659,3,-0.0029879361,0.00508612,-0.005590745,
772275178679568,3,-0.0039042346,0.027382702,-0.006507043,
772275196593386,3,-0.012456348,0.028299,-9.2957634E-5,
772275218871219,3,-0.024979087,0.038072847,0.005710262,
772275238707643,3,-0.026506249,0.035629384,-0.004674447,
772275258940798,3,-0.011540052,0.025244676,-0.0058961776,
772275279082401,3,0.008923937,0.013943668,-0.008034206,
772275298857791,3,0.008313071,0.029520731,-0.009866802,
772275316741091,3,0.0055641755,0.0432652,-0.004674447,
772275339415652,3,0.004037015,0.04082174,-0.009561369,
772275358916385,3,0.006175041,0.025550108,-0.004063582,
772275376830203,3,-5.4447725E-4,0.025244676,-0.003147284,
772275399016481,3,-0.016732406,0.023412079,-7.038228E-4,
772275420043093,3,-0.016426973,0.041738037,-0.0043690144,
772275439269168,3,-0.006958563,0.040516306,0.0032668011,
772275459014041,3,0.0043424442,0.020968616,-0.003147284,
772275478942018,3,-0.009707455,0.0151654,-0.011393964,
772275496825319,3,-0.008791156,0.025244676,-0.005590745,
772275519316776,3,-0.009707455,0.024328377,-0.0019255537,
772275539000613,3,-0.004820533,0.033491354,-0.0019255537,
772275556914431,3,3.7182122E-4,0.020357754,-0.007728773,
772275579527957,3,-0.0023770705,0.015776262,-0.0052853124,
772275599059207,3,-0.0026825033,0.020357754,-0.0043690144,
772275619261844,3,-0.010012887,0.026771836,-7.038228E-4,
772275639250856,3,-0.003293369,0.03532395,-0.0052853124,
772275659117800,3,-0.007874858,0.029520731,-0.002230986,
772275677031619,3,-0.010623753,0.024022944,-0.003147284,
772275699339969,3,-0.003293369,0.03654568,-0.006507043,
772275719145876,3,-0.011540052,0.020357754,-0.0043690144,
772275737090212,3,-0.0042096674,0.026160974,-0.004674447,
772275759490116,3,-0.013067214,0.018219724,-0.0049798796,
772275779173953,3,-0.006958563,0.039294574,-0.008339639,
772275799407106,3,-0.0045151003,0.03318592,-0.0034527166,
772275819823367,3,-2.3904443E-4,0.028604433,-0.008034206,
772275839263065,3,-0.009707455,0.024328377,-0.004063582,
772275857176883,3,-0.016426973,0.018525157,-0.008950504,
772275879515749,3,-0.015205242,0.0066132843,-0.009255936,
772275899352175,3,-0.008485723,0.008751314,-0.007423341,
772275917235476,3,-0.0039042346,0.017608859,-0.008645071,
772275939513309,3,-0.004820533,0.027382702,-0.001314688,
772275959380251,3,0.002509851,0.041738037,-0.0107831,
772275979582888,3,-0.0026825033,0.03043703,-0.011699397,
772275999724491,3,-0.0020716377,0.021884914,-0.008339639,
772276019469363,3,-0.0035988018,0.026466407,-0.0052853124,
772276037352663,3,-0.010929186,0.026466407,-0.0016201208,
772276060057742,3,-0.00665313,0.020357754,-0.002230986,
772276079497440,3,0.0037315823,0.019746888,-7.038228E-4,
772276097411258,3,0.008618504,0.024939243,-0.006507043,
772276119689089,3,6.63884E-5,0.028604433,-0.008645071,
772276139525515,3,-0.006958563,0.034713086,-0.007423341,
772276159758670,3,-0.009707455,0.03318592,-0.008645071,
772276179778201,3,-0.010012887,0.01669256,-0.008645071,
772276199614626,3,-0.0017662048,0.01883059,-0.0049798796,
772276217497927,3,-0.0011553429,0.016081695,-0.009866802,
772276239989383,3,9.826869E-4,0.023412079,-0.007117908,
772276259673221,3,-0.0017662048,0.024022944,-0.004063582,
772276277587038,3,-0.015205242,0.023106646,0.0044885315,
772276300200564,3,-0.018565001,0.032575056,-0.0025364188,
772276319670780,3,-0.007874858,0.033796787,-0.0043690144,
772276339934451,3,0.0028152838,0.03624025,-0.007423341,
772276360411745,3,-5.4447725E-4,0.025244676,-0.007117908,
772276379790408,3,-0.00818029,0.029215299,-0.0043690144,
772276397704226,3,-0.0042096674,0.032575056,-0.0043690144,
772276420043094,3,-2.3904443E-4,0.023412079,-0.008645071,
772276439849001,3,6.63884E-5,0.0121110715,-0.010172235,
772276457732302,3,-0.009096589,0.014249101,-0.007423341,
772276480162723,3,-0.0039042346,0.027688134,-0.0052853124,
772276499877078,3,-0.0023770705,0.03196419,-0.008339639,
772276520079714,3,-0.006347697,0.024328377,-0.005590745,
772276540465457,3,-0.007263992,0.020663187,-0.004063582,
772276559966190,3,-8.499101E-4,0.033491354,-0.0052853124,
772276577880008,3,0.0018989854,0.025244676,-0.011393964,
772276600218874,3,-0.0042096674,0.020968616,-0.0049798796,
772276620024783,3,-0.012456348,0.027688134,-0.0049798796,
772276637938601,3,-0.0045151003,0.020968616,-0.008034206,
772276660216434,3,9.826869E-4,0.02463381,-0.0058961776,
772276680052858,3,0.0034261495,0.019136023,-0.00620161,
772276700255496,3,-0.01031832,0.021274049,-0.006507043,
772276720397098,3,-0.012456348,0.025244676,-0.00620161,
772276740172488,3,-0.015510675,0.025550108,-0.0034527166,
772276758025271,3,-5.4447725E-4,0.024939243,-3.9839046E-4,
772276780791384,3,0.009229369,0.020052321,-0.0037581492,
772276800170047,3,0.002509851,0.024022944,-0.015364589,
772276818083866,3,-0.021008462,0.024939243,-0.015059156,
772276840392214,3,-0.029866008,0.027688134,-0.0107831,
772276860198123,3,-0.017037837,0.014249101,-0.006507043,
772276880431278,3,0.0015935525,0.011194773,-0.010477667,
772276900450809,3,0.018392347,0.01302737,-0.007117908,
772276920317751,3,0.002509851,0.030742463,-0.012615696,
772276938201052,3,9.826869E-4,0.0432652,-0.007728773,
772276960661991,3,-0.01612154,0.032880493,-0.008339639,
772276980345828,3,-0.012150915,0.017303426,-0.009255936,
772276998259646,3,-0.012456348,0.015776262,2.1247473E-4,
772277020903689,3,-0.001460772,0.028604433,-0.007117908,
772277040373905,3,-0.009402022,0.021274049,-0.00620161,
772277060607059,3,-0.005125966,0.016081695,-0.008034206,
772277080626589,3,3.7182122E-4,0.01669256,-0.0034527166,
772277100493533,3,-0.012456348,0.022190347,-0.0037581492,
772277118376835,3,-0.017037837,0.024939243,-0.0034527166,
772277140654666,3,-0.005125966,0.027382702,-0.007728773,
772277160521608,3,-0.0023770705,0.020663187,-0.006507043,
772277178435428,3,-0.0060422644,0.015470829,-0.006507043,
772277200835330,3,-0.0020716377,0.019136023,-0.004674447,
772277220580203,3,-0.01398351,0.029826164,-0.00620161,
772277240813356,3,-0.0042096674,0.032575056,-0.004674447,
772277261138064,3,-0.008791156,0.022190347,-0.0043690144,
772277280669315,3,-0.0035988018,0.019746888,-0.010477667,
772277298613651,3,-0.0011553429,0.016387127,-0.008339639,
772277320921999,3,-0.013372647,0.03624025,-0.0049798796,
772277340758425,3,-0.010929186,0.03746198,-0.0034527166,
772277358672245,3,-0.009707455,0.031047896,2.1247473E-4,
772277380950076,3,-0.009096589,0.03501852,-0.005590745,
772277400786501,3,-0.007263992,0.022801213,0.007542858,
772277421019656,3,-0.0011553429,0.032575056,8.233404E-4,
772277441130741,3,-0.012150915,0.025550108,8.233404E-4,
772277460875613,3,-0.0039042346,0.03410222,-0.008645071,
772277478758913,3,-0.001460772,0.035629384,-0.008950504,
772277501463992,3,0.0015935525,0.031047896,-0.010477667,
772277520934207,3,0.0034261495,0.016081695,-0.001314688,
772277538817508,3,-0.008485723,0.023717511,-0.0016201208,
772277561095339,3,-0.0026825033,0.029520731,-0.0016201208,
772277580962283,3,-0.0045151003,0.034407653,-0.00620161,
772277601195438,3,-0.009402022,0.035629384,-0.004063582,
772277621184451,3,-0.015816107,0.029826164,-0.003147284,
772277641051393,3,-0.011540052,0.030742463,-0.006507043,
772277658934695,3,-0.003293369,0.012721937,-0.009255936,
772277681426151,3,-5.4447725E-4,0.013332803,-0.008034206,
772277701079471,3,0.0012881197,0.016081695,-0.008950504,
772277718993288,3,-0.006347697,0.039294574,-0.008034206,
772277741667849,3,-0.0017662048,0.03654568,-0.009866802,
772277761107547,3,-0.0045151003,0.024939243,0.0026559355,
772277781340701,3,-0.007874858,0.024939243,5.1790755E-4,
772277801390749,3,-0.005125966,0.025244676,-0.0010092556,
772277821227175,3,-0.0060422644,0.034407653,-0.009866802,
772277839110477,3,-0.009096589,0.03654568,-0.008950504,
772277861479860,3,-0.012761781,0.033491354,-0.007728773,
772277881255251,3,-0.019175867,0.0151654,-0.005590745,
772277899169070,3,-0.013067214,0.012721937,-0.004063582,
772277921630008,3,-0.015205242,0.014859967,-0.0043690144,
772277941283327,3,0.006480474,0.03165876,-0.006507043,
772277961546999,3,0.0037315823,0.039600007,-0.015059156,
772277981902224,3,0.0058696084,0.046319526,-0.007728773,
772278001372440,3,-0.012150915,0.03654568,5.1790755E-4,
772278019255740,3,-0.033836633,0.03746198,0.007542858,
772278041594606,3,-0.036585525,0.03898914,0.003572234,
772278061400515,3,-0.028644277,0.038378276,0.0063211275,
772278079283817,3,-0.019175867,0.04357063,-0.008339639,
772278101622683,3,-0.011845484,0.04204347,-0.0043690144,
772278121428591,3,-0.007263992,0.03898914,-0.0025364188,
772278141661746,3,-0.018259568,0.03501852,-0.008950504,
772278161803348,3,-0.025284518,0.037156545,-0.0043690144,
772278181517702,3,-0.018870434,0.03165876,-0.0043690144,
772278199462038,3,-0.01734327,0.026466407,-0.010172235,
772278222167117,3,-0.031087738,0.057925966,-0.02147324,
772278241606815,3,-0.04299961,0.102213696,-0.017197184,
772278259520632,3,-0.035669226,0.11656903,-0.0025364188,
772278281859499,3,-0.020397596,0.09885394,0.012124347,
772278301604373,3,9.826869E-4,0.011194773,-0.019946078,
772278321868045,3,0.02572273,-0.008047484,-0.035523143,
772278341857058,3,0.01991951,0.08388774,-0.040410064,
772278361724001,3,-0.0045151003,0.13122979,-0.05048934,
772278379607303,3,-0.029255142,0.14405796,-0.03063622,
772278402068241,3,-0.011845484,0.095188744,-0.008034206,
772278421752077,3,-0.0035988018,0.032880493,-0.008645071,
772278439635378,3,-0.014594376,0.018525157,-0.012310263,
772278462279422,3,-0.028033413,0.056704234,-0.022694971,
772278481749637,3,-0.0057368316,0.06556178,-0.01567002,
772278502013308,3,0.0052587427,0.06342375,-0.013531993,
772278522002321,3,0.022362974,0.046014093,-0.021778673,
772278541869265,3,0.021446671,0.023412079,-0.024222136,
772278559752567,3,0.0022044182,0.046014093,-0.025749298,
772278582121950,3,-0.029866008,0.059758563,-0.033385113,
772278601897341,3,-0.04788653,0.07686279,-0.037355736,
772278619811160,3,-0.052162588,0.12237225,-0.04560242,
772278642241580,3,-0.031087738,0.15322095,-0.044380687,
772278661925417,3,0.039161768,0.13214609,-0.03674487,
772278682158571,3,0.055349696,0.07441933,-0.031552516,
772278702605349,3,0.07275936,0.027688134,-0.026665596,
772278722045047,3,0.022362974,0.030742463,-0.025138432,
772278739928347,3,-0.042694177,0.06372918,-0.002230986,
772278762297731,3,-0.046359368,0.0017263629,0.020065594,
772278782103640,3,-0.0326149,-0.03767445,0.01701127,
772278799986942,3,-0.028644277,-0.016294159,-0.001314688,
772278822295290,3,0.0028152838,0.041738037,-0.025749298,
772278842101198,3,0.032442246,0.08846923,-0.027887326,
772278862364871,3,0.030915085,0.06983784,-0.01567002,
772278882506473,3,0.013505425,0.05364991,-0.006507043,
772278902220827,3,-0.009402022,0.01302737,0.01120805,
