772243987731082,3,-0.050278235,9.400833,-0.044891283,
772244009490114,3,-0.023942016,9.425373,-0.073621705,
772244028746707,3,-0.01436521,9.418191,-0.088585466,
772244047911746,3,-0.025737667,9.396643,-0.15562311,
772244069548709,3,-0.044292733,9.406818,-0.25139117,
772244089781862,3,-0.047285482,9.379285,-0.1352724,
772244108244996,3,-0.01616086,9.405622,-0.022146367,
772244129637820,3,0.03232172,9.4062195,-0.11312603,
772244147521120,3,-0.025737667,9.442133,-0.17537527,
772244167967898,3,-0.109534726,9.457695,-0.092176765,
772244189726931,3,-0.088585466,9.439739,-0.044891283,
772244208922487,3,-0.07062895,9.415198,-0.17238252,
772244227965455,3,-0.017357962,9.328408,-0.16639702,
772244249724490,3,0.008379706,9.360131,-0.19033903,
772244269927128,3,-0.047884032,9.433753,-0.22325931,
772244288146121,3,-0.130484,9.48463,-0.10354923,
772244309844118,3,-0.11851298,9.43495,-0.039504327,
772244327788454,3,-0.0724246,9.40203,-0.094570965,
772244348479374,3,0.044292733,9.408015,-0.077811554,
772244369902712,3,-0.010773907,9.375694,-0.17657238,
772244389098269,3,-0.055066638,9.415198,-0.18255788,
772244408171755,3,0.0035913025,9.408015,-0.0700304,
772244429900272,3,-0.0688333,9.415198,-0.020350715,
772244450133425,3,-0.05626374,9.4217825,-0.12689269,
772244468169313,3,0.0035913025,9.432556,-0.108936176,
772244489928347,3,0.050876785,9.434352,-0.076015905,
772244507964236,3,-0.002992752,9.368511,-0.107140526,
772244528624636,3,-0.074818805,9.403826,-0.17776948,
772244550047976,3,-0.095169514,9.388264,-0.09696517,
772244569274051,3,-0.029927522,9.427169,-0.06344634,
772244588683231,3,-0.047884032,9.414599,-0.09995792,
772244610076052,3,-0.050876785,9.466075,-0.05207389,
772244630431276,3,-0.018555064,9.442732,-0.0053869537,
772244648436648,3,0.050876785,9.354146,-0.08439561,
772244670134647,3,-0.036511578,9.436148,-0.109534726,
772244688048464,3,-0.02873042,9.362526,-0.15562311,
772244708434206,3,-0.010175358,9.385271,-0.23762453,
772244730223758,3,-0.109534726,9.423578,-0.15442601,
772244749480350,3,-0.06404489,9.356541,-0.044292733,
772244768584353,3,-0.037708677,9.43914,-0.093373865,
772244790312868,3,0.031124622,9.415796,-0.06584055,
772244810515506,3,0.044292733,9.416994,-0.050278235,
772244828948124,3,-0.062249243,9.405023,-0.05925649,
772244850371462,3,-0.030526072,9.384073,-0.01436521,
772244868743044,3,-0.06464344,9.428965,-0.08499416,
772244888671023,3,0.015562311,9.437943,-0.11432313,
772244910430057,3,0.035314474,9.370307,-0.12868834,
772244929686648,3,-0.06284779,9.36911,-0.089184016,
772244948699099,3,-0.0724246,9.417592,-0.11252748,
772244970458133,3,-0.035913024,9.446322,-0.073621705,
772244990691288,3,-0.014963761,9.399636,-0.047285482,
772245008879763,3,-0.04249708,9.383475,-0.022146367,
772245030608278,3,-0.024540568,9.464279,0.047884032,
772245048491580,3,0.014963761,9.379884,-0.06943185,
772245069151981,3,0.04189853,9.36911,-0.16400282,
772245090575320,3,-0.06943185,9.420585,-0.09756372,
772245109801394,3,-0.050876785,9.378687,-0.15741876,
772245128783328,3,-0.04369418,9.40203,-0.17477672,
772245150572879,3,-0.04189853,9.492412,-0.0053869537,
772245170806033,3,0.032920275,9.414599,0.09636662,
772245188902956,3,0.076614454,9.390657,-0.05626374,
772245210661990,3,0.046088383,9.412206,-0.075417355,
772245228575809,3,-0.021547815,9.356541,-0.044292733,
772245249083621,3,-0.093972415,9.384672,-0.17657238,
772245270720583,3,-0.11192893,9.400234,-0.219668,
772245290007693,3,-0.09935937,9.449316,-0.090381116,
772245309294803,3,0.008978256,9.408614,0.007182605,
772245330718142,3,0.05925649,9.3978405,0.034117375,
772245351012331,3,0.035314474,9.39365,-0.075417355,
772245369017703,3,-0.01316811,9.458893,-0.11671733,
772245390837772,3,-0.022146367,9.379884,-0.09696517,
772245408843142,3,-0.11971009,9.452907,-0.21068975,
772245429137331,3,-0.089782566,9.414599,-0.17776948,
772245450896365,3,0.017357962,9.3343935,-0.14664486,
772245470122440,3,5.985504E-4,9.383475,-0.06344634,
772245489256960,3,0.0035913025,9.434352,0.073023155,
772245510893923,3,0.011971008,9.402629,0.08200141,
772245531157596,3,-0.031124622,9.4535055,-0.110133275,
772245549529178,3,-0.031124622,9.419987,-0.089184016,
772245570983034,3,-0.026934769,9.3733,-0.089782566,
772245588896853,3,-0.10354923,9.428965,-0.08319851,
772245609313113,3,-0.05327099,9.411607,-0.09696517,
772245631011112,3,0.022744916,9.369708,-0.09876082,
772245650298220,3,-0.08080431,9.41879,-0.034117375,
772245669310671,3,0.0077811554,9.402629,-0.047884032,
772245691069705,3,0.01436521,9.430161,-0.038307227,
772245711302860,3,-0.023942016,9.423578,-0.08678981,
772245729491335,3,-0.046686932,9.427768,-0.074818805,
772245751128298,3,0.030526072,9.370906,-0.04189853,
772245769072635,3,-0.011971008,9.395446,-0.10175357,
772245789794071,3,0.016759412,9.399636,-0.13108255,
772245811186892,3,-0.060453594,9.445126,-0.073023155,
772245835204225,3,-0.018555064,9.408614,-0.011372458,
772245849455935,3,-0.004189853,9.402629,-0.074220255,
772245871214969,3,-0.008978256,9.403826,-0.019752163,
772245891478640,3,-0.004189853,9.379285,-0.1316811,
772245909545046,3,-0.02633622,9.440337,-0.06344634,
772245931334597,3,-0.038307227,9.371504,-0.14425065,
772245949248417,3,-0.0017956513,9.425972,-0.12150574,
772245969756228,3,-0.012569559,9.427169,-0.050876785,
772245991362673,3,-0.030526072,9.439739,-0.08080431,
772246010619266,3,-0.053869538,9.414599,-0.04309563,
772246030028446,3,0.014963761,9.354745,-0.09876082,
772246051451784,3,-0.033518825,9.388264,-0.059855044,
772246071654421,3,-0.006584055,9.44752,-0.09696517,
772246089751346,3,0.036511578,9.419987,0.015562311,
772246111479862,3,0.030526072,9.3182335,-0.044292733,
772246129393679,3,-0.038905777,9.414599,-0.20530279,
772246149809939,3,-0.02813187,9.55047,-0.025737667,
772246171568972,3,0.08559271,9.400234,0.023942016,
772246190825565,3,0.049081136,9.364322,-0.0047884034,
772246209929568,3,0.011971008,9.405023,-0.077213004,
772246231566530,3,0.035913024,9.409811,-0.14664486,
772246251830203,3,-0.030526072,9.381081,-0.13108255,
772246270232303,3,-0.047884032,9.387665,-0.09636662,
772246291625124,3,-0.05686229,9.4535055,-0.048482586,
772246310973269,3,0.090381116,9.422979,-0.019752163,
772246329985721,3,0.10474633,9.405622,-0.08798691,
772246351744754,3,0.061052144,9.385271,-0.14903906,
772246370970828,3,-0.02932897,9.370307,-0.14784196,
772246389952761,3,-0.09636662,9.419987,-0.13826515,
772246411711795,3,-0.054468088,9.44752,-0.024540568,
772246431975467,3,0.046686932,9.412804,0.065242,
772246450224978,3,0.079008654,9.432556,-0.034117375,
772246471861940,3,0.076614454,9.4295635,-0.09696517,
772246489745242,3,0.049679685,9.330204,-0.0688333,
772246510497196,3,-0.053869538,9.428367,-0.16639702,
772246531890017,3,-0.06464344,9.481039,-0.16280572,
772246551146609,3,0.036511578,9.351153,-0.10594343,
772246570128543,3,-0.010175358,9.34038,-0.06703765,
772246591918094,3,0.031124622,9.46847,-0.01436521,
772246612181765,3,0.07182605,9.415796,-0.044292733,
772246630217653,3,0.04369418,9.3978405,-0.09636662,
772246652007205,3,0.013766659,9.403826,-0.12449849,
772246669951542,3,0.015562311,9.400234,-0.029927522,
772246690459353,3,0.019752163,9.415796,-0.11432313,
772246712096315,3,-0.0053869537,9.407417,-0.062249243,
772246731322391,3,0.01436521,9.42238,-0.09995792,
772246750701053,3,0.006584055,9.40203,-0.040102877,
772246772093874,3,0.06404489,9.351752,-0.05566519,
772246792327028,3,0.034715924,9.43076,-0.13587095,
772246810423953,3,-0.0011971008,9.411607,-0.08020575,
772246832213504,3,-0.012569559,9.412804,-0.088585466,
772246850127322,3,0.073621705,9.409811,-0.076614454,
772246870513064,3,-0.048482586,9.421184,-0.08379706,
772246892272097,3,0.04189853,9.385869,-0.075417355,
772246911528690,3,0.04129998,9.389461,-0.08499416,
772246930632693,3,0.015562311,9.419388,-0.0664391,
772246952239138,3,-0.014963761,9.414599,-0.025737667,
772246972533328,3,0.0023942017,9.40203,-0.14784196,
772246990965946,3,-0.023942016,9.394848,-0.17597382,
772247012358767,3,-0.007182605,9.363723,-0.12988544,
772247030272585,3,0.031124622,9.41879,-0.089184016,
772247054747683,3,0.031124622,9.43495,-0.04129998,
772247071715458,3,0.023942016,9.394249,0.024540568,
772247089629275,3,0.011971008,9.40203,-0.04249708,
772247111937624,3,0.024540568,9.391854,-0.10414778,
772247131774051,3,-0.065242,9.415198,-0.10654198,
772247152007205,3,-0.011971008,9.369708,-0.11252748,
772247172118287,3,0.023343466,9.438541,-0.031124622,
772247191832644,3,0.09876082,9.402629,-0.020350715,
772247209746463,3,0.030526072,9.431957,-0.05686229,
772247232482058,3,-0.055066638,9.39365,-0.073621705,
772247251921754,3,0.02932897,9.371504,-0.1448492,
772247269835573,3,-0.047285482,9.416395,-0.038905777,
772247292113406,3,-0.008379706,9.409811,-0.039504327,
772247311949832,3,0.0688333,9.436148,-0.08619126,
772247332182985,3,0.05626374,9.437943,0.0047884034,
772247352202517,3,0.05327099,9.333197,-0.015562311,
772247372008426,3,0.0053869537,9.415796,-0.073023155,
772247389922244,3,-0.11372458,9.423578,-0.21667525,
772247412413698,3,0.0047884034,9.406818,-0.12449849,
772247432097536,3,0.004189853,9.340978,-0.044292733,
772247449980838,3,0.05626374,9.43076,-0.006584055,
772247472624880,3,0.065242,9.427768,-0.0035913025,
772247492095094,3,0.038307227,9.376292,-0.10235212,
772247512328249,3,-0.05626374,9.418191,-0.17298107,
772247532378299,3,-0.04129998,9.446322,-0.12569559,
772247552214724,3,0.044292733,9.399636,-0.05207389,
772247570098024,3,0.046686932,9.4217825,-0.01616086,
772247592467409,3,-0.02633622,9.3733,-0.076015905,
772247612273318,3,0.05327099,9.438541,-0.110731825,
772247630156619,3,0.02932897,9.3738985,-0.11252748,
772247652587037,3,0.029927522,9.40203,-0.047285482,
772247672270876,3,0.01616086,9.391256,-0.075417355,
772247692534549,3,0.017357962,9.43495,-0.089184016,
772247712859255,3,-0.024540568,9.430161,-0.08798691,
772247732390504,3,0.015562311,9.385869,-0.049081136,
772247750273806,3,0.048482586,9.411008,-0.02873042,
772247772643191,3,0.011971008,9.408614,-0.13467385,
772247792449099,3,-0.04369418,9.4217825,-0.14544775,
772247810332399,3,0.012569559,9.374496,-0.095169514,
772247832640749,3,0.027533319,9.421184,-0.05686229,
772247852446658,3,0.0676362,9.412804,-0.01436521,
772247872679812,3,0.046088383,9.435549,0.023942016,
772247892821412,3,0.013766659,9.422979,-0.021547815,
772247912535769,3,0.017956512,9.382876,-0.095768064,
772247930449588,3,0.0047884034,9.3822775,-0.16280572,
772247953215701,3,-0.010175358,9.355343,-0.20111294,
772247972594362,3,-0.04070143,9.433155,-0.09696517,
772247990508181,3,-0.022744916,9.46009,-0.020949265,
772248012816531,3,0.033518825,9.416395,0.020350715,
772248032622439,3,0.10055647,9.3978405,-0.038307227,
772248052886110,3,0.0796072,9.396643,-0.049081136,
772248072905642,3,0.022744916,9.408614,-0.16101007,
772248092742068,3,-0.025737667,9.396045,-0.1921347,
772248110625369,3,-0.02633622,9.3978405,-0.14305355,
772248133116823,3,-0.015562311,9.3978405,0.010175358,
772248152770144,3,0.02633622,9.420585,0.031124622,
772248170683963,3,0.076614454,9.446322,0.04249708,
772248193328005,3,0.0712275,9.405023,-0.08678981,
772248212798219,3,0.05207389,9.389461,-0.14305355,
772248233031374,3,-0.023942016,9.414001,-0.07062895,
772248253050906,3,-0.048482586,9.444528,-0.046686932,
772248272887332,3,-0.0077811554,9.395446,-0.11791443,
772248290770631,3,0.04070143,9.421184,-0.074818805,
772248313140017,3,0.029927522,9.400833,-0.035913024,
772248332945926,3,0.025737667,9.402629,-0.029927522,
772248350890261,3,0.053869538,9.393052,-0.04129998,
772248373259645,3,0.017357962,9.414001,-0.1316811,
772248392973999,3,0.018555064,9.39365,-0.17058687,
772248413207154,3,-0.030526072,9.436148,-0.05805939,
772248433592897,3,0.03232172,9.419987,0.07182605,
772248453032595,3,0.04070143,9.434352,0.05566519,
772248470976932,3,0.08140286,9.390059,-0.065242,
772248493285280,3,0.050876785,9.38168,-0.15562311,
772248513091187,3,-0.04129998,9.4062195,-0.14305355,
772248531005006,3,0.017357962,9.399037,-0.076015905,
772248553343874,3,-0.023942016,9.437943,-0.04129998,
772248573149783,3,0.02633622,9.412804,-0.036511578,
772248593352420,3,0.076614454,9.409811,-0.047884032,
772248613524537,3,0.047285482,9.400234,-0.074818805,
772248633238892,3,0.037110128,9.399037,-0.11671733,
772248651152711,3,-0.011971008,9.408614,-0.142455,
772248673827272,3,0.020350715,9.399636,-0.10654198,
772248693266970,3,0.017956512,9.416395,-0.049081136,
772248711211307,3,0.045489833,9.419388,-0.004189853,
772248733489138,3,0.018555064,9.421184,0.045489833,
772248753295045,3,0.08259996,9.391256,-0.015562311,
772248773558717,3,0.06703765,9.402629,-0.08140286,
772248793578249,3,-0.024540568,9.399037,-0.1388637,
772248813414676,3,-0.053869538,9.399636,-0.15981296,
772248831297976,3,-0.01436521,9.409213,-0.1436521,
772248858702760,3,0.0796072,9.424775,-0.1436521,
772248872679810,3,0.0700304,9.411008,0.035314474,
772248891356568,3,0.0700304,9.41041,-0.019752163,
772248914000612,3,0.031124622,9.397242,-0.12090719,
772248933470828,3,-0.023942016,9.403227,-0.12270284,
772248953703983,3,0.025737667,9.419987,-0.0664391,
772248973692995,3,0.0676362,9.428965,-0.09935937,
772248993559937,3,0.020949265,9.396643,-0.10474633,
772249011473756,3,0.06584055,9.355343,-0.074220255,
772249033843142,3,-0.024540568,9.409213,-0.030526072,
772249053618533,3,0.019153614,9.437943,0.022146367,
772249071532351,3,0.016759412,9.427768,-0.008978256,
772249093962770,3,0.059855044,9.414001,-0.090381116,
772249113646608,3,0.05865794,9.382876,-0.15203181,
772249133910280,3,0.048482586,9.379285,-0.109534726,
772249154234988,3,0.01316811,9.387665,-0.11851298,
772249173766238,3,0.01616086,9.403826,-0.11492168,
772249191649537,3,0.025737667,9.414599,-0.074818805,
772249213988404,3,0.037708677,9.414001,-0.0053869537,
772249233794313,3,0.047884032,9.382876,-0.020350715,
772249251708132,3,0.02932897,9.390657,-0.093972415,
772249273985965,3,0.021547815,9.431957,-0.1400608,
772249293822390,3,0.055066638,9.416395,-0.1448492,
772249314086060,3,0.04309563,9.396643,-0.094570965,
772249334197145,3,0.027533319,9.403826,-0.05626374,
772249353911501,3,0.025139118,9.3978405,0.030526072,
772249371825320,3,0.079008654,9.419987,-0.088585466,
772249394530398,3,0.049679685,9.426571,-0.08319851,
772249413970094,3,0.044891283,9.385869,-0.091578215,
772249431883912,3,0.008978256,9.390059,-0.08559271,
772249454192263,3,0.009576807,9.378088,-0.14664486,
772249474028689,3,0.03232172,9.431957,-0.12509704,
772249494261843,3,0.017357962,9.416994,-0.02873042,
772249514281373,3,0.065242,9.402629,0.0035913025,
772249534117799,3,0.046686932,9.391256,-0.08798691,
772249552001100,3,0.06823475,9.427169,-0.14305355,
772249574492556,3,0.0011971008,9.416395,-0.062249243,
772249594145877,3,0.007182605,9.436746,-0.05267244,
772249612090212,3,0.077213004,9.385271,-0.08200141,
772249634703736,3,0.050278235,9.405023,-0.10414778,
772249654204469,3,0.04369418,9.403227,-0.11731588,
772249674407107,3,-0.012569559,9.434352,-0.08259996,
772249694365603,3,0.050278235,9.403826,-0.07062895,
772249714263064,3,0.02813187,9.428367,-0.05207389,
772249732207399,3,0.05566519,9.38168,-0.073023155,
772249754515748,3,0.0724246,9.4217825,-0.13467385,
772249774321657,3,0.03172317,9.387665,-0.089184016,
772249792235476,3,0.010773907,9.403826,-0.074220255,
772249814665896,3,0.04309563,9.423578,-0.12150574,
772249834349733,3,-0.046088383,9.413403,-0.18734628,
772249854613404,3,0.10474633,9.425972,-0.0688333,
772249874999147,3,0.09756372,9.349358,-0.05746084,
772249894469363,3,0.088585466,9.421184,-0.15622166,
772249912352664,3,0.037708677,9.41879,-0.17178397,
772249934691530,3,0.03232172,9.415796,-0.10594343,
772249954650025,3,0.008379706,9.369708,-0.04309563,
772249972411256,3,0.047884032,9.398438,-0.037708677,
772249994689089,3,0.08379706,9.418191,-0.021547815,
772250014525516,3,0.08379706,9.423578,-0.044891283,
772250034758670,3,0.054468088,9.427768,-0.08140286,
772250054869752,3,0.0035913025,9.395446,-0.08259996,
772250074614625,3,0.039504327,9.376292,-0.11552023,
772250092528444,3,0.049679685,9.405023,-0.10594343,
772250115233523,3,0.05327099,9.412804,-0.13467385,
772250134673220,3,0.06823475,9.402629,-0.05686229,
772250152587037,3,0.0035913025,9.412804,-0.05267244,
772250174864869,3,0.06823475,9.384672,-0.049679685,
772250194670778,3,0.077811554,9.3978405,-0.12629414,
772250214934451,3,0.019153614,9.403826,-0.16879122,
772250234953983,3,0.019153614,9.428367,-0.13706805,
772250254790407,3,0.02633622,9.39365,-0.016759412,
772250272704224,3,0.061052144,9.416395,0.06464344,
772250295165162,3,0.09696517,9.461885,-0.018555064,
772250314849001,3,0.107739076,9.3738985,-0.16460137,
772250332762820,3,0.025139118,9.369708,-0.15562311,
772250355345828,3,-0.08259996,9.405622,-0.11552023,
772250374877077,3,-0.009576807,9.458294,-0.13347675,
772250395110231,3,0.095169514,9.398438,-0.036511578,
772250415129763,3,0.12868834,9.380483,-0.061052144,
772250434966189,3,0.06344634,9.41041,-0.06464344,
772250452849490,3,0.035314474,9.419388,-0.11971009,
772250475218873,3,0.02873042,9.454104,-0.12210429,
772250494994264,3,-0.02873042,9.393052,-0.05865794,
772250512938600,3,0.010773907,9.415796,-0.10235212,
772250535338503,3,0.093972415,9.4062195,-0.091578215,
772250555052860,3,0.08678981,9.419987,-0.09696517,
772250575286013,3,0.050278235,9.42238,-0.073621705,
772250595641236,3,0.024540568,9.391256,-0.005985504,
772250615111452,3,0.0688333,9.390657,-0.090381116,
772250633025271,3,0.02932897,9.399636,-0.12808979,
772250655364139,3,0.034117375,9.436148,-0.076614454,
772250675170046,3,0.075417355,9.36492,-0.10295067,
772250693083864,3,0.008978256,9.406818,-0.17956513,
772250715361695,3,0.05207389,9.418191,-0.0700304,
772250735198122,3,0.062249243,9.3822775,-0.061052144,
772250755431277,3,0.03172317,9.423578,-0.11312603,
772250775542361,3,0.061650693,9.376292,-0.089184016,
772250795287233,3,0.04070143,9.405622,-0.06943185,
772250814086060,3,0.02813187,9.403826,-0.08379706,
772250835936647,3,0.08439561,9.412206,-0.08020575,
772250855376345,3,0.06464344,9.418191,-0.13946225,
772250873290164,3,0.022146367,9.386468,-0.12808979,
772250895598513,3,0.022744916,9.409213,-0.093972415,
772250915404420,3,0.02813187,9.386468,-0.11611878,
772250935698610,3,0.020350715,9.402629,0.025139118,
772250955687624,3,0.092176765,9.478046,0.040102877,
772250975524051,3,0.08319851,9.419987,-0.065242,
772250993407351,3,0.09876082,9.363723,-0.108337626,
772251015898805,3,0.0023942017,9.412206,-0.14784196,
772251035552125,3,0.05925649,9.392453,-0.17357962,
772251053465944,3,0.061650693,9.411607,-0.089184016,
772251076109988,3,0.034117375,9.405023,-0.08379706,
772251095580202,3,0.046686932,9.391854,0.03172317,
772251115813356,3,0.06584055,9.372103,-0.06584055,
772251135802369,3,0.038905777,9.425972,-0.09636662,
772251155669313,3,0.06584055,9.379285,-0.15322891,
772251173583132,3,0.04189853,9.403826,-0.14604631,
772251195922000,3,0.033518825,9.4062195,-0.06703765,
772251215697390,3,0.034117375,9.4062195,-0.018555064,
772251233641724,3,0.047884032,9.418191,-0.03172317,
772251256041627,3,0.054468088,9.395446,-0.08200141,
772251275755984,3,0.059855044,9.412206,-0.110133275,
772251296019656,3,0.029927522,9.382876,-0.110133275,
772251316344363,3,0.06284779,9.401431,-0.109534726,
772251335845094,3,0.005985504,9.407417,-0.06464344,
772251353758912,3,0.04369418,9.406818,-0.1352724,
772251376128298,3,0.05566519,9.39365,-0.18076223,
772251395903689,3,0.08439561,9.417592,-0.092775315,
772251413817507,3,0.073621705,9.405023,-0.004189853,
772251436095338,3,0.039504327,9.419388,-0.044891283,
772251455931764,3,0.016759412,9.409213,-0.091578215,
772251476195436,3,0.02813187,9.375095,-0.16220717,
772251496306521,3,0.06344634,9.387066,-0.16519992,
772251516020877,3,0.06823475,9.402629,-0.077213004,
772251533934694,3,0.049081136,9.419388,-0.005985504,
772251556609253,3,0.06404489,9.405023,-0.08738836,
772251576079469,3,0.0796072,9.398438,-0.09636662,
772251594023806,3,0.020949265,9.411607,-0.073621705,
772251616271121,3,0.023343466,9.401431,-0.054468088,
772251636077029,3,0.038307227,9.390657,-0.1316811,
772251656340700,3,0.040102877,9.403826,-0.18555063,
772251676329713,3,0.02873042,9.402629,-0.053869538,
772251696196657,3,0.031124622,9.433753,-0.012569559,
772251714110476,3,0.06823475,9.412804,-0.0724246,
772251736601931,3,0.076015905,9.405023,-0.077811554,
772251756316285,3,0.03232172,9.427768,-0.10654198,
772251774199586,3,0.035314474,9.402629,-0.14963761,
772251796904665,3,0.036511578,9.376292,-0.18435353,
772251816313845,3,0.03172317,9.403826,-0.12030864,
772251836577518,3,0.035913024,9.382876,-0.026934769,
772251856505495,3,0.0712275,9.437943,-0.017357962,
772251876311402,3,0.05566519,9.441534,0.049081136,
772251895995241,3,0.07182605,9.4062195,-0.061052144,
772251916594607,3,0.01616086,9.3822775,-0.19692309,
772251936369998,3,0.027533319,9.394848,-0.1604115,
772251954314334,3,0.010175358,9.436746,-0.079008654,
772251976714235,3,0.095768064,9.387665,-0.10594343,
772251996428590,3,0.038307227,9.445126,-0.037110128,
772252016631227,3,0.045489833,9.396045,0.010175358,
772252036955935,3,0.05207389,9.387665,-0.09935937,
772252056517702,3,0.051475335,9.419388,-0.18614918,
772252074431520,3,0.0011971008,9.376292,-0.19871874,
772252096739869,3,0.044891283,9.388264,-0.1328782,
772252116545778,3,0.02873042,9.436148,-0.030526072,
772252134459597,3,0.05805939,9.450513,0.02633622,
772252156767947,3,0.107140526,9.405023,0.0011971008,
772252176604372,3,0.090381116,9.392453,-0.13467385,
772252196837525,3,0.030526072,9.415796,-0.17477672,
772252216979127,3,-0.01316811,9.367912,-0.16759412,
772252236693484,3,-0.0077811554,9.415796,-0.11372458,
772252254576785,3,0.049679685,9.450513,-0.05327099,
772252277281863,3,0.08439561,9.415198,-0.06344634,
772252296752077,3,0.08738836,9.407417,-0.0676362,
772252314635377,3,0.06943185,9.411607,-0.03232172,
772252336913210,3,0.030526072,9.386468,-0.095169514,
772252356780154,3,0.03172317,9.400234,-0.19273324,
772252377013308,3,0.0047884034,9.407417,-0.13467385,
772252397002320,3,0.040102877,9.404425,-0.0676362,
772252416869264,3,0.061052144,9.368511,-0.038905777,
772252434783083,3,0.07182605,9.454104,-0.09756372,
772252457213503,3,0.093972415,9.409811,-0.10115502,
772252476927860,3,0.08559271,9.409811,-0.12689269,
772252494811159,3,-0.037708677,9.41041,-0.08020575,
772252517455201,3,0.034117375,9.407417,-0.17417817,
772252536925416,3,0.047884032,9.392453,-0.11611878,
772252557189089,3,0.09696517,9.437943,-0.049081136,
772252577208621,3,0.074818805,9.405023,0.04129998,
772252597014529,3,0.06344634,9.40203,-0.06464344,
772252614928346,3,0.02873042,9.418191,-0.1400608,
772252637297731,3,0.047285482,9.40203,-0.16819267,
772252657103640,3,0.047884032,9.404425,-0.14664486,
772252675017459,3,0.029927522,9.408614,-0.1340753,
772252697447878,3,-0.002992752,9.414001,-0.074220255,
772252717101197,3,0.040102877,9.393052,-0.03232172,
772252737364869,3,0.076015905,9.428965,0.011971008,
772252757781129,3,0.075417355,9.411008,-0.045489833,
772252777220828,3,0.033518825,9.406818,-0.1436521,
772252795134647,3,0.035913024,9.368511,-0.2100912,
772252817473513,3,-0.035314474,9.400833,-0.20530279,
772252837248902,3,0.032920275,9.388862,-0.15622166,
772252855193239,3,0.060453594,9.428965,-0.046088383,
772252877501589,3,0.08080431,9.427768,-0.05566519,
772252897276980,3,0.025139118,9.409811,-0.05805939,
772252917540652,3,0.060453594,9.399037,-0.09876082,
772252937651735,3,0.06404489,9.383475,-0.055066638,
772252957366090,3,0.027533319,9.423578,-0.16160862,
772252975279909,3,0.040102877,9.405023,-0.17118542,
772252997984988,3,0.017956512,9.398438,-0.12868834,
772253017455202,3,0.044292733,9.422979,-0.05805939,
772253035338502,3,0.10055647,9.439739,0.055066638,
772253057646851,3,0.08379706,9.41879,0.0023942017,
772253077483278,3,0.019153614,9.428965,-0.1340753,
772253097685915,3,0.034117375,9.390059,-0.17238252,
772253117735965,3,0.024540568,9.398438,-0.13227965,
772253137572390,3,0.038307227,9.416395,-0.090979666,
772253155486207,3,0.047285482,9.423578,-0.08200141,
772253177947145,3,0.076614454,9.411607,-0.05566519,
772253197600466,3,0.0688333,9.414001,-0.06823475,
772253215514285,3,0.04249708,9.419987,-0.12509704,
772253238158328,3,0.049081136,9.399636,-0.074818805,
772253257628541,3,0.033518825,9.4217825,-0.062249243,
772253277861695,3,0.051475335,9.385869,-0.14963761,
772253297850710,3,0.054468088,9.381081,-0.1316811,
772253317717654,3,0.022146367,9.4217825,-0.11133038,
772253335600955,3,0.08080431,9.423578,-0.02873042,
772253357970338,3,0.034117375,9.400234,-0.048482586,
772253377745728,3,0.05566519,9.463082,-0.08080431,
772253395659548,3,0.06404489,9.390657,-0.034117375,
772253418120486,3,0.11731588,9.396045,-0.27353755,
772253437804324,3,-0.01616086,9.408614,-0.18016368,
772253458037477,3,0.047884032,9.424176,-0.08678981,
772253478362184,3,0.08140286,9.427768,-0.007182605,
772253497862916,3,0.06703765,9.38168,-0.06823475,
772253515776736,3,0.08020575,9.411008,-0.10654198,
772253538146121,3,0.04070143,9.391256,-0.1352724,
772253557952029,3,0.14844051,9.443929,-0.10654198,
772253575865846,3,0.03172317,9.392453,-0.17717093,
772253598143678,3,0.031124622,9.412804,-0.18914193,
772253617949587,3,-0.020350715,9.3822775,-0.05865794,
772253638213259,3,0.04129998,9.388862,0.022744916,
772253658354861,3,0.08439561,9.461287,0.020350715,
772253678069215,3,0.11552023,9.444528,-0.05267244,
772253695983033,3,0.047884032,9.357139,-0.10354923,
772253718718630,3,0.019752163,9.390657,-0.15143326,
772253738127810,3,0.027533319,9.432556,-0.1388637,
772253756041629,3,0.079008654,9.43914,-0.108337626,
772253778349977,3,0.108936176,9.409811,-0.055066638,
772253798125367,3,0.074818805,9.414001,-0.02633622,
772253818389040,3,0.02813187,9.375694,-0.053869538,
772253838378055,3,0.044292733,9.388264,-0.1364695,
772253858306034,3,0.031124622,9.43495,-0.1376666,
772253876158816,3,0.08020575,9.424176,-0.15023616,
772253898650270,3,0.0700304,9.387665,-0.08619126,
772253918425661,3,0.046088383,9.391256,-0.0724246,
772253936247927,3,0.049679685,9.466075,-0.005985504,
772253958861454,3,0.08559271,9.396643,-0.029927522,
772253978392703,3,0.095169514,9.431957,-0.15203181,
772253998595338,3,0.007182605,9.370906,-0.16579847,
772254018614870,3,0.05207389,9.391256,-0.12868834,
772254038451297,3,0.049679685,9.396643,-0.048482586,
772254056304080,3,0.05805939,9.428367,-0.08319851,
772254078642947,3,0.05626374,9.430161,-0.095768064,
772254098448854,3,0.06703765,9.376891,-0.092775315,
772254116362673,3,0.08319851,9.442732,-0.08619126,
772254138762577,3,0.039504327,9.387665,-0.08559271,
772254158476932,3,0.06284779,9.387665,-0.093373865,
772254178710085,3,0.109534726,9.389461,-0.11671733,
772254199065310,3,0.04369418,9.426571,-0.1340753,
772254218566043,3,0.094570965,9.416395,-0.05865794,
772254236479862,3,0.061052144,9.385271,-0.050278235,
772254258788210,3,0.08020575,9.434352,-0.17657238,
772254278624636,3,0.016759412,9.415796,-0.08499416,
772254296568972,3,0.079008654,9.405023,-0.14185645,
772254318816287,3,0.06344634,9.387066,-0.077811554,
772254338652712,3,0.048482586,9.442732,-0.08499416,
772254358916384,3,0.062249243,9.409213,-0.026934769,
772254378996952,3,0.065242,9.40203,-0.08140286,
772254398741824,3,0.05566519,9.421184,-0.1328782,
772254416655642,3,0.024540568,9.388264,-0.06943185,
772254439330203,3,0.07182605,9.385869,-0.11492168,
772254458800418,3,0.05925649,9.43914,-0.08738836,
772254476744754,3,0.11312603,9.419388,-0.10594343,
772254498992067,3,0.107739076,9.436746,-0.10055647,
772254518828494,3,0.05207389,9.396643,-0.15981296,
772254539092166,3,0.036511578,9.394848,-0.12569559,
772254559081180,3,0.025737667,9.389461,-0.02633622,
772254578917604,3,0.089184016,9.437345,0.008379706,
772254596831423,3,0.0796072,9.421184,0.008379706,
772254619322879,3,0.074818805,9.391854,-0.1448492,
772254638976199,3,0.074220255,9.387066,-0.17118542,
772254656890017,3,0.06404489,9.391854,-0.12988544,
772254679564578,3,0.032920275,9.432556,-0.05925649,
772254698973758,3,0.053869538,9.45171,-0.05626374,
772254719237430,3,0.109534726,9.415198,-0.09816227,
772254739256960,3,0.06943185,9.3733,-0.09876082,
772254759062869,3,0.036511578,9.357139,-0.11611878,
772254776976687,3,0.040102877,9.400234,-0.11851298,
772254799346072,3,0.030526072,9.444528,-0.1376666,
772254819151979,3,0.090979666,9.424775,-0.11492168,
772254837065798,3,0.14604631,9.434352,-0.073621705,
772254859496219,3,0.078410104,9.3738985,0.03172317,
772254879180057,3,0.10115502,9.428367,-0.06344634,
772254899413210,3,0.055066638,9.413403,-0.10354923,
772254919768435,3,0.05566519,9.40203,-0.053869538,
772254939269168,3,0.051475335,9.372701,-0.093972415,
772254957182987,3,0.0664391,9.401431,-0.17836803,
772254979521852,3,0.0676362,9.398438,-0.11731588,
772254999327761,3,0.0700304,9.384672,-0.094570965,
772255017211062,3,0.089782566,9.426571,-0.09756372,
772255039519412,3,0.08678981,9.414001,-0.05566519,
772255059325319,3,0.074818805,9.408015,-0.062249243,
772255079588992,3,0.044891283,9.391256,-0.15083471,
772255099730594,3,0.065242,9.399636,-0.130484,
772255119444949,3,0.0676362,9.430161,-0.076614454,
772255137358767,3,0.092775315,9.400234,0.011372458,
772255160094363,3,0.08619126,9.398438,-0.065242,
772255179534061,3,0.061052144,9.404425,-0.15382746,
772255197447879,3,0.02633622,9.401431,-0.18555063,
772255219725710,3,0.06344634,9.436148,-0.079008654,
772255239562136,3,0.061052144,9.396643,-0.022146367,
772255259825809,3,0.10175357,9.423578,-0.046686932,
772255279784305,3,0.076614454,9.425373,-0.08798691,
772255299651247,3,0.095768064,9.41041,-0.142455,
772255317534548,3,0.05686229,9.380483,-0.10534488,
772255339995487,3,0.027533319,9.391854,-0.12030864,
772255359679324,3,0.046686932,9.425373,-0.12389994,
772255377593142,3,0.07182605,9.408614,-0.0712275,
772255400237185,3,0.0796072,9.408015,-0.048482586,
772255419707401,3,0.06584055,9.418191,-0.05327099,
772255439940555,3,0.060453594,9.394848,-0.12569559,
772255459929567,3,0.11312603,9.420585,-0.13946225,
772255479796511,3,0.09636662,9.409811,-0.15203181,
772255497710330,3,0.025139118,9.378088,-0.12270284,
772255520049197,3,0.017357962,9.419987,-0.108337626,
772255539885622,3,0.044292733,9.430161,-0.04249708,
772255557768923,3,0.109534726,9.428965,0.0053869537,
772255580199344,3,0.11851298,9.394848,-0.06464344,
772255599883182,3,0.089782566,9.411008,-0.12988544,
772255620146852,3,0.035913024,9.398438,-0.12210429,
772255640563113,3,0.061052144,9.431957,-0.12749124,
772255660002811,3,0.044891283,9.415796,-0.08798691,
772255677916629,3,0.09995792,9.414599,-0.09636662,
772255700224977,3,0.089782566,9.3978405,-0.074220255,
772255720030886,3,0.073023155,9.409213,-0.059855044,
772255737914187,3,0.077213004,9.418191,-0.073621705,
772255760192020,3,0.073621705,9.416395,-0.12270284,
772255780028444,3,0.053869538,9.395446,-0.14544775,
772255800261599,3,0.075417355,9.408614,-0.16160862,
772255820372684,3,0.076614454,9.418191,-0.075417355,
772255840117557,3,0.107140526,9.433753,-0.020949265,
772255858031374,3,0.09696517,9.417592,-0.05626374,
772255880705935,3,0.074818805,9.41879,-0.14784196,
772255900176151,3,0.02873042,9.408015,-0.12150574,
772255918089969,3,0.049679685,9.393052,-0.089782566,
772255940367800,3,0.092176765,9.390657,-0.107140526,
772255960204226,3,0.06943185,9.411607,-0.12210429,
772255980467899,3,0.08259996,9.43914,-0.16101007,
772256000456912,3,0.08559271,9.423578,-0.046686932,
772256020293337,3,0.107140526,9.409213,-0.023942016,
772256038207155,3,0.05686229,9.4217825,-0.078410104,
772256060698612,3,0.050278235,9.414599,-0.16160862,
772256080382449,3,0.045489833,9.39365,-0.11252748,
772256098357302,3,0.090381116,9.406818,-0.09636662,
772256120909793,3,0.090979666,9.391854,-0.08439561,
772256140441043,3,0.054468088,9.430161,-0.054468088,
772256160674197,3,0.09636662,9.420585,-0.03172317,
772256180632692,3,0.08798691,9.396045,-0.14844051,
772256200530154,3,0.08738836,9.387665,-0.16220717,
772256218413456,3,0.074220255,9.399037,-0.110731825,
772256240752322,3,0.07182605,9.418191,-0.11192893,
772256260558229,3,0.031124622,9.437345,-0.10654198,
772256278472049,3,0.05267244,9.411008,-0.078410104,
772256300871952,3,0.094570965,9.434352,-0.10115502,
772256320586307,3,0.10115502,9.381081,-0.09935937,
772256340819460,3,0.09935937,9.423578,-0.14305355,
772256361174685,3,0.05327099,9.417592,-0.15143326,
772256380736454,3,0.025737667,9.403826,-0.088585466,
772256398558719,3,0.054468088,9.406818,-0.05686229,
772256420958620,3,0.109534726,9.393052,-0.10235212,
772256440764529,3,0.107739076,9.437943,-0.11671733,
772256458647831,3,0.11312603,9.389461,-0.13108255,
772256480925662,3,0.06404489,9.417592,-0.16879122,
772256500762087,3,0.014963761,9.391854,-0.11492168,
772256520995242,3,0.049679685,9.3978405,-0.03172317,
772256541136844,3,0.12808979,9.431957,-0.031124622,
772256560851199,3,0.10474633,9.437345,-0.013766659,
772256578765017,3,0.142455,9.443929,-0.090381116,
772256601531130,3,0.05686229,9.345168,-0.12928689,
772256620940311,3,0.038905777,9.400833,-0.1945289,
772256638793094,3,0.050278235,9.418191,-0.17657238,
772256661101442,3,0.09935937,9.431957,-0.0664391,
772256680907351,3,0.11671733,9.398438,-0.05865794,
772256701140506,3,0.06703765,9.388264,-0.12509704,
772256721129520,3,0.05925649,9.411008,-0.08559271,
772256740965944,3,0.079008654,9.421184,-0.05925649,
772256758879763,3,0.108337626,9.424176,-0.11851298,
772256781371219,3,0.088585466,9.398438,-0.15382746,
772256801055057,3,0.055066638,9.379884,-0.11851298,
772256818938356,3,0.05686229,9.405622,-0.06284779,
772256841582400,3,0.08798691,9.461287,-0.05207389,
772256861083133,3,0.092775315,9.431359,-0.047285482,
772256881316287,3,0.08439561,9.369708,-0.06344634,
772256901305300,3,0.05566519,9.388862,-0.15442601,
772256921141726,3,0.038905777,9.404425,-0.15981296,
772256939055545,3,0.090381116,9.41879,-0.11312603,
772256961424930,3,0.08020575,9.411008,-0.10654198,
772256981230837,3,0.0724246,9.432556,-0.061650693,
772256999114138,3,0.073023155,9.409811,-0.12389994,
772257021514041,3,0.10175357,9.408015,-0.09995792,
772257041228397,3,0.044292733,9.396643,-0.074220255,
772257061492067,3,0.0724246,9.425373,-0.089782566,
772257081816775,3,0.088585466,9.405023,-0.12988544,
772257101317508,3,0.08499416,9.391854,-0.073621705,
772257119231326,3,0.06943185,9.394249,-0.076015905,
772257141570192,3,0.076015905,9.390657,-0.110731825,
772257161376101,3,0.047884032,9.415796,-0.1328782,
772257179289920,3,0.05865794,9.411607,-0.13467385,
772257201567752,3,0.054468088,9.385869,-0.078410104,
772257221404177,3,0.093373865,9.433753,-0.08319851,
772257241667849,3,0.10235212,9.412206,-0.09876082,
772257261809452,3,0.06584055,9.403227,-0.15023616,
772257281523807,3,0.048482586,9.413403,-0.1448492,
772257299407106,3,0.06404489,9.416395,-0.0700304,
772257322112185,3,0.05925649,9.415198,-0.05267244,
772257341551883,3,0.10414778,9.40203,-0.092775315,
772257359465700,3,0.077213004,9.401431,-0.10354923,
772257381743532,3,0.047884032,9.40203,-0.130484,
772257401579959,3,0.049081136,9.454104,-0.089782566,
772257421813114,3,0.076015905,9.3822775,-0.05267244,
772257441802126,3,0.12749124,9.402629,-0.14784196,
772257461699587,3,0.0676362,9.401431,-0.16759412,
772257479582888,3,0.05805939,9.403826,-0.15741876,
772257502074344,3,0.011971008,9.40203,-0.0023942017,
772257521727663,3,0.060453594,9.409811,0.018555064,
772257539641481,3,0.092176765,9.4217825,-0.077811554,
772257562346560,3,0.10414778,9.436148,-0.15322891,
772257581755741,3,0.10654198,9.41879,-0.12988544,
772257602019411,3,0.075417355,9.36492,-0.0712275,
772257622008425,3,0.051475335,9.408614,-0.109534726,
772257641844851,3,0.033518825,9.422979,-0.1364695,
772257659758670,3,0.062249243,9.412206,-0.12868834,
772257682097536,3,0.034117375,9.39365,-0.059855044,
772257701872927,3,0.08439561,9.406818,-0.05925649,
772257719817263,3,0.09876082,9.417592,-0.089184016,
772257742247684,3,0.088585466,9.400833,-0.110731825,
772257761962038,3,0.074818805,9.387665,-0.15442601,
772257782195192,3,0.008379706,9.403227,-0.14784196,
772257802519900,3,0.094570965,9.44752,-0.038905777,
772257822020633,3,0.11492168,9.4295635,-0.0077811554,
772257839934450,3,0.1340753,9.422979,-0.014963761,
772257862273317,3,0.050278235,9.3822775,-0.130484,
772257882079226,3,0.06584055,9.405023,-0.1945289,
772257899993045,3,0.010773907,9.391854,-0.11671733,
772257922270876,3,0.05925649,9.436746,-0.092775315,
772257942107302,3,0.073023155,9.405622,-0.08140286,
772257962340457,3,0.09756372,9.399037,-0.092775315,
772257982482059,3,0.095768064,9.405023,-0.090979666,
772258002196413,3,0.074818805,9.43914,-0.08200141,
772258020079714,3,0.059855044,9.405622,-0.06284779,
772258042784793,3,0.05626374,9.416994,-0.07062895,
772258062255008,3,0.092176765,9.391256,-0.12330139,
772258080138308,3,0.108936176,9.39365,-0.11851298,
772258102416140,3,0.095768064,9.408015,-0.08499416,
772258122283084,3,0.061650693,9.424775,-0.05746084,
772258142516239,3,0.076015905,9.405622,-0.12090719,
772258162505251,3,0.04070143,9.424176,-0.10115502,
772258182372194,3,0.08379706,9.379884,-0.061052144,
772258200255496,3,0.06284779,9.400234,-0.11611878,
772258222746952,3,0.08080431,9.388862,-0.12808979,
772258242430788,3,0.077213004,9.419388,-0.107739076,
772258260344606,3,0.089184016,9.400833,-0.025737667,
772258282958132,3,0.10055647,9.4295635,-0.049679685,
772258302458866,3,0.08678981,9.44333,-0.08559271,
772258322692019,3,0.09816227,9.417592,-0.075417355,
772258342711550,3,0.13467385,9.384073,-0.047884032,
772258362547976,3,0.092775315,9.415796,-0.13467385,
772258380461795,3,0.053869538,9.415796,-0.16819267,
772258402800661,3,0.076614454,9.394249,-0.09995792,
772258422606569,3,0.10055647,9.387665,-0.07182605,
772258440489871,3,0.11133038,9.40203,-0.05805939,
772258462889774,3,0.08499416,9.446322,-0.10115502,
772258482604128,3,0.089782566,9.414599,-0.020350715,
772258502867800,3,0.091578215,9.417592,-0.020350715,
772258523253543,3,0.09995792,9.405023,-0.10474633,
772258542723758,3,0.09636662,9.398438,-0.17537527,
772258560607058,3,0.092176765,9.41041,-0.12090719,
772258582976441,3,0.049679685,9.400234,-0.060453594,
772258602782350,3,0.0688333,9.402629,-0.059855044,
772258620696169,3,0.08200141,9.385271,-0.0676362,
772258642974002,3,0.10414778,9.405622,-0.0688333,
772258662779909,3,0.11731588,9.433753,-0.05327099,
772258683013062,3,0.091578215,9.409213,-0.1352724,
772258703185182,3,0.048482586,9.419388,-0.12749124,
772258722899538,3,0.049679685,9.41041,-0.03172317,
772258740782840,3,0.1316811,9.416994,-0.005985504,
772258763487918,3,0.095169514,9.420585,-0.05805939,
772258782927614,3,0.07062895,9.403826,-0.10295067,
772258800841431,3,0.075417355,9.387066,-0.15741876,
772258823149781,3,0.074220255,9.378088,-0.10055647,
772258842986208,3,0.05805939,9.424176,-0.09995792,
772258863219363,3,0.0712275,9.424176,-0.08200141,
772258883177860,3,0.08738836,9.396045,-0.08678981,
772258903075319,3,0.09876082,9.415198,-0.095169514,
772258920958619,3,0.089184016,9.409811,-0.10055647,
772258943419557,3,0.07182605,9.428965,-0.0676362,
772258963103396,3,0.073023155,9.396045,-0.11552023,
772258981017215,3,0.08080431,9.424775,-0.108337626,
772259003661257,3,0.0712275,9.3822775,-0.14604631,
772259023131471,3,0.10055647,9.39365,-0.093972415,
772259043364624,3,0.10354923,9.407417,-0.036511578,
772259063384156,3,0.0700304,9.452907,-0.107140526,
772259083220583,3,0.075417355,9.3661175,-0.12808979,
772259101164919,3,0.05686229,9.394848,-0.12330139,
772259123503787,3,0.092176765,9.39365,-0.13467385,
772259143340212,3,0.10115502,9.431359,-0.08020575,
772259161223511,3,0.090979666,9.396643,-0.022744916,
772259183653932,3,0.090979666,9.43914,-0.06703765,
772259203368288,3,0.090381116,9.4295635,-0.05686229,
772259223601443,3,0.12210429,9.411607,-0.011372458,
772259243956668,3,0.093373865,9.414001,-0.14604631,
772259263457399,3,0.08200141,9.406818,-0.17178397,
772259281340699,3,0.037708677,9.367912,-0.19632454,
772259303740602,3,0.050876785,9.407417,-0.05925649,
772259323485476,3,0.08738836,9.431957,0.031124622,
772259341429812,3,0.10414778,9.427169,0.035314474,
772259363707643,3,0.12868834,9.416994,-0.060453594,
772259383513551,3,0.09636662,9.3738985,-0.1316811,
772259403777223,3,0.0688333,9.385869,-0.18375498,
772259423918826,3,0.05626374,9.404425,-0.15502456,
772259443633182,3,0.023343466,9.425972,-0.10654198,
772259461546999,3,0.10175357,9.409811,-0.12030864,
772259484221558,3,0.12030864,9.404425,-0.031124622,
772259503661256,3,0.08559271,9.385271,-0.02813187,
772259521575075,3,0.073621705,9.415198,-0.078410104,
772259543883426,3,0.060453594,9.433155,-0.08738836,
772259563689334,3,0.09876082,9.408614,-0.15083471,
772259583922487,3,0.0688333,9.386468,-0.15861586,
772259603942018,3,0.10055647,9.377489,-0.08020575,
772259623808962,3,0.09995792,9.423578,-0.025139118,
772259641722781,3,0.12509704,9.433155,-0.061650693,
772259664092165,3,0.10055647,9.403227,-0.09935937,
772259683867555,3,0.045489833,9.400234,-0.1400608,
772259701720338,3,0.08619126,9.376891,-0.095768064,
772259724333864,3,0.0796072,9.414001,-0.12449849,
772259743834597,3,0.06344634,9.442133,-0.11971009,
772259764098270,3,0.08619126,9.406818,-0.036511578,
772259784087282,3,0.10115502,9.3978405,-0.04129998,
772259803954224,3,0.107739076,9.409811,-0.06344634,
772259821837526,3,0.10055647,9.412206,-0.11611878,
772259844176394,3,0.049081136,9.400833,-0.08738836,
772259863982303,3,0.051475335,9.400234,-0.11552023,
772259881896121,3,0.08200141,9.409213,-0.10414778,
772259904326539,3,0.095169514,9.4217825,-0.050876785,
772259924010377,3,0.11791443,9.425373,-0.024540568,
772259944274050,3,0.09995792,9.408015,-0.0688333,
772259964568240,3,0.090979666,9.421184,-0.15622166,
772259984130007,3,0.033518825,9.350554,-0.12808979,
772260002013307,3,0.07182605,9.439739,-0.13108255,
772260024321656,3,0.06404489,9.411008,-0.047884032,
772260044158083,3,0.110731825,9.399037,-0.04070143,
772260062071902,3,0.092775315,9.4217825,-0.10235212,
772260084349735,3,0.09876082,9.4062195,-0.093972415,
772260104186159,3,0.074818805,9.41041,-0.15682021,
772260124419312,3,0.05746084,9.419987,-0.078410104,
772260144530397,3,0.059855044,9.393052,-0.06404489,
772260164244753,3,0.10235212,9.424176,-0.107739076,
772260182158572,3,0.1328782,9.379884,-0.1364695,
772260204863650,3,0.108936176,9.397242,-0.17058687,
772260224333864,3,0.046088383,9.404425,-0.12030864,
772260242217164,3,0.077811554,9.390657,-0.009576807,
772260264525515,3,0.044891283,9.432556,0.025737667,
772260284331423,3,0.15801731,9.416994,-0.077811554,
772260304595095,3,0.12210429,9.393052,-0.11611878,
772260324614625,3,0.06943185,9.423578,-0.10295067,
772260344420533,3,0.074220255,9.390059,-0.108337626,
772260362364870,3,0.034715924,9.402629,-0.12689269,
772260384795290,3,0.05865794,9.416994,-0.10534488,
772260404509647,3,0.14903906,9.394249,-0.109534726,
772260422423464,3,0.09696517,9.392453,-0.079008654,
772260445098023,3,0.08379706,9.403826,-0.046088383,
772260464507204,3,0.0724246,9.425972,-0.076614454,
772260484770876,3,0.02813187,9.425972,-0.12569559,
772260504759891,3,0.077811554,9.387066,-0.12509704,
772260524596316,3,0.11312603,9.424176,-0.11731588,
772260542510133,3,0.12928689,9.412804,-0.053869538,
772260564849000,3,0.08798691,9.385271,-0.04309563,
772260584685427,3,0.08379706,9.425373,-0.10594343,
772260602599246,3,0.050278235,9.375095,-0.092176765,
772260624968630,3,0.06404489,9.422979,-0.11312603,
772260644682984,3,0.107140526,9.412206,-0.06823475,
772260664946656,3,0.090381116,9.405023,-0.055066638,
772260685271364,3,0.12210429,9.413403,-0.13347675,
772260704772097,3,0.077811554,9.370307,-0.1400608,
772260722685916,3,0.061052144,9.431957,-0.14903906,
772260745024782,3,0.10175357,9.385869,-0.10055647,
772260764861207,3,0.13467385,9.413403,-0.11192893,
772260782744508,3,0.11671733,9.394249,0.035913024,
772260805052859,3,0.05267244,9.421184,0.018555064,
772260824858767,3,0.089184016,9.426571,0.015562311,
772260845122439,3,0.094570965,9.374496,-0.110731825,
772260865264039,3,0.05805939,9.388264,-0.14724341,
772260884978395,3,0.11671733,9.3978405,-0.1400608,
772260902892214,3,0.076614454,9.402629,-0.11611878,
772260925597293,3,0.12509704,9.466674,0.010175358,
772260945098025,3,0.074818805,9.406818,-0.0017956513,
772260963011842,3,0.07182605,9.385271,-0.22625206,
772260985991578,3,0.065242,9.367314,-0.20709845,
772261005034547,3,0.11851298,9.391256,-0.12210429,
772261025267703,3,0.08798691,9.44333,-0.051475335,
772261045256717,3,0.10594343,9.394249,-0.01436521,
772261065154177,3,0.11791443,9.420585,-0.053869538,
772261083037476,3,0.10414778,9.432556,-0.034715924,
772261105498414,3,0.11911154,9.399037,-0.08678981,
772261125212771,3,0.09636662,9.430161,-0.16101007,
772261143096072,3,0.10654198,9.4062195,-0.16938977,
772261165709597,3,0.05566519,9.402629,-0.12210429,
772261185210328,3,0.05566519,9.358934,-0.109534726,
772261205474000,3,0.047285482,9.412804,-0.077811554,
772261225463015,3,0.077811554,9.417592,-0.04309563,
772261245299441,3,0.11552023,9.419987,-0.061052144,
772261263213259,3,0.12330139,9.41879,-0.11552023,
772261285552125,3,0.06404489,9.396643,-0.11252748,
772261305358033,3,0.0664391,9.412804,-0.08559271,
772261323271852,3,0.076614454,9.418191,-0.08080431,
772261345702273,3,0.093373865,9.425972,-0.1592144,
772261365386111,3,0.12150574,9.394848,-0.15083471,
772261385649782,3,0.08080431,9.369708,-0.11192893,
772261406035523,3,0.092775315,9.403826,-0.053869538,
772261425475221,3,0.06943185,9.443929,-0.109534726,
772261443389040,3,0.09995792,9.43076,-0.09816227,
772261465758426,3,0.12629414,9.403227,-0.093373865,
772261485564334,3,0.10474633,9.395446,-0.0724246,
772261503447633,3,0.0712275,9.396045,-0.076614454,
772261525725465,3,0.047285482,9.423578,-0.09995792,
772261545561891,3,0.0712275,9.421184,-0.13467385,
772261565795047,3,0.06703765,9.4062195,-0.09636662,
772261585936648,3,0.12210429,9.375694,-0.04129998,
772261605651002,3,0.11372458,9.408614,-0.090979666,
772261623564820,3,0.06284779,9.404425,-0.11731588,
772261646239381,3,0.0664391,9.407417,-0.15203181,
772261665709597,3,0.02873042,9.402629,-0.1340753,
772261683623416,3,0.092775315,9.399636,-0.12509704,
772261705901247,3,0.12629414,9.43914,-0.04369418,
772261725737671,3,0.11252748,9.414599,-0.03232172,
772261745970827,3,0.06464344,9.423578,-0.11432313,
772261765990359,3,0.023343466,9.430161,-0.091578215,
772261785826785,3,0.094570965,9.408614,-0.10594343,
772261803740603,3,0.1448492,9.370307,-0.10235212,
772261826201539,3,0.060453594,9.387665,-0.08499416,
772261845885377,3,0.06703765,9.435549,-0.12210429,
772261863799196,3,0.05626374,9.41041,-0.07062895,
772261886412722,3,0.095169514,9.398438,-0.0724246,
772261905913454,3,0.092775315,9.384672,-0.06823475,
772261926146608,3,0.09756372,9.415796,-0.08738836,
772261946135621,3,0.078410104,9.4062195,-0.040102877,
772261966002565,3,0.054468088,9.419987,-0.040102877,
772261983916384,3,0.10175357,9.400833,-0.12150574,
772262006255252,3,0.07182605,9.402629,-0.12090719,
772262026061159,3,0.076015905,9.384073,-0.092775315,
772262043974976,3,0.095768064,9.435549,-0.044292733,
772262066344362,3,0.12389994,9.411607,-0.074220255,
772262086089235,3,0.05865794,9.399636,-0.09995792,
772262106322391,3,0.093972415,9.40203,-0.14305355,
772262126677615,3,0.05805939,9.377489,-0.15083471,
772262146208864,3,0.049081136,9.4062195,-0.10414778,
772262164092164,3,0.055066638,9.415796,0.036511578,
772262186431032,3,0.13347675,9.443929,-0.04129998,
772262206236941,3,0.14544775,9.443929,-0.047884032,
772262224120242,3,0.12270284,9.413403,-0.092176765,
772262246428590,3,0.12210429,9.363723,-0.12030864,
772262266265016,3,0.05207389,9.436148,-0.15502456,
772262286498171,3,0.046686932,9.40203,-0.13227965,
772262306670290,3,0.061052144,9.434352,-0.059855044,
772262326354129,3,0.08559271,9.3661175,-0.07182605,
772262344298464,3,0.1340753,9.405622,-0.08738836,
772262367034058,3,0.107140526,9.393052,-0.11552023,
772262386443239,3,0.10055647,9.431359,-0.16879122,
772262404357058,3,0.05746084,9.403227,-0.09636662,
772262426634891,3,0.08439561,9.419388,-0.04070143,
772262446471316,3,0.0796072,9.4062195,-0.005985504,
772262466704469,3,0.11312603,9.442732,-0.044292733,
772262486724000,3,0.13706805,9.41041,-0.08499416,
772262506529909,3,0.07182605,9.392453,-0.11971009,
772262524413211,3,0.076015905,9.423578,-0.08678981,
772262546874148,3,0.06464344,9.38168,-0.090979666,
772262566557984,3,0.05267244,9.4217825,-0.11492168,
772262584471803,3,0.10055647,9.406818,-0.08319851,
772262607085329,3,0.06344634,9.385869,-0.16400282,
772262626586062,3,0.05805939,9.411607,-0.078410104,
772262646819217,3,0.088585466,9.419388,-0.05925649,
772262666838747,3,0.095768064,9.424775,-0.090381116,
772262686675171,3,0.10115502,9.376891,-0.0724246,
772262704588991,3,0.08379706,9.422979,-0.074220255,
772262726866823,3,0.08619126,9.424775,-0.11492168,
772262746764285,3,0.10534488,9.412804,-0.060453594,
772262764647586,3,0.094570965,9.403227,-0.05626374,
772262787078004,3,0.08200141,9.387665,-0.12270284,
772262806792360,3,0.09756372,9.413403,-0.15741876,
772262826994997,3,0.0700304,9.403826,-0.11731588,
772262847350222,3,0.092176765,9.42238,-0.051475335,
772262866881472,3,0.08259996,9.382876,-0.019752163,
772262884764772,3,0.08619126,9.398438,-0.062249243,
772262907103639,3,0.09696517,9.43495,-0.17597382,
772262926940065,3,0.06943185,9.411607,-0.16519992,
772262944823367,3,0.089184016,9.391256,-0.11731588,
772262967101199,3,0.09636662,9.433155,-0.08200141,
772262986937624,3,0.089782566,9.416994,-0.10474633,
772263007170777,3,0.06344634,9.387665,-0.05267244,
772263027251344,3,0.09636662,9.387066,-0.048482586,
772263047026735,3,0.08738836,9.401431,-0.11192893,
772263064940555,3,0.076015905,9.449914,-0.12749124,
772263087584597,3,0.0676362,9.43495,-0.046686932,
772263107054811,3,0.08379706,9.369708,-0.08738836,
772263124999147,3,0.060453594,9.403826,-0.15382746,
772263147307497,3,0.09636662,9.408614,-0.1400608,
772263167143923,3,0.11611878,9.412206,-0.089184016,
772263187377077,3,0.08559271,9.39365,-0.08678981,
772263207457643,3,0.036511578,9.397242,-0.10055647,
772263227233033,3,0.108337626,9.3978405,-0.08619126,
772263245116335,3,0.12749124,9.409213,-0.092176765,
772263267638308,3,0.11133038,9.416994,-0.16819267,
772263287322147,3,0.033518825,9.397242,-0.14844051,
772263305235964,3,0.091578215,9.391854,-0.12330139,
772263327910523,3,0.05805939,9.421184,0.061650693,
772263347319704,3,0.08738836,9.4295635,-0.075417355,
772263367552859,3,0.093373865,9.406818,-0.12030864,
772263387602908,3,0.06404489,9.400234,-0.09876082,
772263407439334,3,0.08738836,9.397242,-0.06703765,
772263425322633,3,0.109534726,9.385271,-0.11552023,
772263447539430,3,0.06404489,9.422979,-0.16998832,
772263467436891,3,0.030526072,9.419987,-0.09995792,
772263485320193,3,0.10235212,9.400234,-0.06344634,
772263507750613,3,0.0712275,9.427768,-0.089782566,
772263527434449,3,0.11971009,9.41879,-0.10235212,
772263547698121,3,0.08738836,9.397242,-0.09636662,
772263568022829,3,0.05865794,9.405023,-0.076015905,
772263587554079,3,0.076015905,9.394848,-0.107739076,
772263605437381,3,0.05865794,9.42238,-0.14185645,
772263627806765,3,0.09935937,9.401431,-0.12569559,
772263647612671,3,0.11192893,9.388264,-0.093972415,
772263665495973,3,0.077213004,9.412206,-0.061052144,
772263687804323,3,0.061052144,9.419388,-0.108337626,
772263707610232,3,0.08319851,9.393052,-0.095169514,
772263727873904,3,0.11851298,9.387665,-0.12210429,
772263748015504,3,0.10354923,9.42238,-0.14724341,
772263767729860,3,0.05626374,9.400833,-0.09636662,
772263785613161,3,0.061052144,9.400234,-0.08319851,
772263808287722,3,0.108936176,9.379285,-0.075417355,
772263827788454,3,0.093972415,9.442133,-0.04189853,
772263845671754,3,0.12389994,9.407417,-0.08379706,
772263867949586,3,0.088585466,9.387066,-0.20231004,
772263887786012,3,0.061650693,9.396045,-0.18136078,
772263908049685,3,0.07182605,9.3822775,-0.08200141,
772263928069217,3,0.048482586,9.409811,-0.07182605,
772263947875124,3,0.11252748,9.415796,-0.0796072,
772263965788941,3,0.09816227,9.419388,-0.08619126,
772263988280398,3,0.12629414,9.397242,-0.12449849,
772264009642703,3,0.09756372,9.419388,-0.08678981,
772264025847537,3,0.08319851,9.432556,-0.08379706,
772264048461062,3,0.046686932,9.411607,-0.12090719,
772264067961793,3,0.0724246,9.422979,-0.12030864,
772264088225465,3,0.1340753,9.394848,-0.054468088,
772264108214479,3,0.093972415,9.35235,-0.08678981,
772264128050906,3,0.049081136,9.416395,-0.17178397,
772264145995242,3,0.044292733,9.420585,-0.10354923,
772264168242555,3,0.093972415,9.48044,-0.050278235,
772264188109498,3,0.15801731,9.4062195,-0.044292733,
772264206023317,3,0.095768064,9.371504,-0.04249708,
772264228423221,3,0.08559271,9.390059,-0.10414778,
772264248168094,3,0.090381116,9.396045,-0.11791443,
772264268370729,3,0.062249243,9.422979,-0.12868834,
772264288786989,3,0.04129998,9.402629,-0.13826515,
772264308287722,3,0.065242,9.408015,-0.109534726,
772264326140505,3,0.12808979,9.408614,-0.08439561,
772264348479374,3,0.11851298,9.408015,-0.030526072,
772264368285281,3,0.11611878,9.40203,-0.05566519,
772264386199098,3,0.077213004,9.390059,-0.20051439,
772264408507448,3,0.06584055,9.394848,-0.12988544,
772264428313356,3,0.08140286,9.421184,-0.08738836,
772264448546512,3,0.059855044,9.424176,-0.04249708,
772264468657595,3,0.108936176,9.450513,-0.01316811,
772264488402468,3,0.12270284,9.39365,-0.07062895,
772264506316286,3,0.06703765,9.370906,-0.11312603,
772264528990848,3,0.079008654,9.403227,-0.17058687,
772264548491579,3,0.05925649,9.416994,-0.095169514,
772264566374879,3,0.076614454,9.386468,-0.08499416,
772264588652713,3,0.092176765,9.419987,-0.09756372,
772264608489139,3,0.09636662,9.397242,-0.07182605,
772264628722292,3,0.0688333,9.4217825,-0.091578215,
772264648711306,3,0.10354923,9.394848,-0.11133038,
772264668578250,3,0.08020575,9.405622,-0.08080431,
772264686492068,3,0.110133275,9.408614,-0.077811554,
772264708983523,3,0.09816227,9.412206,-0.1412579,
772264728667360,3,0.05267244,9.422979,-0.10175357,
772264746550661,3,0.05805939,9.423578,-0.08200141,
772264769194706,3,0.08080431,9.3822775,-0.046686932,
772264788634402,3,0.12330139,9.384073,-0.11492168,
772264808898073,3,0.13706805,9.43076,-0.13706805,
772264828887088,3,0.09816227,9.412206,-0.108936176,
772264848754032,3,0.05686229,9.414599,-0.12270284,
772264866667849,3,0.04129998,9.367912,-0.14784196,
772264889006716,3,0.073621705,9.404425,-0.061052144,
772264908812625,3,0.1328782,9.416994,-5.985504E-4,
772264926726443,3,0.12150574,9.427169,-0.037110128,
772264949126345,3,0.09876082,9.417592,-0.14305355,
772264968840700,3,0.06584055,9.408614,-0.0796072,
772264989073855,3,0.079008654,9.371504,-0.09935937,
772265009398563,3,0.10594343,9.416994,-0.14784196,
772265028929812,3,0.11133038,9.409811,-0.13347675,
772265046813112,3,0.090381116,9.424176,-0.074220255,
772265069151980,3,0.09876082,9.367912,-0.046088383,
772265088988407,3,0.09876082,9.431957,-0.1436521,
772265106902224,3,0.061052144,9.414599,-0.1400608,
772265129180056,3,0.0688333,9.409213,-0.12210429,
772265149016482,3,0.12629414,9.431957,-0.094570965,
772265169249637,3,0.110731825,9.40203,-0.008978256,
772265189421755,3,0.14903906,9.404425,-0.038307227,
772265209136110,3,0.09816227,9.424176,-0.093972415,
772265227019411,3,0.08678981,9.404425,-0.12150574,
772265249755008,3,0.0664391,9.399636,-0.1436521,
772265269164187,3,0.06823475,9.416994,-0.11731588,
772265287078004,3,0.09756372,9.40203,-0.10175357,
772265309355838,3,0.10235212,9.414001,-0.11671733,
772265329192264,3,0.11432313,9.396045,-0.089184016,
772265349425417,3,0.078410104,9.416994,-0.0664391,
772265369414431,3,0.109534726,9.427768,-0.088585466,
772265389281375,3,0.10414778,9.415198,-0.089184016,
772265407195193,3,0.09935937,9.414599,-0.11971009,
772265429656130,3,0.076614454,9.415796,-0.14604631,
772265449339968,3,0.076015905,9.392453,-0.14065935,
772265467253786,3,0.08200141,9.418191,-0.08798691,
772265489867313,3,0.12150574,9.398438,-0.0712275,
772265509368044,3,0.107140526,9.413403,-0.09636662,
772265529601198,3,0.107739076,9.420585,-0.091578215,
772265549620730,3,0.078410104,9.433753,-0.06464344,
772265569457157,3,0.046686932,9.381081,-0.18195933,
772265587370974,3,0.077811554,9.370906,-0.19632454,
772265609740359,3,0.12689269,9.409811,-0.12569559,
772265629546267,3,0.095768064,9.432556,-0.021547815,
772265647429568,3,0.038905777,9.442732,-0.108936176,
772265669829470,3,0.16938977,9.370906,-0.24420857,
772265689543825,3,0.07182605,9.394249,-0.09876082,
772265709776980,3,0.05626374,9.421184,-0.108936176,
772265730132206,3,0.09876082,9.419388,-0.08738836,
772265749632937,3,0.04369418,9.3978405,-0.11671733,
772265767546754,3,0.11552023,9.415796,-0.07062895,
772265789855105,3,0.14425065,9.421184,-0.06943185,
772265809691532,3,0.10115502,9.409213,-0.142455,
772265827605349,3,0.08798691,9.41879,-0.19512744,
772265849883181,3,0.047285482,9.385271,-0.14784196,
772265869719607,3,-0.008379706,9.397242,-0.065242,
772265889952762,3,0.11133038,9.414599,-0.074220255,
772265910094363,3,0.11432313,9.483433,-0.019752163,
772265929808718,3,0.1448492,9.414001,-0.05925649,
772265947753054,3,0.15682021,9.329605,-0.22505496,
772265970427616,3,0.034117375,9.408015,-0.22266077,
772265989867312,3,0.05865794,9.446921,-0.13826515,
772266007781129,3,0.059855044,9.412206,-0.061052144,
772266030089480,3,0.093373865,9.417592,-0.12030864,
772266049895389,3,0.10354923,9.408614,-0.107140526,
772266070128542,3,0.08738836,9.36911,-0.13467385,
772266090087038,3,0.06703765,9.363723,-0.16220717,
772266109953982,3,0.036511578,9.416395,-0.16819267,
772266127867801,3,0.08259996,9.451111,-0.16998832,
772266150359255,3,0.12629414,9.399037,-0.077811554,
772266170043093,3,0.12389994,9.403227,-0.038307227,
772266187926394,3,0.10055647,9.400833,-0.06284779,
772266210661991,3,0.046088383,9.419388,-0.17537527,
772266230040652,3,0.059855044,9.41041,-0.18555063,
772266250273806,3,0.074818805,9.377489,-0.19512744,
772266270293338,3,0.079008654,9.376891,-0.1328782,
772266290129764,3,0.092775315,9.419388,-0.10115502,
772266308043582,3,0.08798691,9.4217825,-0.12689269,
772266330382448,3,0.075417355,9.45171,-0.12090719,
772266350188357,3,0.08379706,9.391854,-0.093972415,
772266368102176,3,0.10594343,9.401431,-0.09995792,
772266390502078,3,0.089782566,9.394848,-0.12928689,
772266410216433,3,0.0676362,9.397242,-0.16340427,
772266430449588,3,0.08678981,9.409811,-0.13587095,
772266450804813,3,0.10594343,9.405622,-0.07062895,
772266470305544,3,0.10414778,9.39365,-0.08559271,
772266488219362,3,0.091578215,9.41879,-0.14305355,
772266510527713,3,0.08140286,9.415198,-0.11971009,
772266530364139,3,0.10295067,9.425972,-0.108936176,
772266548338992,3,0.108337626,9.382876,-0.12808979,
772266570555788,3,0.0712275,9.3738985,-0.13706805,
772266590392215,3,0.076015905,9.417592,-0.17776948,
772266610625370,3,0.04129998,9.396045,-0.12330139,
772266630766970,3,0.08379706,9.406818,-0.12090719,
772266650481325,3,0.13467385,9.408015,-0.08499416,
772266668395145,3,0.073621705,9.41041,-0.09756372,
772266691069706,3,0.05746084,9.422979,-0.12449849,
772266710539919,3,0.0688333,9.388862,-0.15442601,
772266728423220,3,0.11192893,9.424775,-0.14544775,
772266750762088,3,0.11133038,9.382876,-0.12868834,
772266770567997,3,0.08080431,9.411008,-0.16938977,
772266790801150,3,0.047884032,9.393052,-0.12270284,
772266810790163,3,0.0664391,9.401431,-0.12509704,
772266830657107,3,0.08499416,9.431957,-0.051475335,
772266848570927,3,0.08379706,9.425373,-0.054468088,
772266871062380,3,0.13826515,9.385869,-0.12689269,
772266890715700,3,0.10115502,9.403227,-0.1448492,
772266908599002,3,0.08259996,9.422979,-0.088585466,
772266931243046,3,0.053869538,9.399636,-0.060453594,
772266950743777,3,0.06464344,9.432556,-0.108936176,
772266970946413,3,0.12808979,9.4062195,-0.1436521,
772266990996463,3,0.10354923,9.388264,-0.12150574,
772267010832889,3,0.09756372,9.41041,-0.109534726,
772267028746707,3,0.10175357,9.389461,-0.18614918,
772267051085573,3,0.061650693,9.420585,-0.20470424,
772267070860965,3,0.060453594,9.427768,-0.13826515,
772267088774784,3,0.15682021,9.41879,-0.10414778,
772267111205203,3,0.12509704,9.425373,-0.0664391,
772267130889040,3,0.10055647,9.419987,-0.04129998,
772267151122195,3,0.05686229,9.415198,-0.17477672,
772267171538456,3,0.1412579,9.43914,-0.16579847,
772267190978152,3,0.10354923,9.375095,-0.17836803,
772267208891970,3,0.06943185,9.374496,-0.15981296,
772267231230838,3,0.095768064,9.3978405,-0.13706805,
772267251067264,3,0.12629414,9.399037,-0.1352724,
772267268950564,3,0.107140526,9.442133,-0.09636662,
772267291228396,3,0.109534726,9.403826,-0.09816227,
772267311064822,3,0.107739076,9.398438,-0.18614918,
772267331297977,3,0.03172317,9.384672,-0.1604115,
772267351439578,3,0.09636662,9.402629,-0.19871874,
772267371153933,3,0.12629414,9.4217825,-0.142455,
772267389067752,3,0.12090719,9.41041,-0.11971009,
772267411742313,3,0.09876082,9.419388,-0.08678981,
772267431212527,3,0.10295067,9.4062195,-0.09816227,
772267449126345,3,0.12629414,9.408614,-0.12868834,
772267471404178,3,0.110133275,9.3978405,-0.16220717,
772267491240604,3,0.08798691,9.3822775,-0.17298107,
772267511473757,3,0.11911154,9.411008,-0.1448492,
772267531493288,3,0.10055647,9.420585,-0.11372458,
772267551360232,3,0.13826515,9.421184,-0.14844051,
772267569243534,3,0.11731588,9.395446,-0.090381116,
772267591704470,3,0.08259996,9.411008,-0.08499416,
772267611418825,3,0.12030864,9.412804,-0.13706805,
772267629302127,3,0.11552023,9.391256,-0.17178397,
772267651915652,3,0.12330139,9.417592,-0.17178397,
772267671416383,3,0.11731588,9.417592,-0.17836803,
772267691649538,3,0.076015905,9.392453,-0.18914193,
772267711638553,3,0.09995792,9.414599,-0.12629414,
772267731505496,3,0.10594343,9.4062195,-0.037708677,
772267749419313,3,0.14305355,9.417592,-0.020949265,
772267771758181,3,0.13467385,9.401431,-0.13467385,
772267791564090,3,0.05327099,9.424775,-0.17178397,
772267809477908,3,0.077213004,9.405622,-0.14784196,
772267831908327,3,0.10055647,9.397242,-0.12868834,
772267851592165,3,0.13706805,9.392453,-0.14724341,
772267871825320,3,0.12569559,9.421184,-0.15143326,
772267892150027,3,0.12449849,9.419388,-0.1364695,
772267911681276,3,0.089782566,9.381081,-0.10055647,
772267929595095,3,0.059855044,9.406818,-0.09876082,
772267951842410,3,0.12150574,9.419388,-0.19093758,
772267971739871,3,0.12629414,9.400833,-0.19512744,
772267989653688,3,0.12569559,9.413403,-0.110731825,
772268011962038,3,0.12629414,9.409811,-0.09636662,
772268031767947,3,0.076614454,9.399636,-0.090979666,
772268052001101,3,0.08379706,9.434352,-0.14724341,
772268072142702,3,0.10414778,9.400833,-0.108337626,
772268091857058,3,0.13706805,9.41879,-0.15801731,
772268109770877,3,0.11851298,9.387665,-0.15382746,
772268132475955,3,0.08499416,9.383475,-0.16579847,
772268151915651,3,0.08798691,9.441534,-0.110133275,
772268169829470,3,0.09995792,9.411607,-0.11492168,
772268192107303,3,0.110133275,9.390059,-0.14425065,
772268211943728,3,0.09935937,9.415796,-0.17058687,
772268232207399,3,0.12509704,9.432556,-0.10295067,
772268252196413,3,0.11791443,9.376292,-0.11492168,
772268272063357,3,0.11133038,9.406818,-0.16579847,
772268289977176,3,0.073023155,9.409811,-0.14425065,
772268312438112,3,0.11731588,9.422979,-0.1448492,
772268332121950,3,0.130484,9.442133,-0.094570965,
772268350005252,3,0.12150574,9.403227,-0.11252748,
772268372649295,3,0.11192893,9.406818,-0.15382746,
772268392119508,3,0.059855044,9.384672,-0.15023616,
772268412322146,3,0.092176765,9.431359,-0.16460137,
772268432341678,3,0.10354923,9.416994,-0.12150574,
772268452208621,3,0.11851298,9.3822775,-0.10235212,
772268470122438,3,0.15861586,9.400234,-0.16699557,
772268492430788,3,0.065242,9.400833,-0.16340427,
772268512267215,3,0.10055647,9.417592,-0.1945289,
772268530181033,3,0.11791443,9.415796,-0.074220255,
772268552580934,3,0.17597382,9.415198,-0.130484,
772268572264773,3,0.12090719,9.426571,-0.15562311,
772268592497928,3,0.061650693,9.413403,-0.20410569,
772268612853152,3,0.13227965,9.428965,-0.21547815,
772268632384401,3,0.08080431,9.36073,-0.1945289,
772268650298220,3,0.0688333,9.405023,-0.11312603,
772268672637088,3,0.10354923,9.411607,-0.11971009,
772268692473513,3,0.1316811,9.449914,-0.05805939,
772268710387331,3,0.12270284,9.416395,-0.037110128,
772268732634646,3,0.11671733,9.400833,-0.17357962,
772268752501590,3,0.06703765,9.384672,-0.25019407,
772268772734744,3,0.0688333,9.390657,-0.20231004,
772268792845827,3,0.10115502,9.406818,-0.12569559,
772268812590700,3,0.13587095,9.463681,-0.047285482,
772268830504520,3,0.1592144,9.385271,-0.027533319,
772268853148562,3,0.10534488,9.391854,-0.14844051,
772268872649293,3,0.050876785,9.396045,-0.23283611,
772268890563111,3,0.047285482,9.387066,-0.2184709,
772268912810426,3,0.10654198,9.444528,-0.16340427,
772268932677370,3,0.15143326,9.409213,-0.107739076,
772268952910525,3,0.17597382,9.419388,-0.11731588,
772268972930057,3,0.13108255,9.437345,-0.075417355,
772268992766481,3,0.11312603,9.414001,-0.10295067,
772269010680299,3,0.05925649,9.384073,-0.18016368,
772269033141237,3,0.05686229,9.403227,-0.22685061,
772269052825075,3,0.08798691,9.404425,-0.17896658,
772269070738895,3,0.13467385,9.392453,-0.061650693,
772269093413455,3,0.13587095,9.395446,-0.11911154,
772269112853151,3,0.110133275,9.412804,-0.19093758,
772269133086304,3,0.08020575,9.416395,-0.16519992,
772269153105836,3,0.095768064,9.391256,-0.15382746,
772269172942262,3,0.10594343,9.415198,-0.1388637,
772269190856082,3,0.11133038,9.433155,-0.12330139,
772269213164432,3,0.09876082,9.406818,-0.12270284,
772269233000856,3,0.10354923,9.393052,-0.14903906,
772269250884156,3,0.1340753,9.432556,-0.12330139,
772269273284059,3,0.11252748,9.389461,-0.077213004,
772269292998415,3,0.10354923,9.392453,-0.15502456,
772269313262088,3,0.10474633,9.414001,-0.18255788,
772269333617312,3,0.091578215,9.42238,-0.15682021,
772269353118043,3,0.074818805,9.402629,-0.11731588,
772269371031861,3,0.11671733,9.405622,-0.09636662,
772269393370728,3,0.16879122,9.384073,-0.09636662,
772269413176637,3,0.11671733,9.415796,-0.19093758,
772269431090457,3,0.092176765,9.413403,-0.17717093,
772269453337772,3,0.0700304,9.398438,-0.11791443,
772269473204714,3,0.07062895,9.413403,-0.11791443,
772269493437867,3,0.10594343,9.397242,-0.12389994,
772269513579469,3,0.16280572,9.41879,-0.108936176,
772269533293825,3,0.16400282,9.388264,-0.11911154,
772269551146609,3,0.09816227,9.402629,-0.23104046,
772269573851687,3,0.035913024,9.399037,-0.19033903,
772269593321901,3,0.05925649,9.400234,-0.08559271,
772269611205201,3,0.10175357,9.397242,-0.047285482,
772269633483034,3,0.15442601,9.421184,-0.12749124,
772269653349978,3,0.17058687,9.43076,-0.1388637,
772269673583132,3,0.1592144,9.384672,-0.11492168,
772269693572145,3,0.059855044,9.400833,-0.13347675,
772269713439088,3,0.093373865,9.436148,-0.16938977,
772269731322389,3,0.108936176,9.374496,-0.20350714,
772269753752810,3,0.11312603,9.406818,-0.14844051,
772269773497684,3,0.095768064,9.3978405,-0.051475335,
772269791380983,3,0.108337626,9.401431,-0.074220255,
772269813963990,3,0.11372458,9.440337,-0.15143326,
772269833495241,3,0.10295067,9.414599,-0.16280572,
772269853728396,3,0.10534488,9.411008,-0.19273324,
772269873686892,3,0.0664391,9.398438,-0.15143326,
772269893584353,3,0.12090719,9.428965,-0.109534726,
772269911498170,3,0.15083471,9.424775,-0.09995792,
772269933837037,3,0.11312603,9.4217825,-0.0724246,
772269953612429,3,0.110731825,9.404425,-0.0688333,
772269971556765,3,0.130484,9.390657,-0.17717093,
772269993956667,3,0.089184016,9.362526,-0.18375498,
772270013671022,3,0.0712275,9.413403,-0.17477672,
772270033873658,3,0.10175357,9.412804,-0.16280572,
772270054320436,3,0.14903906,9.42238,-0.089184016,
772270073790652,3,0.107140526,9.392453,-0.0724246,
772270096526248,3,0.12150574,9.449316,-0.12629414,
772270114012819,3,0.11851298,9.400833,-0.12749124,
772270133818726,3,0.090381116,9.3661175,-0.17836803,
772270151702028,3,0.0796072,9.391256,-0.16280572,
772270174010378,3,0.10654198,9.388264,-0.09995792,
772270193846805,3,0.12629414,9.438541,-0.10235212,
772270214049441,3,0.13467385,9.43076,-0.10594343,
772270234191041,3,0.1412579,9.408614,-0.089782566,
772270253935914,3,0.13587095,9.400833,-0.13467385,
772270271819216,3,0.10055647,9.389461,-0.16220717,
772270294524295,3,0.062249243,9.396045,-0.18375498,
772270313994509,3,0.107140526,9.43914,-0.16220717,
772270331908326,3,0.09995792,9.403227,-0.05327099,
772270354186158,3,0.14544775,9.405622,-0.077811554,
772270374022585,3,0.142455,9.409811,-0.11671733,
772270394255740,3,0.14724341,9.413403,-0.15442601,
772270414275272,3,0.11192893,9.408015,-0.17357962,
772270434111696,3,0.062249243,9.4062195,-0.17178397,
772270452025513,3,0.076614454,9.372103,-0.14724341,
772270474486452,3,0.08319851,9.382876,-0.10534488,
772270494170290,3,0.15562311,9.427768,-0.08559271,
772270512084109,3,0.15263036,9.428965,-0.025139118,
772270534667117,3,0.108936176,9.3978405,-0.10474633,
772270554198366,3,0.095768064,9.393052,-0.17956513,
772270574401002,3,0.076614454,9.413403,-0.1921347,
772270594420534,3,0.10474633,9.42238,-0.16101007,
772270614287478,3,0.11851298,9.396045,-0.10654198,
772270632170779,3,0.092176765,9.403227,-0.06943185,
772270654540162,3,0.1388637,9.400234,-0.11971009,
772270674346070,3,0.11971009,9.405023,-0.10474633,
772270692259889,3,0.11372458,9.404425,-0.16400282,
772270714690310,3,0.12270284,9.387066,-0.19153613,
772270734374149,3,0.13108255,9.414599,-0.15801731,
772270754607302,3,0.090381116,9.4295635,-0.10235212,
772270774962525,3,0.089184016,9.388264,-0.0796072,
772270794463258,3,0.11312603,9.405622,-0.11372458,
772270812346560,3,0.15442601,9.437345,-0.15263036,
772270834685428,3,0.11372458,9.391854,-0.12509704,
772270854521853,3,0.11432313,9.376891,-0.13706805,
772270872435670,3,0.073621705,9.378687,-0.16280572,
772270894682985,3,0.109534726,9.421184,-0.1436521,
772270914519411,3,0.11971009,9.441534,-0.10115502,
772270934752566,3,0.10414778,9.385869,-0.08559271,
772270954894167,3,0.10295067,9.42238,-0.10055647,
772270974608522,3,0.12749124,9.393052,-0.16998832,
772270992522340,3,0.092176765,9.384672,-0.16879122,
772271015257936,3,0.095768064,9.421184,-0.14305355,
772271034667117,3,0.108936176,9.436148,-0.0688333,
772271052611453,3,0.142455,9.390059,-0.050876785,
772271074889284,3,0.15741876,9.419987,-0.12330139,
772271094695191,3,0.12868834,9.400833,-0.1316811,
772271114928346,3,0.109534726,9.405023,-0.17357962,
772271134947878,3,0.07062895,9.419388,-0.16460137,
772271154784305,3,0.10295067,9.389461,-0.08080431,
772271172698123,3,0.08020575,9.398438,-0.1340753,
772271195128541,3,0.11372458,9.408015,-0.15741876,
772271214873414,3,0.14305355,9.419388,-0.12449849,
772271232756716,3,0.1340753,9.425972,-0.06464344,
772271255400759,3,0.14185645,9.422979,-0.092775315,
772271274870974,3,0.10235212,9.406818,-0.18674773,
772271295104127,3,0.095768064,9.385869,-0.17178397,
772271315093141,3,0.110731825,9.372701,-0.09696517,
772271334960085,3,0.12808979,9.459491,-0.0724246,
772271352873904,3,0.09756372,9.425972,-0.020949265,
772271375212772,3,0.10055647,9.39365,-0.13108255,
772271395049196,3,0.0724246,9.396643,-0.15562311,
772271412932496,3,0.15622166,9.385271,-0.18195933,
772271435332399,3,0.09696517,9.443929,-0.109534726,
772271455046755,3,0.12330139,9.385869,-0.0712275,
772271475279910,3,0.10594343,9.399636,-0.1352724,
772271495604617,3,0.076015905,9.396045,-0.15502456,
772271515135866,3,0.06584055,9.396045,-0.093373865,
772271533049684,3,0.130484,9.41879,-0.05327099,
772271555388552,3,0.12030864,9.416994,-0.11432313,
772271575224978,3,0.11611878,9.42238,-0.22744916,
772271593108279,3,0.12389994,9.408614,-0.11611878,
772271615355592,3,0.107739076,9.432556,-0.011372458,
772271635222535,3,0.12330139,9.416994,-0.08499416,
772271655486208,3,0.08080431,9.412804,-0.17058687,
772271675597292,3,0.11372458,9.426571,-0.15143326,
772271695342166,3,0.12509704,9.380483,-0.092176765,
772271713255983,3,0.11552023,9.381081,-0.08439561,
772271735900025,3,0.06823475,9.399636,-0.12749124,
772271755370241,3,0.08738836,9.394249,-0.20111294,
772271773284060,3,0.090979666,9.3738985,-0.22266077,
772271795531375,3,0.079008654,9.418191,-0.1376666,
772271815398318,3,0.13347675,9.439739,-0.01616086,
772271835631471,3,0.16400282,9.428367,-0.006584055,
772271855651002,3,0.15023616,9.40203,-0.10235212,
772271875487429,3,0.14065935,9.400234,-0.18016368,
772271893370730,3,0.078410104,9.399636,-0.14724341,
772271915862185,3,0.050876785,9.407417,-0.15083471,
772271935546022,3,0.079008654,9.400833,-0.094570965,
772271953459840,3,0.14185645,9.408015,-0.10594343,
772271976134401,3,0.17537527,9.4217825,-0.08259996,
772271995574099,3,0.14185645,9.399037,-0.094570965,
772272015776736,3,0.11791443,9.420585,-0.14784196,
772272035796266,3,0.036511578,9.408015,-0.14724341,
772272055632691,3,0.0796072,9.41041,-0.12509704,
772272073546510,3,0.13706805,9.403826,-0.11971009,
772272095915896,3,0.16101007,9.431957,-0.062249243,
772272115721805,3,0.142455,9.417592,-0.16998832,
772272133635623,3,0.06464344,9.402629,-0.20470424,
772272156035524,3,0.0688333,9.391256,-0.13587095,
772272175749879,3,0.095169514,9.396643,-0.07062895,
772272195983034,3,0.1364695,9.427169,-0.093373865,
772272216338259,3,0.1436521,9.439739,-0.092775315,
772272235838992,3,0.13946225,9.415796,-0.10175357,
772272253722291,3,0.12689269,9.403826,-0.12689269,
772272276061158,3,0.110133275,9.394249,-0.11312603,
772272295897585,3,0.08619126,9.397242,-0.18076223,
772272313811404,3,0.09995792,9.427169,-0.18255788,
772272336089236,3,0.12868834,9.374496,-0.1592144,
772272355925661,3,0.08439561,9.39365,-0.09816227,
772272376128296,3,0.10654198,9.379285,-0.077811554,
772272396269899,3,0.14724341,9.437943,-0.09995792,
772272415984255,3,0.13706805,9.44333,-0.17058687,
772272433898074,3,0.11192893,9.396045,-0.11911154,
772272456603152,3,0.093972415,9.392453,-0.09636662,
772272476073366,3,0.0688333,9.404425,-0.08379706,
772272494017701,3,0.107140526,9.41041,-0.1412579,
772272516295534,3,0.11851298,9.430161,-0.15382746,
772272536131961,3,0.13227965,9.3822775,-0.107739076,
772272556365115,3,0.1352724,9.423578,-0.08678981,
772272576354127,3,0.06823475,9.398438,-0.108936176,
772272596221070,3,0.094570965,9.441534,-0.14724341,
772272614134889,3,0.11791443,9.378687,-0.1412579,
772272636565310,3,0.12150574,9.39365,-0.12270284,
772272656249149,3,0.15502456,9.416395,-0.17896658,
772272674162966,3,0.07182605,9.402629,-0.10354923,
772272696776490,3,0.10654198,9.428367,-0.079008654,
772272716277223,3,0.130484,9.417592,-0.089782566,
772272736510378,3,0.090979666,9.375095,-0.14065935,
772272756529910,3,0.09816227,9.398438,-0.16819267,
772272776396853,3,0.18794483,9.411008,-0.075417355,
772272794280153,3,0.12868834,9.412804,-0.05207389,
772272816619020,3,0.0796072,9.432556,-0.16101007,
772272836455446,3,0.049679685,9.3978405,-0.15023616,
772272854369265,3,0.108936176,9.397242,-0.12689269,
772272876769167,3,0.15083471,9.405622,-0.08439561,
772272896483522,3,0.110133275,9.375694,-0.11432313,
772272916716676,3,0.11432313,9.4217825,-0.16220717,
772272937132936,3,0.08439561,9.416395,-0.142455,
772272956511599,3,0.06464344,9.418191,-0.0676362,
772272974425418,3,0.1340753,9.396643,-0.03232172,
772272996794802,3,0.17357962,9.449316,-0.054468088,
772273016570191,3,0.23283611,9.378687,-0.15263036,
772273034484010,3,0.08259996,9.414599,-0.18315643,
772273056761843,3,0.06943185,9.371504,-0.24480712,
772273076598269,3,-0.011971008,9.408015,-0.17477672,
772273096831423,3,0.0676362,9.406818,-0.0077811554,
772273119567018,3,0.16340427,9.431359,0.05805939,
772273136687379,3,0.219668,9.445126,-0.091578215,
772273154601198,3,0.14544775,9.394848,-0.095169514,
772273177306277,3,0.10594343,9.384073,-0.18614918,
772273196776492,3,0.031124622,9.400234,-0.23463176,
772273214659791,3,0.047285482,9.414001,-0.14784196,
772273236937623,3,0.09876082,9.398438,-0.08140286,
772273256774049,3,0.18854338,9.394249,-0.074220255,
772273277007204,3,0.1364695,9.398438,0.008978256,
772273297026736,3,0.11133038,9.40203,-0.038307227,
772273316863161,3,0.08619126,9.422979,-0.2136825,
772273334776978,3,0.10295067,9.413403,-0.21428105,
772273357207399,3,0.110731825,9.41041,-0.05686229,
772273376921755,3,0.15382746,9.417592,-0.03232172,
772273394835574,3,0.15502456,9.41041,-0.053869538,
772273417449099,3,0.09756372,9.444528,-0.090381116,
772273436949830,3,0.077811554,9.406818,-0.13467385,
772273457182985,3,0.088585466,9.389461,-0.1448492,
772273477171999,3,0.1388637,9.376292,-0.11971009,
772273497038943,3,0.13467385,9.390657,-0.09696517,
772273514922244,3,0.09876082,9.403227,-0.17597382,
772273537261109,3,0.048482586,9.409811,-0.109534726,
772273557097535,3,0.092775315,9.437943,-0.06703765,
772273574980837,3,0.15442601,9.384073,-0.046088383,
772273597411257,3,0.12569559,9.400833,-0.0688333,
772273617125613,3,0.107140526,9.385271,-0.12150574,
772273637358766,3,0.089184016,9.391256,-0.12928689,
772273657683472,3,0.089184016,9.43495,-0.12988544,
772273677214723,3,0.09636662,9.403826,-0.09935937,
772273695098025,3,0.15083471,9.415796,-0.08200141,
772273717467410,3,0.19033903,9.3978405,-0.027533319,
772273737242800,3,0.14185645,9.4062195,-0.0712275,
772273755187135,3,0.05805939,9.408614,-0.16699557,
772273777495485,3,0.020949265,9.387665,-0.16340427,
772273797331911,3,0.08020575,9.411607,-0.12030864,
772273817565066,3,0.16400282,9.423578,-0.108936176,
772273837615115,3,0.16938977,9.387665,-0.13587095,
772273857421022,3,0.089782566,9.376891,-0.036511578,
772273875304322,3,0.14724341,9.461287,-0.04249708,
772273898039919,3,0.10354923,9.389461,-0.0712275,
772273917449099,3,0.1352724,9.405622,-0.1436521,
772273935362918,3,0.088585466,9.355942,-0.17776948,
772273957640749,3,0.08140286,9.412804,-0.19991584,
772273977507691,3,0.11133038,9.416994,-0.11552023,
772273997710329,3,0.1316811,9.420585,-0.050876785,
772274017729860,3,0.107739076,9.370906,-0.06284779,
772274037566287,3,0.12749124,9.405023,-0.05267244,
772274055480105,3,0.13946225,9.467871,-0.050278235,
772274077941041,3,0.110133275,9.443929,-0.074220255,
772274097655397,3,0.1376666,9.368511,-0.15382746,
772274115538698,3,0.1328782,9.390657,-0.17477672,
772274138152224,3,0.08499416,9.365519,-0.11911154,
772274157683474,3,0.10594343,9.435549,-0.14604631,
772274177916627,3,0.10474633,9.421184,-0.11192893,
772274197905641,3,0.09756372,9.408015,-0.02932897,
772274217742067,3,0.130484,9.380483,-0.044891283,
772274235655886,3,0.14963761,9.370906,-0.19393034,
772274257994754,3,0.12150574,9.436746,-0.2184709,
772274277800661,3,0.090381116,9.408015,-0.12330139,
772274295744996,3,0.12030864,9.377489,-0.04070143,
772274318144899,3,0.11552023,9.452907,-0.039504327,
772274337859255,3,0.1921347,9.406818,-0.002992752,
772274358031375,3,0.14425065,9.437345,-0.11671733,
772274378386599,3,0.10534488,9.371504,-0.11671733,
772274397917848,3,0.10534488,9.405622,-0.130484,
772274415801149,3,0.08140286,9.379884,-0.12868834,
772274438140016,3,0.09816227,9.405622,-0.11791443,
772274457945925,3,0.1448492,9.403227,-0.110731825,
772274475859744,3,0.16400282,9.399636,-0.095169514,
772274498137574,3,0.1448492,9.40203,-0.048482586,
772274517974000,3,0.10594343,9.411607,-0.095768064,
772274538207155,3,0.076015905,9.411607,-0.12210429,
772274558379276,3,0.11611878,9.406818,-0.10295067,
772274578063113,3,0.1400608,9.403227,-0.08738836,
772274596007448,3,0.12449849,9.409213,-0.12270284,
772274618682009,3,0.14604631,9.411008,-0.095169514,
772274638152224,3,0.11611878,9.413403,-0.08140286,
772274656035526,3,0.108337626,9.403826,-0.10175357,
772274678313356,3,0.12090719,9.425373,-0.093373865,
772274698180299,3,0.11492168,9.413403,-0.06464344,
772274718413455,3,0.12389994,9.403227,-0.0712275,
772274738555057,3,0.11492168,9.385271,-0.15741876,
772274758421999,3,0.09876082,9.418191,-0.16699557,
772274776244264,3,0.08020575,9.388264,-0.130484,
772274798705204,3,0.1448492,9.448717,-0.040102877,
772274818480594,3,0.12868834,9.407417,-0.073023155,
772274836302858,3,0.095768064,9.469068,0.026934769,
772274859007937,3,0.38367084,9.3182335,-0.076015905,
772274878478153,3,0.2741361,9.46847,-0.2172738,
772274898619754,3,0.095768064,9.357738,-0.09816227,
772274918639284,3,0.11312603,9.375694,-0.08200141,
772274938506228,3,-0.08319851,9.400234,-0.089782566,
772274956389529,3,-0.12629414,9.490616,0.095768064,
772274978758914,3,-0.076015905,9.519346,-0.016759412,
772274998534304,3,0.11552023,9.416395,-0.11851298,
772275016448122,3,0.3429694,9.295488,-0.10474633,
772275038939579,3,0.25258827,9.385271,-0.10414778,
772275058592899,3,-0.0011971008,9.43495,-0.049679685,
772275078795534,3,-0.01616086,9.458893,-0.051475335,
772275099181277,3,0.073621705,9.431359,-0.074818805,
772275118651493,3,0.16579847,9.365519,-0.08319851,
772275136565311,3,0.15023616,9.375095,-0.11611878,
772275158873659,3,0.12569559,9.385271,-0.090979666,
772275178679568,3,0.065242,9.444528,-0.12210429,
772275196593386,3,0.094570965,9.407417,-0.17956513,
772275218871219,3,0.13347675,9.416395,-0.038905777,
772275238707643,3,0.093972415,9.42238,0.078410104,
772275258940798,3,0.14963761,9.403826,-0.007182605,
772275279082401,3,0.12389994,9.438541,-0.091578215,
772275298857791,3,0.09696517,9.43495,-0.07182605,
772275316741091,3,0.10235212,9.362526,-0.12389994,
772275339415652,3,0.089782566,9.392453,-0.10594343,
772275358916385,3,0.089184016,9.391854,-0.14903906,
772275376830203,3,0.1436521,9.412206,-0.12808979,
772275399016481,3,0.06943185,9.415796,-0.10594343,
772275420043093,3,0.07182605,9.426571,-0.016759412,
772275439269168,3,0.12988544,9.402629,-0.11133038,
772275459014041,3,0.15023616,9.399037,-0.10594343,
772275478942018,3,0.08080431,9.384672,-0.10594343,
772275496825319,3,0.1400608,9.411607,-0.0712275,
772275519316776,3,0.07062895,9.422979,-0.062249243,
772275539000613,3,0.15622166,9.414001,-0.09696517,
772275556914431,3,0.088585466,9.392453,-0.110133275,
772275579527957,3,0.10654198,9.394848,-0.10115502,
772275599059207,3,0.11492168,9.416994,-0.08259996,
772275619261844,3,0.11252748,9.40203,-0.076614454,
772275639250856,3,0.09636662,9.418191,-0.095768064,
772275659117800,3,0.1340753,9.403227,-0.10534488,
772275677031619,3,0.12629414,9.411008,-0.107739076,
772275699339969,3,0.076015905,9.384672,-0.075417355,
772275719145876,3,0.107140526,9.396045,-0.047285482,
772275737090212,3,0.13467385,9.45171,-0.10414778,
772275759490116,3,0.16160862,9.439739,-0.051475335,
772275779173953,3,0.13467385,9.411607,-0.033518825,
772275799407106,3,0.08439561,9.390059,-0.11133038,
772275819823367,3,0.08559271,9.392453,-0.16639702,
772275839263065,3,0.090979666,9.380483,-0.09935937,
772275857176883,3,0.17058687,9.428367,-0.017357962,
772275879515749,3,0.11851298,9.430161,0.035913024,
772275899352175,3,0.12449849,9.424775,-0.04070143,
772275917235476,3,0.11492168,9.372103,-0.054468088,
772275939513309,3,0.11492168,9.405023,-0.1400608,
772275959380251,3,0.12928689,9.431957,-0.13347675,
772275979582888,3,0.074818805,9.406818,-0.05327099,
772275999724491,3,0.109534726,9.4062195,-0.12030864,
772276019469363,3,0.08619126,9.391854,-0.091578215,
772276037352663,3,0.09995792,9.380483,-0.02873042,
772276060057742,3,0.13826515,9.424176,-0.027533319,
772276079497440,3,0.15622166,9.423578,-0.061052144,
772276097411258,3,0.11911154,9.414599,-0.108337626,
772276119689089,3,0.061052144,9.371504,-0.1352724,
772276139525515,3,0.076614454,9.411607,-0.13347675,
772276159758670,3,0.10115502,9.411607,-0.06943185,
772276179778201,3,0.1340753,9.44333,-0.035314474,
772276199614626,3,0.12808979,9.400234,-0.04369418,
772276217497927,3,0.090381116,9.379884,-0.107739076,
772276239989383,3,0.073621705,9.390059,-0.090979666,
772276259673221,3,0.10235212,9.420585,-0.1388637,
772276277587038,3,0.15203181,9.431957,-0.051475335,
772276300200564,3,0.10654198,9.375694,0.01316811,
772276319670780,3,0.12868834,9.433155,-0.11133038,
772276339934451,3,0.12150574,9.403227,-0.109534726,
772276360411745,3,0.08200141,9.399037,-0.08080431,
772276379790408,3,0.12210429,9.414001,-0.03172317,
772276397704226,3,0.09816227,9.403826,-0.050278235,
772276420043094,3,0.12928689,9.394848,-0.093972415,
772276439849001,3,0.15861586,9.41041,-0.10235212,
772276457732302,3,0.10594343,9.3822775,-0.05865794,
772276480162723,3,0.107140526,9.409811,-0.09816227,
772276499877078,3,0.08559271,9.415796,-0.11372458,
772276520079714,3,0.11133038,9.412804,-0.0724246,
772276540465457,3,0.1316811,9.405023,-0.050876785,
772276559966190,3,0.1376666,9.403826,-0.076614454,
772276577880008,3,0.108936176,9.404425,-0.1352724,
772276600218874,3,0.108936176,9.414599,-0.12868834,
772276620024783,3,0.13227965,9.408015,-0.051475335,
772276637938601,3,0.12330139,9.390657,-0.047884032,
772276660216434,3,0.11791443,9.41879,-0.10354923,
772276680052858,3,0.110133275,9.3978405,-0.13108255,
772276700255496,3,0.08379706,9.405023,-0.090979666,
772276720397098,3,0.10654198,9.420585,-0.04309563,
772276740172488,3,0.09756372,9.416994,0.010175358,
772276758025271,3,0.16340427,9.4295635,-0.074220255,
772276780791384,3,0.18375498,9.387066,-0.16579847,
772276800170047,3,0.08678981,9.394848,-0.20649989,
772276818083866,3,0.046088383,9.390657,-0.14903906,
772276840392214,3,0.10654198,9.430161,0.055066638,
772276860198123,3,0.17597382,9.412804,0.0676362,
772276880431278,3,0.17298107,9.411607,-0.07182605,
772276900450809,3,0.11432313,9.377489,-0.12210429,
772276920317751,3,0.0724246,9.414001,-0.13706805,
772276938201052,3,0.0796072,9.400234,-0.108337626,
772276960661991,3,0.107140526,9.405023,-0.065242,
772276980345828,3,0.1388637,9.3978405,-0.08319851,
772276998259646,3,0.1376666,9.405023,-0.109534726,
772277020903689,3,0.08319851,9.409213,-0.05865794,
772277040373905,3,0.10354923,9.385869,-0.011372458,
772277060607059,3,0.12210429,9.4062195,-0.061052144,
772277080626589,3,0.14065935,9.424176,-0.18076223,
772277100493533,3,0.12689269,9.427169,-0.08798691,
772277118376835,3,0.10474633,9.394249,-0.04189853,
772277140654666,3,0.12210429,9.424176,-0.047285482,
772277160521608,3,0.1328782,9.4062195,-0.062249243,
772277178435428,3,0.10654198,9.402629,-0.108936176,
772277200835330,3,0.11492168,9.409811,-0.10235212,
772277220580203,3,0.093373865,9.3822775,-0.050278235,
772277240813356,3,0.15023616,9.403826,-0.061650693,
772277261138064,3,0.12569559,9.403227,-0.06284779,
772277280669315,3,0.130484,9.41041,-0.08259996,
772277298613651,3,0.11731588,9.42238,-0.07062895,
772277320921999,3,0.11312603,9.419987,-0.061650693,
772277340758425,3,0.12509704,9.414599,-0.05626374,
772277358672245,3,0.094570965,9.399037,-0.092176765,
772277380950076,3,0.110133275,9.446921,-0.06464344,
772277400786501,3,0.15741876,9.385271,-0.076614454,
772277421019656,3,0.17178397,9.403826,-0.0688333,
772277441130741,3,0.08678981,9.4062195,-0.059855044,
772277460875613,3,0.10474633,9.436148,-0.065242,
772277478758913,3,0.076614454,9.389461,-0.06823475,
772277501463992,3,0.12509704,9.418191,-0.08499416,
772277520934207,3,0.17357962,9.3822775,-0.05207389,
772277538817508,3,0.1364695,9.411607,-0.06823475,
772277561095339,3,0.10055647,9.398438,-0.08559271,
772277580962283,3,0.077811554,9.409811,-0.09876082,
772277601195438,3,0.11492168,9.412206,-0.076015905,
772277621184451,3,0.11133038,9.405622,-0.038307227,
772277641051393,3,0.13946225,9.400234,-0.05686229,
772277658934695,3,0.11552023,9.411607,-0.076614454,
772277681426151,3,0.19033903,9.409213,-0.06943185,
772277701079471,3,0.11432313,9.394249,-0.02932897,
772277718993288,3,0.08020575,9.401431,-0.06943185,
772277741667849,3,0.0724246,9.394848,-0.107739076,
772277761107547,3,0.14963761,9.405622,-0.11492168,
772277781340701,3,0.17657238,9.400234,-0.04070143,
772277801390749,3,0.17477672,9.3978405,-0.03232172,
772277821227175,3,0.06584055,9.404425,-0.1364695,
772277839110477,3,0.049081136,9.377489,-0.12629414,
772277861479860,3,0.090979666,9.409811,-0.076614454,
772277881255251,3,0.12749124,9.409213,-0.045489833,
772277899169070,3,0.17537527,9.449914,-0.008379706,
772277921630008,3,0.16998832,9.43076,5.985504E-4,
772277941283327,3,0.15322891,9.384073,-0.04249708,
772277961546999,3,0.076015905,9.4062195,-0.11731588,
772277981902224,3,0.0664391,9.415796,-0.16460137,
772278001372440,3,0.075417355,9.392453,-0.15083471,
772278019255740,3,0.110731825,9.36492,-0.059855044,
772278041594606,3,0.17477672,9.398438,0.040102877,
772278061400515,3,0.16160862,9.416395,-0.02932897,
772278079283817,3,0.10235212,9.48463,-0.005985504,
772278101622683,3,0.12090719,9.3421755,-0.092775315,
772278121428591,3,0.08200141,9.342773,-0.14784196,
772278141661746,3,0.076614454,9.400234,-0.034715924,
772278161803348,3,0.12749124,9.444528,-0.01616086,
772278181517702,3,0.2112883,9.420585,-0.031124622,
772278199462038,3,0.16160862,9.389461,-0.013766659,
772278222167117,3,0.013766659,9.394848,-0.040102877,
772278241606815,3,-0.04070143,9.467871,-0.11671733,
772278259520632,3,0.142455,9.448717,0.04129998,
772278281859499,3,0.3393781,9.355942,0.19871874,
772278301604373,3,0.22445641,9.403826,0.12270284,
772278321868045,3,0.08259996,9.461885,-0.074818805,
772278341857058,3,0.10414778,9.389461,-0.20470424,
772278361724001,3,0.02873042,9.405023,-0.2669535,
772278379607303,3,-0.018555064,9.375694,0.037110128,
772278402068241,3,0.04249708,9.317036,-0.010773907,
772278421752077,3,0.08559271,9.394249,-0.1364695,
772278439635378,3,0.15023616,9.427169,0.006584055,
772278462279422,3,0.06703765,9.482835,0.08080431,
772278481749637,3,0.12270284,9.44752,0.004189853,
772278502013308,3,0.091578215,9.400833,0.022146367,
772278522002321,3,0.076614454,9.382876,-0.04189853,
772278541869265,3,0.08499416,9.3260145,-0.17477672,
772278559752567,3,0.12689269,9.321226,-0.27234045,
772278582121950,3,0.05207389,9.419987,-0.07062895,
772278601897341,3,0.089782566,9.49301,-0.010175358,
772278619811160,3,0.079008654,9.483433,0.30585927,
772278642241580,3,-0.059855044,9.399636,0.08200141,
772278661925417,3,0.004189853,9.352949,-0.055066638,
772278682158571,3,0.06584055,9.413403,-0.18016368,
772278702605349,3,-0.15143326,9.334992,-0.48243165,
772278722045047,3,-0.1921347,9.393052,-0.34955344,
772278739928347,3,-0.08080431,9.419987,-0.04249708,
772278762297731,3,0.18794483,9.365519,0.018555064,
772278782103640,3,0.26276365,9.436746,0.13587095,
772278799986942,3,0.1412579,9.445126,0.17836803,
772278822295290,3,-0.018555064,9.494206,0.04070143,
772278842101198,3,-0.046088383,9.383475,-0.20470424,
772278862364871,3,-0.14963761,9.364322,-0.4177882,
772278882506473,3,-0.095768064,9.387066,-0.22565351,
772278902220827,3,0.074220255,9.345168,-0.20350714,
