772243987731082,3,-0.12900937,-0.4053421,-0.10095064,
772244009490114,3,-0.1065208,-0.38080692,-0.12256205,
772244028746707,3,-0.09874259,-0.38801384,-0.12943166,
772244047911746,3,-0.11046485,-0.4095888,-0.18803339,
772244069548709,3,-0.12958235,-0.39943218,-0.27517444,
772244089781862,3,-0.13214985,-0.42698097,-0.15379035,
772244108244996,3,-0.10019405,-0.40065384,-0.03934161,
772244129637820,3,-0.052290983,-0.4000559,-0.12628914,
772244147521120,3,-0.10971732,-0.364151,-0.18635009,
772244167967898,3,-0.19269438,-0.34859943,-0.101412974,
772244189726931,3,-0.17077404,-0.3665657,-0.050709233,
772244208922487,3,-0.1532498,-0.39110374,-0.1737343,
772244227965455,3,-0.100696735,-0.47788715,-0.16203034,
772244249724490,3,-0.076573774,-0.44614506,-0.17931353,
772244269927128,3,-0.13291843,-0.3725214,-0.21067618,
772244288146121,3,-0.21531537,-0.3216467,-0.09174313,
772244309844118,3,-0.2040032,-0.37132263,-0.029648468,
772244327788454,3,-0.16002175,-0.4042244,-0.08531952,
772244348479374,3,-0.04669694,-0.39820862,-0.06804599,
772244369902712,3,-0.10519893,-0.43049335,-0.16442302,
772244389098269,3,-0.15117434,-0.39097023,-0.16744298,
772244408171755,3,-0.093864374,-0.39814186,-0.055672035,
772244429900272,3,-0.16868904,-0.39093685,-0.008253745,
772244450133425,3,-0.15794738,-0.38433075,-0.11248714,
772244468169313,3,-0.101109505,-0.37352085,-0.092169434,
772244489928347,3,-0.057953503,-0.37167645,-0.05689328,
772244507964236,3,-0.113111764,-0.43749523,-0.08494069,
772244528624636,3,-0.18448949,-0.40217972,-0.15274262,
772244550047976,3,-0.20468712,-0.41773987,-0.070450515,
772244569274051,3,-0.14041898,-0.37882042,-0.035754476,
772244588683231,3,-0.15955365,-0.3913746,-0.07135382,
772244610076052,3,-0.1643556,-0.33987713,-0.023178305,
772244630431276,3,-0.1342092,-0.36319542,0.023450106,
772244648436648,3,-0.066652745,-0.45174694,-0.052282017,
772244670134647,3,-0.15391636,-0.3697281,-0.07173982,
772244688048464,3,-0.14590766,-0.44333553,-0.11389055,
772244708434206,3,-0.12830926,-0.4205637,-0.19249882,
772244730223758,3,-0.22803536,-0.38224983,-0.10854404,
772244749480350,3,-0.18440697,-0.44927025,4.8879534E-5,
772244768584353,3,-0.16096075,-0.366642,-0.05072485,
772244790312868,3,-0.09610045,-0.38994217,-0.024662398,
772244810515506,3,-0.08647598,-0.3887005,-0.009955887,
772244828948124,3,-0.19433755,-0.40065956,-0.019978423,
772244850371462,3,-0.16364446,-0.42159462,0.025132284,
772244868743044,3,-0.1967036,-0.37671375,-0.04458845,
772244888671023,3,-0.11715038,-0.36770916,-0.07002191,
772244910430057,3,-0.099187404,-0.4353037,-0.08040945,
772244929686648,3,-0.19726114,-0.43649864,-0.040388186,
772244948699099,3,-0.20600915,-0.38803482,-0.06531954,
772244970458133,3,-0.17160298,-0.3592844,-0.02831944,
772244990691288,3,-0.15219086,-0.4059496,-0.0017565377,
772245008879763,3,-0.18026428,-0.4220972,0.024634346,
772245030608278,3,-0.16203853,-0.34129524,0.09472084,
772245048491580,3,-0.12247504,-0.42567348,-0.018908024,
772245069151981,3,-0.092855796,-0.43642044,-0.10241364,
772245090575320,3,-0.20418617,-0.38494587,-0.035974536,
772245109801394,3,-0.18391453,-0.42684364,-0.09206563,
772245128783328,3,-0.1757757,-0.40350246,-0.10774084,
772245150572879,3,-0.17439972,-0.31312656,0.060094457,
772245170806033,3,-0.10209398,-0.39091587,0.15983355,
772245188902956,3,-0.059849367,-0.41481686,0.010314342,
772245210661990,3,-0.089835,-0.39323902,-0.00331752,
772245228575809,3,-0.15584962,-0.44889355,0.03207034,
772245249083621,3,-0.2249553,-0.42077255,-0.09607294,
772245270720583,3,-0.24088529,-0.40521622,-0.13660514,
772245290007693,3,-0.22886714,-0.35614014,-0.008807443,
772245309294803,3,-0.12201946,-0.39684772,0.08550406,
772245330718142,3,-0.073596716,-0.40759277,0.11297977,
772245351012331,3,-0.09892556,-0.4117298,0.007657051,
772245369017703,3,-0.1470145,-0.34646988,-0.03106144,
772245390837772,3,-0.15620673,-0.42545605,-0.009075195,
772245408843142,3,-0.2524389,-0.35241985,-0.1193047,
772245429137331,3,-0.22212785,-0.39070034,-0.08292608,
772245450896365,3,-0.117409974,-0.47087288,-0.05180011,
772245470122440,3,-0.13530643,-0.42179108,0.029717147,
772245489256960,3,-0.13260023,-0.37095165,0.16181862,
772245510893923,3,-0.1274598,-0.40266895,0.16633782,
772245531157596,3,-0.16992283,-0.35177135,-0.022546269,
772245549529178,3,-0.16920018,-0.38526917,0.0018661097,
772245570983034,3,-0.16624552,-0.43192196,0.0031287894,
772245588896853,3,-0.24132372,-0.37625694,0.011809267,
772245609313113,3,-0.19053188,-0.39360332,5.8732927E-5,
772245631011112,3,-0.115164034,-0.43547916,-3.8378686E-4,
772245650298220,3,-0.21817562,-0.38639164,0.06544629,
772245669310671,3,-0.13070613,-0.40253735,0.051854365,
772245691069705,3,-0.12675114,-0.37495804,0.062290303,
772245711302860,3,-0.1666516,-0.381505,0.015008919,
772245729491335,3,-0.18889733,-0.37729645,0.029513754,
772245751128298,3,-0.11328144,-0.43408012,0.06756866,
772245769072635,3,-0.15661064,-0.40947056,0.012642048,
772245789794071,3,-0.1283117,-0.40523148,-0.013044223,
772245811186892,3,-0.20555586,-0.35970306,0.048078768,
772245835204225,3,-0.16475078,-0.39614773,0.113858,
772245849455935,3,-0.15081151,-0.40210247,0.05279678,
772245871214969,3,-0.1574668,-0.4008665,0.10815437,
772245891478640,3,-0.15296353,-0.42533112,0.0016596466,
772245909545046,3,-0.17522329,-0.36423206,0.073146045,
772245931334597,3,-0.18788844,-0.4329815,-0.002545759,
772245949248417,3,-0.15212049,-0.37845612,0.023424,
772245969756228,3,-0.16457756,-0.37723923,0.09358342,
772245991362673,3,-0.18351327,-0.36464214,0.064457156,
772246010619266,3,-0.20594713,-0.38977146,0.10379441,
772246030028446,3,-0.13705206,-0.449605,0.04965905,
772246051451784,3,-0.18597665,-0.41606522,0.08942032,
772246071654421,3,-0.16020462,-0.35680962,0.05108335,
772246089751346,3,-0.11838684,-0.38435555,0.16148019,
772246111479862,3,-0.1247133,-0.48610115,0.101779625,
772246129393679,3,-0.19314098,-0.3897171,-0.05703646,
772246149809939,3,-0.1824458,-0.2538662,0.1211671,
772246171568972,3,-0.07120425,-0.40407372,0.17008233,
772246190825565,3,-0.10809958,-0.4399519,0.14317882,
772246209929568,3,-0.14328812,-0.39923096,0.07414001,
772246231566530,3,-0.11874165,-0.39435673,0.010775432,
772246251830203,3,-0.1842439,-0.42306042,0.028891966,
772246270232303,3,-0.20097058,-0.4164877,0.06345642,
772246291625124,3,-0.21134402,-0.3505993,0.112950474,
772246310973269,3,-0.06653653,-0.38103867,0.14454404,
772246329985721,3,-0.053723693,-0.39831448,0.07970785,
772246351744754,3,-0.09717609,-0.41854477,0.025791958,
772246370970828,3,-0.18579507,-0.43348026,0.030100644,
772246389952761,3,-0.25172904,-0.38381863,0.039613694,
772246411711795,3,-0.20876041,-0.35634708,0.15089233,
772246431975467,3,-0.11022045,-0.39106083,0.23852798,
772246450224978,3,-0.079330474,-0.3712778,0.13956456,
772246471861940,3,-0.08247553,-0.37416553,0.081869416,
772246489745242,3,-0.10888712,-0.47346115,0.113872685,
772246510497196,3,-0.21042001,-0.3752966,0.018202886,
772246531890017,3,-0.2206611,-0.32261562,0.022709459,
772246551146609,3,-0.12185035,-0.45247173,0.07915446,
772246570128543,3,-0.17036921,-0.46321774,0.11794371,
772246591918094,3,-0.12958975,-0.33516407,0.168152,
772246612181765,3,-0.09177571,-0.38781166,0.1371402,
772246630217653,3,-0.12049107,-0.40571404,0.08736848,
772246652007205,3,-0.15005766,-0.399683,0.062013477,
772246669951542,3,-0.14874984,-0.40326214,0.1567439,
772246690459353,3,-0.14532451,-0.38766384,0.07357154,
772246712096315,3,-0.1707666,-0.3960533,0.12485218,
772246731322391,3,-0.1505853,-0.38107204,0.08845424,
772246750701053,3,-0.15897886,-0.40136528,0.1508171,
772246772093874,3,-0.10249168,-0.4515686,0.13811293,
772246792327028,3,-0.13279904,-0.37243748,0.06325886,
772246810423953,3,-0.16798359,-0.39159203,0.11947949,
772246832213504,3,-0.17888182,-0.3904209,0.11021797,
772246850127322,3,-0.09363924,-0.3934164,0.121280625,
772246870513064,3,-0.21568511,-0.38202858,0.11488461,
772246892272097,3,-0.12560137,-0.4172802,0.12611666,
772246911528690,3,-0.12608255,-0.4136181,0.120073386,
772246930632693,3,-0.15208171,-0.3836317,0.14117905,
772246952239138,3,-0.18190281,-0.38841152,0.18282384,
772246972533328,3,-0.164755,-0.40091896,0.063449174,
772246990965946,3,-0.1904946,-0.40804672,0.03831403,
772247012358767,3,-0.17447521,-0.43915176,0.08471908,
772247030272585,3,-0.13673925,-0.38411713,0.12351316,
772247054747683,3,-0.13796824,-0.36797905,0.16939518,
772247071715458,3,-0.14432985,-0.4087143,0.23425563,
772247089629275,3,-0.15607698,-0.40092754,0.16769768,
772247111937624,3,-0.14489691,-0.4110489,0.1074433,
772247131774051,3,-0.23275709,-0.38767052,0.10814369,
772247152007205,3,-0.1777712,-0.43318367,0.10251931,
772247172118287,3,-0.14331919,-0.364336,0.1838858,
772247191832644,3,-0.069320075,-0.40021515,0.19507974,
772247209746463,3,-0.13764903,-0.37088203,0.15872045,
772247232482058,3,-0.22211766,-0.40915775,0.14421609,
772247251921754,3,-0.13697183,-0.4312868,0.074319065,
772247269835573,3,-0.21304786,-0.38640308,0.1802907,
772247292113406,3,-0.17418073,-0.39298153,0.17992899,
772247311949832,3,-0.09730131,-0.36662197,0.13402414,
772247332182985,3,-0.11069068,-0.3647995,0.2255743,
772247352202517,3,-0.11442996,-0.46946812,0.2081614,
772247372008426,3,-0.1612794,-0.3867817,0.15514782,
772247389922244,3,-0.27697366,-0.37899876,0.014058143,
772247412413698,3,-0.15727063,-0.39569187,0.109913826,
772247432097536,3,-0.1571743,-0.4615507,0.18979685,
772247449980838,3,-0.10569474,-0.37176228,0.22731914,
772247472624880,3,-0.0987067,-0.37470913,0.23083952,
772247492095094,3,-0.12534463,-0.4261217,0.13493547,
772247512328249,3,-0.21819907,-0.3841715,0.06758444,
772247532378299,3,-0.20224813,-0.355999,0.11715704,
772247552214724,3,-0.11797653,-0.4026451,0.19152775,
772247570098024,3,-0.116382,-0.38049698,0.22699444,
772247592467409,3,-0.1899271,-0.42896557,0.1673419,
772247612273318,3,-0.11054257,-0.3636551,0.13527925,
772247630156619,3,-0.13456516,-0.42827034,0.13450077,
772247652587037,3,-0.1328266,-0.40011597,0.20140254,
772247672270876,3,-0.14594072,-0.41087437,0.17428988,
772247692534549,3,-0.14515856,-0.3671522,0.16135967,
772247712859255,3,-0.18707967,-0.3719244,0.16321385,
772247732390504,3,-0.1481485,-0.41620827,0.2016768,
772247750273806,3,-0.11711788,-0.39105797,0.22121748,
772247772643191,3,-0.153394,-0.39334583,0.11960371,
772247792449099,3,-0.20729908,-0.38013363,0.11163367,
772247810332399,3,-0.15031154,-0.42742634,0.1620732,
772247832640749,3,-0.13573843,-0.38076305,0.19924423,
772247852446658,3,-0.095323466,-0.38919544,0.239944,
772247872679812,3,-0.11740127,-0.36644077,0.27822396,
772247892821412,3,-0.14827497,-0.37900257,0.2339838,
772247912535769,3,-0.14313155,-0.41901302,0.16384923,
772247930449588,3,-0.15492934,-0.4195261,0.10088058,
772247953215701,3,-0.1690151,-0.44638348,0.0659294,
772247972594362,3,-0.19871418,-0.36858368,0.17018273,
772247990508181,3,-0.18066493,-0.34170437,0.24419491,
772248012816531,3,-0.125306,-0.38543224,0.28368318,
772248032622439,3,-0.0599116,-0.4039297,0.22618467,
772248052886110,3,-0.08165252,-0.40506172,0.21737473,
772248072905642,3,-0.13811025,-0.39299393,0.10916974,
772248092742068,3,-0.18560873,-0.4054947,0.08111657,
772248110625369,3,-0.1849612,-0.4036913,0.1311947,
772248133116823,3,-0.17308596,-0.40383053,0.2800774,
772248152770144,3,-0.13226564,-0.3811655,0.29745167,
772248170683963,3,-0.0831781,-0.35540295,0.30906394,
772248193328005,3,-0.089895375,-0.39658165,0.18341258,
772248212798219,3,-0.10888559,-0.41206264,0.13014628,
772248233031374,3,-0.18379399,-0.38756466,0.20170346,
772248253050906,3,-0.2068809,-0.3570404,0.22636764,
772248272887332,3,-0.16601813,-0.40608215,0.15673178,
772248290770631,3,-0.118567735,-0.38031387,0.20029487,
772248313140017,3,-0.13008557,-0.4006462,0.23935413,
772248332945926,3,-0.13471596,-0.39882565,0.24603152,
772248350890261,3,-0.10719753,-0.40836334,0.23565419,
772248373259645,3,-0.14425504,-0.38729477,0.14913796,
772248392973999,3,-0.1432369,-0.40762043,0.11105712,
772248413207154,3,-0.19257586,-0.36516285,0.22200334,
772248433592897,3,-0.1298457,-0.38141537,0.34863427,
772248453032595,3,-0.12249085,-0.36707115,0.33108464,
772248470976932,3,-0.082085975,-0.41130924,0.21198684,
772248493285280,3,-0.112502575,-0.41953373,0.12711999,
772248513091187,3,-0.2028591,-0.39496326,0.14170854,
772248531005006,3,-0.14341049,-0.40217876,0.20805635,
772248553343874,3,-0.18419239,-0.3632717,0.24312805,
772248573149783,3,-0.13424177,-0.38840866,0.24781752,
772248593352420,3,-0.08604732,-0.39134312,0.23729797,
772248613524537,3,-0.11596838,-0.4008398,0.21271347,
772248633238892,3,-0.12636721,-0.4019699,0.17301679,
772248651152711,3,-0.17468584,-0.39235783,0.14888282,
772248673827272,3,-0.14209962,-0.40132904,0.18515919,
772248693266970,3,-0.14586881,-0.384614,0.24040131,
772248711211307,3,-0.1191275,-0.38167,0.2831958,
772248733489138,3,-0.14661907,-0.37986183,0.3329035,
772248753295045,3,-0.08300599,-0.40976334,0.2725122,
772248773558717,3,-0.09926314,-0.3983097,0.20899954,
772248793578249,3,-0.1888171,-0.40182495,0.15524675,
772248813414676,3,-0.21631154,-0.40118694,0.1366283,
772248831297976,3,-0.17682302,-0.39157963,0.15377448,
772248858702760,3,-0.08491458,-0.37604046,0.15189593,
772248872679810,3,-0.0947367,-0.38983917,0.32966557,
772248891356568,3,-0.09579455,-0.39036655,0.27632293,
772248914000612,3,-0.13534755,-0.40337467,0.1800986,
772248933470828,3,-0.19041419,-0.3973894,0.17830294,
772248953703983,3,-0.14147443,-0.38062286,0.23441106,
772248973692995,3,-0.100567795,-0.37158108,0.20295477,
772248993559937,3,-0.14740147,-0.40384388,0.1994297,
772249011473756,3,-0.10227653,-0.44515133,0.22983684,
772249033843142,3,-0.19219679,-0.39131737,0.27258575,
772249053618533,3,-0.14757717,-0.36266613,0.3232626,
772249071532351,3,-0.1490145,-0.37279415,0.29414323,
772249093962770,3,-0.106857285,-0.3863573,0.21877876,
772249113646608,3,-0.10812937,-0.417346,0.16138771,
772249133910280,3,-0.118970856,-0.42081547,0.20734699,
772249154234988,3,-0.15326624,-0.41232014,0.20242783,
772249173766238,3,-0.14955345,-0.39610195,0.20813045,
772249191649537,3,-0.14012699,-0.38532257,0.24832992,
772249213988404,3,-0.12934512,-0.38594246,0.31648874,
772249233794313,3,-0.1196893,-0.4170313,0.30234662,
772249251708132,3,-0.13818572,-0.40913486,0.23228565,
772249273985965,3,-0.14582884,-0.36770344,0.19016342,
772249293822390,3,-0.111954175,-0.38322544,0.18674566,
772249314086060,3,-0.12435034,-0.4029646,0.23713645,
772249334197145,3,-0.13911289,-0.39585114,0.27382717,
772249353911501,3,-0.1399284,-0.4019165,0.35903293,
772249371825320,3,-0.08566417,-0.37975693,0.24055341,
772249394530398,3,-0.11520283,-0.3730812,0.24852094,
772249413970094,3,-0.120282665,-0.4137621,0.24058205,
772249431883912,3,-0.15616092,-0.4095583,0.2469694,
772249454192263,3,-0.15533257,-0.4214239,0.18913081,
772249474028689,3,-0.13338277,-0.36755466,0.21029606,
772249494261843,3,-0.14885125,-0.38258362,0.30446985,
772249514281373,3,-0.10285335,-0.39695358,0.33574995,
772249534117799,3,-0.121206254,-0.40823174,0.24703825,
772249552001100,3,-0.099605314,-0.37221432,0.19508003,
772249574492556,3,-0.16583239,-0.3829279,0.2779849,
772249594145877,3,-0.1590487,-0.36260414,0.287161,
772249612090212,3,-0.08978133,-0.41404533,0.25844985,
772249634703736,3,-0.11721857,-0.39418983,0.23906277,
772249654204469,3,-0.12267317,-0.39596844,0.22690907,
772249674407107,3,-0.17789687,-0.3648739,0.26124007,
772249694365603,3,-0.11462282,-0.3953638,0.27442896,
772249714263064,3,-0.13594191,-0.37078476,0.29445115,
772249732207399,3,-0.107600465,-0.41738987,0.27626944,
772249754515748,3,-0.09123013,-0.37714195,0.21844496,
772249774321657,3,-0.13069928,-0.4112215,0.2655594,
772249792235476,3,-0.15170978,-0.39508724,0.27974343,
772249814665896,3,-0.11903976,-0.37530327,0.23351184,
772249834349733,3,-0.20732124,-0.38544464,0.16900924,
772249854613404,3,-0.057814494,-0.37280273,0.28891975,
772249874999147,3,-0.06683778,-0.44933796,0.3015965,
772249894469363,3,-0.07589848,-0.37743664,0.20488909,
772249912352664,3,-0.12592855,-0.3797722,0.19124468,
772249934691530,3,-0.13169634,-0.38288498,0.25372487,
772249954650025,3,-0.15667348,-0.4290638,0.31358165,
772249972411256,3,-0.118029416,-0.40040588,0.3165881,
772249994689089,3,-0.082204066,-0.38066387,0.332429,
772250014525516,3,-0.08175629,-0.3752489,0.31000936,
772250034758670,3,-0.109872185,-0.37100792,0.27550003,
772250054869752,3,-0.15922287,-0.40330887,0.27557513,
772250074614625,3,-0.12402523,-0.42240143,0.24399376,
772250092528444,3,-0.11336781,-0.3936062,0.2555635,
772250115233523,3,-0.1088138,-0.38576794,0.22880234,
772250134673220,3,-0.09369054,-0.39596748,0.3060276,
772250152587037,3,-0.15790077,-0.38579845,0.3102341,
772250174864869,3,-0.09478799,-0.41389656,0.31345657,
772250194670778,3,-0.08577302,-0.40060902,0.23978403,
772250214934451,3,-0.1439734,-0.3945303,0.19998802,
772250234953983,3,-0.14346877,-0.3700018,0.23157822,
772250254790407,3,-0.13537823,-0.4048233,0.349525,
772250272704224,3,-0.100536525,-0.38221836,0.4272025,
772250295165162,3,-0.06521518,-0.33672142,0.3439281,
772250314849001,3,-0.054565445,-0.42456913,0.20158364,
772250332762820,3,-0.135224,-0.4286747,0.21366206,
772250355345828,3,-0.23910409,-0.39280987,0.25413525,
772250374877077,3,-0.16654032,-0.34012222,0.23637317,
772250395110231,3,-0.061900705,-0.4000349,0.3317704,
772250415129763,3,-0.028605193,-0.4179945,0.3070802,
772250434966189,3,-0.09316422,-0.3880024,0.3054461,
772250452849490,3,-0.12038249,-0.37903118,0.2506051,
772250475218873,3,-0.12547725,-0.34430408,0.24911037,
772250494994264,3,-0.18176931,-0.4053936,0.31206867,
772250512938600,3,-0.14193319,-0.3826189,0.26929668,
772250535338503,3,-0.060672894,-0.3921814,0.27964026,
772250555052860,3,-0.06739474,-0.37838173,0.27535552,
772250575286013,3,-0.102863014,-0.3759699,0.29957527,
772250595641236,3,-0.12824222,-0.40713024,0.36640248,
772250615111452,3,-0.084246956,-0.40766716,0.28348783,
772250633025271,3,-0.122897014,-0.3986578,0.24692032,
772250655364139,3,-0.11730032,-0.3621149,0.2995819,
772250675170046,3,-0.076393336,-0.43326473,0.2751068,
772250693083864,3,-0.14239629,-0.39134026,0.19932729,
772250715361695,3,-0.099427246,-0.3800068,0.3078316,
772250735198122,3,-0.09003945,-0.41593552,0.3160606,
772250755431277,3,-0.12049033,-0.3746071,0.26473328,
772250775542361,3,-0.09031594,-0.42188454,0.2890248,
772250795287233,3,-0.11180347,-0.39251995,0.3094432,
772250814086060,3,-0.124065205,-0.39427376,0.29631945,
772250835936647,3,-0.06753177,-0.38582134,0.30187744,
772250855376345,3,-0.08666472,-0.3798113,0.24347572,
772250873290164,3,-0.12823021,-0.41153812,0.2551089,
772250895598513,3,-0.12632814,-0.3888569,0.28814533,
772250915404420,3,-0.120043576,-0.41162395,0.265752,
772250935698610,3,-0.12588978,-0.39557457,0.4048798,
772250955687624,3,-0.05464998,-0.32025242,0.41719157,
772250975524051,3,-0.064113416,-0.37827206,0.31266332,
772250993407351,3,-0.048463844,-0.4343996,0.2731455,
772251015898805,3,-0.1432929,-0.38581944,0.23673594,
772251035552125,3,-0.08593561,-0.40554523,0.21183456,
772251053465944,3,-0.08372557,-0.3864355,0.29501784,
772251076109988,3,-0.11114703,-0.39306545,0.29929334,
772251095580202,3,-0.10018386,-0.4062643,0.41342098,
772251115813356,3,-0.082566746,-0.42596817,0.3165208,
772251135802369,3,-0.10985004,-0.3720255,0.2876972,
772251155669313,3,-0.08343061,-0.4186697,0.23173237,
772251173583132,3,-0.10734877,-0.39409733,0.2397396,
772251195922000,3,-0.11518857,-0.39179707,0.31657746,
772251215697390,3,-0.11627515,-0.39192867,0.36101383,
772251233641724,3,-0.10245827,-0.3799858,0.34712714,
772251256041627,3,-0.09569027,-0.40267086,0.2984564,
772251275755984,3,-0.08954485,-0.3858261,0.27284354,
772251296019656,3,-0.11822605,-0.41512203,0.27415997,
772251316344363,3,-0.08568023,-0.39652824,0.27559233,
772251335845094,3,-0.14197285,-0.3905058,0.3216424,
772251353758912,3,-0.10312314,-0.39106274,0.25246978,
772251376128298,3,-0.09252395,-0.4041462,0.20862305,
772251395903689,3,-0.0645782,-0.38022995,0.29567623,
772251413817507,3,-0.07635367,-0.3929186,0.38084936,
772251436095338,3,-0.10951429,-0.3785715,0.34005058,
772251455931764,3,-0.13089354,-0.3886633,0.29600608,
772251476195436,3,-0.11882062,-0.4226694,0.22843371,
772251496306521,3,-0.08398837,-0.41064548,0.22660963,
772251516020877,3,-0.07998615,-0.3951931,0.31150323,
772251533934694,3,-0.09998648,-0.37860203,0.37816742,
772251556609253,3,-0.08532633,-0.39291668,0.2978862,
772251576079469,3,-0.06916194,-0.39945412,0.2903642,
772251594023806,3,-0.12647986,-0.3863325,0.31247127,
772251616271121,3,-0.12331418,-0.39650536,0.3319619,
772251636077029,3,-0.10895454,-0.4071989,0.25654703,
772251656340700,3,-0.106996484,-0.39395523,0.2046198,
772251676329713,3,-0.11817853,-0.39521694,0.3347533,
772251696196657,3,-0.116567045,-0.36415195,0.3743045,
772251714110476,3,-0.08045565,-0.38511467,0.3136863,
772251736601931,3,-0.07304405,-0.39275646,0.31167042,
772251756316285,3,-0.11643548,-0.36996174,0.28431147,
772251774199586,3,-0.112779126,-0.395051,0.24270758,
772251796904665,3,-0.10980166,-0.42143154,0.20759055,
772251816313845,3,-0.11459006,-0.393898,0.27163544,
772251836577518,3,-0.10912995,-0.41500282,0.36156926,
772251856505495,3,-0.0745466,-0.36005688,0.36778378,
772251876311402,3,-0.09041299,-0.35652447,0.4326165,
772251895995241,3,-0.074058525,-0.3918047,0.32342136,
772251916594607,3,-0.128369,-0.41559696,0.1919048,
772251936369998,3,-0.1161779,-0.40295982,0.23033729,
772251954314334,3,-0.13264555,-0.36114693,0.30998164,
772251976714235,3,-0.048727646,-0.41030216,0.2805211,
772251996428590,3,-0.10677982,-0.35290432,0.3475602,
772252016631227,3,-0.100371614,-0.40206528,0.39250165,
772252036955935,3,-0.09347943,-0.4104147,0.2838583,
772252056517702,3,-0.093575075,-0.37855148,0.20082429,
772252074431520,3,-0.14267541,-0.42160892,0.1896496,
772252096739869,3,-0.09822708,-0.40968704,0.25450623,
772252116545778,3,-0.11340006,-0.36198616,0.35258013,
772252134459597,3,-0.0837999,-0.34779263,0.4051521,
772252156767947,3,-0.035366476,-0.3932724,0.37998456,
772252176604372,3,-0.051466495,-0.40572548,0.24740787,
772252196837525,3,-0.10975613,-0.3822794,0.21051113,
772252216979127,3,-0.15256268,-0.43016434,0.21793814,
772252236693484,3,-0.1465697,-0.38232803,0.27084887,
772252254576785,3,-0.09062633,-0.3477087,0.32825828,
772252277281863,3,-0.05741348,-0.3829975,0.31820062,
772252296752077,3,-0.05443775,-0.39079857,0.3134724,
772252314635377,3,-0.0720224,-0.3865509,0.35042468,
772252336913210,3,-0.10906792,-0.41161346,0.29020283,
772252356780154,3,-0.10707781,-0.3977518,0.19536193,
772252377013308,3,-0.13335985,-0.3906212,0.25229782,
772252397002320,3,-0.0978046,-0.39370728,0.31708562,
772252416869264,3,-0.07684791,-0.4296732,0.34446016,
772252434783083,3,-0.065662555,-0.3441124,0.2851188,
772252457213503,3,-0.04443112,-0.38838482,0.2817189,
772252476927860,3,-0.05267463,-0.38836002,0.2566787,
772252494811159,3,-0.17377195,-0.3877821,0.30360037,
772252517455201,3,-0.1008255,-0.39076233,0.21036182,
772252536925416,3,-0.08782105,-0.40568352,0.26921266,
772252557189089,3,-0.039851032,-0.3602314,0.3349062,
772252577208621,3,-0.062328443,-0.39322472,0.4233194,
772252597014529,3,-0.072965115,-0.39622307,0.3175044,
772252614928346,3,-0.10688487,-0.37998104,0.2444397,
772252637297731,3,-0.087753,-0.39606953,0.2183391,
772252657103640,3,-0.08695929,-0.39361763,0.24140373,
772252675017459,3,-0.105289295,-0.38944817,0.2533338,
772252697447878,3,-0.13682777,-0.38418865,0.3104502,
772252717101197,3,-0.0934561,-0.40523624,0.34993547,
772252737364869,3,-0.0583473,-0.36939907,0.39202598,
772252757781129,3,-0.05905734,-0.38738155,0.33382368,
772252777220828,3,-0.10067378,-0.3914652,0.23849134,
772252795134647,3,-0.09808548,-0.4296484,0.17527014,
772252817473513,3,-0.16927688,-0.3972845,0.18116255,
772252837248902,3,-0.101248786,-0.40929508,0.22917375,
772252855193239,3,-0.07284568,-0.36928654,0.33721668,
772252877501589,3,-0.052026577,-0.37064743,0.32360774,
772252897276980,3,-0.107171156,-0.3887043,0.3187237,
772252917540652,3,-0.07179211,-0.39945412,0.27870765,
772252937651735,3,-0.06818643,-0.4149475,0.3241863,
772252957366090,3,-0.10404429,-0.37478447,0.21938334,
772252975279909,3,-0.09156739,-0.3933487,0.20957123,
772252997984988,3,-0.114447415,-0.40006924,0.24827376,
772253017455202,3,-0.08872561,-0.37572575,0.31352,
772253035338502,3,-0.033612154,-0.35908413,0.4231299,
772253057646851,3,-0.05066053,-0.37999535,0.37136862,
772253077483278,3,-0.11328974,-0.36974812,0.23751758,
772253097685915,3,-0.09701012,-0.40858555,0.20148952,
772253117735965,3,-0.10712392,-0.40024853,0.24027278,
772253137572390,3,-0.093390174,-0.38237858,0.27930364,
772253155486207,3,-0.08387853,-0.3753004,0.28562725,
772253177947145,3,-0.054239735,-0.38731098,0.31104815,
772253197600466,3,-0.062843315,-0.38493538,0.29769096,
772253215514285,3,-0.08953597,-0.3789463,0.24081287,
772253238158328,3,-0.08268745,-0.39933968,0.29004556,
772253257628541,3,-0.0977142,-0.37724686,0.3013182,
772253277861695,3,-0.07969427,-0.4130993,0.21562204,
772253297850710,3,-0.07655919,-0.41784763,0.23468874,
772253317717654,3,-0.107769795,-0.3772421,0.25288185,
772253335600955,3,-0.048984222,-0.37551785,0.3336041,
772253357970338,3,-0.09555051,-0.39891338,0.3124419,
772253377745728,3,-0.074213445,-0.33600903,0.28159076,
772253395659548,3,-0.06629421,-0.40840912,0.32877412,
772253418120486,3,-0.01411853,-0.40295887,0.090664655,
772253437804324,3,-0.14657365,-0.39041805,0.18363872,
772253458037477,3,-0.082658485,-0.37492466,0.27512816,
772253478362184,3,-0.05021278,-0.3714161,0.3520694,
772253497862916,3,-0.0653628,-0.41747093,0.29166052,
772253515776736,3,-0.052958444,-0.38813496,0.25330848,
772253538146121,3,-0.09310977,-0.40787888,0.22452764,
772253557952029,3,0.013988912,-0.3552599,0.2515375,
772253575865846,3,-0.100835636,-0.40669155,0.18280992,
772253598143678,3,-0.09963073,-0.38633537,0.17164734,
772253617949587,3,-0.14982547,-0.41698647,0.29918513,
772253638213259,3,-0.08748415,-0.41059208,0.37562346,
772253658354861,3,-0.04474298,-0.33820534,0.37200737,
772253678069215,3,-0.014259465,-0.35486412,0.30152327,
772253695983033,3,-0.080661,-0.44218922,0.2528804,
772253718718630,3,-0.10805622,-0.40858555,0.2075885,
772253738127810,3,-0.10003184,-0.36665916,0.2209842,
772253756041629,3,-0.047657683,-0.36015415,0.24968697,
772253778349977,3,-0.019057065,-0.38956165,0.30034357,
772253798125367,3,-0.054038703,-0.3853855,0.32837674,
772253818389040,3,-0.09950988,-0.4237795,0.2988968,
772253838378055,3,-0.083627746,-0.41117668,0.21706699,
772253858306034,3,-0.096041664,-0.36446667,0.21680023,
772253876158816,3,-0.046934113,-0.37526798,0.20349908,
772253898650270,3,-0.05716551,-0.4117651,0.2679414,
772253918425661,3,-0.07971713,-0.4083004,0.27867052,
772253936247927,3,-0.07575758,-0.33355904,0.34306905,
772253958861454,3,-0.039994545,-0.40304852,0.31745154,
772253978392703,3,-0.0297902,-0.36765575,0.19776788,
772253998595338,3,-0.115999065,-0.42863464,0.18664719,
772254018614870,3,-0.06994024,-0.40829086,0.22399664,
772254038451297,3,-0.0718099,-0.4029169,0.30402845,
772254056304080,3,-0.06326081,-0.3712225,0.2685441,
772254078642947,3,-0.06493744,-0.3694191,0.25627074,
772254098448854,3,-0.0543693,-0.42271137,0.25858352,
772254116362673,3,-0.038978443,-0.35686398,0.26503924,
772254138762577,3,-0.08142469,-0.4119053,0.26682338,
772254158476932,3,-0.056474276,-0.4118948,0.25989503,
772254178710085,3,-0.010220401,-0.41006374,0.23738658,
772254199065310,3,-0.07658024,-0.3729725,0.21930219,
772254218566043,3,-0.025578812,-0.38318634,0.29371962,
772254236479862,3,-0.05898533,-0.414361,0.30072787,
772254258788210,3,-0.03972117,-0.36523438,0.17576033,
772254278624636,3,-0.10184847,-0.38383675,0.26643384,
772254296568972,3,-0.040533215,-0.3946123,0.20921238,
772254318816287,3,-0.056573153,-0.41256905,0.2730977,
772254338652712,3,-0.07152441,-0.3569336,0.26506695,
772254358916384,3,-0.057879925,-0.39049816,0.3218015,
772254378996952,3,-0.055109046,-0.39765167,0.26810527,
772254398741824,3,-0.06457493,-0.37845325,0.21791731,
772254416655642,3,-0.094401,-0.4113903,0.2813188,
772254439330203,3,-0.04742334,-0.41374016,0.23700085,
772254458800418,3,-0.060300026,-0.36044502,0.2650807,
772254476744754,3,-0.0073789507,-0.38015938,0.24726154,
772254498992067,3,-0.013145022,-0.36276245,0.2535984,
772254518828494,3,-0.067934066,-0.40286064,0.1947779,
772254539092166,3,-0.081483684,-0.4046917,0.22854003,
772254559081180,3,-0.0917392,-0.41019535,0.32484907,
772254578917604,3,-0.028917998,-0.36244488,0.3556034,
772254596831423,3,-0.038410507,-0.3786583,0.35419938,
772254619322879,3,-0.043215714,-0.40783215,0.20532165,
772254638976199,3,-0.044350415,-0.41248608,0.18252839,
772254656890017,3,-0.05448159,-0.40773678,0.22278172,
772254679564578,3,-0.08492176,-0.36712742,0.29102367,
772254698973758,3,-0.06395321,-0.34804726,0.29201123,
772254719237430,3,-0.009237751,-0.3845091,0.25114185,
772254739256960,3,-0.04847475,-0.426363,0.2520942,
772254759062869,3,-0.081611715,-0.44254112,0.23420921,
772254776976687,3,-0.07810831,-0.39944553,0.23178864,
772254799346072,3,-0.08767914,-0.3551569,0.21252064,
772254819151979,3,-0.026980527,-0.37492466,0.2348857,
772254837065798,3,0.027286164,-0.36541843,0.27395296,
772254859496219,3,-0.04006982,-0.4259796,0.3763271,
772254879180057,3,-0.01697176,-0.37151146,0.28126863,
772254899413210,3,-0.062192783,-0.38654518,0.23952322,
772254919768435,3,-0.06099044,-0.3979845,0.28743815,
772254939269168,3,-0.06501426,-0.42730713,0.24759111,
772254957182987,3,-0.050382227,-0.39853668,0.16422477,
772254979521852,3,-0.05056142,-0.40152264,0.2250467,
772254999327761,3,-0.04821378,-0.41531086,0.24710575,
772255017211062,3,-0.028306253,-0.37345982,0.24281555,
772255039519412,3,-0.031126544,-0.38609123,0.28294775,
772255059325319,3,-0.04357159,-0.39210796,0.27532867,
772255079588992,3,-0.07341182,-0.40889263,0.18604821,
772255099730594,3,-0.052324094,-0.40048218,0.20753251,
772255119444949,3,-0.04925835,-0.36997318,0.261127,
772255137358767,3,-0.024297826,-0.3999653,0.34718522,
772255160094363,3,-0.031256467,-0.40176773,0.27025744,
772255179534061,3,-0.055782184,-0.3957281,0.18345818,
772255197447879,3,-0.08977355,-0.39870167,0.15253592,
772255219725710,3,-0.053530224,-0.3640709,0.25627393,
772255239562136,3,-0.056785718,-0.40370178,0.30912304,
772255259825809,3,-0.016938314,-0.37676907,0.28421718,
772255279784305,3,-0.0423896,-0.37493706,0.24393147,
772255299651247,3,-0.023514844,-0.38986588,0.19033583,
772255317534548,3,-0.061836224,-0.41978264,0.22802229,
772255339995487,3,-0.09098527,-0.40844822,0.21196327,
772255359679324,3,-0.071703814,-0.37491703,0.20878187,
772255377593142,3,-0.046473235,-0.39169598,0.26092288,
772255400237185,3,-0.03995175,-0.3923149,0.2825763,
772255419707401,3,-0.05334942,-0.38211346,0.2787205,
772255439940555,3,-0.058882833,-0.4053669,0.20889461,
772255459929567,3,-0.006883219,-0.3795719,0.19658916,
772255479796511,3,-0.02344495,-0.39037228,0.18327707,
772255497710330,3,-0.09381734,-0.42203808,0.21457681,
772255520049197,3,-0.1006346,-0.3802061,0.22736262,
772255539885622,3,-0.07233122,-0.37010002,0.29166028,
772255557768923,3,-0.006829098,-0.37141228,0.33625346,
772255580199344,3,9.2339516E-4,-0.40548038,0.26722616,
772255599883182,3,-0.027275711,-0.3892393,0.20455462,
772255620146852,3,-0.07997635,-0.40179062,0.21328911,
772255640563113,3,-0.05409544,-0.36826134,0.2084403,
772255660002811,3,-0.06956963,-0.38442516,0.24810389,
772255677916629,3,-0.015067913,-0.38565063,0.23866501,
772255700224977,3,-0.025786966,-0.4025011,0.25795883,
772255720030886,3,-0.04231047,-0.3911934,0.27047992,
772255737914187,3,-0.037918262,-0.38220692,0.25703555,
772255760192020,3,-0.041635476,-0.38393307,0.21000326,
772255780028444,3,-0.060426503,-0.4048586,0.1882631,
772255800261599,3,-0.039304294,-0.3917036,0.17157616,
772255820372684,3,-0.038332433,-0.38219833,0.25561857,
772255840117557,3,-0.008859418,-0.36672497,0.30701485,
772255858031374,3,-0.019915096,-0.3829031,0.27088207,
772255880705935,3,-0.04155594,-0.38167763,0.18031469,
772255900176151,3,-0.08670345,-0.39251804,0.20499632,
772255918089969,3,-0.06495574,-0.40758514,0.23391175,
772255940367800,3,-0.02300337,-0.40994263,0.21745034,
772255960204226,3,-0.046698168,-0.38896275,0.2030909,
772255980467899,3,-0.034126982,-0.36139488,0.16499935,
772256000456912,3,-0.031110704,-0.37702656,0.2772274,
772256020293337,3,-0.010168858,-0.39142513,0.298741,
772256038207155,3,-0.059267472,-0.37886143,0.24447899,
772256060698612,3,-0.0648929,-0.38597393,0.16383167,
772256080382449,3,-0.068772085,-0.40691853,0.21331212,
772256098357302,3,-0.023554787,-0.39375496,0.22946003,
772256120909793,3,-0.02281566,-0.40873528,0.24099836,
772256140441043,3,-0.058398418,-0.3704691,0.2700252,
772256160674197,3,-0.016969785,-0.3800087,0.29372543,
772256180632692,3,-0.025783867,-0.40447807,0.17896843,
772256200530154,3,-0.026012123,-0.41281033,0.16673304,
772256218413456,3,-0.038888298,-0.40147018,0.2173662,
772256240752322,3,-0.040465795,-0.38240337,0.21384135,
772256260558229,3,-0.080980815,-0.3633175,0.21723323,
772256278472049,3,-0.05985201,-0.3897028,0.24374925,
772256300871952,3,-0.019549832,-0.36634636,0.22084549,
772256320586307,3,-0.012920253,-0.4195938,0.22335935,
772256340819460,3,-0.014454462,-0.3771019,0.17964362,
772256361174685,3,-0.059623152,-0.38310623,0.17099038,
772256380736454,3,-0.086065374,-0.39696693,0.23134431,
772256398558719,3,-0.057060227,-0.39402676,0.26154032,
772256420958620,3,-0.0036019906,-0.40773296,0.21732783,
772256440764529,3,-0.005714923,-0.36276817,0.20510262,
772256458647831,3,8.049831E-4,-0.41124058,0.1914482,
772256480925662,3,-0.047434524,-0.38315773,0.15260516,
772256500762087,3,-0.09634687,-0.40899754,0.20338964,
772256520995242,3,-0.06173834,-0.4031229,0.28307173,
772256541136844,3,0.016497813,-0.3690834,0.2812215,
772256560851199,3,-0.007178329,-0.36369514,0.29846117,
772256578765017,3,0.03045094,-0.35704422,0.2239334,
772256601531130,3,-0.05362517,-0.45572853,0.18791065,
772256620940311,3,-0.07076856,-0.40003014,0.123991415,
772256638793094,3,-0.059168573,-0.3827095,0.14089158,
772256661101442,3,-0.0100616515,-0.3690405,0.2479944,
772256680907351,3,0.007211685,-0.40263462,0.25339854,
772256701140506,3,-0.04270833,-0.4129238,0.18326104,
772256721129520,3,-0.050541583,-0.39022446,0.22130334,
772256740965944,3,-0.03036341,-0.38009262,0.24638373,
772256758879763,3,-0.0014608502,-0.37709618,0.18710935,
772256781371219,3,-0.021557674,-0.40279865,0.15280432,
772256801055057,3,-0.054250464,-0.42141438,0.18642187,
772256818938356,3,-0.05226959,-0.39576435,0.23937264,
772256841582400,3,-0.021176226,-0.34020138,0.24678975,
772256861083133,3,-0.016430147,-0.37017632,0.2499956,
772256881316287,3,-0.023706652,-0.4317875,0.23552835,
772256901305300,3,-0.051970463,-0.41258526,0.14628217,
772256921141726,3,-0.06749387,-0.39703655,0.14089018,
772256939055545,3,-0.016295336,-0.38269997,0.18660644,
772256961424930,3,-0.027006432,-0.3905468,0.19080748,
772256981230837,3,-0.03474395,-0.36904335,0.2342504,
772256999114138,3,-0.034607053,-0.3918066,0.17120603,
772257021514041,3,-0.006843038,-0.39361382,0.1944302,
772257041228397,3,-0.06350854,-0.40503407,0.21885346,
772257061492067,3,-0.034415923,-0.3763361,0.20256793,
772257081816775,3,-0.018221155,-0.39669037,0.16236061,
772257101317508,3,-0.021274969,-0.40988636,0.21786259,
772257119231326,3,-0.03599055,-0.40753078,0.21454014,
772257141570192,3,-0.029310688,-0.4111414,0.17914464,
772257161376101,3,-0.056543432,-0.38602352,0.1566361,
772257179289920,3,-0.046148572,-0.39025688,0.15317051,
772257201567752,3,-0.049979657,-0.41600895,0.20914741,
772257221404177,3,-0.011911042,-0.36812878,0.20387599,
772257241667849,3,-0.0030824617,-0.38967228,0.18839341,
772257261809452,3,-0.038900785,-0.39868736,0.13598117,
772257281523807,3,-0.05557101,-0.3885336,0.14087488,
772257299407106,3,-0.03965532,-0.38558865,0.2141459,
772257322112185,3,-0.046426203,-0.38684368,0.22875687,
772257341551883,3,-0.0027207807,-0.39999676,0.18873161,
772257359465700,3,-0.029988766,-0.4005928,0.17791371,
772257381743532,3,-0.05757784,-0.40000534,0.15122594,
772257401579959,3,-0.05628157,-0.34794998,0.19134218,
772257421813114,3,-0.028904408,-0.41980934,0.2274794,
772257441802126,3,0.022579804,-0.3994484,0.13266975,
772257461699587,3,-0.037109047,-0.40062904,0.11352293,
772257479582888,3,-0.046357248,-0.39827538,0.12241614,
772257502074344,3,-0.091584995,-0.40017223,0.27424046,
772257521727663,3,-0.042657673,-0.39250183,0.2913677,
772257539641481,3,-0.0113893375,-0.3805418,0.19441451,
772257562346560,3,-0.0012634993,-0.36607265,0.12202814,
772257581755741,3,8.226633E-4,-0.38337803,0.14707908,
772257602019411,3,-0.029872008,-0.43727207,0.20507777,
772257622008425,3,-0.052897792,-0.39358044,0.16703607,
772257641844851,3,-0.06985474,-0.37922096,0.14022674,
772257659758670,3,-0.040690705,-0.38999367,0.14819494,
772257682097536,3,-0.06901859,-0.40858936,0.215581,
772257701872927,3,-0.019853614,-0.3954754,0.21386054,
772257719817263,3,-0.006108962,-0.38467312,0.18462852,
772257742247684,3,-0.01613395,-0.4013939,0.16455491,
772257761962038,3,-0.029572077,-0.41450787,0.12285495,
772257782195192,3,-0.09531532,-0.39898014,0.12854972,
772257802519900,3,-0.010114022,-0.3548088,0.23271993,
772257822020633,3,0.009797521,-0.37288475,0.25939953,
772257839934450,3,0.02783212,-0.379467,0.251791,
772257862273317,3,-0.055108305,-0.4200735,0.14009152,
772257882079226,3,-0.03856483,-0.39727402,0.078369066,
772257899993045,3,-0.09341283,-0.41044998,0.15596619,
772257922270876,3,-0.04532447,-0.36564827,0.17655793,
772257942107302,3,-0.031848162,-0.39680386,0.18662447,
772257962340457,3,-0.0060289726,-0.4034357,0.17402956,
772257982482059,3,-0.0074933395,-0.39747143,0.17514911,
772258002196413,3,-0.028367817,-0.36338425,0.18309465,
772258020079714,3,-0.04246363,-0.39696026,0.20045301,
772258042784793,3,-0.045175355,-0.38561535,0.19193465,
772258062255008,3,-0.009805627,-0.41133595,0.13970381,
772258080138308,3,0.0059013516,-0.40892315,0.14483386,
772258102416140,3,-0.006827198,-0.39460087,0.17692083,
772258122283084,3,-0.040458947,-0.3778963,0.20253989,
772258142516239,3,-0.026765108,-0.39705372,0.13870335,
772258162505251,3,-0.062440727,-0.37849808,0.15831864,
772258182372194,3,-0.019618347,-0.42281342,0.19744128,
772258200255496,3,-0.040650703,-0.40250015,0.14093813,
772258222746952,3,-0.02397272,-0.41386223,0.12886265,
772258242430788,3,-0.029174149,-0.3833809,0.14682321,
772258260344606,3,-0.018751971,-0.40200996,0.22526968,
772258282958132,3,-0.0083221495,-0.37334824,0.19828585,
772258302458866,3,-0.022804543,-0.35959816,0.16137818,
772258322692019,3,-0.0120038465,-0.38534737,0.17083184,
772258342711550,3,0.024593174,-0.41890144,0.1969936,
772258362547976,3,-0.017053902,-0.38719082,0.109800145,
772258380461795,3,-0.0549033,-0.38720036,0.07642794,
772258402800661,3,-0.03178709,-0.40880203,0.1425629,
772258422606569,3,-0.008027956,-0.41545582,0.16783658,
772258440489871,3,0.0032013208,-0.4011526,0.17927492,
772258462889774,3,-0.02231235,-0.35689545,0.13506001,
772258482604128,3,-0.016739115,-0.3886795,0.21370868,
772258502867800,3,-0.015075497,-0.38573837,0.2114305,
772258523253543,3,-0.0068850815,-0.39827633,0.12835185,
772258542723758,3,-0.010541044,-0.40480614,0.059915036,
772258560607058,3,-0.014703833,-0.39282703,0.1147463,
772258582976441,3,-0.05622125,-0.40307903,0.17245208,
772258602782350,3,-0.036221668,-0.40075684,0.17029792,
772258620696169,3,-0.022748351,-0.41814327,0.16146317,
772258642974002,3,-0.0013192967,-0.39780903,0.15922016,
772258662779909,3,0.011466987,-0.36970234,0.17353594,
772258683013062,3,-0.01330211,-0.3942423,0.091971144,
772258703185182,3,-0.05534668,-0.38405514,0.10084742,
772258722899538,3,-0.052805524,-0.39309692,0.19441986,
772258740782840,3,0.028783895,-0.38656712,0.21756907,
772258763487918,3,-0.0076028034,-0.38297272,0.16574414,
772258782927614,3,-0.031165026,-0.39972115,0.121749155,
772258800841431,3,-0.026680134,-0.41646957,0.067679614,
772258823149781,3,-0.027997904,-0.42547703,0.12315399,
772258842986208,3,-0.045092355,-0.37938118,0.12370431,
772258863219363,3,-0.031641997,-0.3793974,0.1410906,
772258883177860,3,-0.015703492,-0.4074993,0.13746214,
772258903075319,3,-0.0045550168,-0.38834572,0.12900835,
772258920958619,3,-0.01447393,-0.3937521,0.12260171,
772258943419557,3,-0.032299295,-0.3746233,0.15427333,
772258963103396,3,-0.03125181,-0.4075346,0.1066727,
772258981017215,3,-0.02245064,-0.37880135,0.11442274,
772259003661257,3,-0.031081848,-0.42130566,0.07686356,
772259023131471,3,-0.0037046447,-0.40998077,0.12588565,
772259043364624,3,-0.0010943338,-0.3962698,0.18065068,
772259063384156,3,-0.033736996,-0.35081482,0.108890146,
772259083220583,3,-0.028149553,-0.43758583,0.088882715,
772259101164919,3,-0.046835493,-0.40888405,0.09225044,
772259123503787,3,-0.011453874,-0.41014385,0.07816614,
772259143340212,3,-0.0031091273,-0.37246895,0.13068032,
772259161223511,3,-0.013004713,-0.40724945,0.18533397,
772259183653932,3,-0.012884051,-0.36478233,0.13959524,
772259203368288,3,-0.0136634335,-0.3743677,0.14927287,
772259223601443,3,0.018149786,-0.39234543,0.19383502,
772259243956668,3,-0.010023765,-0.38992977,0.060462207,
772259263457399,3,-0.020353474,-0.39708424,0.036566675,
772259281340699,3,-0.06342368,-0.43601608,0.01139541,
772259303740602,3,-0.049986597,-0.3965912,0.14487532,
772259323485476,3,-0.012551896,-0.37216377,0.23018178,
772259341429812,3,0.005364999,-0.37701893,0.23162113,
772259363707643,3,0.029854797,-0.38713837,0.13859466,
772259383513551,3,-0.001897335,-0.4302063,0.06901236,
772259403777223,3,-0.027919233,-0.41823196,0.017803222,
772259423918826,3,-0.03936508,-0.39966393,0.047741026,
772259443633182,3,-0.07068006,-0.37814236,0.09568271,
772259461546999,3,0.006390579,-0.3943119,0.08089642,
772259484221558,3,0.023520984,-0.39977264,0.16572632,
772259503661256,3,-0.011194944,-0.41892624,0.16871907,
772259521575075,3,-0.022815436,-0.38902855,0.117127836,
772259543883426,3,-0.035311244,-0.37103462,0.11040077,
772259563689334,3,0.0026245564,-0.39554024,0.048408344,
772259583922487,3,-0.027517647,-0.41769028,0.040393755,
772259603942018,3,0.0029036999,-0.42669392,0.11691859,
772259623808962,3,0.0022864118,-0.38066387,0.16903485,
772259641722781,3,0.027531251,-0.37109184,0.13228309,
772259664092165,3,0.002713114,-0.40099716,0.095579155,
772259683867555,3,-0.051831655,-0.40398216,0.055505365,
772259701720338,3,-0.010702454,-0.4273615,0.09822917,
772259724333864,3,-0.01704377,-0.3903122,0.06649551,
772259743834597,3,-0.032922283,-0.36218834,0.071024925,
772259764098270,3,-0.010560177,-0.39753914,0.15221027,
772259784087282,3,0.0031163022,-0.4065361,0.1456957,
772259803954224,3,0.008621477,-0.39453983,0.1244082,
772259821837526,3,0.0020400137,-0.3921156,0.07360082,
772259844176394,3,-0.04825184,-0.4034834,0.10310852,
772259863982303,3,-0.046863113,-0.4041052,0.07337398,
772259881896121,3,-0.017069481,-0.39513302,0.08395797,
772259904326539,3,-0.005583428,-0.3825941,0.13470337,
772259924010377,3,0.017021716,-0.3790207,0.16002631,
772259944274050,3,-9.005442E-4,-0.39636517,0.11649596,
772259964568240,3,-0.009178817,-0.38319206,0.029786393,
772259984130007,3,-0.06633754,-0.45383644,0.057245135,
772260002013307,3,-0.02822116,-0.36468983,0.05214128,
772260024321656,3,-0.036683887,-0.39346695,0.13246775,
772260044158083,3,0.008365855,-0.405468,0.1370528,
772260062071902,3,-0.010381237,-0.38272572,0.07477563,
772260084349735,3,-0.0043880045,-0.3982725,0.08407414,
772260104186159,3,-0.02833689,-0.3940487,0.02302821,
772260124419312,3,-0.044673767,-0.3844757,0.10177842,
772260144530397,3,-0.04187297,-0.4114256,0.11552715,
772260164244753,3,9.9897385E-5,-0.3802948,0.07197362,
772260182158572,3,0.029626697,-0.42456818,0.043640748,
772260204863650,3,0.0056146085,-0.40720367,0.009844303,
772260224333864,3,-0.05597835,-0.40009212,0.056993052,
772260242217164,3,-0.0237448,-0.41391087,0.16512261,
772260264525515,3,-0.05682256,-0.3720503,0.19815804,
772260284331423,3,0.05567328,-0.3876171,0.09400065,
772260304595095,3,0.018374808,-0.41147137,0.05990959,
772260324614625,3,-0.03384853,-0.3809204,0.07455105,
772260344420533,3,-0.02875223,-0.4144411,0.06938183,
772260362364870,3,-0.06769629,-0.40187168,0.051052094,
772260384795290,3,-0.044380758,-0.3875084,0.07218349,
772260404509647,3,0.04358335,-0.4102564,0.06640953,
772260422423464,3,-0.009047061,-0.41205692,0.0962909,
772260445098023,3,-0.022907816,-0.4007187,0.12694465,
772260464507204,3,-0.033844516,-0.37856483,0.097014025,
772260484770876,3,-0.07712346,-0.37856197,0.04873258,
772260504759891,3,-0.027965024,-0.4174509,0.050002784,
772260524596316,3,0.006685123,-0.38033962,0.057411276,
772260542510133,3,0.022550464,-0.39172268,0.120072536,
772260564849000,3,-0.018688396,-0.41925716,0.13082476,
772260584685427,3,-0.021857865,-0.37914944,0.068860844,
772260602599246,3,-0.053848553,-0.42942047,0.083964825,
772260624968630,3,-0.039380156,-0.38154888,0.06270381,
772260644682984,3,0.0035670102,-0.3923254,0.10734586,
772260664946656,3,-0.013738476,-0.3995037,0.12052692,
772260685271364,3,0.01680696,-0.39111805,0.041748717,
772260704772097,3,-0.026231423,-0.43423462,0.03463596,
772260722685916,3,-0.0418761,-0.37261105,0.024830744,
772260745024782,3,-0.001878731,-0.41872406,0.07151959,
772260764861207,3,0.029736876,-0.39121532,0.05799558,
772260782744508,3,0.012791984,-0.41042042,0.20332639,
772260805052859,3,-0.050187126,-0.38355637,0.18255143,
772260824858767,3,-0.013522893,-0.37816715,0.17972483,
772260845122439,3,-0.008313201,-0.43023014,0.053983822,
772260865264039,3,-0.04421101,-0.41646385,0.017892495,
772260884978395,3,0.01515729,-0.406888,0.02537264,
772260902892214,3,-0.024101354,-0.40213203,0.047867082,
772260925597293,3,0.02338133,-0.3381462,0.17003012,
772260945098025,3,-0.028032884,-0.3980341,0.15520781,
772260963011842,3,-0.030476756,-0.41954327,-0.06643471,
772260985991578,3,-0.03593806,-0.437438,-0.04284838,
772261005034547,3,0.017394692,-0.41353226,0.040087715,
772261025267703,3,-0.013420075,-0.36153316,0.105899006,
772261045256717,3,0.0041066483,-0.41065407,0.14026724,
772261065154177,3,0.014834374,-0.3843174,0.09994184,
772261083037476,3,7.025823E-4,-0.3723488,0.11865589,
772261105498414,3,0.014977589,-0.40587234,0.06590181,
772261125212771,3,-0.007410586,-0.37473583,-0.0073515326,
772261143096072,3,0.0033213124,-0.39867973,-0.015452132,
772261165709597,3,-0.046864334,-0.4022913,0.030930638,
772261185210328,3,-0.046838086,-0.4460125,0.04181592,
772261205474000,3,-0.054751836,-0.3921709,0.0719634,
772261225463015,3,-0.023707025,-0.38740444,0.10568261,
772261245299441,3,0.01364477,-0.3850155,0.087120235,
772261263213259,3,0.020979732,-0.38619232,0.033613212,
772261285552125,3,-0.038182504,-0.40835285,0.035770588,
772261305358033,3,-0.035128117,-0.39222622,0.06091272,
772261323271852,3,-0.024953276,-0.38683128,0.06618833,
772261345702273,3,-0.006927319,-0.37904644,-0.011026129,
772261365386111,3,0.020868294,-0.4101572,-0.0020066649,
772261385649782,3,-0.020412818,-0.43532372,0.03468231,
772261406035523,3,-0.008603431,-0.4012432,0.090170465,
772261425475221,3,-0.031654492,-0.36115742,0.033457473,
772261443389040,3,-0.0018319488,-0.37431335,0.045169808,
772261465758426,3,0.022817068,-0.40183163,0.04981239,
772261485564334,3,7.3184073E-4,-0.40961647,0.070233606,
772261503447633,3,-0.032355003,-0.40904522,0.06442058,
772261525725465,3,-0.05600456,-0.38151455,0.04098069,
772261545561891,3,-0.031290814,-0.3838997,0.007462576,
772261565795047,3,-0.034559347,-0.39885998,0.04678706,
772261585936648,3,0.019914843,-0.42937946,0.1018427,
772261605651002,3,0.011414036,-0.39643192,0.053929165,
772261623564820,3,-0.039160065,-0.40062618,0.02749049,
772261646239381,3,-0.03380096,-0.39760876,-0.0043786615,
772261665709597,3,-0.070925064,-0.40240288,0.013669953,
772261683623416,3,-0.007961698,-0.4053917,0.022117138,
772261705901247,3,0.022676192,-0.3659153,0.09972072,
772261725737671,3,0.0074590147,-0.39048958,0.10761908,
772261745970827,3,-0.03928008,-0.38149738,0.027347155,
772261765990359,3,-0.07904263,-0.3749323,0.049977273,
772261785826785,3,-0.008591637,-0.39645767,0.036628485,
772261803740603,3,0.040889196,-0.43475056,0.04063102,
772261826201539,3,-0.042377397,-0.41742516,0.056521095,
772261845885377,3,-0.03602039,-0.3695612,0.017955586,
772261863799196,3,-0.04707394,-0.3947115,0.06828403,
772261886412722,3,-0.009003244,-0.40670967,0.06392302,
772261905913454,3,-0.011685453,-0.42047882,0.067781545,
772261926146608,3,-0.007208869,-0.38935184,0.048511796,
772261946135621,3,-0.026827201,-0.39895153,0.09387269,
772261966002565,3,-0.051067196,-0.38518715,0.093408085,
772261983916384,3,-0.0037848204,-0.4043293,0.012777224,
772262006255252,3,-0.03196177,-0.40253925,0.014423117,
772262026061159,3,-0.026974738,-0.42110443,0.04243067,
772262043974976,3,-0.007070273,-0.36963463,0.090564564,
772262066344362,3,0.020296551,-0.3935747,0.06015548,
772262086089235,3,-0.04483367,-0.40553665,0.035214223,
772262106322391,3,-0.00874953,-0.403121,-0.005782664,
772262126677615,3,-0.04420427,-0.4276476,-0.0121166855,
772262146208864,3,-0.05165937,-0.3989706,0.031830207,
772262164092164,3,-0.045496814,-0.38945675,0.1679785,
772262186431032,3,0.03271257,-0.36136723,0.08677046,
772262206236941,3,0.04331018,-0.36134624,0.080815345,
772262224120242,3,0.020203322,-0.3918543,0.03754881,
772262246428590,3,0.019286498,-0.4415121,0.010808095,
772262266265016,3,-0.0496391,-0.36911488,-0.025112227,
772262286498171,3,-0.05443711,-0.4032545,-0.0035882741,
772262306670290,3,-0.03956037,-0.37095737,0.06739232,
772262326354129,3,-0.015755512,-0.43920326,0.053931348,
772262344298464,3,0.032349072,-0.39968777,0.03894388,
772262367034058,3,0.004791893,-0.41222,0.013138883,
772262386443239,3,-0.0021320283,-0.37389946,-0.03934665,
772262404357058,3,-0.045190576,-0.40204716,0.031920247,
772262426634891,3,-0.018037923,-0.38593006,0.08440685,
772262446471316,3,-0.023495771,-0.3991146,0.11726108,
772262466704469,3,0.009178877,-0.36257648,0.08027429,
772262486724000,3,0.03255248,-0.39485836,0.042134963,
772262506529909,3,-0.031698167,-0.4128151,0.008301124,
772262524413211,3,-0.026539743,-0.38170624,0.04083272,
772262546874148,3,-0.03701745,-0.42360878,0.03701006,
772262566557984,3,-0.047986634,-0.38350677,0.013779484,
772262584471803,3,-2.7693808E-5,-0.3984604,0.04635205,
772262607085329,3,-0.035591684,-0.41940212,-0.032720685,
772262626586062,3,-0.039956216,-0.3936777,0.052666396,
772262646819217,3,-0.009826012,-0.38592148,0.06964274,
772262666838747,3,-0.0038109943,-0.38053322,0.037711248,
772262686675171,3,0.0012295619,-0.42840672,0.056164213,
772262704588991,3,-0.014394216,-0.3823471,0.05352448,
772262726866823,3,-0.011836715,-0.3805523,0.0128860995,
772262746764285,3,0.0065024793,-0.39251518,0.067447275,
772262764647586,3,-0.00492204,-0.4020691,0.07277602,
772262787078004,3,-0.017658018,-0.41759014,0.009359971,
772262806792360,3,-0.0023882836,-0.39182758,-0.02375722,
772262826994997,3,-0.02955734,-0.4013977,0.017063238,
772262847350222,3,-0.00689175,-0.38287544,0.08090685,
772262866881472,3,-0.01712463,-0.42239475,0.11097425,
772262884764772,3,-0.014121503,-0.4068203,0.06908953,
772262907103639,3,-0.004183039,-0.3702526,-0.04120776,
772262926940065,3,-0.030498505,-0.39358997,-0.029047936,
772262944823367,3,-0.010473147,-0.41395855,0.017701931,
772262967101199,3,-0.0031105503,-0.37209415,0.050595365,
772262986937624,3,-0.009124331,-0.38826942,0.027322456,
772263007170777,3,-0.03349773,-0.41763973,0.077785484,
772263027251344,3,3.732592E-4,-0.4182577,0.08115949,
772263047026735,3,-0.0082656145,-0.40388775,0.018367045,
772263064940555,3,-0.018451057,-0.35542297,0.0023643374,
772263087584597,3,-0.0271371,-0.37040234,0.08169928,
772263107054811,3,-0.011017159,-0.43563366,0.04173336,
772263124999147,3,-0.033100195,-0.40151405,-0.02362141,
772263147307497,3,0.002101399,-0.39672852,-0.010582358,
772263167143923,3,0.020485394,-0.39316177,0.037449256,
772263187377077,3,-0.011210106,-0.4117241,0.038301684,
772263207457643,3,-0.059397377,-0.40813255,0.025281869,
772263227233033,3,0.010735184,-0.4075384,0.037993096,
772263245116335,3,0.027660832,-0.39615726,0.030908264,
772263267638308,3,0.01120019,-0.38834,-0.042477876,
772263287322147,3,-0.06538218,-0.4080906,-0.021738663,
772263305235964,3,-0.0070384815,-0.41348743,0.0029655546,
772263327910523,3,-0.04028638,-0.3842106,0.18396956,
772263347319704,3,-0.011869617,-0.3758402,0.045449995,
772263367552859,3,-0.0060908273,-0.39855576,0.002827242,
772263387602908,3,-0.033935137,-0.40513515,0.025839888,
772263407439334,3,-0.01091776,-0.40811825,0.058111377,
772263425322633,3,0.010365322,-0.42007446,0.009954698,
772263447539430,3,-0.03579375,-0.38231564,-0.041028783,
772263467436891,3,-0.06850763,-0.38531303,0.029228263,
772263485320193,3,0.0034842193,-0.40506935,0.06557168,
772263507750613,3,-0.028039977,-0.3775463,0.038056314,
772263527434449,3,0.018930748,-0.38650417,0.025909655,
772263547698121,3,-0.013916209,-0.40803623,0.032666333,
772263568022829,3,-0.04285841,-0.40024948,0.053328678,
772263587554079,3,-0.024759546,-0.41041374,0.022896886,
772263605437381,3,-0.04185115,-0.38286686,-0.00989148,
772263627806765,3,-0.0018398538,-0.4038124,0.006045297,
772263647612671,3,0.009734683,-0.41699982,0.03555046,
772263665495973,3,-0.024258666,-0.39308167,0.067257494,
772263687804323,3,-0.03984622,-0.3858862,0.021407127,
772263707610232,3,-0.01741442,-0.41219425,0.03678386,
772263727873904,3,0.017403007,-0.4175558,0.011440754,
772263748015504,3,0.0020044222,-0.38281345,-0.012144774,
772263767729860,3,-0.04485919,-0.40435696,0.039323173,
772263785613161,3,-0.03968668,-0.4049616,0.052429162,
772263808287722,3,0.00681784,-0.42590618,0.05948046,
772263827788454,3,-0.008195221,-0.36305714,0.093058154,
772263845671754,3,0.021597788,-0.39776134,0.051756047,
772263867949586,3,-0.013115734,-0.41808033,-0.06386244,
772263887786012,3,-0.038703002,-0.40909386,-0.041374758,
772263908049685,3,-0.0279129,-0.42290688,0.0552165,
772263928069217,3,-0.049769264,-0.39544106,0.0614912,
772263947875124,3,0.014033422,-0.38948727,0.051174328,
772263965788941,3,2.0999461E-4,-0.38591957,0.043286823,
772263988280398,3,0.026352271,-0.40804863,0.004648939,
772264009642703,3,-0.0047465563,-0.38589764,0.040950857,
772264025847537,3,-0.018785708,-0.3727398,0.043398716,
772264048461062,3,-0.05466482,-0.3936882,0.0067699105,
772264067961793,3,-0.02908136,-0.38231373,0.0073780417,
772264088225465,3,0.031202622,-0.41046047,0.0710308,
772264108214479,3,-0.008915439,-0.45295525,0.038954206,
772264128050906,3,-0.053108525,-0.38891506,-0.04592696,
772264145995242,3,-0.057232566,-0.3847456,0.021316342,
772264168242555,3,-0.00856635,-0.32491493,0.071774244,
772264188109498,3,0.05438965,-0.39914703,0.0758686,
772264206023317,3,-0.007156782,-0.43387413,0.077438325,
772264228423221,3,-0.016636096,-0.41531754,0.016341478,
772264248168094,3,-0.011003882,-0.40932465,0.0039141774,
772264268370729,3,-0.038439147,-0.38238525,-0.005908288,
772264288786989,3,-0.059077647,-0.4027357,-0.015163869,
772264308287722,3,-0.03515581,-0.39733982,0.014307931,
772264326140505,3,0.027695648,-0.3967514,0.038554773,
772264348479374,3,0.016930945,-0.39736557,0.09024215,
772264368285281,3,0.014047869,-0.40335274,0.06457375,
772264386199098,3,-0.02457191,-0.41531754,-0.07964572,
772264408507448,3,-0.03487157,-0.41056347,-0.010925457,
772264428313356,3,-0.019467995,-0.38423538,0.030823216,
772264448546512,3,-0.040215887,-0.38127804,0.073458806,
772264468657595,3,0.007474959,-0.3549614,0.09991591,
772264488402468,3,0.02049677,-0.411808,0.0431382,
772264506316286,3,-0.03456793,-0.43453217,0.0028888732,
772264528990848,3,-0.021004707,-0.40220642,-0.05285435,
772264548491579,3,-0.03997266,-0.38845062,0.022318736,
772264566374879,3,-0.02306094,-0.41899967,0.030168347,
772264588652713,3,-0.0077663064,-0.38546562,0.018663123,
772264608489139,3,-0.0039713085,-0.40821552,0.043655083,
772264628722292,3,-0.030904345,-0.3836918,0.022914656,
772264648711306,3,0.0039632097,-0.41062546,0.003397204,
772264668578250,3,-0.01894191,-0.3998499,0.034410372,
772264686492068,3,0.0104485825,-0.39684963,0.0376551,
772264708983523,3,-0.0016062632,-0.39324665,-0.024891973,
772264728667360,3,-0.046841793,-0.3825016,0.012330309,
772264746550661,3,-0.04093213,-0.38192463,0.030712128,
772264769194706,3,-0.018852197,-0.42321873,0.06597839,
772264788634402,3,0.022565044,-0.42138577,3.1627715E-5,
772264808898073,3,0.0351056,-0.37467194,-0.020858169,
772264828887088,3,-0.0036186278,-0.39324665,0.0057221875,
772264848754032,3,-0.044249732,-0.39086723,-0.008737743,
772264866667849,3,-0.058886018,-0.43756962,-0.03436839,
772264889006716,3,-0.025719523,-0.4010954,0.049975656,
772264908812625,3,0.034065798,-0.38856316,0.10747971,
772264926726443,3,0.021995947,-0.37838364,0.07084344,
772264949126345,3,-5.5655837E-4,-0.38793945,-0.033083543,
772264968840700,3,-0.032633893,-0.39693165,0.029945873,
772264989073855,3,-0.019461587,-0.43405533,0.008779086,
772265009398563,3,0.0071828067,-0.38855362,-0.038826816,
772265028929812,3,0.011442073,-0.3957224,-0.024253204,
772265046813112,3,-0.011261784,-0.3813591,0.033217765,
772265069151980,3,-0.004286021,-0.43763638,0.05875752,
772265088988407,3,-0.005532153,-0.37356377,-0.037422456,
772265106902224,3,-0.04306686,-0.390913,-0.032903977,
772265129180056,3,-0.035486214,-0.39630032,-0.015251838,
772265149016482,3,0.021365806,-0.3735571,0.01174663,
772265169249637,3,0.005891919,-0.4035244,0.09345687,
772265189421755,3,0.043472305,-0.4011259,0.06385343,
772265209136110,3,-0.006983921,-0.38135815,0.010092355,
772265227019411,3,-0.017972447,-0.40109825,-0.016005084,
772265249755008,3,-0.036748745,-0.4058876,-0.03653399,
772265269164187,3,-0.034516804,-0.38853168,-0.009955555,
772265287078004,3,-0.0047394633,-0.4034958,0.0058855563,
772265309355838,3,-1.56492E-4,-0.3915224,-0.009044014,
772265329192264,3,0.011175089,-0.40945435,0.020129181,
772265349425417,3,-0.024698354,-0.38848972,0.044253618,
772265369414431,3,0.006238818,-0.3776989,0.023365386,
772265389281375,3,5.165711E-4,-0.39024544,0.02453544,
772265407195193,3,-0.0044192076,-0.390831,-0.0050172433,
772265429656130,3,-0.02720774,-0.3896284,-0.030879714,
772265449339968,3,-0.027591772,-0.41294956,-0.023390867,
772265467253786,3,-0.022084042,-0.3872137,0.028591983,
772265489867313,3,0.017198645,-0.40695286,0.046352103,
772265509368044,3,0.0022915453,-0.39196682,0.022522628,
772265529601198,3,0.0025366396,-0.38478088,0.027282394,
772265549620730,3,-0.025271386,-0.37162971,0.05410765,
772265569457157,3,-0.055921778,-0.42428207,-0.060548313,
772265587370974,3,-0.024681605,-0.43442154,-0.0720299,
772265609740359,3,0.022864446,-0.39551067,-0.0022638515,
772265629546267,3,-0.009897254,-0.37279892,0.09767975,
772265647429568,3,-0.06630236,-0.36263752,0.009681053,
772265669829470,3,0.06381326,-0.4344492,-0.12489643,
772265689543825,3,-0.03466785,-0.41110897,0.019608699,
772265709776980,3,-0.04963323,-0.38419437,0.008275561,
772265730132206,3,-0.006599784,-0.38600254,0.029245645,
772265749632937,3,-0.06151176,-0.40753555,0.0013443381,
772265767546754,3,0.010509372,-0.3895712,0.048248194,
772265789855105,3,0.03823878,-0.38418388,0.04867913,
772265809691532,3,-0.0035842508,-0.39616203,-0.023946524,
772265827605349,3,-0.015512429,-0.3865881,-0.07580227,
772265849883181,3,-0.05521772,-0.4201336,-0.02987668,
772265869719607,3,-0.10906722,-0.40820694,0.050712377,
772265889952762,3,0.009401269,-0.39085865,0.039777227,
772265910094363,3,0.012766108,-0.3220644,0.0913043,
772265929808718,3,0.043028384,-0.39148235,0.05260076,
772265947753054,3,0.054576404,-0.47583294,-0.10955246,
772265970427616,3,-0.065481365,-0.3974352,-0.10598746,
772265989867312,3,-0.039072808,-0.35856247,-0.022785008,
772266007781129,3,-0.037339583,-0.39330673,0.052403033,
772266030089480,3,-0.004347071,-0.38792515,-0.0076635852,
772266049895389,3,0.0052861124,-0.39689255,0.0060526133,
772266070128542,3,-0.011301078,-0.43637943,-0.020449683,
772266090087038,3,-0.030647762,-0.44176483,-0.047028504,
772266109953982,3,-0.05997081,-0.38910198,-0.052824154,
772266127867801,3,-0.014202915,-0.3543663,-0.053262837,
772266150359255,3,0.027774543,-0.4064827,0.03388965,
772266170043093,3,0.025367007,-0.40232182,0.070892334,
772266187926394,3,0.0023353472,-0.4047203,0.046144955,
772266210661991,3,-0.050699875,-0.38616085,-0.064773574,
772266230040652,3,-0.03543558,-0.3951397,-0.073728405,
772266250273806,3,-0.020551182,-0.42804623,-0.08202223,
772266270293338,3,-0.017163023,-0.42862797,-0.019134186,
772266290129764,3,-0.0032396242,-0.38613605,0.0123454705,
772266308043582,3,-0.007783167,-0.38374615,-0.013535805,
772266330382448,3,-0.020021662,-0.35382652,-0.008062094,
772266350188357,3,-0.012255326,-0.41368675,0.01800339,
772266368102176,3,0.009690754,-0.4040947,0.01308088,
772266390502078,3,-0.0064836442,-0.4106598,-0.014582172,
772266410216433,3,-0.028094932,-0.4082594,-0.04766994,
772266430449588,3,-0.009166874,-0.39567757,-0.019333959,
772266450804813,3,0.009125501,-0.39987087,0.044907942,
772266470305544,3,0.0069131777,-0.41185188,0.028695643,
772266488219362,3,-0.005208783,-0.38670826,-0.028072245,
772266510527713,3,-0.015724368,-0.39029694,-0.00479161,
772266530364139,3,0.0047019273,-0.3795328,0.004277207,
772266548338992,3,0.009308659,-0.422637,-0.016409278,
772266570555788,3,-0.027373433,-0.4316187,-0.025149055,
772266590392215,3,-0.022346236,-0.38790607,-0.06407421,
772266610625370,3,-0.056552928,-0.40948105,-0.011427283,
772266630766970,3,-0.014263593,-0.39872742,-0.011070326,
772266650481325,3,0.036003426,-0.39753723,0.023605824,
772266668395145,3,-0.0252842,-0.39515972,0.009250663,
772266691069706,3,-0.041315246,-0.38259602,-0.018055424,
772266710539919,3,-0.02990964,-0.41670132,-0.046817973,
772266728423220,3,0.01252576,-0.38077736,-0.03756889,
772266750762088,3,0.011291251,-0.4226694,-0.020781502,
772266770567997,3,-0.019440502,-0.39454174,-0.062042326,
772266790801150,3,-0.052274123,-0.41252518,-0.017727852,
772266810790163,3,-0.034418873,-0.40415668,-0.02186326,
772266830657107,3,-0.016558863,-0.37364578,0.04961205,
772266848570927,3,-0.018181846,-0.38023853,0.045448877,
772266871062380,3,0.034579545,-0.41972446,-0.027040273,
772266890715700,3,-0.0026420206,-0.40234852,-0.043334447,
772266908599002,3,-0.020808704,-0.38259792,0.013236105,
772266931243046,3,-0.049206443,-0.4059677,0.0389034,
772266950743777,3,-0.03845647,-0.37305927,-0.0106597245,
772266970946413,3,0.023863487,-0.3993683,-0.043789007,
772266990996463,3,-0.001821205,-0.4173174,-0.022152707,
772267010832889,3,-0.008118145,-0.39514923,-0.00831347,
772267028746707,3,-0.0041518435,-0.4160776,-0.08322634,
772267051085573,3,-0.044181213,-0.3849516,-0.10150477,
772267070860965,3,-0.04579515,-0.37777615,-0.03629891,
772267088774784,3,0.049384207,-0.38675117,-0.0031345934,
772267111205203,3,0.016003422,-0.38017654,0.03202586,
772267130889040,3,-0.007977702,-0.38557816,0.056267988,
772267151122195,3,-0.05087618,-0.39033127,-0.07286927,
772267171538456,3,0.033125877,-0.36634922,-0.06058637,
772267190978152,3,-0.004662767,-0.43037415,-0.07141738,
772267208891970,3,-0.03870163,-0.43097973,-0.053343847,
772267231230838,3,-0.013080269,-0.40763283,-0.030952,
772267251067264,3,0.016983189,-0.40642548,-0.028786257,
772267268950564,3,-0.0024052337,-0.36332226,0.010624781,
772267291228396,3,-4.690066E-4,-0.40162277,0.008863024,
772267311064822,3,-0.001213342,-0.4070139,-0.07831711,
772267331297977,3,-0.0767863,-0.42076588,-0.050732777,
772267351439578,3,-0.013152175,-0.40277767,-0.08731777,
772267371153933,3,0.016054496,-0.38361835,-0.031301238,
772267389067752,3,0.010410152,-0.39499474,-0.009194531,
772267411742313,3,-0.011553824,-0.38604832,0.021049842,
772267431212527,3,-0.008296199,-0.3992195,0.008523606,
772267449126345,3,0.013871886,-0.39682102,-0.022974871,
772267471404178,3,-0.002088204,-0.40758896,-0.0555794,
772267491240604,3,-0.023711883,-0.42315388,-0.06613658,
772267511473757,3,0.0070431232,-0.39442062,-0.038119398,
772267531493288,3,-0.012534432,-0.384861,-0.009637602,
772267551360232,3,0.024210364,-0.3842554,-0.044699274,
772267569243534,3,0.0029043034,-0.40999794,0.012503184,
772267591704470,3,-0.031938,-0.3944397,0.017277181,
772267611418825,3,0.005358994,-0.39262104,-0.032977253,
772267629302127,3,2.5927275E-4,-0.41415215,-0.06648473,
772267651915652,3,0.008222394,-0.3878107,-0.065779395,
772267671416383,3,0.002594322,-0.3878126,-0.07221176,
772267691649538,3,-0.038905084,-0.41295338,-0.08335937,
772267711638553,3,-0.015228167,-0.39082718,-0.022766352,
772267731505496,3,-0.008490838,-0.39926147,0.06139785,
772267749419313,3,0.02921296,-0.38791752,0.076034516,
772267771758181,3,0.020308703,-0.40406322,-0.036698774,
772267791564090,3,-0.058897525,-0.38073063,-0.07243754,
772267809477908,3,-0.03485802,-0.39987755,-0.047752433,
772267831908327,3,-0.011183001,-0.40828133,-0.030562125,
772267851592165,3,0.024268582,-0.4130602,-0.049350776,
772267871825320,3,0.013094075,-0.3843441,-0.054839566,
772267892150027,3,0.011340782,-0.38615513,-0.04195556,
772267911681276,3,-0.023271129,-0.42447376,-0.007203169,
772267929595095,3,-0.052446775,-0.39875126,-0.006084569,
772267951842410,3,0.009012707,-0.38616085,-0.09622973,
772267971739871,3,0.013117544,-0.40468693,-0.09833908,
772267989653688,3,0.012030393,-0.39212036,-0.01492212,
772268011962038,3,0.011057399,-0.3957224,-0.0034611225,
772268031767947,3,-0.037439577,-0.40592575,2.969727E-4,
772268052001101,3,-0.02903711,-0.37121964,-0.05540026,
772268072142702,3,-0.00855203,-0.4047327,-0.015783332,
772268091857058,3,0.023842245,-0.3867569,-0.06408071,
772268109770877,3,0.004668519,-0.41787338,-0.05967515,
772268132475955,3,-0.029321976,-0.4220562,-0.07159958,
772268151915651,3,-0.025898524,-0.36401176,-0.01679723,
772268169829470,3,-0.014252216,-0.39394188,-0.022220485,
772268192107303,3,-0.00466045,-0.41547298,-0.05063244,
772268211943728,3,-0.015435196,-0.38972855,-0.07612437,
772268232207399,3,0.008815847,-0.3729601,-0.009634241,
772268252196413,3,5.6296587E-4,-0.42921066,-0.021382794,
772268272063357,3,-0.005483195,-0.39867592,-0.070803426,
772268289977176,3,-0.04386621,-0.395689,-0.049873203,
772268312438112,3,6.818995E-4,-0.38252926,-0.051013686,
772268332121950,3,0.013194859,-0.36336994,-0.0010526106,
772268350005252,3,0.0048688874,-0.40227318,-0.017760865,
772268372649295,3,-0.0042009354,-0.398674,-0.05774373,
772268392119508,3,-0.05602262,-0.42081928,-0.053857036,
772268412322146,3,-0.023714215,-0.37412262,-0.06731536,
772268432341678,3,-0.012932107,-0.3884802,-0.024043873,
772268452208621,3,8.5078925E-4,-0.42319012,-0.005626872,
772268470122438,3,0.040412635,-0.40521908,-0.06944362,
772268492430788,3,-0.051813625,-0.4046173,-0.06422215,
772268512267215,3,-0.015449792,-0.38786316,-0.094675235,
772268530181033,3,0.002375491,-0.38967896,0.024325341,
772268552580934,3,0.059126668,-0.39027786,-0.0335961,
772268572264773,3,0.0034184903,-0.37889385,-0.058486775,
772268592497928,3,-0.05390063,-0.39208412,-0.106722325,
772268612853152,3,0.016569287,-0.3765173,-0.11789101,
772268632384401,3,-0.0344045,-0.44475842,-0.09694494,
772268650298220,3,-0.045303993,-0.40049744,-0.017532103,
772268672637088,3,-0.010615736,-0.39395523,-0.028416827,
772268692473513,3,0.017181605,-0.3556528,0.03211576,
772268710387331,3,0.008097142,-0.38916683,0.05342477,
772268732634646,3,0.00220529,-0.4046936,-0.07915976,
772268752501590,3,-0.046343558,-0.42084122,-0.15297306,
772268772734744,3,-0.043676607,-0.41485786,-0.104310416,
772268792845827,3,-0.011494279,-0.39871407,-0.029618815,
772268812590700,3,0.022142477,-0.34187794,0.044719882,
772268830504520,3,0.044124253,-0.42028332,0.06326343,
772268853148562,3,-0.008488387,-0.41368198,-0.054185264,
772268872649293,3,-0.06100427,-0.4094906,-0.13612963,
772268890563111,3,-0.06405531,-0.4184723,-0.12143938,
772268912810426,3,-0.005878173,-0.3610134,-0.06787209,
772268932677370,3,0.037837386,-0.39633656,-0.01458665,
772268952910525,3,0.06106074,-0.38616276,-0.02584558,
772268972930057,3,0.015878215,-0.36821747,0.014447011,
772268992766481,3,-0.0013041422,-0.3915596,-0.011973634,
772269010680299,3,-0.054485608,-0.42148113,-0.087594256,
772269033141237,3,-0.055388052,-0.40232182,-0.13185516,
772269052825075,3,-0.02420272,-0.40111446,-0.0830285,
772269070738895,3,0.021220654,-0.4130907,0.032267474,
772269093413455,3,0.021044359,-0.41007233,-0.02407755,
772269112853151,3,-0.0044582263,-0.39269257,-0.09345693,
772269133086304,3,-0.03461583,-0.38909626,-0.06755821,
772269153105836,3,-0.018568128,-0.41423607,-0.05571755,
772269172942262,3,-0.008099847,-0.3903017,-0.041099846,
772269190856082,3,-0.0028596595,-0.3723488,-0.026117444,
772269213164432,3,-0.016170502,-0.39868736,-0.026529238,
772269233000856,3,-0.010830164,-0.4124632,-0.053222023,
772269250884156,3,0.019687794,-0.37297153,-0.028729066,
772269273284059,3,-0.0016986206,-0.41608524,0.015682861,
772269292998415,3,-0.011393391,-0.41308498,-0.062276922,
772269313262088,3,-0.010288097,-0.39152336,-0.08859998,
772269333617312,3,-0.022661239,-0.3831501,-0.062406056,
772269353118043,3,-0.039150104,-0.4029026,-0.022622034,
772269371031861,3,0.0016446784,-0.3999014,-0.0021325499,
772269393370728,3,0.051862873,-0.42142296,-0.0016280189,
772269413176637,3,-3.9744377E-4,-0.389678,-0.09420304,
772269431090457,3,-0.024162143,-0.3920803,-0.08039958,
772269453337772,3,-0.04556573,-0.40704632,-0.020560555,
772269473204714,3,-0.044191957,-0.39209652,-0.020948738,
772269493437867,3,-0.010276131,-0.40823936,-0.026680246,
772269513579469,3,0.045898512,-0.3866892,-0.012405962,
772269533293825,3,0.04647181,-0.41720772,-0.022423156,
772269551146609,3,-0.018722676,-0.4028349,-0.1330724,
772269573851687,3,-0.080071375,-0.40645313,-0.09390717,
772269593321901,3,-0.057151597,-0.40526772,0.009190299,
772269611205201,3,-0.013939768,-0.4082842,0.04580427,
772269633483034,3,0.03817854,-0.38433456,-0.0342369,
772269653349978,3,0.053130902,-0.37473774,-0.04508008,
772269673583132,3,0.042199865,-0.42081642,-0.01959113,
772269693572145,3,-0.054599203,-0.40468502,-0.03791763,
772269713439088,3,-0.020775989,-0.3693571,-0.072278544,
772269731322389,3,-0.0053228214,-0.43098545,-0.10415285,
772269753752810,3,-0.0013301298,-0.3986578,-0.048704945,
772269773497684,3,-0.018225782,-0.40765953,0.04635856,
772269791380983,3,-0.0052285343,-0.40409374,0.021667048,
772269813963990,3,-2.6133657E-4,-0.36516762,-0.054052293,
772269833495241,3,-0.011156112,-0.3909006,-0.06512944,
772269853728396,3,-0.00881061,-0.39448166,-0.094105236,
772269873686892,3,-0.04728464,-0.40707493,-0.054780707,
772269893584353,3,0.007046923,-0.37656593,-0.014714353,
772269911498170,3,0.036128625,-0.38075542,-0.006030418,
772269933837037,3,-3.5075098E-4,-0.38376713,0.020778552,
772269953612429,3,-0.002526395,-0.4011221,0.024963178,
772269971556765,3,0.017421246,-0.41487885,-0.08201731,
772269993956667,3,-0.022475757,-0.44300556,-0.086351775,
772270013671022,3,-0.039712146,-0.39213085,-0.076671384,
772270033873658,3,-0.009852044,-0.39272785,-0.065470375,
772270054320436,3,0.035457745,-0.3831625,0.00478366,
772270073790652,3,-0.0063430667,-0.4131031,0.02012816,
772270096526248,3,0.00748986,-0.3562317,-0.033406287,
772270114012819,3,0.0047499835,-0.40471077,-0.033952467,
772270133818726,3,-0.02298519,-0.43942642,-0.08413826,
772270151702028,3,-0.032985084,-0.414299,-0.06891537,
772270174010378,3,-0.0063360184,-0.41729832,-0.0072059333,
772270193846805,3,0.012361065,-0.36701775,-0.010569878,
772270214049441,3,0.02050189,-0.3748026,-0.014829211,
772270234191041,3,0.027403496,-0.39693928,0.0026475266,
772270253935914,3,0.021995723,-0.40469933,-0.040051468,
772270271819216,3,-0.012441933,-0.41608334,-0.06759142,
772270294524295,3,-0.04942213,-0.4094963,-0.08738558,
772270313994509,3,-0.0049357563,-0.3664055,-0.0667491,
772270331908326,3,-0.013256997,-0.4023304,0.039619826,
772270354186158,3,0.030432157,-0.39993,0.013472393,
772270374022585,3,0.02644775,-0.3957262,-0.025189884,
772270394255740,3,0.030486971,-0.39211082,-0.06121882,
772270414275272,3,-0.0041585565,-0.39748764,-0.07859939,
772270434111696,3,-0.052565984,-0.39930248,-0.07719331,
772270452025513,3,-0.0370965,-0.43343735,-0.053192183,
772270474486452,3,-0.031321183,-0.4226818,-0.014141798,
772270494170290,3,0.03963431,-0.37779903,0.0026967674,
772270512084109,3,0.03698431,-0.37661457,0.062283188,
772270534667117,3,-0.006368406,-0.40772724,-0.015540652,
772270554198366,3,-0.019117013,-0.41250515,-0.0887537,
772270574401002,3,-0.037640616,-0.39214325,-0.09923407,
772270594420534,3,-0.009354942,-0.3831663,-0.06808687,
772270614287478,3,0.0047108755,-0.40952396,-0.015664428,
772270632170779,3,-0.021561444,-0.4023552,0.020102575,
772270654540162,3,0.024703957,-0.4053383,-0.029714793,
772270674346070,3,0.0051978976,-0.40054417,-0.014448382,
772270692259889,3,-5.9949607E-4,-0.4011221,-0.07144945,
772270714690310,3,0.008539394,-0.41846275,-0.09694854,
772270734374149,3,0.0158495,-0.3909254,-0.064116575,
772270754607302,3,-0.025573835,-0.37596226,-0.009593755,
772270774962525,3,-0.025948077,-0.4172821,0.011980653,
772270794463258,3,-0.0014635473,-0.3999195,-0.02079758,
772270812346560,3,0.039979942,-0.36818123,-0.057960317,
772270834685428,3,-8.0506504E-4,-0.4136448,-0.027837075,
772270854521853,3,3.6390126E-4,-0.42859554,-0.037917517,
772270872435670,3,-0.039496653,-0.42679787,-0.062466018,
772270894682985,3,-0.0055702403,-0.38428593,-0.044125363,
772270914519411,3,0.004013784,-0.3639269,-0.0014527366,
772270934752566,3,-0.011575647,-0.41959476,0.013809092,
772270954894167,3,-0.012598895,-0.38309288,-0.0017906204,
772270974608522,3,0.012623735,-0.41242027,-0.07038484,
772270992522340,3,-0.022511438,-0.42079258,-0.06833242,
772271015257936,3,-0.018855222,-0.38427544,-0.041947037,
772271034667117,3,-0.0069341287,-0.369318,0.030261427,
772271052611453,3,0.024851747,-0.4154091,0.045762267,
772271074889284,3,0.03760063,-0.38545322,-0.026259847,
772271094695191,3,0.00915169,-0.40460777,-0.034573086,
772271114928346,3,-0.009521514,-0.40042496,-0.0766811,
772271134947878,3,-0.04861763,-0.3860607,-0.06793809,
772271154784305,3,-0.016494222,-0.4159956,0.014816716,
772271172698123,3,-0.03867139,-0.4070301,-0.03889098,
772271195128541,3,-0.00504601,-0.39744663,-0.06146106,
772271214873414,3,0.023242794,-0.38607502,-0.029922843,
772271232756716,3,0.013820566,-0.37948704,0.029763274,
772271255400759,3,0.020991802,-0.38247013,0.0018161014,
772271274870974,3,-0.018344127,-0.39862156,-0.09094927,
772271295104127,3,-0.024712496,-0.41957664,-0.076347455,
772271315093141,3,-0.00939168,-0.4327879,-0.005414471,
772271334960085,3,0.0077715963,-0.34601974,0.01648739,
772271352873904,3,-0.022898093,-0.3795452,0.066946134,
772271375212772,3,-0.02016396,-0.41184425,-0.04112506,
772271395049196,3,-0.048397996,-0.40883923,-0.064554885,
772271412932496,3,0.03391646,-0.42019558,-0.09112755,
772271435332399,3,-0.025483511,-0.3615551,-0.020649016,
772271455046755,3,0.0011906698,-0.419631,0.01628635,
772271475279910,3,-0.015272975,-0.40587616,-0.04785674,
772271495604617,3,-0.044924162,-0.40946007,-0.06648133,
772271515135866,3,-0.054309204,-0.4094839,-0.006290488,
772271533049684,3,0.009272642,-0.38673973,0.032111466,
772271555388552,3,-0.002659209,-0.3885212,-0.02988711,
772271575224978,3,-0.0074366555,-0.383111,-0.14101675,
772271593108279,3,9.822547E-4,-0.39689064,-0.030318074,
772271615355592,3,-0.0147511065,-0.37298775,0.07054478,
772271635222535,3,8.9888275E-4,-0.38856792,-0.005141914,
772271655486208,3,-0.040745594,-0.39275074,-0.088520706,
772271675597292,3,-0.007901877,-0.37896824,-0.06783688,
772271695342166,3,0.0018393621,-0.42505074,-0.010230415,
772271713255983,3,-0.008294128,-0.42446232,-0.0044777095,
772271735900025,3,-0.055024058,-0.4059105,-0.047137633,
772271755370241,3,-0.035551757,-0.41127205,-0.11737209,
772271773284060,3,-0.031964906,-0.4316063,-0.13696724,
772271795531375,3,-0.044316754,-0.38732624,-0.05373136,
772271815398318,3,0.009129122,-0.3657999,0.0633423,
772271835631471,3,0.03794773,-0.37715912,0.07191495,
772271855651002,3,0.022768348,-0.40345287,-0.020707548,
772271875487429,3,0.013176456,-0.40521145,-0.09424336,
772271893370730,3,-0.04762727,-0.4058237,-0.060888276,
772271915862185,3,-0.07450563,-0.39805603,-0.06504381,
772271935546022,3,-0.04720086,-0.40463638,-0.009592734,
772271953459840,3,0.014418811,-0.3974495,-0.02214244,
772271976134401,3,0.047688067,-0.38366508,0.0028355494,
772271995574099,3,0.014828235,-0.4064169,-0.009078041,
772272015776736,3,-0.0083486065,-0.38488102,-0.062362023,
772272035796266,3,-0.08915163,-0.39746475,-0.06260004,
772272055632691,3,-0.04654181,-0.39506721,-0.040950418,
772272073546510,3,0.010156825,-0.40163708,-0.034790725,
772272095915896,3,0.031503454,-0.37347126,0.022653714,
772272115721805,3,0.012880012,-0.3878126,-0.08265445,
772272133635623,3,-0.062766954,-0.4027815,-0.11475957,
772272156035524,3,-0.05682569,-0.41417217,-0.04550872,
772272175749879,3,-0.030883223,-0.40880585,0.017016642,
772272195983034,3,0.010618761,-0.37829494,-0.007127017,
772272216338259,3,0.017056376,-0.36571312,-0.006308645,
772272235838992,3,0.012355566,-0.38962936,-0.012996428,
772272253722291,3,-4.931092E-4,-0.40159416,-0.03791774,
772272276061158,3,-0.016650587,-0.4111719,-0.023347892,
772272295897585,3,-0.040005542,-0.4081707,-0.0892167,
772272313811404,3,-0.02632571,-0.37823105,-0.08996083,
772272336089236,3,0.00154607,-0.43090248,-0.067507386,
772272355925661,3,-0.042531125,-0.4117689,-0.008378521,
772272376128296,3,-0.020088598,-0.4261551,0.010033585,
772272396269899,3,0.020565957,-0.36749077,-0.011455432,
772272415984255,3,0.009456009,-0.36209488,-0.08261398,
772272433898074,3,-0.015488617,-0.4093771,-0.030408531,
772272456603152,3,-0.03302881,-0.4129734,-0.007665798,
772272476073366,3,-0.057615288,-0.40101337,0.0043345243,
772272494017701,3,-0.019652084,-0.39500904,-0.051407322,
772272516295534,3,-0.009343661,-0.3752432,-0.06397295,
772272536131961,3,0.004076645,-0.423131,-0.018714868,
772272556365115,3,0.006756142,-0.38183403,0.0014183968,
772272576354127,3,-0.059618317,-0.4069891,-0.021461248,
772272596221070,3,-0.032728568,-0.36387825,-0.057412967,
772272614134889,3,-0.008999981,-0.42671585,-0.049764365,
772272636565310,3,-0.006361842,-0.41173267,-0.030397639,
772272656249149,3,0.025494665,-0.38896084,-0.086112015,
772272674162966,3,-0.05609765,-0.40276527,-0.012604028,
772272696776490,3,-0.020232871,-0.3770628,0.009632669,
772272716277223,3,0.0028647482,-0.3878374,-0.002366729,
772272736510378,3,-0.03648591,-0.43032742,-0.05219204,
772272756529910,3,-0.028713487,-0.40698147,-0.078604534,
772272776396853,3,0.06020862,-0.39441872,0.012294732,
772272794280153,3,1.08748674E-4,-0.3926344,0.03298205,
772272816619020,3,-0.047638103,-0.37289333,-0.07518822,
772272836455446,3,-0.07616684,-0.40762043,-0.06369395,
772272854369265,3,-0.017537937,-0.4082203,-0.041317888,
772272876769167,3,0.02375628,-0.39983845,5.4769963E-4,
772272896483522,3,-0.016320407,-0.42977428,-0.029529333,
772272916716676,3,-0.011917524,-0.38368034,-0.076332,
772272937132936,3,-0.04137958,-0.38907814,-0.05732514,
772272956511599,3,-0.06106229,-0.38729572,0.016242772,
772272974425418,3,0.0069155246,-0.40883827,0.05003918,
772272996794802,3,0.04544869,-0.35613918,0.0292553,
772273016570191,3,0.103942975,-0.42673206,-0.06588,
772273034484010,3,-0.0435201,-0.39085674,-0.0965378,
772273056761843,3,-0.054743603,-0.4339962,-0.1602562,
772273076598269,3,-0.13429219,-0.39753437,-0.09350512,
772273096831423,3,-0.054018557,-0.3987751,0.06921219,
772273119567018,3,0.040658034,-0.37425995,0.12982693,
772273136687379,3,0.09571621,-0.3604622,-0.017543994,
772273154601198,3,0.021042764,-0.4107008,-0.016785935,
772273177306277,3,-0.017926082,-0.4214592,-0.10513202,
772273196776492,3,-0.091225624,-0.405303,-0.15175144,
772273214659791,3,-0.07485267,-0.39154434,-0.06575759,
772273236937623,3,-0.024432652,-0.4071293,-0.0036447495,
772273256774049,3,0.06452506,-0.41133404,2.9534101E-4,
772273277007204,3,0.013379343,-0.4071846,0.07980744,
772273297026736,3,-0.011868477,-0.40359688,0.031629063,
772273316863161,3,-0.037447833,-0.38262463,-0.14135787,
772273334776978,3,-0.020445116,-0.39218998,-0.14001688,
772273357207399,3,-0.012062199,-0.39521122,0.014719497,
772273376921755,3,0.03121347,-0.38804913,0.036575586,
772273394835574,3,0.032261096,-0.39523315,0.014514849,
772273417449099,3,-0.024237782,-0.36111736,-0.020614333,
772273436949830,3,-0.042472474,-0.39883137,-0.06283831,
772273457182985,3,-0.03133569,-0.4161768,-0.070657216,
772273477171999,3,0.017984018,-0.42932796,-0.04490657,
772273497038943,3,0.014083073,-0.4149561,-0.020987555,
772273514922244,3,-0.021021925,-0.40239048,-0.0990692,
772273537261109,3,-0.069565,-0.39582253,-0.0319011,
772273557097535,3,-0.02600149,-0.36768913,0.009411097,
772273574980837,3,0.03481982,-0.42155075,0.030185774,
772273597411257,3,0.005995624,-0.4047718,0.009842128,
772273617125613,3,-0.012738854,-0.42031956,-0.04131174,
772273637358766,3,-0.030318305,-0.4143343,-0.04850687,
772273657683472,3,-0.030329086,-0.37064552,-0.04975816,
772273677214723,3,-0.022602506,-0.40178776,-0.0208444,
772273695098025,3,0.03102339,-0.38982582,-0.005679302,
772273717467410,3,0.068760246,-0.40777493,0.04668202,
772273737242800,3,0.020058468,-0.399395,0.0028810203,
772273755187135,3,-0.061467703,-0.39701557,-0.09111841,
772273777495485,3,-0.096117504,-0.41798115,-0.08593115,
772273797331911,3,-0.036936633,-0.39403057,-0.0418519,
772273817565066,3,0.044641875,-0.38203526,-0.030811466,
772273837615115,3,0.047995314,-0.4179306,-0.058584057,
772273857421022,3,-0.03017278,-0.4287367,0.038749546,
772273875304322,3,0.027190939,-0.34434986,0.031423967,
772273898039919,3,-0.016654395,-0.4161663,0.0038041547,
772273917449099,3,0.01486633,-0.39998245,-0.06604643,
772273935362918,3,-0.031270146,-0.44965553,-0.09843903,
772273957640749,3,-0.03934937,-0.39279175,-0.1217269,
772273977507691,3,-0.011328064,-0.38860798,-0.04123672,
772273997710329,3,0.007301487,-0.38502693,0.019120518,
772274017729860,3,-0.016252667,-0.4347229,0.00534644,
772274037566287,3,0.0041609854,-0.4006176,0.015287422,
772274055480105,3,0.015712693,-0.3377695,0.016710866,
772274077941041,3,-0.013292506,-0.36171913,-0.007860519,
772274097655397,3,0.014022514,-0.4371214,-0.08537809,
772274115538698,3,0.008687392,-0.41495323,-0.10425793,
772274138152224,3,-0.038339905,-0.44009304,-0.04702539,
772274157683474,3,-0.017136626,-0.37006187,-0.07368728,
772274177916627,3,-0.018599503,-0.38442993,-0.040339805,
772274197905641,3,-0.02633021,-0.3976097,0.039807543,
772274217742067,3,0.005603455,-0.4251356,0.023215748,
772274235655886,3,0.024246797,-0.4346819,-0.12235045,
772274257994754,3,-0.0042724013,-0.3688078,-0.14306808,
772274277800661,3,-0.035636112,-0.39754963,-0.04979995,
772274295744996,3,-0.0056899786,-0.42809868,0.029861365,
772274318144899,3,-0.011472501,-0.35268593,0.028525598,
772274337859255,3,0.063906044,-0.39875698,0.065150745,
772274358031375,3,0.016851902,-0.36823368,-0.047405817,
772274378386599,3,-0.0209008,-0.43407822,-0.046008922,
772274397917848,3,-0.02108626,-0.39995575,-0.059264004,
772274415801149,3,-0.044053845,-0.42569542,-0.056006677,
772274438140016,3,-0.027525447,-0.3999462,-0.04418508,
772274457945925,3,0.01877226,-0.40233517,-0.03689351,
772274475859744,3,0.037028402,-0.40591526,-0.021588728,
772274498137574,3,0.016357124,-0.40351963,0.022728082,
772274517974000,3,-0.02218476,-0.39395428,-0.025325485,
772274538207155,3,-0.0510301,-0.39396763,-0.05166924,
772274558379276,3,-0.011258863,-0.39874744,-0.03197836,
772274578063113,3,0.011408955,-0.40232086,-0.01617898,
772274596007448,3,-0.0036398023,-0.39635086,-0.05255653,
772274618682009,3,0.018260255,-0.39455795,-0.024888784,
772274638152224,3,-0.01097361,-0.39218807,-0.013350211,
772274656035526,3,-0.01945068,-0.40176392,-0.034686774,
772274678313356,3,-0.007890284,-0.38019562,-0.02536685,
772274698180299,3,-0.013871826,-0.392169,0.0031588748,
772274718413455,3,-0.0056262314,-0.4023323,-0.0032363832,
772274738555057,3,-0.014153205,-0.42027283,-0.086416386,
772274758421999,3,-0.029125102,-0.3873558,-0.09429213,
772274776244264,3,-0.048367456,-0.41727924,-0.058305643,
772274798705204,3,0.013137594,-0.35680866,0.028555095,
772274818480594,3,-0.0048947185,-0.39809513,-0.006038569,
772274836302858,3,-0.03778012,-0.33645725,0.09204602,
772274859007937,3,0.24722202,-0.48723698,-0.008745909,
772274878478153,3,0.13946833,-0.33703995,-0.15203246,
772274898619754,3,-0.029977173,-0.44795036,-0.042902157,
772274918639284,3,-0.0035832971,-0.43015957,-0.037271455,
772274938506228,3,-0.18880567,-0.40579128,-0.056561556,
772274956389529,3,-0.22652355,-0.31548977,0.12082097,
772274978758914,3,-0.1752032,-0.28677654,0.0062522665,
772274998534304,3,0.01230216,-0.3896742,-0.091625266,
772275016448122,3,0.23352274,-0.5105057,-0.0750619,
772275038939579,3,0.14217192,-0.42071438,-0.07520069,
772275058592899,3,-0.10754492,-0.37109184,-0.024631746,
772275078795534,3,-0.11899388,-0.3471918,-0.027886124,
772275099181277,3,-0.027809799,-0.3747387,-0.05145458,
772275118651493,3,0.063234515,-0.44056606,-0.0595125,
772275136565311,3,0.046617873,-0.43097782,-0.09162776,
772275158873659,3,0.021634817,-0.42079544,-0.06570096,
772275178679568,3,-0.038558073,-0.36153984,-0.09619488,
772275196593386,3,-0.01036188,-0.39863968,-0.1542926,
772275218871219,3,0.025570482,-0.38963985,-0.017952032,
772275238707643,3,-0.014204942,-0.38366032,0.094726995,
772275258940798,3,0.04093588,-0.40221024,0.007813968,
772275279082401,3,0.015297137,-0.36749172,-0.07345731,
772275298857791,3,-0.010961078,-0.37108517,-0.050891362,
772275316741091,3,-0.005930215,-0.44349957,-0.10069035,
772275339415652,3,-0.017751835,-0.41357422,-0.08039295,
772275358916385,3,-0.018747792,-0.41416168,-0.12080118,
772275376830203,3,0.034748398,-0.39379597,-0.0986071,
772275399016481,3,-0.04046841,-0.39020061,-0.07866177,
772275420043093,3,-0.038244173,-0.37943077,0.008090984,
772275439269168,3,0.017727919,-0.40334892,-0.08647935,
772275459014041,3,0.037031822,-0.40692234,-0.07888768,
772275478942018,3,-0.031241596,-0.4213028,-0.0794252,
772275496825319,3,0.027560316,-0.39436436,-0.04514827,
772275519316776,3,-0.042590603,-0.38298607,-0.037031498,
772275539000613,3,0.041683257,-0.3919468,-0.071383335,
772275556914431,3,-0.02559676,-0.41349602,-0.08320927,
772275579527957,3,-0.007916473,-0.41109562,-0.07327048,
772275599059207,3,-1.4811754E-5,-0.3889408,-0.05399189,
772275619261844,3,-0.0036094561,-0.40389347,-0.048764527,
772275639250856,3,-0.019922659,-0.3877287,-0.067285076,
772275659117800,3,0.016732618,-0.4026804,-0.07705882,
772275677031619,3,0.00821355,-0.39489365,-0.080056034,
772275699339969,3,-0.04179211,-0.42122936,-0.04715537,
772275719145876,3,-0.0110499635,-0.4098568,-0.020167224,
772275737090212,3,0.015947662,-0.3541832,-0.07651657,
772275759490116,3,0.04212953,-0.36614895,-0.025441218,
772275779173953,3,0.015354447,-0.39428425,-0.007822616,
772275799407106,3,-0.035311736,-0.4158249,-0.085152544,
772275819823367,3,-0.033624552,-0.41343307,-0.13862883,
772275839263065,3,-0.028538682,-0.42540073,-0.07213995,
772275857176883,3,0.05101937,-0.3775215,0.007874601,
772275879515749,3,-4.7151E-4,-0.375741,0.058737848,
772275899352175,3,0.005593084,-0.38113022,-0.018395271,
772275917235476,3,-0.003644146,-0.43380547,-0.03177677,
772275939513309,3,-0.0048395097,-0.40086842,-0.116778284,
772275959380251,3,0.010186672,-0.3739376,-0.10824099,
772275979582888,3,-0.04294488,-0.39909077,-0.027429778,
772275999724491,3,-0.00787691,-0.39969063,-0.09342437,
772276019469363,3,-0.031263523,-0.41405487,-0.06410189,
772276037352663,3,-0.018263243,-0.42541885,-0.0022507012,
772276060057742,3,0.018859327,-0.38171196,-0.0013453588,
772276079497440,3,0.035340793,-0.38228703,-0.032978415,
772276097411258,3,-0.0018297136,-0.39125538,-0.077475935,
772276119689089,3,-0.059007816,-0.43435764,-0.10281448,
772276139525515,3,-0.042986855,-0.39425945,-0.100937605,
772276159758670,3,-0.01793246,-0.394269,-0.037633725,
772276179778201,3,0.015225865,-0.36255074,-0.00440629,
772276199614626,3,0.008806989,-0.40563965,-0.012027428,
772276217497927,3,-0.028140344,-0.42599583,-0.07500176,
772276239989383,3,-0.044453874,-0.41582108,-0.056610398,
772276259673221,3,-0.016139276,-0.38528538,-0.103355676,
772276277587038,3,0.031263888,-0.37389088,-0.01762198,
772276300200564,3,-0.015039787,-0.4301548,0.043852918,
772276319670780,3,0.0065664947,-0.37268734,-0.080801174,
772276339934451,3,-5.091876E-4,-0.40261173,-0.0770724,
772276360411745,3,-0.039620206,-0.40680122,-0.0471804,
772276379790408,3,2.0258129E-5,-0.3918333,0.0013398491,
772276397704226,3,-0.024151295,-0.40200615,-0.016965754,
772276420043094,3,0.0073063,-0.4109831,-0.05927432,
772276439849001,3,0.03697411,-0.39542007,-0.06626774,
772276457732302,3,-0.0154727325,-0.42355633,-0.023110889,
772276480162723,3,-0.014500804,-0.39601994,-0.062036086,
772276499877078,3,-0.035463184,-0.39003754,-0.07670957,
772276520079714,3,-0.0098922625,-0.3930273,-0.035453938,
772276540465457,3,0.009824544,-0.4008026,-0.014212381,
772276559966190,3,0.015362054,-0.40198994,-0.03893022,
772276577880008,3,-0.0124723315,-0.4013958,-0.09588748,
772276600218874,3,-0.012781978,-0.39121342,-0.088652536,
772276620024783,3,0.010112286,-0.39779854,-0.012767993,
772276637938601,3,0.0013358518,-0.41515732,-0.008974619,
772276660216434,3,-0.004218422,-0.3870163,-0.06296508,
772276680052858,3,-0.0120358765,-0.40795517,-0.08837584,
772276700255496,3,-0.0381137,-0.40078068,-0.049035724,
772276720397098,3,-0.015359573,-0.38522434,-0.002544485,
772276740172488,3,-0.024759308,-0.38881874,0.048535448,
772276758025271,3,0.039599918,-0.37622643,-0.03484367,
772276780791384,3,0.058742866,-0.4186926,-0.122576155,
772276800170047,3,-0.03631138,-0.41092396,-0.16106418,
772276818083866,3,-0.07494601,-0.41515064,-0.1059032,
772276840392214,3,-0.013475604,-0.37568378,0.092413545,
772276860198123,3,0.055468418,-0.39304543,0.10230478,
772276880431278,3,0.052760623,-0.39423943,-0.03556021,
772276900450809,3,-0.0057950616,-0.428339,-0.080759905,
772276920317751,3,-0.04618527,-0.3918352,-0.093783274,
772276938201052,3,-0.038542703,-0.40560246,-0.06368907,
772276960661991,3,-0.010574676,-0.40083027,-0.022879973,
772276980345828,3,0.021434873,-0.40801907,-0.04192993,
772276998259646,3,0.018826902,-0.40082455,-0.06917218,
772277020903689,3,-0.035275765,-0.39663506,-0.017349262,
772277040373905,3,-0.014900975,-0.41998196,0.029055372,
772277060607059,3,0.0038676336,-0.39963531,-0.020448368,
772277080626589,3,0.021556035,-0.38165855,-0.13837601,
772277100493533,3,0.0071168616,-0.37866306,-0.046753593,
772277118376835,3,-0.015497059,-0.41158485,-0.0026951246,
772277140654666,3,0.0020470843,-0.38166046,-0.007978033,
772277160521608,3,0.012655526,-0.39961243,-0.022225495,
772277178435428,3,-0.013634719,-0.403203,-0.06869389,
772277200835330,3,-0.0056847706,-0.3960104,-0.061076365,
772277220580203,3,-0.027136683,-0.4235525,-0.01062607,
772277240813356,3,0.02904258,-0.40199375,-0.021661676,
772277261138064,3,0.0039713457,-0.40258884,-0.023410685,
772277280669315,3,0.009382732,-0.3954115,-0.042596254,
772277298613651,3,-0.0034957528,-0.38344002,-0.029711347,
772277320921999,3,-0.0080277845,-0.3858366,-0.02240068,
772277340758425,3,0.0032376647,-0.39121914,-0.018026747,
772277358672245,3,-0.02831366,-0.4067707,-0.054462325,
772277380950076,3,-0.012912989,-0.35888863,-0.0276279,
772277400786501,3,0.031287223,-0.42049885,-0.03975612,
772277421019656,3,0.04373181,-0.40191555,-0.030980125,
772277441130741,3,-0.042428024,-0.3995123,-0.023226164,
772277460875613,3,-0.02392809,-0.36958885,-0.028205823,
772277478758913,3,-0.051262364,-0.41628265,-0.030387208,
772277501463992,3,-0.0019548088,-0.38755608,-0.045378536,
772277520934207,3,0.045082048,-0.42344284,-0.010663312,
772277538817508,3,0.006986037,-0.39410305,-0.027218997,
772277561095339,3,-0.029831879,-0.40725517,-0.043782733,
772277580962283,3,-0.05226925,-0.39588547,-0.05653725,
772277601195438,3,-0.015599452,-0.39348793,-0.03444266,
772277621184451,3,-0.019759618,-0.40007305,0.001217559,
772277641051393,3,0.008226141,-0.40546227,-0.01844427,
772277658934695,3,-0.015162297,-0.39409542,-0.037609447,
772277681426151,3,0.059425503,-0.3964815,-0.029145245,
772277701079471,3,-0.016037814,-0.41144753,0.01224749,
772277718993288,3,-0.049544245,-0.404274,-0.027918737,
772277741667849,3,-0.058184423,-0.41083717,-0.06462487,
772277761107547,3,0.01902859,-0.4000635,-0.071807474,
772277781340701,3,0.0441221,-0.4054289,0.0019545741,
772277801390749,3,0.04083334,-0.40780354,0.010383721,
772277821227175,3,-0.06697423,-0.40123177,-0.0934874,
772277839110477,3,-0.08269201,-0.42818356,-0.08361286,
772277861479860,3,-0.04025705,-0.39587402,-0.035397477,
772277881255251,3,-0.0039491653,-0.3964815,-0.0068654343,
772277899169070,3,0.04309672,-0.35577393,0.028835196,
772277921630008,3,0.036865577,-0.3749237,0.03556212,
772277941283327,3,0.019858584,-0.4215994,-0.0051898733,
772277961546999,3,-0.055263415,-0.39947414,-0.077861905,
772277981902224,3,-0.064154185,-0.3898945,-0.122383595,
772278001372440,3,-0.056135863,-0.41322708,-0.109436736,
772278019255740,3,-0.023188591,-0.44074917,-0.023360346,
772278041594606,3,0.03824617,-0.4072199,0.06944055,
772278061400515,3,0.022303373,-0.3892355,-0.004500741,
772278079283817,3,-0.036368825,-0.3210144,0.01631939,
772278101622683,3,-0.018233135,-0.46346474,-0.071592316,
772278121428591,3,-0.057534628,-0.46286106,-0.12648502,
772278141661746,3,-0.061966613,-0.4054184,-0.015856,
772278161803348,3,-0.011484548,-0.3611269,-0.0012386898,
772278181517702,3,0.071220964,-0.38505745,-0.018701117,
772278199462038,3,0.021941245,-0.4161892,-0.0034036646,
772278222167117,3,-0.12157783,-0.41086864,-0.035416905,
772278241606815,3,-0.17259373,-0.33789253,-0.11890932,
772278259520632,3,0.009739891,-0.35703182,0.033434805,
772278281859499,3,0.20083068,-0.44972324,0.18659331,
772278301604373,3,0.08774382,-0.40186596,0.1114148,
772278321868045,3,-0.04796631,-0.3438959,-0.07943583,
772278341857058,3,-0.01965069,-0.41640854,-0.20356706,
772278361724001,3,-0.08580676,-0.400959,-0.26471332,
772278379607303,3,-0.12779197,-0.43034744,0.034766592,
772278402068241,3,-0.06589717,-0.48901558,-0.0146227395,
772278421752077,3,-0.02226223,-0.41180897,-0.13934137,
772278439635378,3,0.042995118,-0.3788948,0.0021386892,
772278462279422,3,-0.036297895,-0.32326698,0.07095707,
772278481749637,3,0.020912237,-0.3585968,-0.005740103,
772278502013308,3,-0.008770421,-0.40530205,0.01423847,
772278522002321,3,-0.02058953,-0.42329216,-0.04415863,
772278541869265,3,-0.008730784,-0.48018837,-0.1709994,
772278559752567,3,0.036165446,-0.48500347,-0.26605225,
772278582121950,3,-0.03247779,-0.38629913,-0.069450215,
772278601897341,3,0.011142999,-0.31332207,-0.017234247,
772278619811160,3,0.00727728,-0.32294178,0.28917304,
772278642241580,3,-0.122106,-0.40678883,0.059203744,
772278661925417,3,-0.051739905,-0.45353222,-0.06902337,
772278682158571,3,0.014749974,-0.39311504,-0.18123186,
772278702605349,3,-0.19136894,-0.47154903,-0.45895296,
772278722045047,3,-0.23207039,-0.41348934,-0.32607475,
772278739928347,3,-0.120493,-0.38656998,-0.02546961,
772278762297731,3,0.14117517,-0.44101906,0.026549965,
772278782103640,3,0.20959806,-0.3697605,0.13809752,
772278799986942,3,0.08644836,-0.36137104,0.17582378,
772278822295290,3,-0.06852893,-0.3123169,0.03980517,
772278842101198,3,-0.09115694,-0.42306805,-0.19738042,
772278862364871,3,-0.1913341,-0.44222927,-0.40146783,
772278882506473,3,-0.13635287,-0.41947842,-0.20467067,
772278902220827,3,0.02989941,-0.46135902,-0.18242379,
