772243987731082,3,1.7205757,-89.435936,0.4600025,
772244009490114,3,1.7000047,-89.43873,0.4824819,
772244028746707,3,1.6531073,-89.453926,0.49298877,
772244047911746,3,1.6606238,-89.47029,0.49503103,
772244069548709,3,1.6423662,-89.48262,0.49831608,
772244089781862,3,1.625027,-89.49255,0.49583074,
772244108244996,3,1.6545945,-89.49915,0.49097434,
772244129637820,3,1.6395804,-89.498764,0.4943601,
772244147521120,3,1.610291,-89.50505,0.49066105,
772244167967898,3,1.5877789,-89.512215,0.48586988,
772244189726931,3,1.5691528,-89.51908,0.48019603,
772244208922487,3,1.5363591,-89.517456,0.48272166,
772244227965455,3,1.5230186,-90.48738,0.4869163,
772244249724490,3,1.5469265,-90.500084,0.49635085,
772244269927128,3,1.5297872,-90.50164,0.49682382,
772244288146121,3,1.523097,-90.500084,0.49563748,
772244309844118,3,1.5045512,-90.502815,0.4994869,
772244327788454,3,1.4966599,-90.514725,0.5117972,
772244348479374,3,1.4549648,-90.53413,0.53161895,
772244369902712,3,1.4220265,-90.55639,0.5516912,
772244389098269,3,1.3918158,-90.56786,0.56152296,
772244408171755,3,1.3693976,-90.57472,0.56939894,
772244429900272,3,1.3312614,-90.58718,0.58342195,
772244450133425,3,1.2934127,-90.599396,0.59410226,
772244468169313,3,1.2522056,-90.619286,0.61173147,
772244489928347,3,1.1949009,-90.645294,0.63585997,
772244507964236,3,1.1682904,-90.65641,0.6433903,
772244528624636,3,1.1701875,-90.65701,0.64077115,
772244550047976,3,1.165454,-90.65819,0.6398769,
772244569274051,3,1.158336,-90.66529,0.6455673,
772244588683231,3,1.1617769,-90.67289,0.6524514,
772244610076052,3,1.1317617,-90.68357,0.6630225,
772244630431276,3,1.0963413,-90.69578,0.67573285,
772244648436648,3,1.0661436,-90.7119,0.68669146,
772244670134647,3,1.0710357,-90.7201,0.685964,
772244688048464,3,1.0552303,-90.7266,0.6846355,
772244708434206,3,1.0203317,-90.73887,0.69022655,
772244730223758,3,1.0214145,-90.74179,0.69236934,
772244749480350,3,1.0076486,-90.74938,0.7032455,
772244768584353,3,0.9719439,-90.762085,0.72013134,
772244790312868,3,0.9168355,-90.781105,0.7433454,
772244810515506,3,0.8778777,-90.79965,0.7640511,
772244828948124,3,0.8566038,-90.80504,0.7717612,
772244850371462,3,0.8519208,-90.81086,0.7777801,
772244868743044,3,0.8590427,-90.80673,0.771597,
772244888671023,3,0.86215216,-90.81733,0.77541125,
772244910430057,3,0.8214107,-90.834404,0.78586704,
772244929686648,3,0.8210547,-90.83509,0.78535,
772244948699099,3,0.815633,-90.8278,0.78050673,
772244970458133,3,0.7806167,-90.8358,0.79280823,
772244990691288,3,0.7760128,-90.844185,0.80179,
772245008879763,3,0.77915525,-90.84949,0.80494636,
772245030608278,3,0.79262865,-90.84859,0.8033733,
772245048491580,3,0.7956906,-90.85547,0.80302906,
772245069151981,3,0.84112084,-90.86569,0.78734833,
772245090575320,3,0.84112084,-90.86569,0.78734833,
772245109801394,3,0.8480555,-90.86569,0.77731985,
772245128783328,3,0.8605465,-90.865036,0.7717333,
772245150572879,3,0.87671614,-90.86298,0.77418464,
772245170806033,3,0.8418271,-90.87157,0.78886807,
772245188902956,3,0.7922698,-90.88714,0.7973399,
772245210661990,3,0.800561,-90.89853,0.79418504,
772245228575809,3,0.79145426,-90.902214,0.7847123,
772245249083621,3,0.79056793,-90.89831,0.7653218,
772245270720583,3,0.81101453,-90.896126,0.7534818,
772245290007693,3,0.83121043,-90.89416,0.75670284,
772245309294803,3,0.8486249,-90.891975,0.76540715,
772245330718142,3,0.8368672,-90.90266,0.77624947,
772245351012331,3,0.82323277,-90.92238,0.7843559,
772245369017703,3,0.7914214,-90.92853,0.78205746,
772245390837772,3,0.7673488,-90.9367,0.7833094,
772245408843142,3,0.77858514,-90.941284,0.77553105,
772245429137331,3,0.79614884,-90.95101,0.77329266,
772245450896365,3,0.7763002,-90.96268,0.7874491,
772245470122440,3,0.78286594,-90.962456,0.79409194,
772245489256960,3,0.79419863,-90.94956,0.7957631,
772245510893923,3,0.7411982,-90.951614,0.814688,
772245531157596,3,0.7127691,-90.9588,0.81099397,
772245549529178,3,0.72128636,-90.96612,0.80677384,
772245570983034,3,0.6819451,-90.977974,0.8139929,
772245588896853,3,0.7070324,-90.977974,0.80501777,
772245609313113,3,0.726199,-90.981995,0.8020182,
772245631011112,3,0.7277194,-90.98953,0.80580604,
772245650298220,3,0.71511006,-90.99169,0.80266565,
772245669310671,3,0.7289665,-90.99661,0.80918664,
772245691069705,3,0.67908037,-91.0124,0.8245502,
772245711302860,3,0.6456934,-91.024315,0.8338613,
772245729491335,3,0.6473398,-91.0304,0.8309465,
772245751128298,3,0.6331277,-91.05554,0.840284,
772245769072635,3,0.6174576,-91.0774,0.8451514,
772245789794071,3,0.6069002,-91.09254,0.8476765,
772245811186892,3,0.5999538,-91.10428,0.8478618,
772245835204225,3,0.6282582,-91.1245,0.85425615,
772245849455935,3,0.648635,-91.13332,0.85674715,
772245871214969,3,0.6434851,-91.14483,0.8676576,
772245891478640,3,0.65316194,-91.16701,0.8693304,
772245909545046,3,0.65422565,-91.18034,0.8699969,
772245931334597,3,0.6473457,-91.203835,0.87405986,
772245949248417,3,0.63741845,-91.21982,0.8784096,
772245969756228,3,0.62997055,-91.22526,0.8882452,
772245991362673,3,0.61172074,-91.232414,0.89396864,
772246010619266,3,0.6305588,-91.23542,0.88865525,
772246030028446,3,0.6416425,-91.24097,0.88829625,
772246051451784,3,0.65861124,-91.24662,0.8908806,
772246071654421,3,0.64623535,-91.24632,0.89767385,
772246089751346,3,0.6602684,-91.24318,0.9051384,
772246111479862,3,0.6948356,-91.2452,0.9071312,
772246129393679,3,0.72853744,-91.24993,0.9012661,
772246149809939,3,0.7461862,-91.244576,0.90172404,
772246171568972,3,0.7188954,-91.25228,0.91623384,
772246190825565,3,0.7092524,-91.26129,0.918479,
772246209929568,3,0.7425103,-91.2667,0.90725416,
772246231566530,3,0.7577807,-91.289215,0.9037305,
772246251830203,3,0.75445586,-91.29604,0.8982592,
772246270232303,3,0.7337009,-91.293175,0.89457,
772246291625124,3,0.705175,-91.30553,0.9027258,
772246310973269,3,0.71184766,-91.32752,0.9169659,
772246329985721,3,0.69360614,-91.347984,0.9260437,
772246351744754,3,0.6989397,-91.37757,0.9246423,
772246370970828,3,0.7097809,-91.384514,0.9143493,
772246389952761,3,0.71148264,-91.38014,0.9078991,
772246411711795,3,0.7203615,-91.365005,0.90164113,
772246431975467,3,0.7122088,-91.36574,0.91692036,
772246450224978,3,0.695379,-91.37317,0.9252885,
772246471861940,3,0.68885636,-91.398445,0.9296855,
772246489745242,3,0.6766212,-91.413605,0.9266347,
772246510497196,3,0.67928666,-91.414154,0.9148538,
772246531890017,3,0.67052096,-91.41623,0.91174155,
772246551146609,3,0.655149,-91.42314,0.92544144,
772246570128543,3,0.64115626,-91.429726,0.93614763,
772246591918094,3,0.65176654,-91.42107,0.9391855,
772246612181765,3,0.62048686,-91.42724,0.9560583,
772246630217653,3,0.5957957,-91.439674,0.9594728,
772246652007205,3,0.6246101,-91.45038,0.9573683,
772246669951542,3,0.60000736,-91.45319,0.9602199,
772246690459353,3,0.57683146,-91.46139,0.96469027,
772246712096315,3,0.5795117,-91.458984,0.9664595,
772246731322391,3,0.5643209,-91.46328,0.963954,
772246750701053,3,0.5765954,-91.47631,0.9675377,
772246772093874,3,0.56553733,-91.49292,0.973234,
772246792327028,3,0.54730797,-91.52046,0.9789629,
772246810423953,3,0.5426406,-91.52021,0.9747064,
772246832213504,3,0.53026134,-91.5144,0.9719328,
772246850127322,3,0.51983994,-91.51387,0.97747564,
772246870513064,3,0.5298833,-91.5171,0.97713584,
772246892272097,3,0.53405035,-91.530975,0.9788797,
772246911528690,3,0.53425825,-91.54636,0.9782009,
772246930632693,3,0.5359993,-91.55909,0.9797347,
772246952239138,3,0.532882,-91.560974,0.97561646,
772246972533328,3,0.5006531,-91.574196,0.97685057,
772246990965946,3,0.5246648,-91.585724,0.97336984,
772247012358767,3,0.5481677,-91.589905,0.97769594,
772247030272585,3,0.53702855,-91.58313,0.98103064,
772247054747683,3,0.5133835,-91.57843,0.9882095,
772247071715458,3,0.5199251,-91.57111,0.98340875,
772247089629275,3,0.5376584,-91.57234,0.9821014,
772247111937624,3,0.49745485,-91.58387,0.99022555,
772247131774051,3,0.51482725,-91.59114,0.97899634,
772247152007205,3,0.56059355,-91.58636,0.96897376,
772247172118287,3,0.5640684,-91.58931,0.97401464,
772247191832644,3,0.5326811,-91.5963,0.98230493,
772247209746463,3,0.5211029,-91.59742,0.9828559,
772247232482058,3,0.5293559,-91.6039,0.97629094,
772247251921754,3,0.53151745,-91.60756,0.97190905,
772247269835573,3,0.5292927,-91.605835,0.96876204,
772247292113406,3,0.53975743,-91.60706,0.9689885,
772247311949832,3,0.53476155,-91.61179,0.9709399,
772247332182985,3,0.52339226,-91.61736,0.975733,
772247352202517,3,0.5114177,-91.63362,0.98010284,
772247372008426,3,0.5267608,-91.65113,0.97406596,
772247389922244,3,0.57155406,-91.65149,0.95409805,
772247412413698,3,0.5965737,-91.664955,0.94715047,
772247432097536,3,0.6259807,-91.66119,0.9430883,
772247449980838,3,0.6105634,-91.66236,0.94656175,
772247472624880,3,0.5808613,-91.67152,0.9581958,
772247492095094,3,0.56263363,-91.68411,0.9564674,
772247512328249,3,0.58850044,-91.69433,0.94644195,
772247532378299,3,0.5975235,-91.7025,0.9406772,
772247552214724,3,0.57660073,-91.71028,0.94840115,
772247570098024,3,0.5793554,-91.71064,0.95307416,
772247592467409,3,0.56125927,-91.71351,0.95612556,
772247612273318,3,0.55422163,-91.72692,0.95743364,
772247630156619,3,0.5772667,-91.73211,0.95790714,
772247652587037,3,0.57033443,-91.73665,0.9512475,
772247672270876,3,0.58845156,-91.73957,0.9474359,
772247692534549,3,0.5716866,-91.74506,0.94986343,
772247712859255,3,0.5774293,-91.74821,0.94999695,
772247732390504,3,0.5804485,-91.7499,0.95684487,
772247750273806,3,0.5450681,-91.752,0.9678883,
772247772643191,3,0.52947944,-91.77211,0.9665229,
772247792449099,3,0.5580013,-91.78039,0.95624167,
772247810332399,3,0.5776957,-91.77905,0.9520112,
772247832640749,3,0.5801251,-91.77465,0.9542918,
772247852446658,3,0.5871393,-91.76471,0.952463,
772247872679812,3,0.56935436,-91.76648,0.955561,
772247892821412,3,0.58623534,-91.76801,0.9471,
772247912535769,3,0.5838371,-91.78531,0.94153637,
772247930449588,3,0.59373707,-91.80145,0.9335367,
772247953215701,3,0.616606,-91.81563,0.92841303,
772247972594362,3,0.6219451,-91.81348,0.9235789,
772247990508181,3,0.6291851,-91.8032,0.92303175,
772248012816531,3,0.6320275,-91.797,0.92831624,
772248032622439,3,0.6136056,-91.80755,0.93792456,
772248052886110,3,0.59934396,-91.81973,0.9425573,
772248072905642,3,0.5848079,-91.83738,0.94020236,
772248092742068,3,0.59102714,-91.84992,0.93445784,
772248110625369,3,0.6032406,-91.85117,0.9271764,
772248133116823,3,0.63608354,-91.82585,0.920727,
772248152770144,3,0.6405247,-91.81132,0.9270207,
772248170683963,3,0.62095875,-91.815956,0.9339814,
772248193328005,3,0.6208399,-91.83814,0.9417672,
772248212798219,3,0.58707315,-91.85276,0.94082016,
772248233031374,3,0.5979809,-91.845055,0.93434376,
772248253050906,3,0.60524976,-91.84462,0.92584825,
772248272887332,3,0.61638445,-91.85191,0.92490923,
772248290770631,3,0.61769927,-91.85741,0.9309443,
772248313140017,3,0.60994357,-91.86069,0.93529344,
772248332945926,3,0.5990144,-91.86508,0.93787044,
772248350890261,3,0.58304334,-91.8721,0.9414592,
772248373259645,3,0.57491285,-91.8933,0.9446612,
772248392973999,3,0.5671759,-91.89795,0.9457096,
772248413207154,3,0.5502539,-91.890816,0.94721234,
772248433592897,3,0.56227547,-91.87451,0.947891,
772248453032595,3,0.5582689,-91.870735,0.9538783,
772248470976932,3,0.55648285,-91.88055,0.9556168,
772248493285280,3,0.55906594,-91.90803,0.95499206,
772248513091187,3,0.56409955,-91.913246,0.9443571,
772248531005006,3,0.5688083,-91.90751,0.9397332,
772248553343874,3,0.5613327,-91.90762,0.93670547,
772248573149783,3,0.58764964,-91.90814,0.9386204,
772248593352420,3,0.5707018,-91.91836,0.9508042,
772248613524537,3,0.56191564,-91.93218,0.9542721,
772248633238892,3,0.5539373,-91.943794,0.95558476,
772248651152711,3,0.54646784,-91.94983,0.9511318,
772248673827272,3,0.55591977,-91.95095,0.9495866,
772248693266970,3,0.53952986,-91.9435,0.95761824,
772248711211307,3,0.52984166,-91.935135,0.9622422,
772248733489138,3,0.52877957,-91.93716,0.9654975,
772248753295045,3,0.5337763,-91.94158,0.9680236,
772248773558717,3,0.50947064,-91.95554,0.9720925,
772248793578249,3,0.5102079,-91.96863,0.9602695,
772248813414676,3,0.5419266,-91.975266,0.9495517,
772248831297976,3,0.55605406,-91.9804,0.9496471,
772248858702760,3,0.54319596,-91.97644,0.96170753,
772248872679810,3,0.5353577,-91.9712,0.9631382,
772248891356568,3,0.5184581,-91.98308,0.96932757,
772248914000612,3,0.47987565,-92.00993,0.9731261,
772248933470828,3,0.47987565,-92.00993,0.9731261,
772248953703983,3,0.5071456,-92.01119,0.9774513,
772248973692995,3,0.538173,-92.02168,0.9832546,
772248993559937,3,0.5696502,-92.03144,0.9841182,
772249011473756,3,0.5911772,-92.03029,0.98275197,
772249033843142,3,0.61107033,-92.0242,0.9800547,
772249053618533,3,0.62047637,-92.01119,0.9746382,
772249071532351,3,0.6354742,-92.01898,0.96905047,
772249093962770,3,0.637815,-92.05253,0.9745553,
772249113646608,3,0.63388145,-92.074524,0.97500706,
772249133910280,3,0.60348797,-92.094246,0.97891253,
772249154234988,3,0.6217839,-92.11258,0.9729678,
772249173766238,3,0.644455,-92.12163,0.9687649,
772249191649537,3,0.63515913,-92.12255,0.9696443,
772249213988404,3,0.6179042,-92.11906,0.9765924,
772249233794313,3,0.6141514,-92.12476,0.9796326,
772249251708132,3,0.61416763,-92.14294,0.97930145,
772249273985965,3,0.6158724,-92.16329,0.97850764,
772249293822390,3,0.61645424,-92.16952,0.9764318,
772249314086060,3,0.6094821,-92.17159,0.9789182,
772249334197145,3,0.6232441,-92.16086,0.9742366,
772249353911501,3,0.64673203,-92.1484,0.96500134,
772249371825320,3,0.6683718,-92.150505,0.96269566,
772249394530398,3,0.6795428,-92.16466,0.9639302,
772249413970094,3,0.65115756,-92.16791,0.9656357,
772249431883912,3,0.6341109,-92.16998,0.9654339,
772249454192263,3,0.6476428,-92.18624,0.96410096,
772249474028689,3,0.6371935,-92.18624,0.96874857,
772249494261843,3,0.6314822,-92.1761,0.9716922,
772249514281373,3,0.6066721,-92.17539,0.9827163,
772249534117799,3,0.6079861,-92.189896,0.9815442,
772249552001100,3,0.6227442,-92.20593,0.9812441,
772249574492556,3,0.62930506,-92.21498,0.97651213,
772249594145877,3,0.62828606,-92.21091,0.97184396,
772249612090212,3,0.62961984,-92.215935,0.9763073,
772249634703736,3,0.62383467,-92.23162,0.97925466,
772249654204469,3,0.6243909,-92.23424,0.97265446,
772249674407107,3,0.6386272,-92.229675,0.9665722,
772249694365603,3,0.6439428,-92.23503,0.96408397,
772249714263064,3,0.65245914,-92.2408,0.9592522,
772249732207399,3,0.6842364,-92.25298,0.9545363,
772249754515748,3,0.6830189,-92.27443,0.9568248,
772249774321657,3,0.6812791,-92.28003,0.94962513,
772249792235476,3,0.6672826,-92.27615,0.9499806,
772249814665896,3,0.6714131,-92.28079,0.94794756,
772249834349733,3,0.6829922,-92.28577,0.94267505,
772249854613404,3,0.6811897,-92.29637,0.9504448,
772249874999147,3,0.6530617,-92.307846,0.9612124,
772249894469363,3,0.64667183,-92.318825,0.9617019,
772249912352664,3,0.6665846,-92.32719,0.95675784,
772249934691530,3,0.6412312,-92.31003,0.9589726,
772249954650025,3,0.6189227,-92.296776,0.9650145,
772249972411256,3,0.6149241,-92.2862,0.970036,
772249994689089,3,0.6158404,-92.28473,0.9705476,
772250014525516,3,0.62125504,-92.288666,0.9679327,
772250034758670,3,0.6484761,-92.29617,0.96084666,
772250054869752,3,0.65464544,-92.29935,0.9519277,
772250074614625,3,0.64691156,-92.308174,0.9561155,
772250092528444,3,0.65272856,-92.317566,0.95330393,
772250115233523,3,0.6786506,-92.32582,0.9476817,
772250134673220,3,0.66744995,-92.322296,0.94674695,
772250152587037,3,0.6734035,-92.32145,0.9442139,
772250174864869,3,0.6521968,-92.326256,0.95316505,
772250194670778,3,0.64327747,-92.34336,0.95646095,
772250214934451,3,0.64842314,-92.35667,0.95379525,
772250234953983,3,0.6553295,-92.35486,0.9508441,
772250254790407,3,0.6777144,-92.33992,0.94552636,
772250272704224,3,0.67228484,-92.319756,0.9447776,
772250295165162,3,0.68904036,-92.32069,0.948237,
772250314849001,3,0.6783424,-92.34077,0.94897634,
772250332762820,3,0.6760647,-92.35284,0.9376355,
772250355345828,3,0.71302307,-92.34585,0.9150713,
772250374877077,3,0.7188358,-92.34803,0.9177582,
772250395110231,3,0.72745574,-92.33992,0.9183768,
772250415129763,3,0.7597106,-92.339424,0.9196819,
772250434966189,3,0.7653673,-92.3486,0.9156953,
772250452849490,3,0.76434255,-92.3477,0.9103538,
772250475218873,3,0.7477845,-92.34918,0.90164846,
772250494994264,3,0.7697228,-92.34385,0.8948123,
772250512938600,3,0.7791788,-92.3482,0.8928754,
772250535338503,3,0.77110213,-92.35027,0.90420765,
772250555052860,3,0.7766743,-92.35494,0.901517,
772250575286013,3,0.7961529,-92.35751,0.8954195,
772250595641236,3,0.8037675,-92.352264,0.8933205,
772250615111452,3,0.7867535,-92.36106,0.8950651,
772250633025271,3,0.79603934,-92.36538,0.8900738,
772250655364139,3,0.8107618,-92.369835,0.8853513,
772250675170046,3,0.8004956,-92.38098,0.8876559,
772250693083864,3,0.7975672,-92.38459,0.8851085,
772250715361695,3,0.7969683,-92.37898,0.88584495,
772250735198122,3,0.8033628,-92.376854,0.89044774,
772250755431277,3,0.8053147,-92.38074,0.89001065,
772250775542361,3,0.80916524,-92.38204,0.8885683,
772250795287233,3,0.7951079,-92.38688,0.89171827,
772250814086060,3,0.7949158,-92.39287,0.88992256,
772250835936647,3,0.80363834,-92.40289,0.88835233,
772250855376345,3,0.8077602,-92.40639,0.88473445,
772250873290164,3,0.81243414,-92.405846,0.87928784,
772250895598513,3,0.84193844,-92.396935,0.8716613,
772250915404420,3,0.86960924,-92.393845,0.86641157,
772250935698610,3,0.8952852,-92.37817,0.8550895,
772250955687624,3,0.90256363,-92.36472,0.8585086,
772250975524051,3,0.87703407,-92.37044,0.8613485,
772250993407351,3,0.86999065,-92.38959,0.8608504,
772251015898805,3,0.8955074,-92.40322,0.85186976,
772251035552125,3,0.88904196,-92.40688,0.84897804,
772251053465944,3,0.8805657,-92.40079,0.8500509,
772251076109988,3,0.8729466,-92.394424,0.849393,
772251095580202,3,0.8815755,-92.39016,0.8587819,
772251115813356,3,0.8494166,-92.39685,0.867769,
772251135802369,3,0.84443784,-92.40704,0.8698131,
772251155669313,3,0.8465273,-92.413055,0.87282985,
772251173583132,3,0.8438443,-92.41743,0.8726931,
772251195922000,3,0.8460602,-92.404366,0.86952823,
772251215697390,3,0.830434,-92.38598,0.8793682,
772251233641724,3,0.8137319,-92.38204,0.87907207,
772251256041627,3,0.8280125,-92.3904,0.8780021,
772251275755984,3,0.84415674,-92.40232,0.87357545,
772251296019656,3,0.8533288,-92.40696,0.86629206,
772251316344363,3,0.8298919,-92.4124,0.8684847,
772251335845094,3,0.8280938,-92.41734,0.8651573,
772251353758912,3,0.85731405,-92.423164,0.85849005,
772251376128298,3,0.85616404,-92.43486,0.86651784,
772251395903689,3,0.84448653,-92.43141,0.8711031,
772251413817507,3,0.8181365,-92.41483,0.876948,
772251436095338,3,0.8204146,-92.412315,0.8713528,
772251455931764,3,0.84571576,-92.423904,0.863376,
772251476195436,3,0.8666968,-92.4392,0.8592906,
772251496306521,3,0.86318547,-92.446495,0.8621145,
772251516020877,3,0.8570212,-92.431335,0.8667012,
772251533934694,3,0.832567,-92.40811,0.8716365,
772251556609253,3,0.8209915,-92.41508,0.8734161,
772251576079469,3,0.84721583,-92.42163,0.8699002,
772251594023806,3,0.8682959,-92.41516,0.8620618,
772251616271121,3,0.8435094,-92.41549,0.85755163,
772251636077029,3,0.8440767,-92.42658,0.8610906,
772251656340700,3,0.85589314,-92.43696,0.8601477,
772251676329713,3,0.8643575,-92.42811,0.8590289,
772251696196657,3,0.85030603,-92.41994,0.8635997,
772251714110476,3,0.8358239,-92.41808,0.86943763,
772251736601931,3,0.82499915,-92.43726,0.8716105,
772251756316285,3,0.8373001,-92.44409,0.869845,
772251774199586,3,0.82838756,-92.4509,0.8659695,
772251796904665,3,0.8798808,-92.444885,0.85555667,
772251816313845,3,0.8798808,-92.444885,0.85555667,
772251836577518,3,0.8945317,-92.42349,0.8481166,
772251856505495,3,0.9002465,-92.40663,0.85238045,
772251876311402,3,0.8793286,-92.398575,0.8541532,
772251895995241,3,0.8745927,-92.403305,0.8530243,
772251916594607,3,0.87478757,-92.424065,0.84511703,
772251936369998,3,0.8979814,-92.43324,0.8403366,
772251954314334,3,0.92037934,-92.421555,0.8351241,
772251976714235,3,0.901487,-92.41128,0.8449094,
772251996428590,3,0.89410377,-92.402565,0.8483612,
772252016631227,3,0.8871449,-92.391304,0.8528816,
772252036955935,3,0.87324697,-92.39557,0.8510828,
772252056517702,3,0.8808669,-92.41516,0.8481548,
772252074431520,3,0.905545,-92.42035,0.8412716,
772252096739869,3,0.910886,-92.41354,0.83685815,
772252116545778,3,0.9348506,-92.38803,0.831067,
772252134459597,3,0.9439445,-92.36379,0.82946706,
772252156767947,3,0.9399679,-92.365295,0.8332546,
772252176604372,3,0.94451654,-92.38172,0.8294094,
772252196837525,3,0.9612379,-92.396194,0.8202661,
772252216979127,3,0.9486527,-92.39595,0.8150765,
772252236693484,3,0.96417195,-92.38934,0.81152946,
772252254576785,3,0.9539471,-92.37571,0.820393,
772252277281863,3,0.93063396,-92.379234,0.82918274,
772252296752077,3,0.9530377,-92.37644,0.8292806,
772252314635377,3,0.9512934,-92.38467,0.8271114,
772252336913210,3,0.96430534,-92.39541,0.816242,
772252356780154,3,0.97082114,-92.40868,0.81161356,
772252377013308,3,0.97950935,-92.40136,0.807793,
772252397002320,3,0.98060834,-92.388275,0.80637765,
772252416869264,3,0.999602,-92.38098,0.80632997,
772252434783083,3,1.0101517,-92.37628,0.80392176,
772252457213503,3,0.9937684,-92.379234,0.8092725,
772252476927860,3,0.9818617,-92.38278,0.80847836,
772252494811159,3,1.0100529,-92.37981,0.7955907,
772252517455201,3,1.0256407,-92.38164,0.78904134,
772252536925416,3,1.0146854,-92.38762,0.7935011,
772252557189089,3,0.9996287,-92.38229,0.7999941,
772252577208621,3,1.0168165,-92.37207,0.80192363,
772252597014529,3,1.0339928,-92.37117,0.7976213,
772252614928346,3,1.0064948,-92.3827,0.7929732,
772252637297731,3,1.0236508,-92.39287,0.78960675,
772252657103640,3,1.0260302,-92.40087,0.7884703,
772252675017459,3,1.019812,-92.398,0.7906523,
772252697447878,3,1.0414317,-92.380135,0.78256345,
772252717101197,3,1.056803,-92.3662,0.78094167,
772252737364869,3,1.0533932,-92.3556,0.78563756,
772252757781129,3,1.040022,-92.35186,0.78628725,
772252777220828,3,1.0440506,-92.36697,0.7846465,
772252795134647,3,1.0348085,-92.38434,0.78352165,
772252817473513,3,1.0300827,-92.39033,0.783314,
772252837248902,3,1.0360632,-92.38475,0.784519,
772252855193239,3,1.0653118,-92.3715,0.7794263,
772252877501589,3,1.0935752,-92.348274,0.7766749,
772252897276980,3,1.073948,-92.33391,0.7736233,
772252917540652,3,1.0748378,-92.33732,0.7732477,
772252937651735,3,1.0752906,-92.34718,0.77316904,
772252957366090,3,1.0832007,-92.35568,0.7693519,
772252975279909,3,1.0801231,-92.35451,0.76989293,
772252997984988,3,1.0703979,-92.33497,0.7741714,
772253017455202,3,1.0667181,-92.30656,0.7777479,
772253035338502,3,1.0616618,-92.28926,0.7844631,
772253057646851,3,1.0616088,-92.29492,0.7861555,
772253077483278,3,1.0788475,-92.305466,0.7743857,
772253097685915,3,1.086214,-92.31528,0.76669824,
772253117735965,3,1.0716083,-92.3091,0.76983434,
772253137572390,3,1.0699412,-92.29653,0.77001995,
772253155486207,3,1.090296,-92.281235,0.76689345,
772253177947145,3,1.1169266,-92.27547,0.76507914,
772253197600466,3,1.1081284,-92.27263,0.76988566,
772253215514285,3,1.0945041,-92.273224,0.77196974,
772253238158328,3,1.1032777,-92.26683,0.7704202,
772253257628541,3,1.089316,-92.258965,0.76728505,
772253277861695,3,1.0862097,-92.26798,0.7669191,
772253297850710,3,1.0955211,-92.27391,0.7660903,
772253317717654,3,1.1380053,-92.259674,0.75958705,
772253335600955,3,1.1326317,-92.24908,0.7588354,
772253357970338,3,1.1265516,-92.24132,0.75812596,
772253377745728,3,1.1312205,-92.24979,0.7593626,
772253395659548,3,1.124793,-92.25342,0.7620563,
772253418120486,3,1.1017063,-92.26279,0.7684644,
772253437804324,3,1.1118078,-92.25855,0.76248974,
772253458037477,3,1.1088417,-92.24839,0.7632428,
772253478362184,3,1.11541,-92.23591,0.7695098,
772253497862916,3,1.1047173,-92.24096,0.77410036,
772253515776736,3,1.0948875,-92.24211,0.77856576,
772253538146121,3,1.1036332,-92.24323,0.7823487,
772253557952029,3,1.0507538,-92.2352,0.7860881,
772253575865846,3,1.0661794,-92.24175,0.7750265,
772253598143678,3,1.0994767,-92.24263,0.7644841,
772253617949587,3,1.1244844,-92.223885,0.75698805,
772253638213259,3,1.1316943,-92.195175,0.7529361,
772253658354861,3,1.1432393,-92.18927,0.75500524,
772253678069215,3,1.1400969,-92.20451,0.7587608,
772253695983033,3,1.1453185,-92.21427,0.751548,
772253718718630,3,1.1520605,-92.22703,0.7472481,
772253738127810,3,1.143498,-92.23118,0.74582833,
772253756041629,3,1.1662424,-92.2193,0.7405678,
772253778349977,3,1.1590331,-92.20752,0.7483189,
772253798125367,3,1.1410758,-92.20531,0.75337017,
772253818389040,3,1.1586686,-92.19214,0.7462565,
772253838378055,3,1.1355764,-92.197136,0.7478883,
772253858306034,3,1.1443901,-92.200775,0.7434813,
772253876158816,3,1.1533701,-92.196594,0.74332476,
772253898650270,3,1.164925,-92.19883,0.7436535,
772253918425661,3,1.1880935,-92.179436,0.7355159,
772253936247927,3,1.1903858,-92.16744,0.7333573,
772253958861454,3,1.1838752,-92.15859,0.7342298,
772253978392703,3,1.1682615,-92.17069,0.7305672,
772253998595338,3,1.1970489,-92.18184,0.7201785,
772254018614870,3,1.2190073,-92.180855,0.7133526,
772254038451297,3,1.2330709,-92.17889,0.71028537,
772254056304080,3,1.2418373,-92.17438,0.70929307,
772254078642947,3,1.241212,-92.17574,0.70859796,
772254098448854,3,1.2415204,-92.17233,0.7097992,
772254116362673,3,1.2258917,-92.17332,0.71430093,
772254138762577,3,1.2398885,-92.17736,0.70700765,
772254158476932,3,1.2745067,-92.17889,0.6976144,
772254178710085,3,1.2778916,-92.18435,0.7001485,
772254199065310,3,1.2573237,-92.18148,0.7031829,
772254218566043,3,1.2504256,-92.17555,0.7024514,
772254236479862,3,1.2540032,-92.16782,0.70179135,
772254258788210,3,1.2482108,-92.17484,0.70114833,
772254278624636,3,1.2655259,-92.16763,0.693434,
772254296568972,3,1.25244,-92.16736,0.6988939,
772254318816287,3,1.2458171,-92.167274,0.701686,
772254338652712,3,1.2462564,-92.162575,0.7016108,
772254358916384,3,1.24495,-92.1555,0.7023217,
772254378996952,3,1.2416035,-92.16012,0.7036209,
772254398741824,3,1.2424356,-92.16708,0.70297563,
772254416655642,3,1.2619338,-92.16438,0.69538325,
772254439330203,3,1.2776762,-92.17132,0.69718593,
772254458800418,3,1.269836,-92.17501,0.69898313,
772254476744754,3,1.2602015,-92.180855,0.7045304,
772254498992067,3,1.2411628,-92.18687,0.7067495,
772254518828494,3,1.246622,-92.18749,0.7016279,
772254539092166,3,1.2757035,-92.181946,0.68985933,
772254559081180,3,1.2960875,-92.164024,0.6868206,
772254578917604,3,1.2853196,-92.14329,0.6904658,
772254596831423,3,1.2847724,-92.13515,0.68996936,
772254619322879,3,1.2906231,-92.1593,0.69007844,
772254638976199,3,1.2753334,-92.18006,0.6932222,
772254656890017,3,1.2778622,-92.17403,0.69296116,
772254679564578,3,1.2764579,-92.15977,0.6889535,
772254698973758,3,1.2736223,-92.1484,0.68883556,
772254719237430,3,1.2648419,-92.15605,0.69439095,
772254739256960,3,1.2788317,-92.163124,0.6893324,
772254759062869,3,1.2888038,-92.16039,0.6905979,
772254776976687,3,1.2628944,-92.16039,0.69111174,
772254799346072,3,1.2687459,-92.15968,0.6910765,
772254819151979,3,1.2831103,-92.15723,0.689643,
772254837065798,3,1.2905664,-92.14629,0.6943145,
772254859496219,3,1.3409288,-92.12946,0.69266874,
772254879180057,3,1.3611255,-92.12939,0.69060427,
772254899413210,3,1.3890541,-92.11851,0.6855291,
772254919768435,3,1.3999314,-92.10786,0.6819948,
772254939269168,3,1.417436,-92.108864,0.6810247,
772254957182987,3,1.4386662,-92.11526,0.6829667,
772254979521852,3,1.4283588,-92.11638,0.6910126,
772254999327761,3,1.4377912,-92.112854,0.69128317,
772255017211062,3,1.4407873,-92.10534,0.69037175,
772255039519412,3,1.4404651,-92.09537,0.6893591,
772255059325319,3,1.42836,-92.09059,0.6921281,
772255079588992,3,1.4360377,-92.08638,0.69161594,
772255099730594,3,1.4405,-92.09124,0.6873098,
772255119444949,3,1.4515018,-92.08862,0.68338317,
772255137358767,3,1.4621614,-92.07821,0.68442255,
772255160094363,3,1.4528162,-92.077255,0.68661183,
772255179534061,3,1.4474388,-92.085724,0.6830299,
772255197447879,3,1.4595925,-92.089005,0.6787958,
772255219725710,3,1.443781,-92.07518,0.68385667,
772255239562136,3,1.4445852,-92.054825,0.68888265,
772255259825809,3,1.4351451,-92.05434,0.69387454,
772255279784305,3,1.4420099,-92.060425,0.695702,
772255299651247,3,1.4168798,-92.06592,0.69733447,
772255317534548,3,1.4283433,-92.06772,0.6939192,
772255339995487,3,1.4230373,-92.06158,0.6928648,
772255359679324,3,1.4213821,-92.06357,0.6921183,
772255377593142,3,1.4344928,-92.060425,0.6915823,
772255400237185,3,1.4134934,-92.05709,0.69894415,
772255419707401,3,1.4185095,-92.06138,0.69678915,
772255439940555,3,1.4211997,-92.07586,0.6976516,
772255459929567,3,1.407277,-92.08515,0.70158875,
772255479796511,3,1.40833,-92.08083,0.70043135,
772255497710330,3,1.4201386,-92.09004,0.6954367,
772255520049197,3,1.440491,-92.07933,0.6897975,
772255539885622,3,1.463564,-92.068184,0.68179256,
772255557768923,3,1.478042,-92.049576,0.68026394,
772255580199344,3,1.4411738,-92.05747,0.6874325,
772255599883182,3,1.447707,-92.07064,0.6843324,
772255620146852,3,1.4640733,-92.07349,0.6775008,
772255640563113,3,1.4674672,-92.07518,0.6731653,
772255660002811,3,1.4959708,-92.074715,0.6691511,
772255677916629,3,1.4937147,-92.0701,0.67245144,
772255700224977,3,1.4848018,-92.05518,0.6756233,
772255720030886,3,1.4764729,-92.044685,0.6742399,
772255737914187,3,1.4785053,-92.04603,0.6730576,
772255760192020,3,1.4670991,-92.05747,0.67379844,
772255780028444,3,1.4873599,-92.06127,0.66818166,
772255800261599,3,1.485345,-92.05909,0.67066866,
772255820372684,3,1.4923912,-92.04748,0.67198044,
772255840117557,3,1.4784683,-92.03288,0.6781299,
772255858031374,3,1.4611546,-92.0301,0.6832745,
772255880705935,3,1.4670231,-92.03471,0.6803215,
772255900176151,3,1.470822,-92.023705,0.6748171,
772255918089969,3,1.4732987,-92.00652,0.6701428,
772255940367800,3,1.4756402,-92.01267,0.67332935,
772255960204226,3,1.464922,-92.01781,0.6788839,
772255980467899,3,1.4652152,-92.02351,0.6823755,
772256000456912,3,1.4665875,-92.01188,0.68223315,
772256020293337,3,1.4550796,-92.00644,0.6857729,
772256038207155,3,1.459418,-92.00535,0.67887723,
772256060698612,3,1.4679755,-92.017235,0.6732787,
772256080382449,3,1.4845208,-92.017914,0.6679642,
772256098357302,3,1.5065475,-92.01712,0.66605824,
772256120909793,3,1.5130028,-92.01442,0.6652354,
772256140441043,3,1.519743,-92.00758,0.6598033,
772256160674197,3,1.513154,-92.01382,0.6625526,
772256180632692,3,1.5029684,-92.025566,0.6650964,
772256200530154,3,1.5085151,-92.03335,0.66293514,
772256218413456,3,1.5186553,-92.02805,0.66122645,
772256240752322,3,1.5186117,-92.013626,0.65644664,
772256260558229,3,1.5058076,-92.00231,0.6553524,
772256278472049,3,1.5057715,-91.9942,0.65779847,
772256300871952,3,1.4962482,-91.99636,0.66713053,
772256320586307,3,1.5031836,-92.00027,0.666866,
772256340819460,3,1.512951,-91.99939,0.66533744,
772256361174685,3,1.5076041,-91.99625,0.65996027,
772256380736454,3,1.5257748,-91.9804,0.6535762,
772256398558719,3,1.5300399,-91.9715,0.65196687,
772256420958620,3,1.5182244,-91.98169,0.66137236,
772256440764529,3,1.5108936,-91.99409,0.66323197,
772256458647831,3,1.5361907,-91.99576,0.6566102,
772256480925662,3,1.5486108,-91.9877,0.6516873,
772256500762087,3,1.5274527,-91.970406,0.650694,
772256520995242,3,1.5373381,-91.95133,0.65131426,
772256541136844,3,1.5437485,-91.93806,0.6523259,
772256560851199,3,1.5521287,-91.93816,0.6542705,
772256578765017,3,1.5417975,-91.94975,0.65473914,
772256601531130,3,1.5512899,-91.96275,0.6458794,
772256620940311,3,1.5631784,-91.96852,0.6411287,
772256638793094,3,1.5591687,-91.96215,0.6397963,
772256661101442,3,1.5682986,-91.945404,0.63963914,
772256680907351,3,1.5832648,-91.93248,0.64012897,
772256701140506,3,1.5832157,-91.91243,0.6415262,
772256721129520,3,1.570859,-91.90464,0.64182776,
772256740965944,3,1.5856411,-91.89694,0.6393349,
772256758879763,3,1.5737954,-91.89765,0.6418275,
772256781371219,3,1.5741221,-91.903824,0.6438444,
772256801055057,3,1.583509,-91.893005,0.63901216,
772256818938356,3,1.5967629,-91.87743,0.6379239,
772256841582400,3,1.5967621,-91.8591,0.6380999,
772256861083133,3,1.5944707,-91.85055,0.63834417,
772256881316287,3,1.6075205,-91.85784,0.63189876,
772256901305300,3,1.6138599,-91.86645,0.62917453,
772256921141726,3,1.6265604,-91.86394,0.6219492,
772256939055545,3,1.6154473,-91.85888,0.6235654,
772256961424930,3,1.6109787,-91.84705,0.6266925,
772256981230837,3,1.6116194,-91.83899,0.6264346,
772256999114138,3,1.6108963,-91.83558,0.62913173,
772257021514041,3,1.5955263,-91.83356,0.63477945,
772257041228397,3,1.6103064,-91.82478,0.6301278,
772257061492067,3,1.6127987,-91.818886,0.6245103,
772257081816775,3,1.618178,-91.81823,0.624312,
772257101317508,3,1.6336327,-91.813065,0.6211687,
772257119231326,3,1.6422405,-91.80591,0.61621726,
772257141570192,3,1.6308684,-91.802216,0.615656,
772257161376101,3,1.6451813,-91.798416,0.6103996,
772257179289920,3,1.6395528,-91.79014,0.6126122,
772257201567752,3,1.6441289,-91.78763,0.61051446,
772257221404177,3,1.6492497,-91.78673,0.61540717,
772257241667849,3,1.6446664,-91.78752,0.6162823,
772257261809452,3,1.6427552,-91.78082,0.6122282,
772257281523807,3,1.6468462,-91.77664,0.60820717,
772257299407106,3,1.6682503,-91.76758,0.60613877,
772257322112185,3,1.6478876,-91.75659,0.61772203,
772257341551883,3,1.6206907,-91.75938,0.62465394,
772257359465700,3,1.6226387,-91.759926,0.62660164,
772257381743532,3,1.6536947,-91.75782,0.61643183,
772257401579959,3,1.6508566,-91.754135,0.6158511,
772257421813114,3,1.6522689,-91.747986,0.6132634,
772257441802126,3,1.6585101,-91.7499,0.61321217,
772257461699587,3,1.6624197,-91.75312,0.6122419,
772257479582888,3,1.6572773,-91.74517,0.6103187,
772257502074344,3,1.6560014,-91.72578,0.6052825,
772257521727663,3,1.6773483,-91.70411,0.6026764,
772257539641481,3,1.6701862,-91.70181,0.6053339,
772257562346560,3,1.6647131,-91.722275,0.6161245,
772257581755741,3,1.6527768,-91.73236,0.6179282,
772257602019411,3,1.6453001,-91.727715,0.6154138,
772257622008425,3,1.6542011,-91.72714,0.6100586,
772257641844851,3,1.6693687,-91.72613,0.6042163,
772257659758670,3,1.6737459,-91.72624,0.60168207,
772257682097536,3,1.680477,-91.718506,0.6028252,
772257701872927,3,1.6683613,-91.70788,0.6093283,
772257719817263,3,1.6597939,-91.71351,0.61295706,
772257742247684,3,1.6604017,-91.72091,0.6120806,
772257761962038,3,1.6694313,-91.73145,0.6101638,
772257782195192,3,1.6888702,-91.72487,0.6060947,
772257802519900,3,1.6782302,-91.70088,0.6118729,
772257822020633,3,1.6656388,-91.67736,0.6144323,
772257839934450,3,1.6494977,-91.67772,0.6209723,
772257862273317,3,1.6959502,-91.696625,0.61597174,
772257882079226,3,1.728269,-91.707306,0.6102409,
772257899993045,3,1.7570611,-91.70583,0.6089625,
772257922270876,3,1.7650697,-91.68818,0.6112609,
772257942107302,3,1.7761539,-91.68192,0.612956,
772257962340457,3,1.8174378,-91.67233,0.6054802,
772257982482059,3,1.836198,-91.66813,0.6035427,
772258002196413,3,1.83844,-91.66201,0.6031038,
772258020079714,3,1.8442805,-91.65042,0.5980277,
772258042784793,3,1.8558066,-91.64485,0.59288543,
772258062255008,3,1.8568515,-91.64843,0.59606177,
772258080138308,3,1.8449596,-91.6522,0.6022136,
772258102416140,3,1.8667629,-91.64354,0.5996421,
772258122283084,3,1.8658391,-91.6322,0.59680057,
772258142516239,3,1.8489783,-91.631355,0.600724,
772258162505251,3,1.8421947,-91.6316,0.6028347,
772258182372194,3,1.8552023,-91.62679,0.60443026,
772258200255496,3,1.8478996,-91.619194,0.6049136,
772258222746952,3,1.8396878,-91.62135,0.6123862,
772258242430788,3,1.8079584,-91.61204,0.62179327,
772258260344606,3,1.779477,-91.59655,0.6308401,
772258282958132,3,1.7636893,-91.582146,0.6363445,
772258302458866,3,1.756462,-91.57868,0.6405262,
772258322692019,3,1.7556221,-91.576195,0.6438669,
772258342711550,3,1.7522676,-91.56873,0.6433652,
772258362547976,3,1.7568859,-91.56597,0.6418949,
772258380461795,3,1.7623439,-91.56412,0.63572085,
772258402800661,3,1.7734702,-91.552315,0.63354737,
772258422606569,3,1.7772565,-91.537346,0.6346117,
772258440489871,3,1.7724155,-91.52379,0.6319466,
772258462889774,3,1.8046914,-91.51595,0.6271375,
772258482604128,3,1.8169992,-91.50246,0.6225471,
772258502867800,3,1.8017954,-91.49095,0.6233154,
772258523253543,3,1.7926173,-91.497894,0.62442356,
772258542723758,3,1.7993504,-91.509995,0.6248049,
772258560607058,3,1.804017,-91.511795,0.6246472,
772258582976441,3,1.8063097,-91.49475,0.6189174,
772258602782350,3,1.8143361,-91.4783,0.61396915,
772258620696169,3,1.822154,-91.47194,0.61218375,
772258642974002,3,1.8305838,-91.46819,0.61637455,
772258662779909,3,1.8236746,-91.46259,0.6186043,
772258683013062,3,1.8360957,-91.462456,0.6129442,
772258703185182,3,1.8426424,-91.46541,0.60680276,
772258722899538,3,1.863244,-91.45076,0.5989445,
772258740782840,3,1.8570151,-91.438034,0.6013487,
772258763487918,3,1.861358,-91.43899,0.6006192,
772258782927614,3,1.8790647,-91.441444,0.5949026,
772258800841431,3,1.8550959,-91.444016,0.59667695,
772258823149781,3,1.8378351,-91.43721,0.5973803,
772258842986208,3,1.8308582,-91.43899,0.60283643,
772258863219363,3,1.8493685,-91.435326,0.6011861,
772258883177860,3,1.8628248,-91.44213,0.60248727,
772258903075319,3,1.8543293,-91.44213,0.6037961,
772258920958619,3,1.8439462,-91.43762,0.6057942,
772258943419557,3,1.8308296,-91.431915,0.60852396,
772258963103396,3,1.8309392,-91.43396,0.6093989,
772258981017215,3,1.846435,-91.43451,0.6034384,
772259003661257,3,1.8737651,-91.43301,0.5979121,
772259023131471,3,1.8527486,-91.421745,0.60931474,
772259043364624,3,1.8292553,-91.40861,0.6115461,
772259063384156,3,1.8301054,-91.40041,0.60642403,
772259083220583,3,1.8322463,-91.404594,0.60525346,
772259101164919,3,1.8322947,-91.397736,0.6060165,
772259123503787,3,1.8485273,-91.38295,0.6056203,
772259143340212,3,1.8455598,-91.374596,0.6093202,
772259161223511,3,1.8455969,-91.35899,0.6076814,
772259183653932,3,1.838771,-91.35132,0.60697436,
772259203368288,3,1.8457955,-91.3493,0.6080306,
772259223601443,3,1.8452117,-91.34408,0.607503,
772259243956668,3,1.8514029,-91.3493,0.6042503,
772259263457399,3,1.8472328,-91.35623,0.59815866,
772259281340699,3,1.8654293,-91.35003,0.5910133,
772259303740602,3,1.8751414,-91.33,0.5894367,
772259323485476,3,1.8975824,-91.301315,0.5840357,
772259341429812,3,1.9204682,-91.28391,0.57726806,
772259363707643,3,1.9317235,-91.29845,0.57756793,
772259383513551,3,1.9239902,-91.30553,0.57424134,
772259403777223,3,1.9046465,-91.30643,0.5654095,
772259423918826,3,1.9192353,-91.30971,0.55884385,
772259443633182,3,1.9693635,-91.302956,0.5494618,
772259461546999,3,1.963673,-91.30086,0.5572885,
772259484221558,3,1.9353858,-91.281624,0.5656093,
772259503661256,3,1.9353858,-91.281624,0.5656093,
772259521575075,3,1.9440528,-91.2738,0.5635593,
772259543883426,3,1.9485728,-91.283585,0.55963284,
772259563689334,3,1.9422956,-91.29255,0.56180525,
772259583922487,3,1.9498222,-91.29181,0.56305957,
772259603942018,3,1.9346279,-91.28528,0.57066524,
772259623808962,3,1.9340838,-91.26965,0.5707713,
772259641722781,3,1.940201,-91.268425,0.5701532,
772259664092165,3,1.9418168,-91.27441,0.57177657,
772259683867555,3,1.9348423,-91.276405,0.5687275,
772259701720338,3,1.9364722,-91.26687,0.5662257,
772259724333864,3,1.9440895,-91.250854,0.5648038,
772259743834597,3,1.9258423,-91.24867,0.5631535,
772259764098270,3,1.9563907,-91.23908,0.5653883,
772259784087282,3,1.9393836,-91.233696,0.5729092,
772259803954224,3,1.9091817,-91.24064,0.57921493,
772259821837526,3,1.920432,-91.24883,0.57570404,
772259844176394,3,1.9333758,-91.25006,0.5687889,
772259863982303,3,1.9281006,-91.24394,0.5746628,
772259881896121,3,1.9052491,-91.24206,0.5789423,
772259904326539,3,1.8915441,-91.23383,0.58876926,
772259924010377,3,1.8902218,-91.22908,0.58958495,
772259944274050,3,1.9075297,-91.23274,0.58938557,
772259964568240,3,1.8968183,-91.23416,0.58529574,
772259984130007,3,1.8913802,-91.22987,0.58352935,
772260002013307,3,1.8959991,-91.21949,0.58464235,
772260024321656,3,1.8868011,-91.2069,0.58862215,
772260044158083,3,1.8826618,-91.198456,0.59818673,
772260062071902,3,1.8725277,-91.19747,0.60280603,
772260084349735,3,1.8655117,-91.202034,0.6027619,
772260104186159,3,1.8565018,-91.21143,0.6028041,
772260124419312,3,1.874796,-91.21031,0.5968374,
772260144530397,3,1.8906976,-91.20594,0.5944607,
772260164244753,3,1.8992268,-91.20788,0.59752417,
772260182158572,3,1.8852193,-91.21304,0.6033643,
772260204863650,3,1.8762838,-91.21499,0.6037742,
772260224333864,3,1.8822397,-91.195175,0.5964375,
772260242217164,3,1.8937348,-91.180504,0.59345216,
772260264525515,3,1.906815,-91.169685,0.59437007,
772260284331423,3,1.904892,-91.16835,0.5980521,
772260304595095,3,1.8819609,-91.193375,0.60615283,
772260324614625,3,1.8741313,-91.200066,0.60353017,
772260344420533,3,1.8692154,-91.19977,0.601731,
772260362364870,3,1.8715248,-91.19977,0.5984573,
772260384795290,3,1.8690228,-91.19927,0.60211784,
772260404509647,3,1.8486859,-91.198296,0.6162406,
772260422423464,3,1.8334665,-91.19698,0.6194921,
772260445098023,3,1.8365192,-91.18728,0.6235372,
772260464507204,3,1.8285893,-91.189606,0.6209914,
772260484770876,3,1.8510149,-91.19042,0.61506796,
772260504759891,3,1.8396825,-91.195175,0.61811477,
772260524596316,3,1.832879,-91.19534,0.6219966,
772260542510133,3,1.8293731,-91.19239,0.6237226,
772260564849000,3,1.8402451,-91.1919,0.6233654,
772260584685427,3,1.8410218,-91.193535,0.61740357,
772260602599246,3,1.8534389,-91.1955,0.60847485,
772260624968630,3,1.8594631,-91.19206,0.60437375,
772260644682984,3,1.8631313,-91.191246,0.60524106,
772260664946656,3,1.8637476,-91.19256,0.6084321,
772260685271364,3,1.8485954,-91.19403,0.6153142,
772260704772097,3,1.853259,-91.188126,0.6079835,
772260722685916,3,1.8758216,-91.180504,0.6014683,
772260745024782,3,1.8785417,-91.17354,0.6055806,
772260764861207,3,1.8645911,-91.16652,0.6132025,
772260782744508,3,1.8655465,-91.15149,0.60728824,
772260805052859,3,1.9060695,-91.13092,0.6010565,
772260824858767,3,1.8704659,-91.13144,0.60016465,
772260845122439,3,1.8763554,-91.13488,0.60120106,
772260865264039,3,1.8847673,-91.13472,0.59761477,
772260884978395,3,1.8939505,-91.1342,0.593464,
772260902892214,3,1.9059955,-91.124664,0.58852917,
772260925597293,3,1.895816,-91.10696,0.59436804,
772260945098025,3,1.8821664,-91.097015,0.6010036,
772260963011842,3,1.887758,-91.1087,0.59779876,
772260985991578,3,1.8996742,-91.12726,0.5912424,
772261005034547,3,1.9247179,-91.11646,0.5908792,
772261025267703,3,1.915851,-91.09379,0.59256154,
772261045256717,3,1.9148622,-91.08155,0.5950704,
772261065154177,3,1.9026387,-91.08174,0.60233486,
772261083037476,3,1.894391,-91.081,0.6044682,
772261105498414,3,1.8791524,-91.07939,0.6084922,
772261125212771,3,1.8803067,-91.08319,0.6064086,
772261143096072,3,1.8877149,-91.08281,0.6031567,
772261165709597,3,1.8888996,-91.0763,0.5991171,
772261185210328,3,1.8816427,-91.06789,0.59896207,
772261205474000,3,1.888462,-91.05907,0.59623784,
772261225463015,3,1.9204379,-91.05221,0.5932056,
772261245299441,3,1.91667,-91.050545,0.5952905,
772261263213259,3,1.9167876,-91.056854,0.5978987,
772261285552125,3,1.9073901,-91.0524,0.59734714,
772261305358033,3,1.8991272,-91.04155,0.59348774,
772261323271852,3,1.9154621,-91.04398,0.59349114,
772261345702273,3,1.9319851,-91.045296,0.5860911,
772261365386111,3,1.9476908,-91.049614,0.5880567,
772261385649782,3,1.920642,-91.04079,0.59144205,
772261406035523,3,1.9060768,-91.02888,0.5923841,
772261425475221,3,1.9194102,-91.02316,0.5906746,
772261443389040,3,1.9152046,-91.027374,0.594786,
772261465758426,3,1.8999475,-91.03232,0.60464495,
772261485564334,3,1.8978842,-91.03117,0.6077848,
772261503447633,3,1.9004357,-91.02202,0.60525906,
772261525725465,3,1.8840996,-91.021065,0.6035501,
772261545561891,3,1.9025275,-91.024124,0.5990415,
772261565795047,3,1.9294478,-91.02546,0.5936587,
772261585936648,3,1.9106557,-91.027374,0.59712064,
772261605651002,3,1.9049594,-91.03647,0.59782994,
772261623564820,3,1.9087694,-91.034775,0.59606105,
772261646239381,3,1.9329598,-91.04267,0.58573353,
772261665709597,3,1.94123,-91.04079,0.58231753,
772261683623416,3,1.9265198,-91.04232,0.58863705,
772261705901247,3,1.8976051,-91.03325,0.6054683,
772261725737671,3,1.8741164,-91.0224,0.6139414,
772261745970827,3,1.8882446,-91.02661,0.6072524,
772261765990359,3,1.9190757,-91.02068,0.59826845,
772261785826785,3,1.8977472,-91.02814,0.6028068,
772261803740603,3,1.8851357,-91.03268,0.6074667,
772261826201539,3,1.916192,-91.02202,0.6008681,
772261845885377,3,1.9090942,-91.01549,0.60219353,
772261863799196,3,1.8917682,-91.011635,0.60382664,
772261886412722,3,1.8890514,-91.0027,0.6087042,
772261905913454,3,1.87942,-91.00172,0.6103867,
772261926146608,3,1.8822973,-91.0027,0.61220884,
772261946135621,3,1.8897614,-90.995056,0.6149227,
772261966002565,3,1.8664324,-90.99407,0.61666346,
772261983916384,3,1.8660542,-90.998,0.61668235,
772262006255252,3,1.8966812,-90.99623,0.6064539,
772262026061159,3,1.9229852,-90.9929,0.6017955,
772262043974976,3,1.9205605,-90.9909,0.60090524,
772262066344362,3,1.8983461,-90.9915,0.6053754,
772262086089235,3,1.8993578,-90.994644,0.6047229,
772262106322391,3,1.9079374,-91.00172,0.6002272,
772262126677615,3,1.9270719,-91.006775,0.59755045,
772262146208864,3,1.9464132,-90.98874,0.5886477,
772262164092164,3,1.9576244,-90.96713,0.58760947,
772262186431032,3,1.9673789,-90.95203,0.5887796,
772262206236941,3,1.9564239,-90.95962,0.5968053,
772262224120242,3,1.9176376,-90.96571,0.5989211,
772262246428590,3,1.9118229,-90.97358,0.60078204,
772262266265016,3,1.9277022,-90.96388,0.59432536,
772262286498171,3,1.91849,-90.95615,0.5908829,
772262306670290,3,1.9400843,-90.94752,0.5878927,
772262326354129,3,1.9527172,-90.94358,0.5921906,
772262344298464,3,1.9389751,-90.94752,0.5943998,
772262367034058,3,1.9203875,-90.960434,0.5980387,
772262386443239,3,1.9214224,-90.9653,0.60002524,
772262404357058,3,1.9148452,-90.95981,0.59980756,
772262426634891,3,1.9185363,-90.94462,0.59853196,
772262446471316,3,1.9265257,-90.9388,0.6024423,
772262466704469,3,1.9181246,-90.94771,0.6073761,
772262486724000,3,1.8994603,-90.96186,0.6106997,
772262506529909,3,1.9190812,-90.96186,0.6049075,
772262524413211,3,1.9235048,-90.95634,0.59924746,
772262546874148,3,1.927178,-90.95492,0.59401935,
772262566557984,3,1.9517082,-90.954506,0.588166,
772262584471803,3,1.96082,-90.95817,0.5877289,
772262607085329,3,1.9797041,-90.96082,0.57869565,
772262626586062,3,1.9960726,-90.95634,0.5727212,
772262646819217,3,1.9851366,-90.94752,0.57503265,
772262666838747,3,1.974692,-90.94792,0.5818546,
772262686675171,3,1.9714099,-90.951614,0.5838792,
772262704588991,3,2.0007973,-90.941284,0.5737451,
772262726866823,3,2.016233,-90.94107,0.57279086,
772262746764285,3,1.9869384,-90.94399,0.5775498,
772262764647586,3,1.9637033,-90.95203,0.58135253,
772262787078004,3,1.97124,-90.96653,0.58232737,
772262806792360,3,1.953882,-90.974976,0.58403826,
772262826994997,3,1.9556698,-90.97719,0.5819103,
772262847350222,3,1.966858,-90.96631,0.57887477,
772262866881472,3,1.9566691,-90.96082,0.5827071,
772262884764772,3,1.9471717,-90.96511,0.5861444,
772262907103639,3,1.9459544,-90.98437,0.5910291,
772262926940065,3,1.9497019,-90.98637,0.5839138,
772262944823367,3,1.9591066,-90.980385,0.5823165,
772262967101199,3,1.9624317,-90.96855,0.58126277,
772262986937624,3,1.9676354,-90.96369,0.57793003,
772263007170777,3,1.9966602,-90.94916,0.56645924,
772263027251344,3,2.0153034,-90.94232,0.5609034,
772263047026735,3,2.0212967,-90.94418,0.5589207,
772263064940555,3,2.0278828,-90.93774,0.55198413,
772263087584597,3,2.0175085,-90.932106,0.55377316,
772263107054811,3,2.012461,-90.935875,0.55401284,
772263124999147,3,2.044295,-90.93651,0.5466485,
772263147307497,3,2.0513632,-90.93566,0.55080515,
772263167143923,3,2.0145793,-90.92661,0.55879766,
772263187377077,3,1.981817,-90.92429,0.5656299,
772263207457643,3,1.9898924,-90.92429,0.56040734,
772263227233033,3,1.9901142,-90.9226,0.57030165,
772263245116335,3,1.9638242,-90.925766,0.5833194,
772263267638308,3,1.9574392,-90.93858,0.5850732,
772263287322147,3,1.9700904,-90.93921,0.5778915,
772263305235964,3,1.9792857,-90.935875,0.5762298,
772263327910523,3,1.9889365,-90.917076,0.5746438,
772263347319704,3,1.9606434,-90.913635,0.579973,
772263367552859,3,1.9853332,-90.92429,0.5811825,
772263387602908,3,1.9945374,-90.92599,0.5725083,
772263407439334,3,1.9996114,-90.929375,0.5744141,
772263425322633,3,1.9660085,-90.934616,0.5794589,
772263447539430,3,1.9434954,-90.95265,0.58337206,
772263467436891,3,1.9743341,-90.95079,0.57866865,
772263485320193,3,1.9733605,-90.94956,0.5776998,
772263507750613,3,1.9736084,-90.94563,0.5800338,
772263527434449,3,1.9475025,-90.95287,0.5888683,
772263547698121,3,1.9409891,-90.95839,0.5919381,
772263568022829,3,1.9390028,-90.960434,0.5931758,
772263587554079,3,1.9357604,-90.964096,0.5888475,
772263605437381,3,1.9474449,-90.969154,0.5872922,
772263627806765,3,1.942169,-90.97035,0.5913247,
772263647612671,3,1.9387149,-90.96347,0.59713715,
772263665495973,3,1.9374948,-90.95533,0.59291387,
772263687804323,3,1.943684,-90.96003,0.58956504,
772263707610232,3,1.9408787,-90.96957,0.5878989,
772263727873904,3,1.9352901,-90.978195,0.59080464,
772263748015504,3,1.9252316,-90.98735,0.59334683,
772263767729860,3,1.9385024,-90.98874,0.5908821,
772263785613161,3,1.950296,-90.98675,0.58863753,
772263808287722,3,1.9331118,-90.98855,0.59669805,
772263827788454,3,1.928343,-90.98874,0.5969861,
772263845671754,3,1.9281147,-90.992485,0.5977728,
772263867949586,3,1.9313905,-91.00347,0.59426355,
772263887786012,3,1.939408,-91.00601,0.58639073,
772263908049685,3,1.9457173,-90.99071,0.58279616,
772263928069217,3,1.9796909,-90.967545,0.57410336,
772263947875124,3,1.9905776,-90.95656,0.57551664,
772263965788941,3,2.002856,-90.94833,0.5723498,
772263988280398,3,2.034186,-90.95429,0.5839755,
772264009642703,3,2.0221958,-90.95574,0.5978137,
772264025847537,3,2.038576,-90.95224,0.59590805,
772264048461062,3,2.064266,-90.95265,0.5922128,
772264067961793,3,2.0762606,-90.953064,0.59311384,
772264088225465,3,2.0822358,-90.94792,0.6010983,
772264108214479,3,2.081549,-90.948746,0.60118717,
772264128050906,3,2.0906808,-90.947075,0.5971075,
772264145995242,3,2.1032112,-90.940025,0.5932246,
772264168242555,3,2.102227,-90.93104,0.59914446,
772264188109498,3,2.0836678,-90.92705,0.6055058,
772264206023317,3,2.106117,-90.923035,0.6013988,
772264228423221,3,2.1041026,-90.923225,0.5973321,
772264248168094,3,2.120863,-90.92599,0.59240246,
772264268370729,3,2.114458,-90.9279,0.5883328,
772264288786989,3,2.1195624,-90.92768,0.58651704,
772264308287722,3,2.1273177,-90.93126,0.5866356,
772264326140505,3,2.1280363,-90.92746,0.5866135,
772264348479374,3,2.1449978,-90.92175,0.593553,
772264368285281,3,2.116768,-90.92112,0.59640926,
772264386199098,3,2.1011732,-90.923225,0.59473866,
772264408507448,3,2.1031966,-90.91063,0.58846855,
772264428313356,3,2.0958486,-90.908066,0.5893955,
772264448546512,3,2.1263494,-90.89481,0.5847198,
772264468657595,3,2.1266375,-90.88735,0.5928415,
772264488402468,3,2.1063833,-90.8935,0.5971944,
772264506316286,3,2.1228876,-90.90093,0.5936871,
772264528990848,3,2.135253,-90.90266,0.5843846,
772264548491579,3,2.1360977,-90.89831,0.57980204,
772264566374879,3,2.11932,-90.889786,0.582408,
772264588652713,3,2.1073012,-90.89547,0.5839729,
772264608489139,3,2.1235945,-90.89372,0.58627963,
772264628722292,3,2.1243663,-90.88714,0.5827713,
772264648711306,3,2.144612,-90.887794,0.58188546,
772264668578250,3,2.1373527,-90.88823,0.5793244,
772264686492068,3,2.128292,-90.89132,0.5824626,
772264708983523,3,2.128554,-90.89547,0.5829531,
772264728667360,3,2.12772,-90.884705,0.5814656,
772264746550661,3,2.1241326,-90.87648,0.5784103,
772264769194706,3,2.1339962,-90.87894,0.58229595,
772264788634402,3,2.127272,-90.892845,0.5886072,
772264808898073,3,2.1096947,-90.90287,0.59577256,
772264828887088,3,2.099032,-90.89569,0.59471065,
772264848754032,3,2.0848038,-90.89001,0.5908018,
772264866667849,3,2.1086059,-90.88427,0.5853904,
772264889006716,3,2.1485987,-90.86998,0.58045256,
772264908812625,3,2.1683233,-90.855255,0.5773605,
772264926726443,3,2.1614637,-90.8573,0.58143544,
772264949126345,3,2.14645,-90.86525,0.58031243,
772264968840700,3,2.1387944,-90.86003,0.5753867,
772264989073855,3,2.1457057,-90.85479,0.5753614,
772265009398563,3,2.14282,-90.85913,0.57705855,
772265028929812,3,2.1337876,-90.864784,0.5836481,
772265046813112,3,2.1096935,-90.863884,0.59389925,
772265069151980,3,2.0847805,-90.85889,0.6021012,
772265088988407,3,2.0731943,-90.869545,0.6093834,
772265106902224,3,2.0789776,-90.87268,0.6083675,
772265129180056,3,2.0750465,-90.87247,0.609539,
772265149016482,3,2.0743177,-90.872,0.61309594,
772265169249637,3,2.065868,-90.85637,0.6125768,
772265189421755,3,2.0754943,-90.85799,0.6168237,
772265209136110,3,2.060074,-90.86435,0.61436754,
772265227019411,3,2.0639198,-90.86864,0.6121251,
772265249755008,3,2.0833158,-90.86842,0.6029265,
772265269164187,3,2.0916746,-90.86774,0.60037726,
772265287078004,3,2.0946677,-90.86752,0.5977577,
772265309355838,3,2.0920413,-90.86842,0.59895796,
772265329192264,3,2.0817316,-90.87804,0.6026954,
772265349425417,3,2.0997915,-90.88361,0.6024651,
772265369414431,3,2.0768688,-90.89022,0.60356134,
772265389281375,3,2.071231,-90.89875,0.6055218,
772265407195193,3,2.065598,-90.90375,0.6063837,
772265429656130,3,2.062761,-90.90591,0.60663885,
772265449339968,3,2.0438385,-90.91386,0.60538685,
772265467253786,3,2.0624812,-90.91323,0.6081782,
772265489867313,3,2.0600693,-90.918144,0.60947394,
772265509368044,3,2.0184758,-90.92599,0.61264133,
772265529601198,3,1.9668305,-90.92746,0.61470675,
772265549620730,3,1.9552156,-90.92131,0.6058194,
772265569457157,3,1.955291,-90.92853,0.5995527,
772265587370974,3,1.9553323,-90.94107,0.5988797,
772265609740359,3,1.9207423,-90.943146,0.60784906,
772265629546267,3,1.8973811,-90.93104,0.61741185,
772265647429568,3,1.9103371,-90.92599,0.61473984,
772265669829470,3,1.9105488,-90.93126,0.616893,
772265689543825,3,1.8873006,-90.93019,0.6222528,
772265709776980,3,1.8659626,-90.92281,0.61876386,
772265730132206,3,1.8686868,-90.91856,0.6156293,
772265749632937,3,1.9022231,-90.92366,0.6147266,
772265767546754,3,1.9113523,-90.92661,0.61358726,
772265789855105,3,1.8922683,-90.926834,0.6194359,
772265809691532,3,1.8797396,-90.92407,0.6120001,
772265827605349,3,1.8986582,-90.92281,0.60475534,
772265849883181,3,1.909901,-90.91301,0.59893364,
772265869719607,3,1.9532292,-90.89678,0.5883226,
772265889952762,3,1.9520066,-90.89328,0.5955762,
772265910094363,3,1.9745204,-90.87872,0.5933999,
772265929808718,3,1.976109,-90.88361,0.59494185,
772265947753054,3,1.9661692,-90.90071,0.597416,
772265970427616,3,1.9779547,-90.896126,0.5819611,
772265989867312,3,1.9842439,-90.88383,0.57104516,
772266007781129,3,1.9905344,-90.8729,0.56791115,
772266030089480,3,2.006573,-90.8711,0.570986,
772266049895389,3,2.0042455,-90.875145,0.5741543,
772266070128542,3,1.9936687,-90.88159,0.5766461,
772266090087038,3,2.009139,-90.88227,0.57078004,
772266109953982,3,2.0261078,-90.87872,0.5637506,
772266127867801,3,2.0328307,-90.88604,0.56562424,
772266150359255,3,2.0208447,-90.86998,0.575652,
772266170043093,3,2.0201356,-90.858665,0.57572824,
772266187926394,3,2.0238845,-90.856834,0.5739062,
772266210661991,3,2.0323198,-90.85889,0.56553483,
772266230040652,3,2.0484152,-90.8582,0.5567846,
772266250273806,3,2.0358937,-90.863884,0.5572491,
772266270293338,3,2.0281155,-90.87019,0.561934,
772266290129764,3,2.0495205,-90.86842,0.561018,
772266308043582,3,2.0629833,-90.86659,0.5595871,
772266330382448,3,2.0647495,-90.86367,0.55765235,
772266350188357,3,2.0484984,-90.86162,0.5612357,
772266368102176,3,2.041268,-90.86752,0.5624068,
772266390502078,3,2.0448956,-90.8747,0.56248695,
772266410216433,3,2.05206,-90.87717,0.55936104,
772266430449588,3,2.0467162,-90.88206,0.5606797,
772266450804813,3,2.0258017,-90.88049,0.5657113,
772266470305544,3,2.0211818,-90.8767,0.5681452,
772266488219362,3,2.022841,-90.87826,0.56553036,
772266510527713,3,2.027863,-90.87916,0.5675183,
772266530364139,3,2.0092504,-90.87558,0.57407033,
772266548338992,3,1.9909089,-90.872215,0.5786284,
772266570555788,3,1.9962786,-90.8711,0.5761274,
772266590392215,3,1.9809657,-90.87826,0.5747333,
772266610625370,3,2.0005326,-90.86774,0.5717565,
772266630766970,3,2.0050209,-90.86003,0.5729691,
772266650481325,3,2.0017514,-90.8573,0.57653123,
772266668395145,3,1.9991835,-90.85042,0.57790613,
772266691069706,3,1.9983629,-90.84834,0.57714736,
772266710539919,3,1.9932106,-90.85318,0.5769544,
772266728423220,3,1.9967307,-90.8573,0.58081245,
772266750762088,3,1.9784343,-90.85982,0.5845285,
772266770567997,3,1.9762111,-90.8582,0.58572996,
772266790801150,3,1.9915462,-90.84741,0.58522207,
772266810790163,3,1.9722295,-90.84326,0.58931017,
772266830657107,3,1.973111,-90.8372,0.5933701,
772266848570927,3,1.9750179,-90.833694,0.59585774,
772266871062380,3,1.9375676,-90.841156,0.6058304,
772266890715700,3,1.9434669,-90.84812,0.6064825,
772266908599002,3,1.9457937,-90.84766,0.6042133,
772266931243046,3,1.9428738,-90.83673,0.6022679,
772266950743777,3,1.925687,-90.83252,0.6024071,
772266970946413,3,1.9386674,-90.843475,0.6089898,
772266990996463,3,1.9278094,-90.84605,0.61567473,
772267010832889,3,1.9135604,-90.85479,0.6174958,
772267028746707,3,1.9094884,-90.86276,0.6188031,
772267051085573,3,1.9062006,-90.86367,0.6183738,
772267070860965,3,1.9037353,-90.86072,0.6208087,
772267088774784,3,1.8914566,-90.86162,0.62774533,
772267111205203,3,1.8916707,-90.8582,0.63742936,
772267130889040,3,1.8874581,-90.85225,0.6341599,
772267151122195,3,1.9003682,-90.86615,0.6295133,
772267171538456,3,1.8935282,-90.88159,0.63181525,
772267190978152,3,1.8896762,-90.88913,0.63228375,
772267208891970,3,1.873952,-90.886696,0.6318246,
772267231230838,3,1.8657678,-90.887794,0.63600135,
772267251067264,3,1.8630451,-90.891754,0.6387049,
772267268950564,3,1.9098592,-90.89438,0.64007723,
772267291228396,3,1.9319954,-90.89678,0.64275336,
772267311064822,3,1.9500101,-90.89569,0.6366108,
772267331297977,3,1.9776762,-90.90071,0.6340238,
772267351439578,3,1.9787605,-90.912575,0.63992286,
772267371153933,3,1.9839993,-90.91473,0.6441348,
772267389067752,3,1.9791677,-90.91323,0.6456384,
772267411742313,3,1.9880401,-90.90156,0.64457065,
772267431212527,3,1.9725702,-90.9005,0.650017,
772267449126345,3,1.9587587,-90.90178,0.6568845,
772267471404178,3,1.961916,-90.90418,0.6557119,
772267491240604,3,1.9624401,-90.90331,0.6526579,
772267511473757,3,1.9733095,-90.9044,0.65481764,
772267531493288,3,1.9500084,-90.89787,0.6607904,
772267551360232,3,1.9363126,-90.9005,0.66642225,
772267569243534,3,1.9375957,-90.89875,0.6685065,
772267591704470,3,1.9440403,-90.89722,0.66924465,
772267611418825,3,1.936005,-90.905685,0.6716515,
772267629302127,3,1.922334,-90.91194,0.6734715,
772267651915652,3,1.92507,-90.91386,0.67240864,
772267671416383,3,1.9264805,-90.91323,0.6703203,
772267691649538,3,1.9198693,-90.912575,0.6714853,
772267711638553,3,1.913186,-90.90503,0.67303276,
772267731505496,3,1.945806,-90.884705,0.6686365,
772267749419313,3,1.9558556,-90.8738,0.6651661,
772267771758181,3,1.9439785,-90.879814,0.6682318,
772267791564090,3,1.9545611,-90.87536,0.65539724,
772267809477908,3,1.9602976,-90.87804,0.65482825,
772267831908327,3,1.9631121,-90.86886,0.6528895,
772267851592165,3,1.9612803,-90.87247,0.6590831,
772267871825320,3,1.9733043,-90.86706,0.65792567,
772267892150027,3,1.9479328,-90.86118,0.6611742,
772267911681276,3,1.9441504,-90.85637,0.6605656,
772267929595095,3,1.9654173,-90.85042,0.65617186,
772267951842410,3,1.9571625,-90.858665,0.6572904,
772267971739871,3,1.9588425,-90.86976,0.661286,
772267989653688,3,1.9529853,-90.86864,0.66414046,
772268011962038,3,1.93765,-90.864784,0.67332137,
772268031767947,3,1.9306849,-90.85339,0.6664095,
772268052001101,3,1.9635253,-90.84995,0.659282,
772268072142702,3,1.972244,-90.85203,0.6584974,
772268091857058,3,1.9577103,-90.859566,0.6615717,
772268109770877,3,1.9389079,-90.86298,0.6651868,
772268132475955,3,1.9366716,-90.86547,0.66794294,
772268151915651,3,1.9374549,-90.86003,0.66542566,
772268169829470,3,1.9471666,-90.85889,0.66732246,
772268192107303,3,1.941353,-90.865036,0.67073315,
772268211943728,3,1.945856,-90.86817,0.67073864,
772268232207399,3,1.9259439,-90.871346,0.6794246,
772268252196413,3,1.901152,-90.87648,0.6856786,
772268272063357,3,1.9054469,-90.87959,0.68253654,
772268289977176,3,1.9193746,-90.87738,0.6829789,
772268312438112,3,1.926105,-90.87424,0.68148637,
772268332121950,3,1.9117776,-90.87626,0.6853144,
772268350005252,3,1.9218129,-90.8776,0.6815037,
772268372649295,3,1.928127,-90.88028,0.67854214,
772268392119508,3,1.9185144,-90.880714,0.67706877,
772268412322146,3,1.913831,-90.88427,0.6771472,
772268432341678,3,1.9085897,-90.88714,0.6805968,
772268452208621,3,1.8951914,-90.889786,0.6874964,
772268470122438,3,1.8911227,-90.89525,0.69065833,
772268492430788,3,1.8972684,-90.896126,0.68395376,
772268512267215,3,1.9103975,-90.89459,0.6778226,
772268530181033,3,1.9278042,-90.88692,0.67509097,
772268552580934,3,1.9281471,-90.886696,0.68273395,
772268572264773,3,1.9113973,-90.89088,0.68648297,
772268592497928,3,1.9233344,-90.88271,0.6751625,
772268612853152,3,1.9003179,-90.88427,0.67609197,
772268632384401,3,1.9073607,-90.88206,0.6731613,
772268650298220,3,1.9501889,-90.86998,0.6668989,
772268672637088,3,1.9710761,-90.85339,0.66705763,
772268692473513,3,1.9471346,-90.85156,0.6690118,
772268710387331,3,1.9560409,-90.85339,0.66963255,
772268732634646,3,1.9519264,-90.86727,0.6690878,
772268752501590,3,1.9583348,-90.872215,0.6624819,
772268772734744,3,1.958698,-90.87157,0.6573912,
772268792845827,3,1.9781014,-90.865036,0.6582045,
772268812590700,3,1.9584005,-90.85479,0.66450775,
772268830504520,3,1.93478,-90.85637,0.6724635,
772268853148562,3,1.9391836,-90.86345,0.66512144,
772268872649293,3,1.9767913,-90.864105,0.65371585,
772268890563111,3,1.9718244,-90.86276,0.6505592,
772268912810426,3,1.9529983,-90.86162,0.6568651,
772268932677370,3,1.9629345,-90.8582,0.6637336,
772268952910525,3,1.9557935,-90.85799,0.6714292,
772268972930057,3,1.9552535,-90.85364,0.6731301,
772268992766481,3,1.9430921,-90.8541,0.6686072,
772269010680299,3,1.9451444,-90.85662,0.6645876,
772269033141237,3,1.9561304,-90.858665,0.6558725,
772269052825075,3,1.9658393,-90.862305,0.6555184,
772269070738895,3,1.9556979,-90.8605,0.66290045,
772269093413455,3,1.9295995,-90.87066,0.67092615,
772269112853151,3,1.9290209,-90.87894,0.6695541,
772269133086304,3,1.9285265,-90.880714,0.6708987,
772269153105836,3,1.9272105,-90.88028,0.6680628,
772269172942262,3,1.9441535,-90.8776,0.6663509,
772269190856082,3,1.9401362,-90.876045,0.66720814,
772269213164432,3,1.9395943,-90.87536,0.67153895,
772269233000856,3,1.9391385,-90.87157,0.66831356,
772269250884156,3,1.9459893,-90.86684,0.6683601,
772269273284059,3,1.9462342,-90.86003,0.6674159,
772269292998415,3,1.886669,-90.86276,0.67160267,
772269313262088,3,1.8400545,-90.86796,0.6721399,
772269333617312,3,1.8433174,-90.86594,0.667495,
772269353118043,3,1.8381709,-90.86547,0.6659143,
772269371031861,3,1.8158638,-90.86864,0.6723634,
772269393370728,3,1.7844018,-90.87894,0.683207,
772269413176637,3,1.7796531,-90.88735,0.6842977,
772269431090457,3,1.7743247,-90.88405,0.67976415,
772269453337772,3,1.7603053,-90.88315,0.6754244,
772269473204714,3,1.7875363,-90.87782,0.6708942,
772269493437867,3,1.7790067,-90.884926,0.679067,
772269513579469,3,1.7763858,-90.88558,0.68308467,
772269533293825,3,1.7752522,-90.88845,0.68672967,
772269551146609,3,1.7592218,-90.8911,0.6829556,
772269573851687,3,1.7631961,-90.88115,0.6776925,
772269593321901,3,1.7622637,-90.876915,0.680167,
772269611205201,3,1.7866367,-90.86774,0.67598957,
772269633483034,3,1.7764177,-90.870445,0.6792275,
772269653349978,3,1.7616941,-90.87826,0.6862894,
772269673583132,3,1.767694,-90.88206,0.6837111,
772269693572145,3,1.800871,-90.87066,0.66875076,
772269713439088,3,1.79238,-90.87558,0.66697323,
772269731322389,3,1.8021574,-90.88427,0.6676125,
772269753752810,3,1.8112372,-90.88648,0.6687648,
772269773497684,3,1.859967,-90.87738,0.6660621,
772269791380983,3,1.8990475,-90.86817,0.66356176,
772269813963990,3,1.916289,-90.87558,0.66601545,
772269833495241,3,1.9183619,-90.8776,0.666722,
772269853728396,3,1.9148735,-90.88137,0.66700715,
772269873686892,3,1.9419073,-90.872215,0.66448313,
772269893584353,3,1.9469095,-90.86569,0.66527957,
772269911498170,3,1.9545841,-90.86594,0.6702212,
772269933837037,3,1.9665575,-90.8582,0.6630378,
772269953612429,3,1.976302,-90.85935,0.66176116,
772269971556765,3,1.9620783,-90.86345,0.6606198,
772269993956667,3,1.9590942,-90.86547,0.6524234,
772270013671022,3,1.985014,-90.864784,0.6482159,
772270033873658,3,1.9877172,-90.86525,0.6521069,
772270054320436,3,1.9582814,-90.86094,0.663649,
772270073790652,3,1.95253,-90.85569,0.6630772,
772270096526248,3,1.9590703,-90.85913,0.6661876,
772270114012819,3,1.9485269,-90.8605,0.6647104,
772270133818726,3,1.9519993,-90.86072,0.6623928,
772270151702028,3,1.9529842,-90.856155,0.6578699,
772270174010378,3,1.9642348,-90.85364,0.6595386,
772270193846805,3,1.9617264,-90.854546,0.66570306,
772270214049441,3,1.9540254,-90.85318,0.66709846,
772270234191041,3,1.9553876,-90.856834,0.6652438,
772270253935914,3,1.9526314,-90.865036,0.6653668,
772270271819216,3,1.9498048,-90.86072,0.66024333,
772270294524295,3,1.958719,-90.86184,0.65249044,
772270313994509,3,1.9659616,-90.86003,0.65485585,
772270331908326,3,1.9610887,-90.855255,0.66150737,
772270354186158,3,1.9495405,-90.857765,0.672028,
772270374022585,3,1.9419456,-90.863205,0.6778227,
772270394255740,3,1.9289368,-90.87247,0.68220145,
772270414275272,3,1.9236133,-90.87648,0.6782939,
772270434111696,3,1.9476615,-90.86908,0.67085946,
772270452025513,3,1.9556693,-90.86208,0.6644066,
772270474486452,3,1.9620559,-90.855,0.6691304,
772270494170290,3,1.9372103,-90.85156,0.67771286,
772270512084109,3,1.9420222,-90.84698,0.6757096,
772270534667117,3,1.9646305,-90.85135,0.67371535,
772270554198366,3,1.9518008,-90.85547,0.6712651,
772270574401002,3,1.9459875,-90.86003,0.6675852,
772270594420534,3,1.9512967,-90.85935,0.6666865,
772270614287478,3,1.9609038,-90.85088,0.6649372,
772270632170779,3,1.9688917,-90.84558,0.66456294,
772270654540162,3,1.9668721,-90.849266,0.66702634,
772270674346070,3,1.9658202,-90.85181,0.669086,
772270692259889,3,1.964685,-90.859566,0.66798836,
772270714690310,3,1.9589149,-90.86637,0.667051,
772270734374149,3,1.9398433,-90.86817,0.67330045,
772270754607302,3,1.934687,-90.86774,0.67751795,
772270774962525,3,1.9465331,-90.85982,0.6727091,
772270794463258,3,1.9530042,-90.86184,0.6695399,
772270812346560,3,1.9536344,-90.86752,0.66870236,
772270834685428,3,1.9483978,-90.87782,0.6691926,
772270854521853,3,1.9568214,-90.88271,0.6658608,
772270872435670,3,1.9676241,-90.88315,0.66094816,
772270894682985,3,1.9436849,-90.88913,0.67255586,
772270914519411,3,1.9248397,-90.89219,0.67601126,
772270934752566,3,1.9314137,-90.89132,0.6761696,
772270954894167,3,1.9427338,-90.887794,0.67515314,
772270974608522,3,1.9312936,-90.88801,0.6711683,
772270992522340,3,1.9176773,-90.89088,0.67012125,
772271015257936,3,1.9292241,-90.89307,0.66974235,
772271034667117,3,1.914799,-90.89066,0.6770276,
772271052611453,3,1.8988113,-90.88935,0.6871519,
772271074889284,3,1.8749578,-90.900276,0.7000942,
772271094695191,3,1.8960369,-90.89984,0.6984496,
772271114928346,3,1.8742462,-90.89722,0.69564235,
772271134947878,3,1.8519589,-90.896996,0.69675434,
772271154784305,3,1.8597069,-90.89416,0.69791245,
772271172698123,3,1.872029,-90.889565,0.69459456,
772271195128541,3,1.8917847,-90.891975,0.6939725,
772271214873414,3,1.8623335,-90.891754,0.70004946,
772271232756716,3,1.8567306,-90.89307,0.70264363,
772271255400759,3,1.8439163,-90.89656,0.70620763,
772271274870974,3,1.8459808,-90.900055,0.7052245,
772271295104127,3,1.8427733,-90.89787,0.70396394,
772271315093141,3,1.860983,-90.88206,0.7018749,
772271334960085,3,1.8641084,-90.87334,0.7030107,
772271352873904,3,1.8534704,-90.87088,0.7038493,
772271375212772,3,1.8597876,-90.87959,0.70536184,
772271395049196,3,1.8515751,-90.88427,0.7059596,
772271412932496,3,1.8357117,-90.89022,0.7146227,
772271435332399,3,1.8357401,-90.88383,0.71545964,
772271455046755,3,1.8470027,-90.87738,0.713484,
772271475279910,3,1.8570427,-90.87268,0.70825815,
772271495604617,3,1.8572049,-90.87558,0.7066443,
772271515135866,3,1.869833,-90.86637,0.7020253,
772271533049684,3,1.8630089,-90.86615,0.7082275,
772271555388552,3,1.8422263,-90.87157,0.7184904,
772271575224978,3,1.8322668,-90.880936,0.72192514,
772271593108279,3,1.8556126,-90.875824,0.7181982,
772271615355592,3,1.8691539,-90.86072,0.7156977,
772271635222535,3,1.8535101,-90.85364,0.7151842,
772271655486208,3,1.8621695,-90.85662,0.7102036,
772271675597292,3,1.8685818,-90.862305,0.7106519,
772271695342166,3,1.851292,-90.864784,0.7201824,
772271713255983,3,1.8314406,-90.86118,0.72343403,
772271735900025,3,1.8235503,-90.859566,0.7201881,
772271755370241,3,1.8424112,-90.86932,0.718328,
772271773284060,3,1.8409121,-90.87558,0.7183553,
772271795531375,3,1.8435893,-90.8711,0.7205794,
772271815398318,3,1.8273108,-90.862305,0.72654974,
772271835631471,3,1.8199556,-90.86752,0.7365262,
772271855651002,3,1.7986224,-90.88405,0.74478287,
772271875487429,3,1.792431,-90.898094,0.74487394,
772271893370730,3,1.7978094,-90.892624,0.73642766,
772271915862185,3,1.7920717,-90.887794,0.7326002,
772271935546022,3,1.7858446,-90.88913,0.73743266,
772271953459840,3,1.7845703,-90.89088,0.744608,
772271976134401,3,1.8002801,-90.89744,0.7460674,
772271995574099,3,1.8091545,-90.89481,0.7422168,
772272015776736,3,1.7946581,-90.89066,0.7377456,
772272035796266,3,1.7952986,-90.88514,0.7342402,
772272055632691,3,1.7882159,-90.88604,0.7370786,
772272073546510,3,1.7918799,-90.891754,0.7415328,
772272095915896,3,1.7845138,-90.9044,0.7566983,
772272115721805,3,1.7611737,-90.91301,0.7570995,
772272133635623,3,1.7773377,-90.91107,0.744453,
772272156035524,3,1.8053919,-90.9044,0.7342194,
772272175749879,3,1.8088002,-90.896996,0.7365183,
772272195983034,3,1.809731,-90.8911,0.735337,
772272216338259,3,1.8186066,-90.89569,0.7396903,
772272235838992,3,1.8068463,-90.90547,0.74267745,
772272253722291,3,1.7988447,-90.90741,0.7443085,
772272276061158,3,1.7958038,-90.90719,0.74079174,
772272295897585,3,1.7926565,-90.91044,0.7373627,
772272313811404,3,1.793194,-90.914925,0.7378709,
772272336089236,3,1.7825996,-90.91536,0.7428874,
772272355925661,3,1.7880547,-90.908066,0.74162674,
772272376128296,3,1.8079003,-90.900276,0.7398948,
772272396269899,3,1.8091658,-90.902435,0.7401692,
772272415984255,3,1.7842234,-90.905685,0.7456299,
772272433898074,3,1.7761081,-90.90678,0.74449396,
772272456603152,3,1.7950685,-90.90525,0.7420613,
772272476073366,3,1.8076441,-90.90071,0.7388317,
772272494017701,3,1.797274,-90.908066,0.7408431,
772272516295534,3,1.7877897,-90.91323,0.74706054,
772272536131961,3,1.7726326,-90.91194,0.7490838,
772272556365115,3,1.7674862,-90.91044,0.7509136,
772272576354127,3,1.7707411,-90.904816,0.7470379,
772272596221070,3,1.7704988,-90.910225,0.74380517,
772272614134889,3,1.7845651,-90.91386,0.74155587,
772272636565310,3,1.7828493,-90.92131,0.7471261,
772272656249149,3,1.7496097,-90.930824,0.7568399,
772272674162966,3,1.7643187,-90.917076,0.74745303,
772272696776490,3,1.7841176,-90.90397,0.7407386,
772272716277223,3,1.7677659,-90.90397,0.7456717,
772272736510378,3,1.7675455,-90.90656,0.74477446,
772272756529910,3,1.7825031,-90.90741,0.7413287,
772272776396853,3,1.7803233,-90.90525,0.7463553,
772272794280153,3,1.7712429,-90.90071,0.7512816,
772272816619020,3,1.7709622,-90.89656,0.7434855,
772272836455446,3,1.788241,-90.89219,0.7353126,
772272854369265,3,1.7834992,-90.891975,0.7389791,
772272876769167,3,1.7727859,-90.892624,0.7425098,
772272896483522,3,1.799045,-90.889565,0.7388592,
772272916716676,3,1.7990091,-90.89153,0.73761505,
772272937132936,3,1.7964367,-90.88757,0.73489493,
772272956511599,3,1.8019913,-90.88249,0.73448807,
772272974425418,3,1.7821987,-90.884926,0.7429835,
772272996794802,3,1.7743399,-90.89438,0.7486591,
772273016570191,3,1.752671,-90.907845,0.753115,
772273034484010,3,1.785729,-90.893936,0.736911,
772273056761843,3,1.7573147,-90.8776,0.7255468,
772273076598269,3,1.7504928,-90.8582,0.71470994,
772273096831423,3,1.8640022,-90.840935,0.7108133,
772273119567018,3,1.8877807,-90.83086,0.7171882,
772273136687379,3,1.8643085,-90.843475,0.7242337,
772273154601198,3,1.8355566,-90.85889,0.7268842,
772273177306277,3,1.8310196,-90.865036,0.723757,
772273196776492,3,1.8165969,-90.863205,0.71488065,
772273214659791,3,1.8325474,-90.85982,0.7136409,
772273236937623,3,1.856325,-90.8511,0.7198047,
772273256774049,3,1.8489182,-90.845116,0.7246226,
772273277007204,3,1.8837937,-90.829216,0.71919715,
772273297026736,3,1.8681918,-90.827576,0.7198319,
772273316863161,3,1.838442,-90.836975,0.7224056,
772273334776978,3,1.8347088,-90.84162,0.720985,
772273357207399,3,1.8623428,-90.83017,0.7174672,
772273376921755,3,1.8567208,-90.82187,0.7164139,
772273394835574,3,1.8551285,-90.82116,0.7172871,
772273417449099,3,1.8667674,-90.8202,0.71166694,
772273436949830,3,1.8785287,-90.818535,0.7028011,
772273457182985,3,1.8821052,-90.82353,0.7006819,
772273477171999,3,1.872404,-90.83039,0.7062832,
772273497038943,3,1.8769083,-90.832985,0.70459574,
772273514922244,3,1.890561,-90.831566,0.6998748,
772273537261109,3,1.9088078,-90.8252,0.68973637,
772273557097535,3,1.9013197,-90.82545,0.6939967,
772273574980837,3,1.8914455,-90.82875,0.6988428,
772273597411257,3,1.8946798,-90.83651,0.6993921,
772273617125613,3,1.8999596,-90.84233,0.7004413,
772273637358766,3,1.893857,-90.84233,0.6982384,
772273657683472,3,1.8836778,-90.840225,0.698301,
772273677214723,3,1.8968987,-90.832985,0.6951217,
772273695098025,3,1.9031255,-90.82968,0.7000414,
772273717467410,3,1.882192,-90.83252,0.7103679,
772273737242800,3,1.8709235,-90.83274,0.7116486,
772273755187135,3,1.877692,-90.82638,0.6983803,
772273777495485,3,1.9029112,-90.819954,0.68400526,
772273797331911,3,1.9060754,-90.82353,0.68444765,
772273817565066,3,1.8954288,-90.832985,0.6974107,
772273837615115,3,1.8843536,-90.840225,0.7092924,
772273857421022,3,1.9056526,-90.82733,0.70088243,
772273875304322,3,1.8931645,-90.82378,0.7014492,
772273898039919,3,1.8608379,-90.827576,0.702333,
772273917449099,3,1.8701977,-90.83673,0.7035173,
772273935362918,3,1.8752283,-90.83976,0.70030195,
772273957640749,3,1.866625,-90.840225,0.7055404,
772273977507691,3,1.8329513,-90.83766,0.71667653,
772273997710329,3,1.8176956,-90.833916,0.72673136,
772274017729860,3,1.8393517,-90.826866,0.724464,
772274037566287,3,1.8680282,-90.82236,0.7205986,
772274055480105,3,1.8641837,-90.82211,0.7230482,
772274077941041,3,1.8431902,-90.819,0.72115606,
772274097655397,3,1.8264526,-90.82545,0.7224326,
772274115538698,3,1.819206,-90.834404,0.7256284,
772274138152224,3,1.8333641,-90.833916,0.72062296,
772274157683474,3,1.838799,-90.83416,0.719139,
772274177916627,3,1.844794,-90.832985,0.7206915,
772274197905641,3,1.8329262,-90.82851,0.7238928,
772274217742067,3,1.8245399,-90.8311,0.72965735,
772274235655886,3,1.8116889,-90.843475,0.7326408,
772274257994754,3,1.808909,-90.856834,0.73490614,
772274277800661,3,1.8062807,-90.85225,0.736302,
772274295744996,3,1.8173695,-90.843475,0.73619163,
772274318144899,3,1.8248034,-90.8414,0.7419991,
772274337859255,3,1.7801907,-90.84834,0.7492209,
772274358031375,3,1.7950836,-90.84719,0.7443722,
772274378386599,3,1.8032839,-90.8458,0.7376355,
772274397917848,3,1.7964628,-90.84766,0.73871934,
772274415801149,3,1.7920816,-90.84698,0.7330263,
772274438140016,3,1.8188999,-90.8511,0.7343767,
772274457945925,3,1.8155833,-90.85339,0.73665106,
772274475859744,3,1.7861166,-90.85752,0.74189514,
772274498137574,3,1.7914258,-90.85845,0.7507618,
772274517974000,3,1.7721249,-90.8541,0.7486351,
772274538207155,3,1.785753,-90.84881,0.7423117,
772274558379276,3,1.7882938,-90.85203,0.7442498,
772274578063113,3,1.7772104,-90.85913,0.7516954,
772274596007448,3,1.7872332,-90.85296,0.7486939,
772274618682009,3,1.8039273,-90.85203,0.7466359,
772274638152224,3,1.8037808,-90.84209,0.7425815,
772274656035526,3,1.7940335,-90.8428,0.74664724,
772274678313356,3,1.7687316,-90.85088,0.75254446,
772274698180299,3,1.7780359,-90.84995,0.75252116,
772274718413455,3,1.7709612,-90.854546,0.75680244,
772274738555057,3,1.7601407,-90.8605,0.7541672,
772274758421999,3,1.7762842,-90.85935,0.74722075,
772274776244264,3,1.7706587,-90.86094,0.7512363,
772274798705204,3,1.740385,-90.86752,0.7695727,
772274818480594,3,1.7062833,-90.87268,0.7805071,
772274836302858,3,1.7146496,-90.86817,0.7803024,
772274859007937,3,1.6655992,-90.888885,0.79725266,
772274878478153,3,1.7066693,-90.87402,0.7868444,
772274898619754,3,1.8182418,-90.802605,0.73470384,
772274918639284,3,1.9478983,-90.73007,0.6819025,
772274938506228,3,2.1049087,-90.6468,0.6170299,
772274956389529,3,2.182348,-90.6036,0.5856068,
772274978758914,3,2.1301448,-90.59415,0.57951754,
772274998534304,3,2.140616,-90.62338,0.60306954,
772275016448122,3,2.130233,-90.66294,0.639463,
772275038939579,3,2.1227248,-90.66707,0.6451288,
772275058592899,3,2.0988445,-90.63827,0.62135595,
772275078795534,3,2.1095407,-90.615486,0.60081905,
772275099181277,3,2.1395438,-90.60814,0.5926302,
772275118651493,3,2.1606638,-90.61516,0.5992471,
772275136565311,3,2.1611192,-90.6215,0.6054074,
772275158873659,3,2.1625674,-90.62497,0.60799295,
772275178679568,3,2.1361275,-90.62464,0.60646987,
772275196593386,3,2.1220953,-90.630264,0.61308837,
772275218871219,3,2.0751123,-90.64163,0.63046116,
772275238707643,3,2.0722373,-90.6389,0.63204455,
772275258940798,3,2.0767987,-90.64103,0.6351083,
772275279082401,3,2.090049,-90.64286,0.63453054,
772275298857791,3,2.0792227,-90.64193,0.630578,
772275316741091,3,2.0584202,-90.6468,0.63265884,
772275339415652,3,2.062108,-90.6459,0.62828916,
772275358916385,3,2.0761807,-90.651634,0.6306116,
772275376830203,3,2.0615516,-90.65879,0.6362905,
772275399016481,3,2.0523276,-90.66147,0.6421129,
772275420043093,3,2.0266244,-90.65909,0.64310557,
772275439269168,3,1.9610004,-90.671135,0.6553016,
772275459014041,3,1.9356048,-90.679855,0.66141844,
772275478942018,3,1.9345329,-90.67231,0.6546497,
772275496825319,3,1.9042256,-90.67436,0.65730566,
772275519316776,3,1.8885943,-90.67726,0.66150695,
772275539000613,3,1.8515409,-90.68556,0.66921306,
772275556914431,3,1.8624387,-90.68529,0.6671322,
772275579527957,3,1.8644538,-90.68786,0.6687463,
772275599059207,3,1.8475248,-90.69182,0.67153966,
772275619261844,3,1.8244605,-90.69745,0.67855364,
772275639250856,3,1.8089236,-90.69942,0.67944396,
772275659117800,3,1.8015399,-90.70526,0.6855989,
772275677031619,3,1.7975991,-90.708046,0.6899103,
772275699339969,3,1.7836531,-90.70777,0.68831784,
772275719145876,3,1.7998035,-90.708046,0.69055235,
772275737090212,3,1.7843121,-90.71217,0.6936826,
772275759490116,3,1.7862775,-90.71409,0.6980815,
772275779173953,3,1.7618247,-90.71272,0.6971483,
772275799407106,3,1.7640122,-90.715996,0.6994152,
772275819823367,3,1.773433,-90.71518,0.696552,
772275839263065,3,1.7757217,-90.71627,0.69831115,
772275857176883,3,1.7797002,-90.71409,0.69859797,
772275879515749,3,1.8070695,-90.70747,0.69519097,
772275899352175,3,1.8039315,-90.70638,0.6947287,
772275917235476,3,1.7963405,-90.70499,0.6927447,
772275939513309,3,1.7724177,-90.71299,0.6997294,
772275959380251,3,1.7607337,-90.71108,0.69586754,
772275979582888,3,1.7903897,-90.704445,0.6880584,
772275999724491,3,1.8056585,-90.703865,0.6860016,
772276019469363,3,1.7982597,-90.704445,0.6862537,
772276037352663,3,1.7879585,-90.70777,0.6907315,
772276060057742,3,1.784602,-90.71436,0.6976535,
772276079497440,3,1.7635735,-90.72496,0.70627254,
772276097411258,3,1.7523828,-90.72955,0.70662606,
772276119689089,3,1.7588103,-90.726845,0.70147693,
772276139525515,3,1.7584499,-90.72444,0.6987971,
772276159758670,3,1.7679825,-90.719826,0.69579446,
772276179778201,3,1.7896664,-90.717636,0.69440347,
772276199614626,3,1.7830333,-90.72092,0.6969358,
772276217497927,3,1.7801449,-90.71846,0.6924875,
772276239989383,3,1.7934501,-90.71791,0.6898825,
772276259673221,3,1.7858838,-90.72253,0.69231254,
772276277587038,3,1.7591213,-90.73275,0.70561385,
772276300200564,3,1.7373055,-90.7325,0.7103684,
772276319670780,3,1.728443,-90.73542,0.7135241,
772276339934451,3,1.7252095,-90.73728,0.7128998,
772276360411745,3,1.7420338,-90.73728,0.710602,
772276379790408,3,1.7327231,-90.73887,0.71330374,
772276397704226,3,1.7267171,-90.740204,0.7146449,
772276420043094,3,1.7390244,-90.74072,0.71269965,
772276439849001,3,1.7545195,-90.741,0.7107202,
772276457732302,3,1.7542934,-90.739136,0.70940197,
772276480162723,3,1.7396121,-90.74072,0.7107177,
772276499877078,3,1.7404331,-90.73941,0.7072973,
772276520079714,3,1.7478943,-90.74045,0.7082716,
772276540465457,3,1.7455343,-90.7431,0.71197546,
772276559966190,3,1.7258164,-90.74755,0.7145934,
772276577880008,3,1.7456741,-90.74545,0.7093583,
772276600218874,3,1.7500701,-90.74886,0.7111679,
772276620024783,3,1.7381872,-90.748344,0.7137921,
772276637938601,3,1.7461641,-90.74807,0.7126129,
772276660216434,3,1.7419016,-90.75173,0.71359104,
772276680052858,3,1.7449079,-90.75641,0.7138039,
772276700255496,3,1.7475924,-90.753044,0.7122937,
772276720397098,3,1.7442104,-90.75042,0.7122395,
772276740172488,3,1.7406489,-90.74886,0.71470153,
772276758025271,3,1.7217033,-90.75873,0.7233573,
772276780791384,3,1.7095706,-90.77252,0.7304155,
772276800170047,3,1.7220687,-90.76695,0.71925074,
772276818083866,3,1.7509371,-90.750694,0.7071735,
772276840392214,3,1.767414,-90.734085,0.7012305,
772276860198123,3,1.7797433,-90.73222,0.7040801,
772276880431278,3,1.7844604,-90.73357,0.7024155,
772276900450809,3,1.7817996,-90.742035,0.7018195,
772276920317751,3,1.7776432,-90.7378,0.693007,
772276938201052,3,1.7725599,-90.7378,0.69031984,
772276960661991,3,1.7895751,-90.73061,0.68777907,
772276980345828,3,1.810833,-90.72766,0.68610555,
772276998259646,3,1.797486,-90.73302,0.69434893,
772277020903689,3,1.7863177,-90.73275,0.6922141,
772277040373905,3,1.7946877,-90.73141,0.69207317,
772277060607059,3,1.8046113,-90.72982,0.69082534,
772277080626589,3,1.7909981,-90.73887,0.69588995,
772277100493533,3,1.7765058,-90.740204,0.699819,
772277118376835,3,1.7678401,-90.739136,0.7025505,
772277140654666,3,1.7669531,-90.738075,0.70146257,
772277160521608,3,1.7725674,-90.740204,0.70242965,
772277178435428,3,1.7776812,-90.740204,0.702161,
772277200835330,3,1.7698401,-90.744934,0.70467246,
772277220580203,3,1.7586724,-90.741,0.70411164,
772277240813356,3,1.7461805,-90.74572,0.7081027,
772277261138064,3,1.7432396,-90.74755,0.7112031,
772277280669315,3,1.7608286,-90.74468,0.7075632,
772277298613651,3,1.7666616,-90.7452,0.7058712,
772277320921999,3,1.7424843,-90.7439,0.70787007,
772277340758425,3,1.733472,-90.74625,0.71199244,
772277358672245,3,1.7292899,-90.750694,0.7179828,
772277380950076,3,1.7204435,-90.750175,0.718927,
772277400786501,3,1.6978568,-90.767715,0.73695445,
772277421019656,3,1.6577146,-90.78009,0.7481772,
772277441130741,3,1.6519344,-90.78411,0.7549878,
772277460875613,3,1.6448258,-90.78209,0.7518128,
772277478758913,3,1.6538324,-90.77908,0.7471526,
772277501463992,3,1.6667479,-90.77758,0.74233276,
772277520934207,3,1.6669819,-90.78883,0.7507808,
772277538817508,3,1.6453192,-90.79329,0.75654125,
772277561095339,3,1.6249403,-90.80015,0.761829,
772277580962283,3,1.6230308,-90.79894,0.76003206,
772277601195438,3,1.6169349,-90.80015,0.7626047,
772277621184451,3,1.6174468,-90.799904,0.76592803,
772277641051393,3,1.6131964,-90.799164,0.7667815,
772277658934695,3,1.6387247,-90.79673,0.76354694,
772277681426151,3,1.6391565,-90.799904,0.76489705,
772277701079471,3,1.6262327,-90.799164,0.76166874,
772277718993288,3,1.6235411,-90.7955,0.75809884,
772277741667849,3,1.6286974,-90.80381,0.76311886,
772277761107547,3,1.6286974,-90.80381,0.76311886,
772277781340701,3,1.6041259,-90.81301,0.7738774,
772277801390749,3,1.5839853,-90.82091,0.78260165,
772277821227175,3,1.584184,-90.81567,0.7760073,
772277839110477,3,1.5975038,-90.809166,0.7699207,
772277861479860,3,1.6138644,-90.80381,0.76678586,
772277881255251,3,1.6297497,-90.799904,0.7679751,
772277899169070,3,1.619846,-90.80285,0.77287215,
772277921630008,3,1.6114608,-90.804054,0.77780426,
772277941283327,3,1.5847349,-90.809166,0.7792516,
772277961546999,3,1.5998027,-90.80039,0.7670342,
772277981902224,3,1.6023122,-90.80138,0.7630265,
772278001372440,3,1.6038965,-90.80575,0.7686352,
772278019255740,3,1.5774696,-90.81061,0.7824655,
772278041594606,3,1.5424551,-90.814926,0.79771477,
772278061400515,3,1.5088844,-90.82616,0.8139269,
772278079283817,3,1.507325,-90.820694,0.81051224,
772278101622683,3,1.5017488,-90.82211,0.81296253,
772278121428591,3,1.5021496,-90.82474,0.8152749,
772278141661746,3,1.5176699,-90.817085,0.80969435,
772278161803348,3,1.5133779,-90.81662,0.81200016,
772278181517702,3,1.505855,-90.82162,0.81837803,
772278199462038,3,1.5156468,-90.81829,0.8160408,
772278222167117,3,1.53094,-90.79056,0.79078114,
772278241606815,3,1.5517884,-89.2295,0.7706096,
772278259520632,3,1.5775775,-89.22343,0.77541775,
772278281859499,3,1.534195,-89.187706,0.80949676,
772278301604373,3,1.6508588,-89.19912,0.7987756,
772278321868045,3,1.705576,-89.23715,0.7628616,
772278341857058,3,1.6557585,-90.723076,0.7233171,
772278361724001,3,1.7237945,-90.66911,0.66920364,
772278379607303,3,1.8194132,-89.36173,0.6382346,
772278402068241,3,1.882597,-89.36665,0.63331103,
772278421752077,3,1.963863,-89.37006,0.63015985,
772278439635378,3,1.9968703,-89.37318,0.626573,
772278462279422,3,2.0345414,-89.394135,0.6037538,
772278481749637,3,2.0540547,-89.40259,0.594727,
772278502013308,3,2.0636175,-89.41283,0.58630157,
772278522002321,3,2.0836403,-89.432144,0.5679278,
772278541869265,3,2.1394677,-90.54751,0.54760045,
772278559752567,3,2.1566582,-90.530464,0.5300855,
772278582121950,3,2.2126675,-90.493774,0.494003,
772278601897341,3,2.325515,-89.53817,0.45946017,
772278619811160,3,2.4331923,-89.57067,0.419098,
772278642241580,3,2.516131,-89.61185,0.36370742,
772278661925417,3,2.612923,-89.66428,0.3267741,
772278682158571,3,2.6203883,-89.70195,0.29850024,
772278702605349,3,2.7491956,-90.2698,0.2333273,
772278722045047,3,2.7491956,-90.2698,0.2333273,
772278739928347,3,2.719175,-90.25024,0.23188385,
772278762297731,3,2.6995273,-90.274826,0.27325484,
772278782103640,3,2.6418521,-90.31029,0.3106238,
772278799986942,3,2.5960162,-89.679794,0.3202288,
772278822295290,3,2.574494,-89.70859,0.29197574,
772278842101198,3,2.576634,-90.26761,0.26331604,
772278862364871,3,2.6505246,-90.25794,0.24361455,
772278882506473,3,2.6786828,-90.266136,0.23711964,
772278902220827,3,2.680496,-90.28668,0.2589479,
