772243987731082,3,0.70473903,-0.01735675,-0.0120243905,
772244009490114,3,0.70488745,-0.01742273,-0.011891679,
772244028746707,3,0.7051439,-0.01751911,-0.011695839,
772244047911746,3,0.7054381,-0.017827699,-0.011870985,
772244069548709,3,0.70575213,-0.01802264,-0.012036776,
772244089781862,3,0.7060396,-0.018166753,-0.012134182,
772244108244996,3,0.7062085,-0.018255124,-0.012227156,
772244129637820,3,0.70626986,-0.018311767,-0.012308538,
772244147521120,3,0.7064232,-0.01835931,-0.0123442,
772244167967898,3,0.70648736,-0.018358093,-0.012440995,
772244189726931,3,0.7065422,-0.018365396,-0.012491199,
772244208922487,3,0.7066859,-0.018363774,-0.012538826,
772244227965455,3,0.7068447,-0.018397823,-0.012500739,
772244249724490,3,0.7070534,-0.018430596,-0.012455958,
772244269927128,3,0.7072966,-0.018464522,-0.012400806,
772244288146121,3,0.7073325,-0.018451605,-0.012435604,
772244309844118,3,0.70729417,-0.018451605,-0.012445186,
772244327788454,3,0.7072329,-0.018479042,-0.012397201,
772244348479374,3,0.7072077,-0.018554285,-0.012249073,
772244369902712,3,0.7072396,-0.018625226,-0.01210775,
772244389098269,3,0.7073238,-0.018699083,-0.011962268,
772244408171755,3,0.7074111,-0.018751604,-0.011854655,
772244429900272,3,0.7073747,-0.01876789,-0.011823819,
772244450133425,3,0.70730937,-0.018826947,-0.011704118,
772244468169313,3,0.7073884,-0.018884242,-0.01158961,
772244489928347,3,0.707466,-0.018967306,-0.011423851,
772244507964236,3,0.70755255,-0.019055095,-0.011245717,
772244528624636,3,0.7076732,-0.0190719,-0.011209884,
772244550047976,3,0.7077617,-0.01905744,-0.011237764,
772244569274051,3,0.70781004,-0.019067992,-0.011217857,
772244588683231,3,0.70785743,-0.019088691,-0.011177269,
772244610076052,3,0.7078816,-0.019112485,-0.011120465,
772244630431276,3,0.70788354,-0.019158818,-0.011016127,
772244648436648,3,0.70789313,-0.01922559,-0.010880704,
772244670134647,3,0.7080131,-0.019251151,-0.010823032,
772244688048464,3,0.7082245,-0.019241085,-0.010805809,
772244708434206,3,0.7083793,-0.019233339,-0.010794771,
772244730223758,3,0.7084866,-0.019229464,-0.010783032,
772244749480350,3,0.708496,-0.019244183,-0.010742881,
772244768584353,3,0.7084477,-0.019289814,-0.010641843,
772244790312868,3,0.70838106,-0.0193696,-0.010475311,
772244810515506,3,0.7083234,-0.019463614,-0.010278582,
772244828948124,3,0.7082915,-0.019524,-0.010154607,
772244850371462,3,0.70824605,-0.019560602,-0.010078751,
772244868743044,3,0.70826447,-0.019577734,-0.010043205,
772244888671023,3,0.70830274,-0.019570122,-0.010058772,
772244910430057,3,0.7084443,-0.019591048,-0.010012742,
772244929686648,3,0.70857877,-0.019614235,-0.009965005,
772244948699099,3,0.70860106,-0.019610435,-0.009973974,
772244970458133,3,0.7085386,-0.019597894,-0.01000083,
772244990691288,3,0.70846486,-0.019651046,-0.009892215,
772245008879763,3,0.70846784,-0.019680975,-0.009830261,
772245030608278,3,0.70850086,-0.019697625,-0.009799137,
772245048491580,3,0.7085223,-0.01970065,-0.009790009,
772245069151981,3,0.7088873,-0.019668857,-0.009855241,
772245090575320,3,0.7088873,-0.019668857,-0.009855241,
772245109801394,3,0.7090661,-0.019629423,-0.009933554,
772245128783328,3,0.70920473,-0.01959219,-0.010008276,
772245150572879,3,0.7092381,-0.019568598,-0.010055808,
772245170806033,3,0.70916647,-0.01959333,-0.010006043,
772245188902956,3,0.70911735,-0.019663174,-0.009867329,
772245210661990,3,0.7092307,-0.01969233,-0.009807497,
772245228575809,3,0.70942336,-0.01966772,-0.009855997,
772245249083621,3,0.7095976,-0.019617653,-0.009958275,
772245270720583,3,0.7097546,-0.019537352,-0.010119327,
772245290007693,3,0.70982724,-0.0194793,-0.010199265,
772245309294803,3,0.7097587,-0.01950644,-0.010122271,
772245330718142,3,0.7096376,-0.01954536,-0.010028357,
772245351012331,3,0.7096732,-0.01958192,-0.009944049,
772245369017703,3,0.70982933,-0.019604355,-0.0098914625,
772245390837772,3,0.70991874,-0.01959219,-0.00990802,
772245408843142,3,0.71001625,-0.019577354,-0.009935054,
772245429137331,3,0.71013695,-0.019551458,-0.009980694,
772245450896365,3,0.71025634,-0.019567076,-0.009950041,
772245470122440,3,0.7102413,-0.01961955,-0.0098446505,
772245489256960,3,0.7101589,-0.019633217,-0.009780872,
772245510893923,3,0.7100016,-0.0196317,-0.009760283,
772245531157596,3,0.7098706,-0.019693464,-0.009619574,
772245549529178,3,0.7099841,-0.019672265,-0.009639691,
772245570983034,3,0.7101087,-0.01965332,-0.009662851,
772245588896853,3,0.7101731,-0.019662796,-0.009631959,
772245609313113,3,0.7102515,-0.019635115,-0.009676719,
772245631011112,3,0.71032494,-0.019627145,-0.009655137,
772245650298220,3,0.7104157,-0.019643461,-0.009591651,
772245669310671,3,0.71040785,-0.019610815,-0.009638918,
772245691069705,3,0.71041185,-0.019633217,-0.009576881,
772245711302860,3,0.71044844,-0.019685896,-0.009464976,
772245729491335,3,0.7104884,-0.019715773,-0.009393071,
772245751128298,3,0.71057445,-0.019720685,-0.009381959,
772245769072635,3,0.71076596,-0.019752018,-0.009317412,
772245789794071,3,0.7109462,-0.019779535,-0.009258854,
772245811186892,3,0.71106625,-0.019773507,-0.009267702,
772245835204225,3,0.71115834,-0.020059314,-0.0095191365,
772245849455935,3,0.71130955,-0.020282783,-0.009644328,
772245871214969,3,0.71136045,-0.020427365,-0.009757993,
772245891478640,3,0.711406,-0.020568756,-0.009757993,
772245909545046,3,0.71158665,-0.020637466,-0.009813572,
772245931334597,3,0.711714,-0.020687947,-0.009855241,
772245949248417,3,0.71189123,-0.020746566,-0.009834807,
772245969756228,3,0.71199375,-0.020785317,-0.009824196,
772245991362673,3,0.71198,-0.020837585,-0.009767913,
772246010619266,3,0.7120016,-0.020866884,-0.00973965,
772246030028446,3,0.71206933,-0.020869384,-0.0097587565,
772246051451784,3,0.71211725,-0.020863669,-0.009787725,
772246071654421,3,0.7121531,-0.020884015,-0.009757229,
772246089751346,3,0.71208215,-0.021218125,-0.009981441,
772246111479862,3,0.71200883,-0.02145696,-0.01012963,
772246129393679,3,0.7120345,-0.021598512,-0.010286552,
772246149809939,3,0.7120814,-0.021678051,-0.0104339775,
772246171568972,3,0.71202374,-0.021775441,-0.010453239,
772246190825565,3,0.71199775,-0.021877507,-0.010399645,
772246209929568,3,0.7120726,-0.021915276,-0.010428978,
772246231566530,3,0.71220493,-0.021901673,-0.010528521,
772246251830203,3,0.7124183,-0.021894528,-0.01059694,
772246270232303,3,0.71250397,-0.021881593,-0.010658633,
772246291625124,3,0.7124911,-0.021871375,-0.010701188,
772246310973269,3,0.71254325,-0.021943135,-0.01057794,
772246329985721,3,0.7126542,-0.022010263,-0.010457515,
772246351744754,3,0.71278346,-0.02204375,-0.010398929,
772246370970828,3,0.7130371,-0.022025151,-0.010441829,
772246389952761,3,0.71314716,-0.021971978,-0.0105518475,
772246411711795,3,0.7131278,-0.021954339,-0.010591314,
772246431975467,3,0.71302795,-0.02194823,-0.010603267,
772246450224978,3,0.7129652,-0.022018047,-0.010467485,
772246471861940,3,0.7129882,-0.022052873,-0.010398929,
772246489745242,3,0.7131669,-0.02206841,-0.01037023,
772246510497196,3,0.7133196,-0.022036312,-0.0104318345,
772246531890017,3,0.71338767,-0.021986892,-0.01053135,
772246551146609,3,0.7134125,-0.021996718,-0.010512941,
772246570128543,3,0.71338975,-0.022042397,-0.010421831,
772246591918094,3,0.7133754,-0.022093715,-0.010320538,
772246612181765,3,0.7132925,-0.02211394,-0.010280755,
772246630217653,3,0.71325994,-0.022176182,-0.010155341,
772246652007205,3,0.71334565,-0.022186594,-0.010139187,
772246669951542,3,0.7134299,-0.022178533,-0.010153139,
772246690459353,3,0.7134484,-0.022191966,-0.010127422,
772246712096315,3,0.71348315,-0.022205392,-0.010100165,
772246731322391,3,0.7134606,-0.022216126,-0.010078751,
772246750701053,3,0.7134983,-0.022204386,-0.010100165,
772246772093874,3,0.7135898,-0.02223423,-0.010046172,
772246792327028,3,0.71370274,-0.022252986,-0.010008276,
772246810423953,3,0.7138836,-0.022271728,-0.009971732,
772246832213504,3,0.71390516,-0.022251647,-0.0100090215,
772246850127322,3,0.7138725,-0.022258008,-0.009997849,
772246870513064,3,0.7138403,-0.022254994,-0.010005299,
772246892272097,3,0.7138674,-0.022272397,-0.009967996,
772246911528690,3,0.71397007,-0.022281427,-0.009952287,
772246930632693,3,0.7140925,-0.022275073,-0.009964258,
772246952239138,3,0.7142384,-0.022297805,-0.009920044,
772246972533328,3,0.7142299,-0.022264032,-0.009985918,
772246990965946,3,0.71433103,-0.022265036,-0.009982187,
772247012358767,3,0.71443087,-0.022256333,-0.01000083,
772247030272585,3,0.71443504,-0.022281427,-0.009951538,
772247054747683,3,0.7143593,-0.022293795,-0.009928302,
772247071715458,3,0.7142772,-0.02232085,-0.009877141,
772247089629275,3,0.7142534,-0.022298474,-0.009920044,
772247111937624,3,0.71434456,-0.022359869,-0.009797616,
772247131774051,3,0.7143288,-0.022311501,-0.009892968,
772247152007205,3,0.7144416,-0.022279086,-0.0099590225,
772247172118287,3,0.7144427,-0.022243945,-0.0100276135,
772247191832644,3,0.7144394,-0.022280423,-0.009953784,
772247209746463,3,0.7144587,-0.022301147,-0.009917039,
772247232482058,3,0.7144666,-0.022286108,-0.009944798,
772247251921754,3,0.71455896,-0.022279086,-0.00995977,
772247269835573,3,0.71458983,-0.022244278,-0.010028357,
772247292113406,3,0.71462697,-0.022277415,-0.009963511,
772247311949832,3,0.7146546,-0.02228544,-0.009946296,
772247332182985,3,0.71467435,-0.02230549,-0.0099065155,
772247352202517,3,0.7147785,-0.022325521,-0.009868084,
772247372008426,3,0.7147556,-0.02230382,-0.009946296,
772247389922244,3,0.71493596,-0.022272397,-0.010052103,
772247412413698,3,0.7150151,-0.02222585,-0.0101722,
772247432097536,3,0.71513426,-0.022206398,-0.010232084,
772247449980838,3,0.7151168,-0.022203378,-0.010250272,
772247472624880,3,0.71510935,-0.022222497,-0.0102218855,
772247492095094,3,0.715142,-0.022268716,-0.010137717,
772247512328249,3,0.7152542,-0.022244949,-0.010188302,
772247532378299,3,0.7153641,-0.022210425,-0.010263348,
772247552214724,3,0.715435,-0.022205392,-0.010272056,
772247570098024,3,0.7154548,-0.022238584,-0.010210946,
772247592467409,3,0.7154793,-0.022296134,-0.010100165,
772247612273318,3,0.7154598,-0.022273066,-0.0101450635,
772247630156619,3,0.7155543,-0.022276076,-0.010141391,
772247652587037,3,0.71558005,-0.022277748,-0.010136982,
772247672270876,3,0.71564424,-0.022248968,-0.010195612,
772247692534549,3,0.7156827,-0.022233559,-0.010223343,
772247712859255,3,0.71571183,-0.022234898,-0.010219699,
772247732390504,3,0.71572936,-0.022244614,-0.010201456,
772247750273806,3,0.71570945,-0.022279754,-0.010136248,
772247772643191,3,0.71569574,-0.022318179,-0.010060993,
772247792449099,3,0.7158509,-0.022302818,-0.010089095,
772247810332399,3,0.71594423,-0.022273734,-0.010146532,
772247832640749,3,0.7159443,-0.02225968,-0.010175862,
772247852446658,3,0.71589726,-0.022275407,-0.010142126,
772247872679812,3,0.7158276,-0.022263028,-0.01016927,
772247892821412,3,0.71583337,-0.022268716,-0.010156074,
772247912535769,3,0.7158905,-0.02223691,-0.010219699,
772247930449588,3,0.71604645,-0.022214115,-0.0102648,
772247953215701,3,0.71619767,-0.02218122,-0.01033064,
772247972594362,3,0.7163005,-0.022153996,-0.010383154,
772247990508181,3,0.71629286,-0.022137512,-0.010417541,
772248012816531,3,0.71621615,-0.022145586,-0.010400362,
772248032622439,3,0.71616066,-0.022180885,-0.010332082,
772248052886110,3,0.7162021,-0.022216462,-0.010260443,
772248072905642,3,0.71628815,-0.022225514,-0.010242274,
772248092742068,3,0.71642524,-0.022208076,-0.010277132,
772248110625369,3,0.71652704,-0.022185251,-0.010320538,
772248133116823,3,0.7165396,-0.02215736,-0.010375977,
772248152770144,3,0.71638316,-0.022136165,-0.010415395,
772248170683963,3,0.71625394,-0.02217047,-0.010348654,
772248193328005,3,0.7162819,-0.022200022,-0.010293068,
772248212798219,3,0.7164184,-0.022230543,-0.010232813,
772248233031374,3,0.7165131,-0.022212436,-0.01027133,
772248253050906,3,0.71647924,-0.022179205,-0.010334245,
772248272887332,3,0.71651745,-0.022154668,-0.010384589,
772248290770631,3,0.71656716,-0.02216005,-0.010368793,
772248313140017,3,0.71657705,-0.022183236,-0.010326312,
772248332945926,3,0.716581,-0.022200022,-0.010292345,
772248350890261,3,0.71660703,-0.022217803,-0.010259718,
772248373259645,3,0.7166555,-0.022226185,-0.010243729,
772248392973999,3,0.7167981,-0.022242604,-0.010213865,
772248413207154,3,0.71680933,-0.022235233,-0.010225529,
772248433592897,3,0.71673334,-0.022252651,-0.010190495,
772248453032595,3,0.7166204,-0.022256,-0.010185376,
772248470976932,3,0.7165897,-0.022289116,-0.010119327,
772248493285280,3,0.7166674,-0.022291455,-0.010113435,
772248513091187,3,0.71686006,-0.022285106,-0.010163408,
772248531005006,3,0.7169224,-0.022262694,-0.010232813,
772248553343874,3,0.7168927,-0.022239925,-0.010294516,
772248573149783,3,0.71690506,-0.02224294,-0.010301751,
772248593352420,3,0.71690315,-0.022264032,-0.010267703,
772248613524537,3,0.7169358,-0.022311168,-0.01018245,
772248633238892,3,0.71702504,-0.022326523,-0.010159008,
772248651152711,3,0.7171066,-0.022324188,-0.010165607,
772248673827272,3,0.71715844,-0.022313839,-0.01018757,
772248693266970,3,0.7171625,-0.022306826,-0.010202186,
772248711211307,3,0.71707594,-0.02234387,-0.010128894,
772248733489138,3,0.7169935,-0.022357203,-0.010106065,
772248753295045,3,0.7170038,-0.022383848,-0.010052103,
772248773558717,3,0.71703684,-0.022393165,-0.010038752,
772248793578249,3,0.7171275,-0.022391835,-0.010038011,
772248813414676,3,0.7172634,-0.022339867,-0.01014286,
772248831297976,3,0.7173448,-0.022304488,-0.010209487,
772248858702760,3,0.7173797,-0.022325188,-0.01016927,
772248872679810,3,0.71728396,-0.022370197,-0.0100817075,
772248891356568,3,0.71725,-0.022376858,-0.010070615,
772248914000612,3,0.71748054,-0.022414118,-0.009998594,
772248933470828,3,0.71748054,-0.022414118,-0.009998594,
772248953703983,3,0.7174829,-0.022677168,-0.010257538,
772248973692995,3,0.717476,-0.022889404,-0.0103853075,
772248993559937,3,0.71752393,-0.023033474,-0.010480289,
772249011473756,3,0.7175824,-0.023139328,-0.010542664,
772249033843142,3,0.71756905,-0.023177292,-0.01065234,
772249053618533,3,0.7175261,-0.023219043,-0.010703277,
772249071532351,3,0.71746016,-0.023226103,-0.010778884,
772249093962770,3,0.71754396,-0.023235403,-0.010823721,
772249113646608,3,0.7177659,-0.023278011,-0.010786485,
772249133910280,3,0.7179095,-0.023290811,-0.010794081,
772249154234988,3,0.7180324,-0.023309357,-0.010780267,
772249173766238,3,0.71817577,-0.02329273,-0.010827162,
772249191649537,3,0.71824455,-0.023282493,-0.010860142,
772249213988404,3,0.71823704,-0.023289852,-0.01085122,
772249233794313,3,0.71819365,-0.023322139,-0.010793391,
772249251708132,3,0.71823335,-0.023338746,-0.0107816495,
772249273985965,3,0.7183657,-0.023343215,-0.010789248,
772249293822390,3,0.71850663,-0.023352787,-0.010779575,
772249314086060,3,0.71858543,-0.023394864,-0.010744962,
772249334197145,3,0.7185284,-0.023386264,-0.010796151,
772249353911501,3,0.7184732,-0.023354383,-0.0108800195,
772249371825320,3,0.71843785,-0.023341618,-0.01092103,
772249394530398,3,0.7184568,-0.023412347,-0.011034229,
772249413970094,3,0.7185524,-0.023324851,-0.010931459,
772249431883912,3,0.71856683,-0.023323402,-0.0109312115,
772249454192263,3,0.71873057,-0.023370648,-0.010894391,
772249474028689,3,0.7187163,-0.023390723,-0.010858084,
772249494261843,3,0.7186382,-0.023402506,-0.0108374795,
772249514281373,3,0.71859974,-0.023448305,-0.010749814,
772249534117799,3,0.7187015,-0.023445765,-0.010756743,
772249552001100,3,0.71867406,-0.023415344,-0.0107879015,
772249574492556,3,0.71877164,-0.023394536,-0.010808246,
772249594145877,3,0.7188732,-0.023408873,-0.010830602,
772249612090212,3,0.71883583,-0.023389768,-0.010867001,
772249634703736,3,0.7188602,-0.023402825,-0.010841603,
772249654204469,3,0.7190288,-0.0234146,-0.0108189015,
772249674407107,3,0.71901596,-0.023388812,-0.010868371,
772249694365603,3,0.7190594,-0.023379572,-0.010887549,
772249714263064,3,0.71911246,-0.023347683,-0.01091284,
772249732207399,3,0.719073,-0.02331575,-0.010949646,
772249754515748,3,0.7191806,-0.02329465,-0.01096936,
772249774321657,3,0.71930873,-0.023293689,-0.010961208,
772249792235476,3,0.719378,-0.02329017,-0.010957128,
772249814665896,3,0.71941566,-0.023280572,-0.010970719,
772249834349733,3,0.71946377,-0.023258159,-0.011010715,
772249854613404,3,0.71942174,-0.023239547,-0.011029523,
772249874999147,3,0.7194691,-0.02326943,-0.01096656,
772249894469363,3,0.7195281,-0.023313513,-0.010881389,
772249912352664,3,0.7196008,-0.023366122,-0.010953066,
772249934691530,3,0.71966153,-0.02326905,-0.010920374,
772249954650025,3,0.71953326,-0.023279611,-0.010925123,
772249972411256,3,0.7194259,-0.023308719,-0.010860829,
772249994689089,3,0.7193764,-0.023354383,-0.010769895,
772250014525516,3,0.71940947,-0.023343215,-0.010789248,
772250034758670,3,0.71936935,-0.023319265,-0.010836104,
772250054869752,3,0.71944135,-0.023280572,-0.010909426,
772250074614625,3,0.71957445,-0.023296248,-0.010879335,
772250092528444,3,0.7196454,-0.023285693,-0.01089986,
772250115233523,3,0.71961266,-0.023262324,-0.0109448815,
772250134673220,3,0.71969527,-0.0232588,-0.010951007,
772250152587037,3,0.71969616,-0.023248866,-0.010972077,
772250174864869,3,0.71970314,-0.023285372,-0.010898493,
772250194670778,3,0.7198068,-0.023301365,-0.010869057,
772250214934451,3,0.71990275,-0.02329177,-0.010887549,
772250234953983,3,0.71989846,-0.023279293,-0.010911475,
772250254790407,3,0.7198469,-0.02325015,-0.01096936,
772250272704224,3,0.71968377,-0.02325111,-0.0109680025,
772250295165162,3,0.7196326,-0.023235723,-0.010995818,
772250314849001,3,0.7196528,-0.023253674,-0.010961208,
772250332762820,3,0.7197817,-0.023241496,-0.010984972,
772250355345828,3,0.71988606,-0.023173435,-0.011115774,
772250374877077,3,0.7199044,-0.023094852,-0.011266898,
772250395110231,3,0.71989673,-0.02312838,-0.01120523,
772250415129763,3,0.7198454,-0.023137074,-0.011187929,
772250434966189,3,0.71984,-0.02312838,-0.011203235,
772250452849490,3,0.71991795,-0.023107752,-0.011244392,
772250475218873,3,0.7199266,-0.02308388,-0.011289359,
772250494994264,3,0.7199503,-0.023036385,-0.011382034,
772250512938600,3,0.7199406,-0.023015676,-0.011419937,
772250535338503,3,0.71997184,-0.023025386,-0.011401655,
772250555052860,3,0.71995586,-0.023071289,-0.01131441,
772250575286013,3,0.71999145,-0.02305255,-0.0113486005,
772250595641236,3,0.720013,-0.023022475,-0.011408187,
772250615111452,3,0.71999776,-0.023023121,-0.011408187,
772250633025271,3,0.72005534,-0.023022475,-0.011406228,
772250655364139,3,0.7200885,-0.022990737,-0.0114316745,
772250675170046,3,0.7201359,-0.022971286,-0.011441447,
772250693083864,3,0.72021264,-0.0229635,-0.011442098,
772250715361695,3,0.72022575,-0.02295636,-0.011442098,
772250735198122,3,0.7201884,-0.022958633,-0.01142972,
772250755431277,3,0.72016895,-0.022968689,-0.011403615,
772250775542361,3,0.72019225,-0.022971934,-0.011391848,
772250795287233,3,0.7202014,-0.022961227,-0.011412758,
772250814086060,3,0.72022676,-0.022970311,-0.011389886,
772250835936647,3,0.7202701,-0.022974852,-0.01138007,
772250855376345,3,0.7203486,-0.022966094,-0.011397733,
772250873290164,3,0.7203778,-0.0229424,-0.011442098,
772250895598513,3,0.7203823,-0.022919007,-0.011484994,
772250915404420,3,0.7203483,-0.02290242,-0.0115587115,
772250935698610,3,0.72031826,-0.022887126,-0.011614655,
772250955687624,3,0.7202413,-0.02286009,-0.011686917,
772250975524051,3,0.7201641,-0.022877358,-0.011668415,
772250993407351,3,0.72019964,-0.022896564,-0.011640926,
772251015898805,3,0.72033113,-0.02287866,-0.011681817,
772251035552125,3,0.7204454,-0.022857158,-0.011728283,
772251053465944,3,0.72046214,-0.022846397,-0.011751764,
772251076109988,3,0.72041863,-0.02284542,-0.0117568355,
772251095580202,3,0.72036195,-0.022844115,-0.011760637,
772251115813356,3,0.7203267,-0.022888428,-0.011677989,
772251135802369,3,0.72035295,-0.022920307,-0.011615938,
772251155669313,3,0.7204219,-0.022935905,-0.0115857525,
772251173583132,3,0.7204518,-0.022944348,-0.011570952,
772251195922000,3,0.72046906,-0.022928432,-0.011563223,
772251215697390,3,0.7203859,-0.022905674,-0.011583823,
772251233641724,3,0.72024417,-0.022940451,-0.01149796,
772251256041627,3,0.720227,-0.022935905,-0.011491479,
772251275755984,3,0.720288,-0.022930706,-0.011494072,
772251296019656,3,0.7203777,-0.022905024,-0.011534837,
772251316344363,3,0.7204248,-0.022880614,-0.011578033,
772251335845094,3,0.72044694,-0.022877358,-0.011581893,
772251353758912,3,0.72049904,-0.022871168,-0.011590254,
772251376128298,3,0.7205584,-0.022847375,-0.011635805,
772251395903689,3,0.7206014,-0.0228868,-0.0115600005,
772251413817507,3,0.7205546,-0.02290177,-0.011529668,
772251436095338,3,0.7204397,-0.022917705,-0.011499257,
772251455931764,3,0.72044426,-0.02288908,-0.011552264,
772251476195436,3,0.72054946,-0.022860741,-0.011606312,
772251496306521,3,0.720658,-0.022853244,-0.011622351,
772251516020877,3,0.7206852,-0.022865305,-0.011598607,
772251533934694,3,0.7205645,-0.022878334,-0.011572883,
772251556609253,3,0.72041583,-0.022900144,-0.011532254,
772251576079469,3,0.72045654,-0.022910552,-0.011509619,
772251594023806,3,0.72050464,-0.022885172,-0.011560645,
772251616271121,3,0.7204804,-0.022852266,-0.011622991,
772251636077029,3,0.72050476,-0.02283759,-0.011652441,
772251656340700,3,0.72067326,-0.022873448,-0.011581893,
772251676329713,3,0.7206242,-0.022847703,-0.011631321,
772251696196657,3,0.7205631,-0.022842484,-0.011643486,
772251714110476,3,0.72051036,-0.022868888,-0.011592181,
772251736601931,3,0.7204838,-0.022893962,-0.01154194,
772251756316285,3,0.7206062,-0.022896564,-0.011538712,
772251774199586,3,0.7206616,-0.022890706,-0.011550329,
772251796904665,3,0.7207558,-0.022853244,-0.011610806,
772251816313845,3,0.7207558,-0.022853244,-0.011610806,
772251836577518,3,0.72068363,-0.022823557,-0.011655638,
772251856505495,3,0.72056144,-0.02279612,-0.011704754,
772251876311402,3,0.7204322,-0.02280625,-0.011681179,
772251895995241,3,0.7203929,-0.022816049,-0.0116581945,
772251916594607,3,0.720447,-0.022800695,-0.011684367,
772251936369998,3,0.7205956,-0.022771921,-0.011740346,
772251954314334,3,0.7206511,-0.022748679,-0.011784053,
772251976714235,3,0.7205946,-0.022744093,-0.0117922705,
772251996428590,3,0.72049314,-0.022770286,-0.011740982,
772252016631227,3,0.7204228,-0.022785004,-0.011713662,
772252036955935,3,0.7203564,-0.022804944,-0.011675437,
772252056517702,3,0.72040105,-0.0227971,-0.01168628,
772252074431520,3,0.72053605,-0.022777155,-0.011726377,
772252096739869,3,0.720576,-0.022758177,-0.01176317,
772252116545778,3,0.7205257,-0.022734264,-0.011807424,
772252134459597,3,0.72036695,-0.022713937,-0.01184711,
772252156767947,3,0.72022045,-0.022715576,-0.011845853,
772252176604372,3,0.7202398,-0.022728693,-0.011820667,
772252196837525,3,0.72036225,-0.022702124,-0.011870985,
772252216979127,3,0.7204757,-0.022657776,-0.011957907,
772252236693484,3,0.72047627,-0.02263672,-0.011997717,
772252254576785,3,0.72043335,-0.02263277,-0.012006408,
772252277281863,3,0.7203271,-0.022675525,-0.011923589,
772252296752077,3,0.72033066,-0.022712952,-0.0118521415,
772252314635377,3,0.7203063,-0.02270836,-0.011859054,
772252336913210,3,0.72037417,-0.022692606,-0.011888546,
772252356780154,3,0.72048277,-0.022650212,-0.011970985,
772252377013308,3,0.72057027,-0.022626515,-0.012016333,
772252397002320,3,0.72052103,-0.022616964,-0.012036158,
772252416869264,3,0.72043794,-0.022614328,-0.012041727,
772252434783083,3,0.72039837,-0.022614658,-0.012038633,
772252457213503,3,0.72037566,-0.022610046,-0.012049768,
772252476927860,3,0.7203856,-0.022630466,-0.012009511,
772252494811159,3,0.7204572,-0.022584988,-0.012096053,
772252517455201,3,0.720484,-0.02255825,-0.012148296,
772252536925416,3,0.7205114,-0.022578059,-0.012112057,
772252557189089,3,0.720463,-0.022604773,-0.01206151,
772252577208621,3,0.72040033,-0.022589276,-0.012090508,
772252597014529,3,0.720343,-0.022720955,-0.012200834,
772252614928346,3,0.72036374,-0.022559214,-0.012116209,
772252637297731,3,0.72055435,-0.022561884,-0.012141548,
772252657103640,3,0.7206081,-0.022558581,-0.012149523,
772252675017459,3,0.72057164,-0.02253578,-0.012192374,
772252697447878,3,0.7205397,-0.022537103,-0.012189318,
772252717101197,3,0.7204375,-0.022527844,-0.012257585,
772252737364869,3,0.7203452,-0.022538755,-0.012270951,
772252757781129,3,0.7202983,-0.022582348,-0.012213743,
772252777220828,3,0.7202643,-0.022566836,-0.01226184,
772252795134647,3,0.72037464,-0.022566175,-0.012271558,
772252817473513,3,0.72048694,-0.022551974,-0.012309749,
772252837248902,3,0.7205184,-0.022567496,-0.012285515,
772252855193239,3,0.72046334,-0.022578718,-0.012269129,
772252877501589,3,0.72039187,-0.022561222,-0.012304906,
772252897276980,3,0.7202099,-0.022546027,-0.012336351,
772252917540652,3,0.72023416,-0.022545036,-0.012338767,
772252937651735,3,0.7201873,-0.02253082,-0.012369524,
772252957366090,3,0.72035927,-0.022531813,-0.012367114,
772252975279909,3,0.7203295,-0.022512956,-0.01240441,
772252997984988,3,0.72031474,-0.022509646,-0.012409815,
772253017455202,3,0.7201694,-0.022530489,-0.012370729,
772253035338502,3,0.7199618,-0.022552965,-0.012327893,
772253057646851,3,0.71984524,-0.022575418,-0.012283089,
772253077483278,3,0.71989787,-0.022571128,-0.012293396,
772253097685915,3,0.71999794,-0.022527182,-0.0123773515,
772253117735965,3,0.7200731,-0.022494415,-0.012440995,
772253137572390,3,0.7200197,-0.022509316,-0.012412816,
772253155486207,3,0.7199382,-0.02251064,-0.012410415,
772253177947145,3,0.71984124,-0.022502033,-0.012426614,
772253197600466,3,0.71981114,-0.022492098,-0.012445186,
772253215514285,3,0.7197913,-0.022506999,-0.012418217,
772253238158328,3,0.71978307,-0.022516927,-0.012399003,
772253257628541,3,0.71974415,-0.022506006,-0.012420017,
772253277861695,3,0.7197126,-0.022496734,-0.0124368025,
772253297850710,3,0.7198423,-0.022509646,-0.012410415,
772253317717654,3,0.7198054,-0.022486797,-0.012456556,
772253335600955,3,0.719717,-0.02248282,-0.012501335,
772253357970338,3,0.71965384,-0.022478843,-0.01253526,
772253377745728,3,0.7196084,-0.022485802,-0.012541202,
772253395659548,3,0.7196536,-0.022497397,-0.012530504,
772253418120486,3,0.7197072,-0.02252586,-0.012487023,
772253437804324,3,0.719738,-0.022526521,-0.012490603,
772253458037477,3,0.71971023,-0.022514941,-0.012516226,
772253478362184,3,0.7196315,-0.022524867,-0.012501335,
772253497862916,3,0.71954644,-0.022548009,-0.012458948,
772253515776736,3,0.71957403,-0.022571128,-0.0124170175,
772253538146121,3,0.7195764,-0.022582348,-0.012397201,
772253557952029,3,0.71956974,-0.022605103,-0.012311564,
772253575865846,3,0.7195201,-0.022586307,-0.012318824,
772253598143678,3,0.71959054,-0.022534126,-0.0123978015,
772253617949587,3,0.7196008,-0.022474201,-0.012498355,
772253638213259,3,0.7194856,-0.02245032,-0.012535854,
772253658354861,3,0.71931064,-0.022437042,-0.012555452,
772253678069215,3,0.71927875,-0.022450652,-0.012524556,
772253695983033,3,0.71937644,-0.022452643,-0.012515631,
772253718718630,3,0.71946317,-0.022417773,-0.012580351,
772253738127810,3,0.719553,-0.022398155,-0.012605792,
772253756041629,3,0.7195777,-0.022399819,-0.012592782,
772253778349977,3,0.71950674,-0.022366866,-0.012610519,
772253798125367,3,0.71940935,-0.022379853,-0.012555452,
772253818389040,3,0.7193889,-0.022384182,-0.012526936,
772253838378055,3,0.7193338,-0.022352537,-0.012573242,
772253858306034,3,0.71936065,-0.022352204,-0.012560792,
772253876158816,3,0.71939623,-0.02234287,-0.012574427,
772253898650270,3,0.71936107,-0.0223372,-0.012578574,
772253918425661,3,0.7193728,-0.022332862,-0.012584496,
772253936247927,3,0.7192558,-0.022296134,-0.01265122,
772253958861454,3,0.7191886,-0.02229413,-0.012657108,
772253978392703,3,0.7191478,-0.02229881,-0.012645329,
772253998595338,3,0.71923614,-0.022267044,-0.012707044,
772254018614870,3,0.71932507,-0.022233894,-0.012768461,
772254038451297,3,0.719322,-0.022204721,-0.012826099,
772254056304080,3,0.71932137,-0.022193644,-0.012846414,
772254078642947,3,0.7192963,-0.02218861,-0.012855691,
772254098448854,3,0.71930695,-0.02218861,-0.01285627,
772254116362673,3,0.71928114,-0.02219566,-0.012841194,
772254138762577,3,0.7192764,-0.022206062,-0.012822613,
772254158476932,3,0.7193204,-0.022180885,-0.01287075,
772254178710085,3,0.7193552,-0.022152314,-0.012926203,
772254199065310,3,0.7193866,-0.022149287,-0.012930237,
772254218566043,3,0.71934927,-0.022171814,-0.012887526,
772254236479862,3,0.719313,-0.022161057,-0.012908323,
772254258788210,3,0.7192837,-0.022162402,-0.012906013,
772254278624636,3,0.7193245,-0.022136837,-0.012956716,
772254296568972,3,0.7193111,-0.022159377,-0.012912939,
772254318816287,3,0.7193051,-0.022170804,-0.012890417,
772254338652712,3,0.71927506,-0.022170134,-0.012892151,
772254358916384,3,0.719228,-0.022172485,-0.012888105,
772254378996952,3,0.7192552,-0.022178197,-0.012876538,
772254398741824,3,0.7192239,-0.02216442,-0.012903704,
772254416655642,3,0.7192601,-0.022155678,-0.012920437,
772254439330203,3,0.7192665,-0.022134818,-0.012962465,
772254458800418,3,0.71930283,-0.022139193,-0.01295269,
772254476744754,3,0.719325,-0.022158032,-0.01291467,
772254498992067,3,0.7193493,-0.022180213,-0.012871329,
772254518828494,3,0.71939176,-0.022179205,-0.012873644,
772254539092166,3,0.7194026,-0.022154668,-0.012921591,
772254559081180,3,0.7193765,-0.022103155,-0.013021532,
772254578917604,3,0.7192635,-0.02210147,-0.013024965,
772254596831423,3,0.7191234,-0.022112928,-0.013004929,
772254619322879,3,0.71909773,-0.022109896,-0.013009512,
772254638976199,3,0.7192552,-0.022112591,-0.013002637,
772254656890017,3,0.71937346,-0.022125391,-0.012978549,
772254679564578,3,0.7193253,-0.022117307,-0.0129969055,
772254698973758,3,0.719241,-0.022102818,-0.013022677,
772254719237430,3,0.7191772,-0.022113603,-0.013003211,
772254739256960,3,0.7192132,-0.022128759,-0.012972232,
772254759062869,3,0.7192713,-0.022102144,-0.013024965,
772254776976687,3,0.7192525,-0.0221072,-0.0130129475,
772254799346072,3,0.719254,-0.022106864,-0.0130129475,
772254819151979,3,0.7192468,-0.022119328,-0.012989451,
772254837065798,3,0.71922725,-0.022124719,-0.012980845,
772254859496219,3,0.7191234,-0.02241578,-0.013251799,
772254879180057,3,0.7190263,-0.022617294,-0.013456003,
772254899413210,3,0.7190322,-0.02274344,-0.013628756,
772254919768435,3,0.7189643,-0.022821926,-0.013769618,
772254939269168,3,0.7189065,-0.022876706,-0.013869358,
772254957182987,3,0.7189269,-0.022925507,-0.013916551,
772254979521852,3,0.71895254,-0.022968365,-0.013933673,
772254999327761,3,0.7189391,-0.023026034,-0.013892438,
772255017211062,3,0.7189145,-0.023048026,-0.013899945,
772255039519412,3,0.7188622,-0.02305449,-0.013921903,
772255059325319,3,0.7188007,-0.023054814,-0.013944362,
772255079588992,3,0.71877736,-0.023066122,-0.0139400875,
772255099730594,3,0.7187495,-0.023071935,-0.013941157,
772255119444949,3,0.71878153,-0.023057722,-0.01397745,
772255137358767,3,0.7187591,-0.023047702,-0.0140024815,
772255160094363,3,0.7187026,-0.023051258,-0.013998756,
772255179534061,3,0.71870464,-0.023057075,-0.0139918355,
772255197447879,3,0.71877307,-0.023036709,-0.014031185,
772255219725710,3,0.71878535,-0.02302668,-0.014052409,
772255239562136,3,0.71867716,-0.023045763,-0.014017371,
772255259825809,3,0.7185384,-0.023073226,-0.013965718,
772255279784305,3,0.71853113,-0.023088722,-0.013935811,
772255299651247,3,0.718633,-0.023113877,-0.013886537,
772255317534548,3,0.7186003,-0.023100657,-0.013912803,
772255339995487,3,0.7186232,-0.023081621,-0.013951841,
772255359679324,3,0.718585,-0.023080006,-0.013953443,
772255377593142,3,0.7185935,-0.023025597,-0.0138955945,
772255400237185,3,0.71857136,-0.023119679,-0.013875803,
772255419707401,3,0.7186047,-0.02311162,-0.013892438,
772255439940555,3,0.71857536,-0.023093104,-0.013911308,
772255459929567,3,0.71866876,-0.023114296,-0.013884845,
772255479796511,3,0.71872187,-0.02312668,-0.013856743,
772255497710330,3,0.7187923,-0.023109687,-0.013897264,
772255520049197,3,0.7187592,-0.02308743,-0.013938484,
772255539885622,3,0.7186939,-0.023067737,-0.013976385,
772255557768923,3,0.71863323,-0.02304738,-0.014017371,
772255580199344,3,0.71860164,-0.02307258,-0.013968386,
772255599883182,3,0.7186932,-0.02306063,-0.013989706,
772255620146852,3,0.7187279,-0.023032827,-0.014043923,
772255640563113,3,0.7186978,-0.023020532,-0.014066717,
772255660002811,3,0.7187116,-0.022995597,-0.014104272,
772255677916629,3,0.7187191,-0.022988468,-0.014112194,
772255700224977,3,0.7186782,-0.022997217,-0.0140894735,
772255720030886,3,0.7185747,-0.023003371,-0.014073071,
772255737914187,3,0.7185118,-0.022997541,-0.014084185,
772255760192020,3,0.71853095,-0.022991385,-0.014093704,
772255780028444,3,0.7186068,-0.022991385,-0.014091589,
772255800261599,3,0.7186455,-0.02297323,-0.014126441,
772255820372684,3,0.71861327,-0.02298231,-0.01410797,
772255840117557,3,0.7185287,-0.022992358,-0.0140889445,
772255858031374,3,0.71842504,-0.023013735,-0.014046575,
772255880705935,3,0.7184095,-0.023030886,-0.014014183,
772255900176151,3,0.71844155,-0.023009526,-0.014055059,
772255918089969,3,0.71837914,-0.022989765,-0.014093175,
772255940367800,3,0.71834576,-0.022997217,-0.014079952,
772255960204226,3,0.7183167,-0.022987172,-0.014099518,
772255980467899,3,0.718343,-0.023013087,-0.0140486965,
772256000456912,3,0.7183539,-0.023027327,-0.014019498,
772256020293337,3,0.71827656,-0.023030562,-0.0140147135,
772256038207155,3,0.71824074,-0.023034768,-0.014007801,
772256060698612,3,0.7182618,-0.023005316,-0.014064598,
772256080382449,3,0.7183452,-0.022981986,-0.014108498,
772256098357302,3,0.71835756,-0.022969663,-0.014133296,
772256120909793,3,0.7183557,-0.022961877,-0.014148049,
772256140441043,3,0.7183355,-0.022950193,-0.014171202,
772256160674197,3,0.71830106,-0.022936229,-0.014199039,
772256180632692,3,0.71835256,-0.022946946,-0.014176458,
772256200530154,3,0.71842366,-0.022958307,-0.014153841,
772256218413456,3,0.71847004,-0.022947595,-0.014175407,
772256240752322,3,0.71844065,-0.022938503,-0.014190116,
772256260558229,3,0.7183579,-0.022909576,-0.014249324,
772256278472049,3,0.71828353,-0.0229086,-0.014251938,
772256300871952,3,0.7182294,-0.022926481,-0.014217393,
772256320586307,3,0.71822274,-0.022966418,-0.014140148,
772256340819460,3,0.71825457,-0.02296577,-0.014141202,
772256361174685,3,0.7182552,-0.022949543,-0.014171727,
772256380736454,3,0.71823674,-0.022921931,-0.01422787,
772256398558719,3,0.7181446,-0.022898842,-0.014270223,
772256420958620,3,0.71809804,-0.022903722,-0.014263957,
772256440764529,3,0.71814376,-0.022942726,-0.014186965,
772256458647831,3,0.7182218,-0.022952465,-0.014165943,
772256480925662,3,0.7182532,-0.02291543,-0.014237292,
772256500762087,3,0.7182055,-0.022888428,-0.014302036,
772256520995242,3,0.7180838,-0.022891684,-0.014305161,
772256541136844,3,0.7179591,-0.022909902,-0.014274921,
772256560851199,3,0.7178691,-0.022924207,-0.014295262,
772256578765017,3,0.71787614,-0.022951491,-0.014273877,
772256601531130,3,0.71808577,-0.022921607,-0.014353517,
772256620940311,3,0.71813315,-0.02290795,-0.0143955005,
772256638793094,3,0.71811306,-0.022900144,-0.0144239385,
772256661101442,3,0.7180589,-0.022905024,-0.014419806,
772256680907351,3,0.7179508,-0.0229086,-0.014420839,
772256701140506,3,0.7178764,-0.022919007,-0.014457475,
772256721129520,3,0.71773875,-0.022935254,-0.014468809,
772256740965944,3,0.71768254,-0.022949543,-0.014470353,
772256758879763,3,0.71764743,-0.022951491,-0.014485791,
772256781371219,3,0.71765196,-0.02296285,-0.014478074,
772256801055057,3,0.7176491,-0.022958633,-0.014495561,
772256818938356,3,0.7176137,-0.022949219,-0.014520724,
772256841582400,3,0.7175157,-0.022951167,-0.014522264,
772256861083133,3,0.71739644,-0.022952141,-0.014524829,
772256881316287,3,0.7173434,-0.022951491,-0.014528419,
772256901305300,3,0.7174179,-0.022921607,-0.014589317,
772256921141726,3,0.71748024,-0.02290795,-0.014615339,
772256939055545,3,0.71747386,-0.022888102,-0.0146535225,
772256961424930,3,0.7174383,-0.022892984,-0.014646912,
772256981230837,3,0.7173465,-0.022902096,-0.014628078,
772256999114138,3,0.71730506,-0.022901446,-0.014631643,
772257021514041,3,0.71727294,-0.022918357,-0.014600038,
772257041228397,3,0.71724284,-0.022928432,-0.014577567,
772257061492067,3,0.71719974,-0.022896564,-0.014589317,
772257081816775,3,0.7171816,-0.022864653,-0.01461585,
772257101317508,3,0.71716964,-0.022853896,-0.014611261,
772257119231326,3,0.7171437,-0.022830738,-0.014637752,
772257141570192,3,0.717117,-0.022807557,-0.014671816,
772257161376101,3,0.71709627,-0.022796446,-0.014686028,
772257179289920,3,0.7170846,-0.022774212,-0.014722004,
772257201567752,3,0.71701676,-0.022779446,-0.014706813,
772257221404177,3,0.7170074,-0.022777155,-0.014707319,
772257241667849,3,0.7169922,-0.022798736,-0.014664196,
772257261809452,3,0.7170028,-0.022795139,-0.014670292,
772257281523807,3,0.7169693,-0.022773884,-0.014711372,
772257299407106,3,0.7169409,-0.022759486,-0.0147392005,
772257322112185,3,0.7168837,-0.022748353,-0.014759406,
772257341551883,3,0.71679133,-0.02280429,-0.0146504715,
772257359465700,3,0.7167947,-0.0228278,-0.014605651,
772257381743532,3,0.71679705,-0.02282976,-0.014600548,
772257401579959,3,0.7168004,-0.022787293,-0.014683491,
772257421813114,3,0.71677464,-0.022790564,-0.014678416,
772257441802126,3,0.71675515,-0.02279089,-0.014678416,
772257461699587,3,0.7167708,-0.022778464,-0.014702253,
772257479582888,3,0.7167908,-0.022772249,-0.014712892,
772257502074344,3,0.7167218,-0.022752937,-0.014750822,
772257521727663,3,0.71660584,-0.022740163,-0.01477656,
772257539641481,3,0.7164856,-0.022735575,-0.014789159,
772257562346560,3,0.71647614,-0.022748353,-0.01476193,
772257581755741,3,0.7165785,-0.022795467,-0.0146708,
772257602019411,3,0.7166301,-0.022796446,-0.014666229,
772257622008425,3,0.71661264,-0.022781407,-0.014697691,
772257641844851,3,0.7166267,-0.022755556,-0.0147467805,
772257659758670,3,0.7166309,-0.022737214,-0.014782105,
772257682097536,3,0.71662736,-0.022720823,-0.01481483,
772257701872927,3,0.7165758,-0.022735575,-0.014787648,
772257719817263,3,0.71649736,-0.02276505,-0.014732627,
772257742247684,3,0.7165245,-0.022792198,-0.014719473,
772257761962038,3,0.71658325,-0.0227971,-0.014738695,
772257782195192,3,0.71665275,-0.022783043,-0.014785129,
772257802519900,3,0.71660453,-0.022788275,-0.0147921825,
772257822020633,3,0.7164301,-0.02282062,-0.014751327,
772257839934450,3,0.7162733,-0.02283759,-0.014733133,
772257862273317,3,0.7162668,-0.023116779,-0.014973903,
772257882079226,3,0.7164065,-0.023289852,-0.01518537,
772257899993045,3,0.7164732,-0.023387538,-0.015379891,
772257922270876,3,0.7164589,-0.023483232,-0.01546058,
772257942107302,3,0.7163363,-0.023558937,-0.015504371,
772257962340457,3,0.7162902,-0.023614848,-0.015525981,
772257982482059,3,0.71624595,-0.023630302,-0.015634533,
772258002196413,3,0.7162195,-0.023650158,-0.01569209,
772258020079714,3,0.71617955,-0.023668423,-0.015725765,
772258042784793,3,0.7161172,-0.023661181,-0.015786292,
772258062255008,3,0.71609986,-0.023658663,-0.015824005,
772258080138308,3,0.71611404,-0.023683527,-0.01579903,
772258102416140,3,0.71611977,-0.02371151,-0.015760312,
772258122283084,3,0.7160648,-0.023696737,-0.015801387,
772258142516239,3,0.71600723,-0.023691077,-0.015823534,
772258162505251,3,0.71598953,-0.023700824,-0.015807988,
772258182372194,3,0.71597856,-0.023719365,-0.015775906,
772258200255496,3,0.71595186,-0.023723133,-0.015773544,
772258222746952,3,0.71590286,-0.023728158,-0.015763622,
772258242430788,3,0.71589476,-0.023758283,-0.015706327,
772258260344606,3,0.7157961,-0.02379839,-0.015631197,
772258282958132,3,0.7156729,-0.023821546,-0.015543726,
772258302458866,3,0.71557003,-0.023829363,-0.015499084,
772258322692019,3,0.7155331,-0.023841867,-0.015455278,
772258342711550,3,0.71550316,-0.023858111,-0.015410863,
772258362547976,3,0.71546793,-0.023842804,-0.015428258,
772258380461795,3,0.715459,-0.023827175,-0.01545335,
772258402800661,3,0.7154547,-0.023803711,-0.015492834,
772258422606569,3,0.7153763,-0.023797138,-0.015502449,
772258440489871,3,0.7152166,-0.023789309,-0.015519261,
772258462889774,3,0.7151967,-0.023783984,-0.01552838,
772258482604128,3,0.71514547,-0.023762673,-0.015566717,
772258502867800,3,0.71506953,-0.02374291,-0.015606392,
772258523253543,3,0.71500176,-0.02374699,-0.015598274,
772258542723758,3,0.7150593,-0.02375201,-0.015587762,
772258560607058,3,0.7151285,-0.02375295,-0.015584416,
772258582976441,3,0.715132,-0.023743538,-0.01560305,
772258602782350,3,0.71503526,-0.023722505,-0.015645014,
772258620696169,3,0.71493965,-0.023703653,-0.015683541,
772258642974002,3,0.7149025,-0.023699882,-0.015690666,
772258662779909,3,0.7148623,-0.023719365,-0.015653584,
772258683013062,3,0.7148306,-0.023723448,-0.015646443,
772258703185182,3,0.7148455,-0.023690762,-0.015708225,
772258722899538,3,0.71487033,-0.023665275,-0.015757004,
772258740782840,3,0.7147896,-0.023649214,-0.015791954,
772258763487918,3,0.71470547,-0.023650158,-0.015790068,
772258782927614,3,0.7147213,-0.02364291,-0.015804688,
772258800841431,3,0.7147625,-0.023621473,-0.015846118,
772258823149781,3,0.71476763,-0.02362778,-0.015832007,
772258842986208,3,0.714718,-0.023626834,-0.01583624,
772258863219363,3,0.71471274,-0.023651734,-0.015787236,
772258883177860,3,0.71469355,-0.023648268,-0.015794314,
772258903075319,3,0.71473587,-0.023656458,-0.01577685,
772258920958619,3,0.71473384,-0.023659607,-0.01577071,
772258943419557,3,0.7146922,-0.023663387,-0.015763622,
772258963103396,3,0.7146551,-0.0236722,-0.015739499,
772258981017215,3,0.714664,-0.023674717,-0.015726238,
772259003661257,3,0.71469104,-0.023647008,-0.015774488,
772259023131471,3,0.71468896,-0.023629673,-0.015807988,
772259043364624,3,0.7145701,-0.023673775,-0.015719604,
772259063384156,3,0.7144848,-0.02367409,-0.01571676,
772259083220583,3,0.71444905,-0.023653938,-0.01575653,
772259101164919,3,0.7144817,-0.023646062,-0.015772127,
772259123503787,3,0.71443355,-0.02363913,-0.015738077,
772259143340212,3,0.71432894,-0.023625258,-0.015730027,
772259161223511,3,0.7142506,-0.023628727,-0.01570016,
772259183653932,3,0.71412724,-0.023614533,-0.015713442,
772259203368288,3,0.71410525,-0.023606643,-0.015714863,
772259223601443,3,0.71408063,-0.023615163,-0.015693039,
772259243956668,3,0.7140687,-0.02360254,-0.01570348,
772259263457399,3,0.7141201,-0.023566842,-0.015711544,
772259281340699,3,0.7141907,-0.02352064,-0.015761731,
772259303740602,3,0.7141482,-0.023481963,-0.015807988,
772259323485476,3,0.714007,-0.023473395,-0.015806103,
772259341429812,3,0.71382695,-0.02344767,-0.015846118,
772259363707643,3,0.7137452,-0.023421282,-0.015889784,
772259383513551,3,0.7138539,-0.02341492,-0.015892599,
772259403777223,3,0.7139209,-0.023396138,-0.015926316,
772259423918826,3,0.7139483,-0.023355978,-0.016000992,
772259443633182,3,0.7139844,-0.023321182,-0.01606512,
772259461546999,3,0.7139689,-0.023298487,-0.016109582,
772259484221558,3,0.71381766,-0.023378935,-0.015951091,
772259503661256,3,0.71381766,-0.023378935,-0.015951091,
772259521575075,3,0.7137686,-0.023370966,-0.016013559,
772259543883426,3,0.7137231,-0.02337033,-0.016047953,
772259563689334,3,0.7138711,-0.023379572,-0.016049344,
772259583922487,3,0.7138658,-0.023383714,-0.016068367,
772259603942018,3,0.7138451,-0.023400277,-0.016052594,
772259623808962,3,0.71376806,-0.02343432,-0.015999129,
772259641722781,3,0.71366876,-0.023440996,-0.015994472,
772259664092165,3,0.7136662,-0.023435911,-0.016011233,
772259683867555,3,0.71370786,-0.023434004,-0.016019607,
772259701720338,3,0.71372396,-0.023430822,-0.016028905,
772259724333864,3,0.7135753,-0.02341492,-0.01606373,
772259743834597,3,0.7135653,-0.023408554,-0.016076712,
772259764098270,3,0.7135435,-0.023406008,-0.016083198,
772259784087282,3,0.71347237,-0.023417782,-0.016062338,
772259803954224,3,0.7134134,-0.023449577,-0.016001457,
772259821837526,3,0.71345115,-0.023474663,-0.015951091,
772259844176394,3,0.71351355,-0.023449441,-0.01599668,
772259863982303,3,0.7135467,-0.02341892,-0.016046776,
772259881896121,3,0.71348697,-0.023451166,-0.015992234,
772259904326539,3,0.71337867,-0.02351272,-0.01587759,
772259924010377,3,0.71334237,-0.02351557,-0.015872426,
772259944274050,3,0.71332556,-0.023515066,-0.015872777,
772259964568240,3,0.71336615,-0.023513671,-0.015875712,
772259984130007,3,0.71338665,-0.023485135,-0.015930993,
772260002013307,3,0.7133632,-0.023485135,-0.015931461,
772260024321656,3,0.7132751,-0.023486722,-0.015930058,
772260044158083,3,0.7131715,-0.023511136,-0.015882751,
772260062071902,3,0.71308714,-0.023545334,-0.015815055,
772260084349735,3,0.71306294,-0.023565577,-0.01577685,
772260104186159,3,0.7131054,-0.023561152,-0.015783932,
772260124419312,3,0.7131567,-0.023574745,-0.015806103,
772260144530397,3,0.71316713,-0.023561783,-0.015863506,
772260164244753,3,0.71315205,-0.023569055,-0.015873365,
772260182158572,3,0.71316105,-0.023594016,-0.015841886,
772260204863650,3,0.7131794,-0.023617057,-0.015806574,
772260224333864,3,0.7131828,-0.023608223,-0.015831536,
772260242217164,3,0.7130553,-0.023584224,-0.015886502,
772260264525515,3,0.71295726,-0.023564946,-0.015930058,
772260284331423,3,0.71289235,-0.023592753,-0.015879467,
772260304595095,3,0.71287626,-0.023600645,-0.015863976,
772260324614625,3,0.7130229,-0.023625888,-0.015815055,
772260344420533,3,0.7130767,-0.023617687,-0.015832476,
772260362364870,3,0.7130874,-0.02360254,-0.015862565,
772260384795290,3,0.7130925,-0.023594016,-0.015879467,
772260404509647,3,0.7130781,-0.023627466,-0.015814586,
772260422423464,3,0.71301496,-0.02367409,-0.01572387,
772260445098023,3,0.7129864,-0.023683842,-0.01570443,
772260464507204,3,0.7129097,-0.023697367,-0.015679741,
772260484770876,3,0.7129389,-0.02367755,-0.015715338,
772260504759891,3,0.7129689,-0.023648268,-0.015725765,
772260524596316,3,0.7129914,-0.023656143,-0.015674988,
772260542510133,3,0.71296805,-0.023667164,-0.01563072,
772260564849000,3,0.71293855,-0.023659922,-0.015629292,
772260584685427,3,0.7129475,-0.023652993,-0.015627861,
772260602599246,3,0.7129778,-0.02362021,-0.01568734,
772260624968630,3,0.7130299,-0.023585489,-0.015749436,
772260644682984,3,0.71301246,-0.023575377,-0.015765985,
772260664946656,3,0.7130015,-0.023574114,-0.015764095,
772260685271364,3,0.71301377,-0.0235937,-0.015724817,
772260704772097,3,0.7130007,-0.023611693,-0.015685441,
772260722685916,3,0.71298414,-0.023578221,-0.01575322,
772260745024782,3,0.7129483,-0.023558937,-0.015790539,
772260764861207,3,0.7128856,-0.023581065,-0.015746124,
772260782744508,3,0.712785,-0.023606643,-0.015698262,
772260805052859,3,0.71269894,-0.023567475,-0.015774488,
772260824858767,3,0.7125786,-0.023548182,-0.015815055,
772260845122439,3,0.71263134,-0.023552611,-0.015806103,
772260865264039,3,0.71264684,-0.023538057,-0.01583483,
772260884978395,3,0.71265805,-0.023520958,-0.015868202,
772260902892214,3,0.712607,-0.02349909,-0.015909934,
772260925597293,3,0.7124585,-0.023520958,-0.015868202,
772260945098025,3,0.71235555,-0.02354755,-0.015818825,
772260963011842,3,0.7124567,-0.02353489,-0.015840005,
772260985991578,3,0.7126161,-0.0235105,-0.015887441,
772261005034547,3,0.7126106,-0.023516536,-0.015881242,
772261025267703,3,0.7125257,-0.023519542,-0.015913183,
772261045256717,3,0.712348,-0.023539176,-0.015911251,
772261065154177,3,0.7122557,-0.023558658,-0.01589743,
772261083037476,3,0.7122223,-0.023588927,-0.01584927,
772261105498414,3,0.7122144,-0.023607906,-0.015832476,
772261125212771,3,0.71223366,-0.023614217,-0.015824946,
772261143096072,3,0.71224403,-0.02360254,-0.015852699,
772261165709597,3,0.71224016,-0.023589134,-0.015866296,
772261185210328,3,0.7122065,-0.023577906,-0.015906189,
772261205474000,3,0.7121414,-0.023574745,-0.015914617,
772261225463015,3,0.71208024,-0.023568423,-0.015927253,
772261245299441,3,0.712048,-0.023563365,-0.015937073,
772261263213259,3,0.71203464,-0.023574114,-0.015917426,
772261285552125,3,0.7120681,-0.02357348,-0.01591883,
772261305358033,3,0.7120341,-0.023571268,-0.015924914,
772261323271852,3,0.7119968,-0.023561152,-0.015944084,
772261345702273,3,0.71204054,-0.023531724,-0.01600332,
772261365386111,3,0.71204185,-0.023539502,-0.015995426,
772261385649782,3,0.71198344,-0.02355198,-0.015960898,
772261406035523,3,0.7119699,-0.02355198,-0.015965564,
772261425475221,3,0.71188664,-0.023549132,-0.015969297,
772261443389040,3,0.7118656,-0.02356463,-0.015938943,
772261465758426,3,0.7118588,-0.023570953,-0.015929123,
772261485564334,3,0.71184903,-0.023606012,-0.015857399,
772261503447633,3,0.71183026,-0.02361201,-0.015846118,
772261525725465,3,0.71177626,-0.023596225,-0.015878998,
772261545561891,3,0.7117785,-0.023594016,-0.015882282,
772261565795047,3,0.71181595,-0.023574745,-0.015919298,
772261585936648,3,0.71185845,-0.023574745,-0.015920702,
772261605651002,3,0.71185124,-0.023576641,-0.01591415,
772261623564820,3,0.7119188,-0.023553384,-0.01590931,
772261646239381,3,0.71202147,-0.023529507,-0.01600658,
772261665709597,3,0.7120202,-0.02351652,-0.016034948,
772261683623416,3,0.7120054,-0.023541538,-0.015983755,
772261705901247,3,0.71199006,-0.02354911,-0.015975913,
772261725737671,3,0.71185064,-0.023611702,-0.015849018,
772261745970827,3,0.7118044,-0.023615794,-0.015840005,
772261765990359,3,0.7117973,-0.0235997,-0.015871488,
772261785826785,3,0.7118373,-0.023597173,-0.015874304,
772261803740603,3,0.7118321,-0.023606328,-0.01585693,
772261826201539,3,0.71184325,-0.023608537,-0.01585223,
772261845885377,3,0.7117975,-0.023582328,-0.015905252,
772261863799196,3,0.71173745,-0.023584224,-0.015901035,
772261886412722,3,0.71161366,-0.023618318,-0.0158353,
772261905913454,3,0.71160394,-0.023616426,-0.015838593,
772261926146608,3,0.7115948,-0.02362368,-0.015823534,
772261946135621,3,0.711583,-0.023627149,-0.015817882,
772261966002565,3,0.71151394,-0.023632824,-0.01580893,
772261983916384,3,0.71150994,-0.023650473,-0.015774962,
772262006255252,3,0.71153736,-0.023643542,-0.015784403,
772262026061159,3,0.7115718,-0.023603803,-0.015865384,
772262043974976,3,0.71156025,-0.023588015,-0.015896818,
772262066344362,3,0.7115435,-0.023603488,-0.015865384,
772262086089235,3,0.7115721,-0.023601277,-0.01586961,
772262106322391,3,0.71164787,-0.023583908,-0.015903378,
772262126677615,3,0.7116508,-0.023576325,-0.015920235,
772262146208864,3,0.7116955,-0.023563365,-0.01594315,
772262164092164,3,0.711577,-0.023525707,-0.016019607,
772262186431032,3,0.7114284,-0.023536157,-0.016002854,
772262206236941,3,0.71130824,-0.023541221,-0.015992142,
772262224120242,3,0.7113778,-0.023574745,-0.015925381,
772262246428590,3,0.7114274,-0.023583593,-0.01590853,
772262266265016,3,0.71138513,-0.02355546,-0.015962297,
772262286498171,3,0.71138626,-0.023545967,-0.01598329,
772262306670290,3,0.7113318,-0.02353299,-0.016007975,
772262326354129,3,0.71128285,-0.02352539,-0.016023792,
772262344298464,3,0.71123147,-0.023552611,-0.015972096,
772262367034058,3,0.7113397,-0.023570636,-0.015934268,
772262386443239,3,0.7113467,-0.023573797,-0.015935203,
772262404357058,3,0.711363,-0.023576325,-0.015938943,
772262426634891,3,0.711313,-0.023580434,-0.015933333,
772262446471316,3,0.71119386,-0.023590226,-0.015968831,
772262466704469,3,0.71113235,-0.023624627,-0.015938008,
772262486724000,3,0.7112817,-0.02366685,-0.01587712,
772262506529909,3,0.7112812,-0.023667479,-0.015894942,
772262524413211,3,0.71130806,-0.023649529,-0.015944084,
772262546874148,3,0.71129555,-0.023626834,-0.015997732,
772262566557984,3,0.7113129,-0.023605065,-0.01604656,
772262584471803,3,0.7113342,-0.023593068,-0.016076248,
772262607085329,3,0.7113772,-0.023585172,-0.01609246,
772262626586062,3,0.71142673,-0.023548182,-0.01616775,
772262646819217,3,0.71141726,-0.023530774,-0.016205035,
772262666838747,3,0.7113442,-0.023539955,-0.016185254,
772262686675171,3,0.71131164,-0.023569372,-0.01613038,
772262704588991,3,0.7113292,-0.023574745,-0.016120678,
772262726866823,3,0.71130687,-0.02353394,-0.016202737,
772262746764285,3,0.7113013,-0.023517473,-0.016187094,
772262764647586,3,0.7113037,-0.023524124,-0.016143309,
772262787078004,3,0.7113545,-0.02353109,-0.016106807,
772262806792360,3,0.71146774,-0.023534257,-0.016081808,
772262826994997,3,0.7115183,-0.023533307,-0.016074393,
772262847350222,3,0.71153396,-0.023525074,-0.016079955,
772262866881472,3,0.71145844,-0.023508918,-0.016111432,
772262884764772,3,0.7114054,-0.023522858,-0.016077638,
772262907103639,3,0.71144456,-0.023539638,-0.016041916,
772262926940065,3,0.7115645,-0.023555143,-0.016008906,
772262944823367,3,0.71160746,-0.023529824,-0.016057234,
772262967101199,3,0.7115616,-0.023523808,-0.016068367,
772262986937624,3,0.71147907,-0.023515888,-0.016082272,
772263007170777,3,0.7114525,-0.023496237,-0.01612114,
772263027251344,3,0.7113961,-0.023454977,-0.016203655,
772263047026735,3,0.7113776,-0.023430822,-0.01625278,
772263064940555,3,0.7114034,-0.023421282,-0.016272482,
772263087584597,3,0.71137613,-0.02338913,-0.016333263,
772263107054811,3,0.71132994,-0.02339964,-0.016313637,
772263124999147,3,0.7113665,-0.023396775,-0.01631866,
772263147307497,3,0.711404,-0.023374474,-0.016362887,
772263167143923,3,0.7113696,-0.023395183,-0.016323682,
772263187377077,3,0.71126664,-0.023420645,-0.016275227,
772263207457643,3,0.71121275,-0.023437819,-0.016242234,
772263227233033,3,0.711238,-0.023430822,-0.016254615,
772263245116335,3,0.71117854,-0.023474347,-0.016168673,
772263267638308,3,0.7111495,-0.02352444,-0.016069759,
772263287322147,3,0.7112719,-0.023500675,-0.016116055,
772263305235964,3,0.7112722,-0.023499724,-0.01611698,
772263327910523,3,0.71122795,-0.023481328,-0.016144693,
772263347319704,3,0.71110886,-0.023477837,-0.016147,
772263367552859,3,0.71106344,-0.023499407,-0.01610218,
772263387602908,3,0.7111408,-0.023498138,-0.016100328,
772263407439334,3,0.7111894,-0.02346768,-0.016158992,
772263425322633,3,0.711228,-0.023497505,-0.016096164,
772263447539430,3,0.71123576,-0.023491163,-0.016107269,
772263467436891,3,0.7113485,-0.023501627,-0.016085977,
772263485320193,3,0.7113517,-0.023496553,-0.016094776,
772263507750613,3,0.7113498,-0.023486404,-0.016114669,
772263527434449,3,0.71130955,-0.023504162,-0.016076712,
772263547698121,3,0.7113225,-0.023534257,-0.016018212,
772263568022829,3,0.7113463,-0.023540905,-0.016003786,
772263587554079,3,0.71136224,-0.023550397,-0.01598562,
772263605437381,3,0.71141416,-0.02353014,-0.016026117,
772263627806765,3,0.7114594,-0.02353299,-0.016021002,
772263647612671,3,0.71144587,-0.023550713,-0.015982356,
772263665495973,3,0.7113607,-0.02356621,-0.015953427,
772263687804323,3,0.7113254,-0.023545334,-0.015995404,
772263707610232,3,0.711375,-0.023539638,-0.01601449,
772263727873904,3,0.71145815,-0.02354407,-0.016013093,
772263748015504,3,0.71151835,-0.02355546,-0.015994472,
772263767729860,3,0.7115654,-0.023557356,-0.015992142,
772263785613161,3,0.7115847,-0.023549765,-0.016010303,
772263808287722,3,0.7115817,-0.023550713,-0.016009372,
772263827788454,3,0.7115491,-0.0235798,-0.015952492,
772263845671754,3,0.71155787,-0.023587383,-0.015937073,
772263867949586,3,0.71159756,-0.023585489,-0.015942214,
772263887786012,3,0.7116979,-0.023567475,-0.01597816,
772263908049685,3,0.7117378,-0.02355198,-0.01605213,
772263928069217,3,0.71163756,-0.023541855,-0.016105419,
772263947875124,3,0.7115007,-0.023524124,-0.01616268,
772263965788941,3,0.71141094,-0.023530774,-0.016165446,
772263988280398,3,0.71136117,-0.02381748,-0.016471352,
772264009642703,3,0.7113349,-0.024064576,-0.016593482,
772264025847537,3,0.71127725,-0.02426468,-0.01663474,
772264048461062,3,0.7112603,-0.024352033,-0.016766347,
772264067961793,3,0.7112755,-0.024414673,-0.01685543,
772264088225465,3,0.71126324,-0.02449845,-0.01689252,
772264108214479,3,0.7111875,-0.024569513,-0.01689296,
772264128050906,3,0.7112081,-0.024594972,-0.016941847,
772264145995242,3,0.7111691,-0.024594063,-0.017011628,
772264168242555,3,0.71115744,-0.024609206,-0.017030887,
772264188109498,3,0.7109978,-0.024670286,-0.016946243,
772264206023317,3,0.7109862,-0.024677232,-0.016956793,
772264228423221,3,0.7110103,-0.024650346,-0.017026074,
772264248168094,3,0.7110105,-0.024652462,-0.017033074,
772264268370729,3,0.7110605,-0.024630086,-0.017085047,
772264288786989,3,0.71109647,-0.02461193,-0.017126426,
772264308287722,3,0.71113163,-0.024617076,-0.017117288,
772264326140505,3,0.7110996,-0.024617983,-0.017120333,
772264348479374,3,0.711086,-0.024622826,-0.017113805,
772264368285281,3,0.71101093,-0.024650346,-0.017062357,
772264386199098,3,0.7110143,-0.024654577,-0.01705231,
772264408507448,3,0.71102595,-0.024645811,-0.017071087,
772264428313356,3,0.7109528,-0.024599515,-0.017098125,
772264448546512,3,0.7109195,-0.024581943,-0.017085047,
772264468657595,3,0.7108354,-0.024560414,-0.017096817,
772264488402468,3,0.71074116,-0.024588004,-0.017020384,
772264506316286,3,0.71077174,-0.024589822,-0.017000236,
772264528990848,3,0.7108621,-0.024559503,-0.017000236,
772264548491579,3,0.7109134,-0.024501188,-0.01706585,
772264566374879,3,0.7109043,-0.0244735,-0.017084612,
772264588652713,3,0.7108232,-0.024477458,-0.017051872,
772264608489139,3,0.7108571,-0.024479283,-0.017030887,
772264628722292,3,0.7108333,-0.02447898,-0.017019946,
772264648711306,3,0.7108019,-0.024468323,-0.017032636,
772264668578250,3,0.7108056,-0.024458578,-0.017047502,
772264686492068,3,0.71082294,-0.024452485,-0.017054494,
772264708983523,3,0.7108415,-0.024462841,-0.017031325,
772264728667360,3,0.7108672,-0.024455227,-0.01704488,
772264746550661,3,0.7107829,-0.024448523,-0.017058425,
772264769194706,3,0.71072894,-0.024439074,-0.017075887,
772264788634402,3,0.7107375,-0.02446406,-0.017025637,
772264808898073,3,0.7108217,-0.024493584,-0.0169647,
772264828887088,3,0.7108611,-0.02451517,-0.016920283,
772264848754032,3,0.710808,-0.024501491,-0.016948441,
772264866667849,3,0.7107878,-0.02448263,-0.016986644,
772264889006716,3,0.7107574,-0.024465278,-0.017019508,
772264908812625,3,0.7106613,-0.024456445,-0.017040946,
772264926726443,3,0.7105621,-0.024439683,-0.017074142,
772264949126345,3,0.71057373,-0.024452789,-0.017049251,
772264968840700,3,0.71063584,-0.024441818,-0.017069777,
772264989073855,3,0.7106249,-0.024424436,-0.01710379,
772265009398563,3,0.710582,-0.024429316,-0.017094638,
772265028929812,3,0.7106108,-0.024437854,-0.017078068,
772265046813112,3,0.71060795,-0.024459796,-0.01703395,
772265069151980,3,0.7105384,-0.024502404,-0.016950639,
772265088988407,3,0.7104599,-0.024534918,-0.016885903,
772265106902224,3,0.71050763,-0.024557987,-0.01683951,
772265129180056,3,0.71053815,-0.024555558,-0.016843049,
772265149016482,3,0.71052283,-0.02457103,-0.01681117,
772265169249637,3,0.7103652,-0.024577092,-0.01680452,
772265189421755,3,0.7103557,-0.024590911,-0.016790448,
772265209136110,3,0.7104234,-0.024584368,-0.016786333,
772265227019411,3,0.7104752,-0.024576183,-0.016802747,
772265249755008,3,0.71048194,-0.024566524,-0.016812593,
772265269164187,3,0.7105369,-0.02453033,-0.01688503,
772265287078004,3,0.71055394,-0.02451821,-0.0169172,
772265309355838,3,0.710555,-0.024523376,-0.01690751,
772265329192264,3,0.7106133,-0.024538865,-0.016873544,
772265349425417,3,0.7106073,-0.024532055,-0.016880373,
772265369414431,3,0.7107077,-0.024544027,-0.016862502,
772265389281375,3,0.71070486,-0.024545265,-0.016861219,
772265407195193,3,0.7108062,-0.02454099,-0.016819146,
772265429656130,3,0.71082354,-0.024530362,-0.01680452,
772265449339968,3,0.7108285,-0.024517603,-0.016805407,
772265467253786,3,0.7108956,-0.024508484,-0.016804963,
772265489867313,3,0.7108683,-0.024523376,-0.016763682,
772265509368044,3,0.710917,-0.024254851,-0.016488532,
772265529601198,3,0.710969,-0.024078814,-0.016272938,
772265549620730,3,0.71096784,-0.02394757,-0.016137308,
772265569457157,3,0.71098673,-0.023812786,-0.016127609,
772265587370974,3,0.711087,-0.023729414,-0.01609709,
772265609740359,3,0.7111473,-0.023722505,-0.015974429,
772265629546267,3,0.7109964,-0.023728471,-0.015871488,
772265647429568,3,0.7109961,-0.023692964,-0.015875243,
772265669829470,3,0.7109967,-0.023693593,-0.015825888,
772265689543825,3,0.7109987,-0.023671256,-0.015839064,
772265709776980,3,0.710966,-0.02368164,-0.015795728,
772265730132206,3,0.71092206,-0.023669682,-0.015803274,
772265749632937,3,0.7109066,-0.023641335,-0.015847059,
772265767546754,3,0.7109506,-0.023650158,-0.01582165,
772265789855105,3,0.7109798,-0.023650473,-0.01581694,
772265809691532,3,0.710963,-0.023664331,-0.015784876,
772265827605349,3,0.7109865,-0.023631249,-0.015848469,
772265849883181,3,0.7110092,-0.023592753,-0.015922574,
772265869719607,3,0.71094847,-0.023555143,-0.015995404,
772265889952762,3,0.7108797,-0.023535524,-0.016035877,
772265910094363,3,0.71079963,-0.023578852,-0.015994938,
772265929808718,3,0.71070105,-0.023584856,-0.016013093,
772265947753054,3,0.7107553,-0.023603171,-0.015998663,
772265970427616,3,0.71088415,-0.023595594,-0.016028905,
772265989867312,3,0.71091485,-0.023539955,-0.01614746,
772266007781129,3,0.71086156,-0.023497188,-0.016240858,
772266030089480,3,0.71079904,-0.023492431,-0.016256448,
772266049895389,3,0.7107675,-0.023511136,-0.016233057,
772266070128542,3,0.7107909,-0.02352444,-0.016215606,
772266090087038,3,0.7108309,-0.023550082,-0.01621974,
772266109953982,3,0.7108662,-0.02353394,-0.016292615,
772266127867801,3,0.710874,-0.02352349,-0.016339649,
772266150359255,3,0.71090764,-0.023546917,-0.016312724,
772266170043093,3,0.71072066,-0.023588646,-0.016244985,
772266187926394,3,0.71063495,-0.023586752,-0.016260114,
772266210661991,3,0.71064526,-0.023570953,-0.016297188,
772266230040652,3,0.7107054,-0.023541855,-0.016358789,
772266250273806,3,0.7107517,-0.023511136,-0.016422426,
772266270293338,3,0.7107877,-0.023514621,-0.016417436,
772266290129764,3,0.7108048,-0.023537423,-0.016374266,
772266308043582,3,0.7108003,-0.02353299,-0.016383365,
772266330382448,3,0.71079427,-0.02352539,-0.016401999,
772266350188357,3,0.7107722,-0.023518423,-0.016414713,
772266368102176,3,0.71074164,-0.023537423,-0.016377905,
772266390502078,3,0.7107841,-0.023539638,-0.0163729,
772266410216433,3,0.7108488,-0.023536474,-0.016378362,
772266430449588,3,0.71088165,-0.023527607,-0.016394729,
772266450804813,3,0.71086985,-0.02355451,-0.016341016,
772266470305544,3,0.7108247,-0.02356463,-0.016323682,
772266488219362,3,0.71085066,-0.023532674,-0.016322767,
772266510527713,3,0.71085256,-0.02351652,-0.01631318,
772266530364139,3,0.7108487,-0.023518423,-0.016278889,
772266548338992,3,0.71073157,-0.023553561,-0.016189395,
772266570555788,3,0.7107406,-0.023538372,-0.016204575,
772266590392215,3,0.7107517,-0.023531407,-0.016206874,
772266610625370,3,0.7108068,-0.02351779,-0.016229386,
772266630766970,3,0.71074194,-0.023511136,-0.016236728,
772266650481325,3,0.71066356,-0.02352444,-0.016209632,
772266668395145,3,0.71062076,-0.02352539,-0.016205955,
772266691069706,3,0.710561,-0.023525707,-0.016202737,
772266710539919,3,0.71055263,-0.023525074,-0.016203655,
772266728423220,3,0.71059287,-0.02353299,-0.016186174,
772266750762088,3,0.71059597,-0.023559887,-0.016130842,
772266770567997,3,0.71057576,-0.023564313,-0.016121602,
772266790801150,3,0.71057874,-0.023555143,-0.016141923,
772266810790163,3,0.7104945,-0.02355546,-0.016141001,
772266830657107,3,0.7104202,-0.023574429,-0.016104031,
772266848570927,3,0.7103435,-0.023589278,-0.016074393,
772266871062380,3,0.7103042,-0.023643542,-0.015968366,
772266890715700,3,0.71031195,-0.023643542,-0.015966032,
772266908599002,3,0.7103623,-0.02364291,-0.015966965,
772266931243046,3,0.71036917,-0.023628095,-0.0159968,
772266950743777,3,0.71028894,-0.023621157,-0.016011233,
772266970946413,3,0.710256,-0.023634402,-0.015986085,
772266990996463,3,0.7103082,-0.023657087,-0.015939878,
772267010832889,3,0.71028715,-0.0236829,-0.015888847,
772267028746707,3,0.71036565,-0.023692964,-0.015868202,
772267051085573,3,0.71042913,-0.023690134,-0.015871018,
772267070860965,3,0.7104287,-0.023688247,-0.015875243,
772267088774784,3,0.71037906,-0.023716852,-0.015819766,
772267111205203,3,0.7103381,-0.023737263,-0.015777795,
772267130889040,3,0.71024173,-0.023771137,-0.015713442,
772267151122195,3,0.71023095,-0.0237495,-0.01575653,
772267171538456,3,0.71038544,-0.023749813,-0.015754638,
772267190978152,3,0.71050507,-0.023753578,-0.015745651,
772267208891970,3,0.71056414,-0.023748873,-0.015752748,
772267231230838,3,0.71054345,-0.023751382,-0.01574707,
772267251067264,3,0.71053004,-0.023774898,-0.015701108,
772267268950564,3,0.7105278,-0.024045993,-0.015949223,
772267291228396,3,0.71053964,-0.024237337,-0.016118828,
772267311064822,3,0.7105499,-0.024378026,-0.016224334,
772267331297977,3,0.7105723,-0.024428401,-0.016393365,
772267351439578,3,0.7106425,-0.024496017,-0.016447814,
772267371153933,3,0.7106929,-0.02457103,-0.016430592,
772267389067752,3,0.7106788,-0.024617681,-0.01642923,
772267411742313,3,0.7106498,-0.024640067,-0.016449172,
772267431212527,3,0.7105557,-0.024650346,-0.016475422,
772267449126345,3,0.7105182,-0.024688099,-0.016432859,
772267471404178,3,0.7104875,-0.024719464,-0.016392002,
772267491240604,3,0.71052176,-0.02471645,-0.016414259,
772267511473757,3,0.71052545,-0.024714038,-0.016430592,
772267531493288,3,0.71041864,-0.024745071,-0.016375631,
772267551360232,3,0.7104262,-0.024754101,-0.016365163,
772267569243534,3,0.7104039,-0.024772756,-0.016330525,
772267591704470,3,0.71037203,-0.02477456,-0.016329614,
772267611418825,3,0.71035826,-0.024785986,-0.01630907,
772267629302127,3,0.71042836,-0.024796505,-0.01628804,
772267651915652,3,0.7104718,-0.024790194,-0.01625278,
772267671416383,3,0.7104986,-0.02477456,-0.016251864,
772267691649538,3,0.71050614,-0.024749586,-0.016277058,
772267711638553,3,0.710483,-0.024752898,-0.016254157,
772267731505496,3,0.71038854,-0.024754703,-0.01623994,
772267749419313,3,0.7102288,-0.024738446,-0.016265154,
772267771758181,3,0.7101713,-0.02472097,-0.016295815,
772267791564090,3,0.710212,-0.02471645,-0.016300844,
772267809477908,3,0.71025914,-0.024668474,-0.016392456,
772267831908327,3,0.7102829,-0.024670588,-0.016386092,
772267851592165,3,0.7102159,-0.024668775,-0.01638973,
772267871825320,3,0.7102074,-0.024691116,-0.016344208,
772267892150027,3,0.71015877,-0.024685383,-0.016356511,
772267911681276,3,0.71007854,-0.024686288,-0.016343752,
772267929595095,3,0.71003675,-0.024674816,-0.016360154,
772267951842410,3,0.7100279,-0.024668474,-0.016368804,
772267971739871,3,0.71010107,-0.02467391,-0.016353322,
772267989653688,3,0.71016157,-0.02468991,-0.016319117,
772268011962038,3,0.71012396,-0.024700468,-0.016297188,
772268031767947,3,0.7100179,-0.024725793,-0.016246362,
772268052001101,3,0.7099696,-0.024697453,-0.016300844,
772268072142702,3,0.7099848,-0.024672702,-0.016349677,
772268091857058,3,0.7100182,-0.02467693,-0.01634056,
772268109770877,3,0.71006644,-0.024686288,-0.016321398,
772268132475955,3,0.71007544,-0.024694435,-0.0163045,
772268151915651,3,0.71006787,-0.024709214,-0.016285753,
772268169829470,3,0.7100375,-0.024719464,-0.016320942,
772268192107303,3,0.71001875,-0.024741758,-0.016314093,
772268211943728,3,0.7100548,-0.02476313,-0.0162981,
772268232207399,3,0.7100742,-0.02477396,-0.016293071,
772268252196413,3,0.71003383,-0.024811823,-0.016230302,
772268272063357,3,0.7100487,-0.024840035,-0.016184332,
772268289977176,3,0.7100977,-0.02482113,-0.016225252,
772268312438112,3,0.7100756,-0.024833735,-0.016206414,
772268332121950,3,0.71004856,-0.024830734,-0.016216526,
772268350005252,3,0.7100395,-0.024844833,-0.016189395,
772268372649295,3,0.71009105,-0.024829833,-0.016223416,
772268392119508,3,0.71013784,-0.024807619,-0.016265154,
772268412322146,3,0.71015096,-0.02480852,-0.016265154,
772268432341678,3,0.7101766,-0.024811823,-0.016258739,
772268452208621,3,0.71017945,-0.024829233,-0.016224794,
772268470122438,3,0.7101623,-0.024865216,-0.016152536,
772268492430788,3,0.7101907,-0.024859523,-0.016163602,
772268512267215,3,0.7102548,-0.024840934,-0.016201356,
772268530181033,3,0.71026087,-0.024818428,-0.016244985,
772268552580934,3,0.7102234,-0.02481963,-0.016244985,
772268572264773,3,0.7101669,-0.024838835,-0.016206874,
772268592497928,3,0.71018285,-0.024842434,-0.016198598,
772268612853152,3,0.7101951,-0.024810322,-0.016261946,
772268632384401,3,0.7101989,-0.024804015,-0.01627477,
772268650298220,3,0.7101864,-0.02478839,-0.0163045,
772268672637088,3,0.71011734,-0.024769146,-0.01634512,
772268692473513,3,0.7099539,-0.024772454,-0.016339649,
772268710387331,3,0.7099104,-0.024778469,-0.016330525,
772268732634646,3,0.7099446,-0.024781477,-0.016324595,
772268752501590,3,0.7100954,-0.024771553,-0.016341928,
772268772734744,3,0.71018887,-0.024746275,-0.016391547,
772268792845827,3,0.7102056,-0.024731517,-0.01642016,
772268812590700,3,0.7101244,-0.02473935,-0.016402908,
772268830504520,3,0.7099751,-0.024768244,-0.01634922,
772268853148562,3,0.7099496,-0.024790194,-0.016305871,
772268872649293,3,0.71008736,-0.024751693,-0.01638109,
772268890563111,3,0.7101743,-0.024705898,-0.016472258,
772268912810426,3,0.7101778,-0.02470439,-0.016474066,
772268932677370,3,0.7101147,-0.024738144,-0.016407449,
772268952910525,3,0.71003026,-0.02477035,-0.016345575,
772268972930057,3,0.70996237,-0.024789892,-0.016304042,
772268992766481,3,0.7099475,-0.024759218,-0.016320942,
772269010680299,3,0.7099624,-0.024739048,-0.016329158,
772269033141237,3,0.71002746,-0.024715846,-0.016351499,
772269052825075,3,0.7101081,-0.024682363,-0.016402908,
772269070738895,3,0.7101237,-0.02468659,-0.01638382,
772269093413455,3,0.7100596,-0.02471434,-0.016322767,
772269112853151,3,0.71010953,-0.024740253,-0.016262863,
772269133086304,3,0.7101931,-0.024729107,-0.016281636,
772269153105836,3,0.710197,-0.02473664,-0.01626378,
772269172942262,3,0.71021175,-0.024726998,-0.016281636,
772269190856082,3,0.7101972,-0.024719765,-0.016293986,
772269213164432,3,0.71017635,-0.024720369,-0.016292157,
772269233000856,3,0.71014374,-0.024738446,-0.01625599,
772269250884156,3,0.7101275,-0.024730915,-0.016271107,
772269273284059,3,0.71007574,-0.024725793,-0.016282551,
772269292998415,3,0.7100374,-0.024452789,-0.016029371,
772269313262088,3,0.7100422,-0.024283709,-0.015810344,
772269333617312,3,0.7100858,-0.024152344,-0.015680691,
772269353118043,3,0.71009964,-0.024037935,-0.015633581,
772269371031861,3,0.71010876,-0.023976175,-0.0155657595,
772269393370728,3,0.71009314,-0.023968095,-0.01544901,
772269413176637,3,0.71012545,-0.023970893,-0.015347884,
772269431090457,3,0.71019506,-0.023949748,-0.015325052,
772269453337772,3,0.71018827,-0.023910517,-0.015355649,
772269473204714,3,0.7102101,-0.023882769,-0.0153794065,
772269493437867,3,0.7101975,-0.023880273,-0.015410863,
772269513579469,3,0.710203,-0.023931075,-0.015327969,
772269533293825,3,0.71017927,-0.023951303,-0.0152992625,
772269551146609,3,0.7102016,-0.023956902,-0.015297315,
772269573851687,3,0.7102414,-0.023931075,-0.0153537085,
772269593321901,3,0.7101708,-0.02391519,-0.015393932,
772269611205201,3,0.7101056,-0.023932943,-0.015359531,
772269633483034,3,0.7100577,-0.023931697,-0.015365835,
772269653349978,3,0.7100752,-0.023976175,-0.015322134,
772269673583132,3,0.7101307,-0.023977729,-0.015352253,
772269693572145,3,0.71013695,-0.023975244,-0.015380859,
772269713439088,3,0.7101527,-0.023926403,-0.015492834,
772269731322389,3,0.71021366,-0.023927027,-0.015501488,
772269753752810,3,0.7102849,-0.023934498,-0.015495719,
772269773497684,3,0.7102739,-0.0242075,-0.015764095,
772269791380983,3,0.71020347,-0.024389941,-0.015973497,
772269813963990,3,0.7101418,-0.024513347,-0.016124375,
772269833495241,3,0.7101932,-0.024615865,-0.016199058,
772269853728396,3,0.7102062,-0.024685081,-0.016256448,
772269873686892,3,0.71023196,-0.02472489,-0.016315008,
772269893584353,3,0.71015424,-0.024755606,-0.016348766,
772269911498170,3,0.71008635,-0.024786586,-0.0163556,
772269933837037,3,0.7100494,-0.024797406,-0.016331438,
772269953612429,3,0.710024,-0.02476674,-0.016391547,
772269971556765,3,0.71006244,-0.02476674,-0.016391093,
772269993956667,3,0.7101121,-0.024754703,-0.016414259,
772270013671022,3,0.71019214,-0.024718259,-0.016485369,
772270033873658,3,0.71021605,-0.024707103,-0.016505694,
772270054320436,3,0.7101771,-0.024713738,-0.016440112,
772270073790652,3,0.7100529,-0.024738144,-0.016356055,
772270096526248,3,0.7100111,-0.024730012,-0.016348766,
772270114012819,3,0.71002305,-0.02473664,-0.016317746,
772270133818726,3,0.71005464,-0.024721272,-0.016334632,
772270151702028,3,0.7100773,-0.024706801,-0.016354233,
772270174010378,3,0.71005607,-0.024690513,-0.01637927,
772270193846805,3,0.7100156,-0.024699563,-0.016358333,
772270214049441,3,0.7099807,-0.024724588,-0.0163045,
772270234191041,3,0.7099541,-0.024731217,-0.016292157,
772270253935914,3,0.71000856,-0.024722178,-0.016304957,
772270271819216,3,0.71009105,-0.024717655,-0.016315464,
772270294524295,3,0.7100949,-0.0246884,-0.01637108,
772270313994509,3,0.7101548,-0.024682363,-0.016429685,
772270331908326,3,0.71010447,-0.024700167,-0.016427416,
772270354186158,3,0.71001536,-0.024742661,-0.01636562,
772270374022585,3,0.7099624,-0.024789292,-0.016288498,
772270394255740,3,0.709976,-0.02481873,-0.016242692,
772270414275272,3,0.71003824,-0.024832534,-0.01621974,
772270434111696,3,0.7101018,-0.024809722,-0.016271565,
772270452025513,3,0.7100851,-0.02478298,-0.016328245,
772270474486452,3,0.7100602,-0.024758315,-0.016380636,
772270494170290,3,0.7099546,-0.024791095,-0.016318204,
772270512084109,3,0.70983917,-0.024839135,-0.016270649,
772270534667117,3,0.70982057,-0.024834635,-0.016316377,
772270554198366,3,0.70989585,-0.024837034,-0.01634512,
772270574401002,3,0.7099553,-0.024831634,-0.016377905,
772270594420534,3,0.7100254,-0.024829233,-0.016399728,
772270614287478,3,0.71001774,-0.024831634,-0.01640654,
772270632170779,3,0.70993894,-0.024820229,-0.016437393,
772270654540162,3,0.7098989,-0.024829533,-0.016424695,
772270674346070,3,0.70991254,-0.024837634,-0.016413352,
772270692259889,3,0.7099323,-0.024846032,-0.016397456,
772270714690310,3,0.71001744,-0.024845732,-0.016400183,
772270734374149,3,0.710085,-0.024845133,-0.016402908,
772270754607302,3,0.7100072,-0.024882589,-0.016330069,
772270774962525,3,0.7099659,-0.02486192,-0.01637108,
772270794463258,3,0.7100144,-0.024849331,-0.016394729,
772270812346560,3,0.71007705,-0.024848131,-0.016400183,
772270834685428,3,0.7100825,-0.024848431,-0.016397456,
772270854521853,3,0.71017677,-0.024852628,-0.016389275,
772270872435670,3,0.7102496,-0.024810923,-0.016407903,
772270894682985,3,0.7102902,-0.024783881,-0.016417889,
772270914519411,3,0.71025324,-0.02482113,-0.016310439,
772270934752566,3,0.7102569,-0.024825333,-0.016281636,
772270954894167,3,0.7102486,-0.02482053,-0.016275685,
772270974608522,3,0.7102371,-0.024818128,-0.016270192,
772270992522340,3,0.71026796,-0.024776364,-0.016297188,
772271015257936,3,0.7103111,-0.024761325,-0.01628804,
772271034667117,3,0.71030694,-0.024752297,-0.016280262,
772271052611453,3,0.7102316,-0.024781175,-0.016204575,
772271074889284,3,0.71015394,-0.02481993,-0.016113743,
772271094695191,3,0.71016484,-0.024948128,-0.01609949,
772271114928346,3,0.71017694,-0.024853433,-0.016036434,
772271134947878,3,0.7101686,-0.024828395,-0.016070195,
772271154784305,3,0.7101469,-0.024840064,-0.01605014,
772271172698123,3,0.71011794,-0.02483626,-0.01604768,
772271195128541,3,0.71010655,-0.024831634,-0.016063266,
772271214873414,3,0.7100735,-0.024853228,-0.016020536,
772271232756716,3,0.71006703,-0.024863418,-0.015999129,
772271255400759,3,0.71006745,-0.024868812,-0.01598888,
772271274870974,3,0.7100882,-0.024876,-0.015973497,
772271295104127,3,0.7101291,-0.024871208,-0.015982356,
772271315093141,3,0.71010464,-0.024868513,-0.015988415,
772271334960085,3,0.7099623,-0.02485847,-0.01600256,
772271352873904,3,0.7098597,-0.024857124,-0.01601263,
772271375212772,3,0.70984054,-0.02486132,-0.01600332,
772271395049196,3,0.7099468,-0.024874503,-0.015976295,
772271412932496,3,0.7099363,-0.024930451,-0.015925849,
772271435332399,3,0.7099393,-0.024940312,-0.015947822,
772271455046755,3,0.7098633,-0.02495793,-0.015944084,
772271475279910,3,0.7098243,-0.024953155,-0.015974896,
772271495604617,3,0.7098245,-0.024930451,-0.016033553,
772271515135866,3,0.70985526,-0.02492597,-0.016054451,
772271533049684,3,0.70979744,-0.024921186,-0.016071148,
772271555388552,3,0.7097452,-0.02494569,-0.016027512,
772271575224978,3,0.70972764,-0.024988363,-0.01594642,
772271593108279,3,0.709781,-0.025004458,-0.015914617,
772271615355592,3,0.7097424,-0.024985678,-0.015955295,
772271635222535,3,0.7096155,-0.024977328,-0.015973497,
772271655486208,3,0.70955515,-0.024966586,-0.0159968,
772271675597292,3,0.70963204,-0.02495405,-0.016021468,
772271695342166,3,0.70967746,-0.024959425,-0.016013093,
772271713255983,3,0.7096159,-0.024995219,-0.015941279,
772271735900025,3,0.70954955,-0.024997603,-0.015936138,
772271755370241,3,0.70957714,-0.024989555,-0.015953427,
772271773284060,3,0.70970184,-0.024984784,-0.015960898,
772271795531375,3,0.70975834,-0.024982398,-0.015964165,
772271815398318,3,0.70952624,-0.025020543,-0.01589213,
772271835631471,3,0.70951533,-0.025029177,-0.015875712,
772271855651002,3,0.7094931,-0.025066953,-0.01579903,
772271875487429,3,0.7096165,-0.025101705,-0.015730502,
772271893370730,3,0.7097641,-0.025091909,-0.015748963,
772271915862185,3,0.70978135,-0.025051493,-0.01582824,
772271935546022,3,0.709753,-0.025040785,-0.01584941,
772271953459840,3,0.7097251,-0.025072897,-0.01578582,
772271976134401,3,0.70967835,-0.025108531,-0.015716286,
772271995574099,3,0.7097385,-0.025108235,-0.015715338,
772272015776736,3,0.7097494,-0.025088642,-0.015755111,
772272035796266,3,0.7097493,-0.02505298,-0.015824474,
772272055632691,3,0.7097165,-0.025047328,-0.015837183,
772272073546510,3,0.7096976,-0.025070222,-0.015791483,
772272095915896,3,0.7097155,-0.0250928,-0.015745651,
772272115721805,3,0.7097291,-0.025168104,-0.015644062,
772272133635623,3,0.70982087,-0.025166327,-0.015678314,
772272156035524,3,0.7099049,-0.025124254,-0.015784403,
772272175749879,3,0.70991105,-0.025092503,-0.015862565,
772272195983034,3,0.7098171,-0.025112685,-0.01583436,
772272216338259,3,0.70976704,-0.025111794,-0.015846588,
772272235838992,3,0.7097757,-0.025130183,-0.015813643,
772272253722291,3,0.709861,-0.025142632,-0.015791483,
772272276061158,3,0.7098662,-0.025147373,-0.015786763,
772272295897585,3,0.70990604,-0.02512959,-0.015822591,
772272313811404,3,0.70997,-0.025120102,-0.015843768,
772272336089236,3,0.7100039,-0.025128404,-0.015826358,
772272355925661,3,0.70996165,-0.025139373,-0.015806103,
772272376128296,3,0.70989,-0.025137594,-0.015810816,
772272396269899,3,0.70982444,-0.025137298,-0.015810816,
772272415984255,3,0.7098257,-0.025155963,-0.015774488,
772272433898074,3,0.7098311,-0.025154186,-0.015777795,
772272456603152,3,0.7098537,-0.02514678,-0.015794786,
772272476073366,3,0.70985204,-0.025131665,-0.015824946,
772272494017701,3,0.70984143,-0.025122177,-0.015831064,
772272516295534,3,0.70990527,-0.025113871,-0.01578818,
772272536131961,3,0.7098978,-0.025127811,-0.015718656,
772272556365115,3,0.70986485,-0.025126625,-0.015693039,
772272576354127,3,0.70983905,-0.025112981,-0.015698737,
772272596221070,3,0.7098196,-0.025097549,-0.015716286,
772272614134889,3,0.70990354,-0.02508686,-0.015725765,
772272636565310,3,0.70996046,-0.025077058,-0.015738077,
772272656249149,3,0.7099976,-0.025106156,-0.015676415,
772272674162966,3,0.71000445,-0.025111202,-0.015614029,
772272696776490,3,0.7099342,-0.025066359,-0.015667856,
772272716277223,3,0.70980936,-0.025052087,-0.015672136,
772272736510378,3,0.7098185,-0.025041081,-0.01567784,
772272756529910,3,0.7098606,-0.025034832,-0.015675938,
772272776396853,3,0.7098869,-0.02503632,-0.015665004,
772272794280153,3,0.70981544,-0.025040785,-0.0156493,
772272816619020,3,0.7097368,-0.02504941,-0.015630245,
772272836455446,3,0.7097636,-0.02501131,-0.01570348,
772272854369265,3,0.7097871,-0.024989555,-0.015745178,
772272876769167,3,0.7097453,-0.025011012,-0.01570016,
772272896483522,3,0.70972687,-0.02501697,-0.01568734,
772272916716676,3,0.7097297,-0.025003266,-0.01571439,
772272937132936,3,0.70976526,-0.02499194,-0.015735237,
772272956511599,3,0.7097272,-0.024976134,-0.01576882,
772272974425418,3,0.70967716,-0.02498717,-0.015745651,
772272996794802,3,0.70962465,-0.025044652,-0.01567784,
772273016570191,3,0.7097842,-0.025088642,-0.015618322,
772273034484010,3,0.7098,-0.025077604,-0.01562967,
772273056761843,3,0.70980656,-0.025026498,-0.015782516,
772273076598269,3,0.7097372,-0.024561502,-0.015515779,
772273096831423,3,0.7095813,-0.02493583,-0.01598189,
772273119567018,3,0.7094185,-0.024939118,-0.015984686,
772273136687379,3,0.7092543,-0.024975538,-0.015916022,
772273154601198,3,0.7093348,-0.02499194,-0.015886502,
772273177306277,3,0.70950407,-0.024998795,-0.015873365,
772273196776492,3,0.7096063,-0.024972554,-0.015924914,
772273214659791,3,0.7096606,-0.024940014,-0.015989346,
772273236937623,3,0.7096219,-0.024945091,-0.015980957,
772273256774049,3,0.7094653,-0.024985977,-0.015901972,
772273277007204,3,0.7093355,-0.024992537,-0.015889784,
772273297026736,3,0.7092118,-0.0249639,-0.015949223,
772273316863161,3,0.7092073,-0.02496211,-0.015952026,
772273334776978,3,0.7092925,-0.024977626,-0.015921637,
772273357207399,3,0.70933735,-0.024973748,-0.015930058,
772273376921755,3,0.70914745,-0.024953453,-0.015972096,
772273394835574,3,0.7091289,-0.02495614,-0.015965099,
772273417449099,3,0.7091794,-0.024934039,-0.016009372,
772273436949830,3,0.7091901,-0.024923172,-0.016020447,
772273457182985,3,0.709267,-0.024891796,-0.016086187,
772273477171999,3,0.7093475,-0.02489958,-0.016084947,
772273497038943,3,0.7094035,-0.024908626,-0.016058164,
772273514922244,3,0.7094197,-0.024905933,-0.016063266,
772273537261109,3,0.709443,-0.024877198,-0.016122064,
772273557097535,3,0.70946383,-0.024844533,-0.016186634,
772273574980837,3,0.7094178,-0.024873605,-0.016128995,
772273597411257,3,0.70941436,-0.02488708,-0.016100792,
772273617125613,3,0.70950836,-0.02488768,-0.01609894,
772273637358766,3,0.7095637,-0.024889177,-0.016095238,
772273657683472,3,0.7095851,-0.024880493,-0.016111894,
772273677214723,3,0.70955694,-0.02488169,-0.016110506,
772273695098025,3,0.7094971,-0.024878995,-0.016117442,
772273717467410,3,0.70940953,-0.024905037,-0.01606512,
772273737242800,3,0.7093395,-0.024936428,-0.01600332,
772273755187135,3,0.70935035,-0.024925372,-0.016025187,
772273777495485,3,0.70941484,-0.024865216,-0.016145617,
772273797331911,3,0.70946735,-0.02481903,-0.016237186,
772273817565066,3,0.70950085,-0.024837933,-0.016198138,
772273837615115,3,0.7094913,-0.02489187,-0.01609061,
772273857421022,3,0.70944446,-0.02490713,-0.016013559,
772273875304322,3,0.70937455,-0.024873005,-0.016051667,
772273898039919,3,0.7093314,-0.024858024,-0.016057698,
772273917449099,3,0.70938253,-0.024864018,-0.016029835,
772273935362918,3,0.7094798,-0.024857724,-0.0160303,
772273957640749,3,0.70954555,-0.024841234,-0.016054451,
772273977507691,3,0.7094908,-0.024865815,-0.016001457,
772273997710329,3,0.70933944,-0.024911018,-0.015907126,
772274017729860,3,0.7091866,-0.024944196,-0.015840475,
772274037566287,3,0.7091208,-0.024937324,-0.01585364,
772274055480105,3,0.7091126,-0.02492268,-0.015879935,
772274077941041,3,0.70908123,-0.02492597,-0.015871957,
772274097655397,3,0.70907164,-0.024924474,-0.015875712,
772274115538698,3,0.7091494,-0.024930751,-0.015864914,
772274138152224,3,0.70921427,-0.024934039,-0.01585505,
772274157683474,3,0.7092752,-0.024918495,-0.015885096,
772274177916627,3,0.7092799,-0.024911916,-0.015897285,
772274197905641,3,0.7092391,-0.024915803,-0.015890254,
772274217742067,3,0.70915353,-0.024934636,-0.01585505,
772274235655886,3,0.7091392,-0.024962706,-0.015798558,
772274257994754,3,0.70926684,-0.024970764,-0.015779683,
772274277800661,3,0.70938826,-0.024975538,-0.015770238,
772274295744996,3,0.7093072,-0.024985678,-0.015751328,
772274318144899,3,0.7092018,-0.0249821,-0.015758421,
772274337859255,3,0.7091048,-0.025019351,-0.015684016,
772274358031375,3,0.7091255,-0.025040785,-0.015642634,
772274378386599,3,0.709168,-0.025013693,-0.015695889,
772274397917848,3,0.7092211,-0.024986872,-0.015748963,
772274415801149,3,0.7092389,-0.024986872,-0.015748017,
772274438140016,3,0.7092903,-0.024968078,-0.015786292,
772274457945925,3,0.7093266,-0.024982994,-0.015754638,
772274475859744,3,0.70931387,-0.02500863,-0.015703956,
772274498137574,3,0.7093105,-0.025013098,-0.015694939,
772274517974000,3,0.70923173,-0.025040487,-0.01564168,
772274538207155,3,0.7092086,-0.025025604,-0.01567071,
772274558379276,3,0.70920634,-0.025007438,-0.015706802,
772274578063113,3,0.70922285,-0.025020842,-0.015681641,
772274596007448,3,0.7092358,-0.025048817,-0.015625954,
772274618682009,3,0.70919394,-0.02503989,-0.015643585,
772274638152224,3,0.7091968,-0.025024414,-0.015671661,
772274656035526,3,0.70912087,-0.02500565,-0.015711544,
772274678313356,3,0.7090837,-0.025024712,-0.015675463,
772274698180299,3,0.709112,-0.025047328,-0.015627861,
772274718413455,3,0.7091056,-0.02504941,-0.015625477,
772274738555057,3,0.70912534,-0.025065467,-0.015591108,
772274758421999,3,0.70923495,-0.025053278,-0.01561546,
772274776244264,3,0.709291,-0.025022032,-0.015677365,
772274798705204,3,0.7092575,-0.025050007,-0.015621184,
772274818480594,3,0.7091341,-0.025120102,-0.015483213,
772274836302858,3,0.70905674,-0.025155371,-0.015411347,
772274859007937,3,0.7090791,-0.025232557,-0.015258789,
772274878478153,3,0.70910287,-0.025278306,-0.01521307,
772274898619754,3,0.7086565,-0.024968676,-0.015790539,
772274918639284,3,0.7082854,-0.024746275,-0.016240858,
772274938506228,3,0.7078805,-0.024474109,-0.016792545,
772274956389529,3,0.7075909,-0.024341017,-0.017064102,
772274978758914,3,0.7075901,-0.024287628,-0.017117612,
772274998534304,3,0.7076545,-0.024413757,-0.016917642,
772275016448122,3,0.7076671,-0.02446345,-0.016817816,
772275038939579,3,0.707762,-0.024594367,-0.016552122,
772275058592899,3,0.707726,-0.02456557,-0.016611433,
772275078795534,3,0.70758986,-0.024463147,-0.016817372,
772275099181277,3,0.7075442,-0.024397884,-0.016950639,
772275118651493,3,0.7075387,-0.02438322,-0.016979625,
772275136565311,3,0.70755446,-0.024407959,-0.01693173,
772275158873659,3,0.7075785,-0.024427487,-0.016889874,
772275178679568,3,0.7076112,-0.024426572,-0.01689208,
772275196593386,3,0.7076431,-0.024427181,-0.016890315,
772275218871219,3,0.7075972,-0.02446071,-0.016824016,
772275238707643,3,0.70742136,-0.02451973,-0.016706694,
772275258940798,3,0.7072684,-0.02453583,-0.01667679,
772275279082401,3,0.7072339,-0.024543116,-0.016662486,
772275298857791,3,0.70734286,-0.02453674,-0.01667366,
772275316741091,3,0.70745295,-0.02450818,-0.01668349,
772275339415652,3,0.7075318,-0.024504228,-0.01665712,
772275358916385,3,0.7076235,-0.024480501,-0.016681256,
772275376830203,3,0.70771664,-0.024493888,-0.01662802,
772275399016481,3,0.70775706,-0.024496626,-0.016605152,
772275420043093,3,0.7076634,-0.024513956,-0.016557073,
772275439269168,3,0.7076002,-0.024265908,-0.016264237,
772275459014041,3,0.70760405,-0.024134755,-0.01597163,
772275478942018,3,0.7076864,-0.02401809,-0.015818354,
772275496825319,3,0.70766586,-0.023911452,-0.015761258,
772275519316776,3,0.70765024,-0.023844367,-0.015704904,
772275539000613,3,0.7076259,-0.023834364,-0.015592542,
772275556914431,3,0.70764095,-0.023821233,-0.015524541,
772275579527957,3,0.7076887,-0.023795258,-0.015511097,
772275599059207,3,0.7077205,-0.023788681,-0.0154784005,
772275619261844,3,0.70774543,-0.023788681,-0.0154441865,
772275639250856,3,0.7077205,-0.023806527,-0.015387155,
772275659117800,3,0.7077449,-0.023813099,-0.015359046,
772275677031619,3,0.7077375,-0.023832178,-0.015307539,
772275699339969,3,0.70771015,-0.02383624,-0.015290982,
772275719145876,3,0.70772684,-0.023834677,-0.015290007,
772275737090212,3,0.70769465,-0.023847803,-0.015259766,
772275759490116,3,0.70770437,-0.02386498,-0.015223103,
772275779173953,3,0.7076436,-0.023875592,-0.015199592,
772275799407106,3,0.7076438,-0.023861546,-0.015226528,
772275819823367,3,0.7076694,-0.023871535,-0.015204493,
772275839263065,3,0.7077163,-0.023861546,-0.01522555,
772275857176883,3,0.7076836,-0.023883393,-0.015180954,
772275879515749,3,0.70760393,-0.02387216,-0.015203513,
772275899352175,3,0.7075301,-0.023859672,-0.015231421,
772275917235476,3,0.7075137,-0.023855612,-0.015238756,
772275939513309,3,0.70754117,-0.023849053,-0.015253905,
772275959380251,3,0.70756054,-0.023879336,-0.015189295,
772275979582888,3,0.70761836,-0.023853114,-0.01524169,
772275999724491,3,0.7076517,-0.023829676,-0.01528952,
772276019469363,3,0.70769584,-0.023822483,-0.015301698,
772276037352663,3,0.7076593,-0.023840616,-0.015266599,
772276060057742,3,0.7076597,-0.023845928,-0.015256347,
772276079497440,3,0.7076536,-0.02387684,-0.015192238,
772276097411258,3,0.7077273,-0.023906466,-0.0151337655,
772276119689089,3,0.7078313,-0.02389774,-0.015149511,
772276139525515,3,0.7078891,-0.023880897,-0.015183408,
772276159758670,3,0.70788234,-0.023874031,-0.01519616,
772276179778201,3,0.7078509,-0.02386779,-0.015208413,
772276199614626,3,0.70782053,-0.023861233,-0.015224081,
772276217497927,3,0.7078844,-0.023850303,-0.015242179,
772276239989383,3,0.70789355,-0.023844367,-0.015259277,
772276259673221,3,0.70796007,-0.023840304,-0.015265135,
772276277587038,3,0.70798695,-0.023859672,-0.015224081,
772276300200564,3,0.7079156,-0.023903038,-0.015137703,
772276319670780,3,0.70782095,-0.023926092,-0.015092848,
772276339934451,3,0.70781463,-0.023936678,-0.015069134,
772276360411745,3,0.7078794,-0.02392796,-0.015088898,
772276379790408,3,0.7079137,-0.023926403,-0.015090379,
772276397704226,3,0.7078961,-0.02393232,-0.015078525,
772276420043094,3,0.7079118,-0.023944458,-0.015052809,
772276439849001,3,0.7079631,-0.023943525,-0.015055284,
772276457732302,3,0.70800614,-0.02392547,-0.0150908725,
772276480162723,3,0.70799315,-0.023920488,-0.015102224,
772276499877078,3,0.70801604,-0.02392547,-0.015103211,
772276520079714,3,0.70804185,-0.023918929,-0.0151214525,
772276540465457,3,0.7080368,-0.023928585,-0.01510765,
772276559966190,3,0.70802873,-0.023960944,-0.015090379,
772276577880008,3,0.70807374,-0.023978662,-0.0150908725,
772276600218874,3,0.708134,-0.02396623,-0.015138688,
772276620024783,3,0.70814484,-0.023983942,-0.01512096,
772276637938601,3,0.7080962,-0.023996055,-0.015109129,
772276660216434,3,0.7081123,-0.02399295,-0.015122438,
772276680052858,3,0.7081763,-0.02399854,-0.015116031,
772276700255496,3,0.708246,-0.023996366,-0.0151244085,
772276720397098,3,0.70821136,-0.023995124,-0.015130319,
772276740172488,3,0.708153,-0.02399233,-0.015138688,
772276758025271,3,0.7080875,-0.024015298,-0.015092848,
772276780791384,3,0.7081371,-0.024056215,-0.015011175,
772276800170047,3,0.70828015,-0.024068601,-0.014987828,
772276818083866,3,0.7083519,-0.02401623,-0.0150933415,
772276840392214,3,0.7082392,-0.023976175,-0.015174082,
772276860198123,3,0.7080308,-0.0239625,-0.015203513,
772276880431278,3,0.7079563,-0.023973068,-0.015181935,
772276900450809,3,0.70802164,-0.02395597,-0.015216739,
772276920317751,3,0.70820594,-0.023947882,-0.015230931,
772276938201052,3,0.7082722,-0.023913944,-0.015297315,
772276960661991,3,0.7083147,-0.023909584,-0.015308026,
772276980345828,3,0.708236,-0.02390553,-0.01531873,
772276998259646,3,0.7082012,-0.023897115,-0.0153338,
772277020903689,3,0.70815945,-0.023919553,-0.015290982,
772277040373905,3,0.7081863,-0.023914257,-0.0152992625,
772277060607059,3,0.70816255,-0.023917995,-0.0152934175,
772277080626589,3,0.70818794,-0.02391675,-0.0152934175,
772277100493533,3,0.7082365,-0.023935122,-0.015256347,
772277118376835,3,0.70818734,-0.023946013,-0.015236312,
772277140654666,3,0.70811516,-0.023959078,-0.015209393,
772277160521608,3,0.70812136,-0.023957523,-0.0152142905,
772277178435428,3,0.70815414,-0.023956902,-0.01521478,
772277200835330,3,0.70816106,-0.023956902,-0.015212822,
772277220580203,3,0.70818955,-0.02396312,-0.015200082,
772277240813356,3,0.7081333,-0.023971824,-0.015184879,
772277261138064,3,0.70812076,-0.02399357,-0.015141148,
772277280669315,3,0.70812786,-0.023996986,-0.015135242,
772277298613651,3,0.70814675,-0.023979282,-0.015168679,
772277320921999,3,0.7081783,-0.023972135,-0.015183899,
772277340758425,3,0.7081174,-0.023982389,-0.0151652405,
772277358672245,3,0.7080862,-0.023991708,-0.0151441,
772277380950076,3,0.70806235,-0.0240184,-0.015090379,
772277400786501,3,0.70803905,-0.024032045,-0.015064684,
772277421019656,3,0.7080298,-0.024107883,-0.014911077,
772277441130741,3,0.7080623,-0.024137225,-0.0148535045,
772277460875613,3,0.70801836,-0.024167456,-0.014791679,
772277478758913,3,0.7080338,-0.02414926,-0.014828905,
772277501463992,3,0.7080662,-0.024140311,-0.0148449745,
772277520934207,3,0.7081252,-0.024131667,-0.014863032,
772277538817508,3,0.7081908,-0.024159439,-0.014806782,
772277561095339,3,0.7081991,-0.024202267,-0.014720991,
772277580962283,3,0.7082083,-0.024192723,-0.0147392005,
772277601195438,3,0.7082198,-0.024193339,-0.014738189,
772277621184451,3,0.70819014,-0.024202883,-0.014720486,
772277641051393,3,0.70811933,-0.024220424,-0.014683998,
772277658934695,3,0.7080826,-0.024218885,-0.014688564,
772277681426151,3,0.708103,-0.024221346,-0.014683998,
772277701079471,3,0.70819074,-0.024201345,-0.014722509,
772277718993288,3,0.70819527,-0.024192723,-0.014740211,
772277741667849,3,0.70824045,-0.024165606,-0.014793189,
772277761107547,3,0.70824045,-0.024165606,-0.014793189,
772277781340701,3,0.7082459,-0.02421827,-0.014687549,
772277801390749,3,0.70822656,-0.024261301,-0.014601569,
772277821227175,3,0.7082433,-0.024276344,-0.014572456,
772277839110477,3,0.7082525,-0.024245942,-0.014632662,
772277861479860,3,0.7081771,-0.024221653,-0.014680446,
772277881255251,3,0.70817804,-0.024222577,-0.014679939,
772277899169070,3,0.7080792,-0.02423457,-0.014655048,
772277921630008,3,0.7080266,-0.024253009,-0.014618907,
772277941283327,3,0.707952,-0.024269285,-0.014588296,
772277961546999,3,0.7080474,-0.024260689,-0.0146031,
772277981902224,3,0.7081335,-0.024210885,-0.014703266,
772278001372440,3,0.70823085,-0.024198266,-0.014729593,
772278019255740,3,0.7081865,-0.024226883,-0.0146708,
772278041594606,3,0.70799327,-0.0242923,-0.014540722,
772278061400515,3,0.70774543,-0.024347443,-0.01442962,
772278079283817,3,0.70757765,-0.024398493,-0.0143291,
772278101622683,3,0.70750135,-0.024388108,-0.014349883,
772278121428591,3,0.7074693,-0.024390858,-0.014347287,
772278141661746,3,0.70745754,-0.024397578,-0.014332739,
772278161803348,3,0.70736575,-0.024387803,-0.014364933,
772278181517702,3,0.7072266,-0.024414368,-0.014319737,
772278199462038,3,0.7071332,-0.024430841,-0.014293699,
772278222167117,3,0.7070635,-0.024391774,-0.014376856,
772278241606815,3,0.7068754,-0.024275731,-0.01461279,
772278259520632,3,0.70660645,-0.024226883,-0.0147159295,
772278281859499,3,0.70637757,-0.024282176,-0.014607181,
772278301604373,3,0.7062314,-0.024395745,-0.014380484,
772278321868045,3,0.7062941,-0.024325706,-0.014522264,
772278341857058,3,0.7065591,-0.024189027,-0.014795204,
772278361724001,3,0.7067811,-0.024017159,-0.015140656,
772278379607303,3,0.7067804,-0.02378555,-0.015603527,
772278402068241,3,0.70662755,-0.023670627,-0.015838593,
772278421752077,3,0.706594,-0.023658663,-0.015862096,
772278439635378,3,0.706607,-0.023658663,-0.015862096,
772278462279422,3,0.7065392,-0.023625888,-0.015928656,
772278481749637,3,0.70636046,-0.023541855,-0.01609894,
772278502013308,3,0.7063559,-0.023498774,-0.016185714,
772278522002321,3,0.7064397,-0.023463234,-0.016257364,
772278541869265,3,0.70666575,-0.023393909,-0.016393365,
772278559752567,3,0.70690054,-0.023323737,-0.016531855,
772278582121950,3,0.7069616,-0.023237007,-0.016705357,
772278601897341,3,0.7067736,-0.02309453,-0.016993223,
772278619811160,3,0.7064322,-0.022946296,-0.017297411,
772278642241580,3,0.70612735,-0.0227513,-0.017695565,
772278661925417,3,0.7059365,-0.022537433,-0.018129805,
772278682158571,3,0.70628756,-0.022124719,-0.01811089,
772278702605349,3,0.7074337,-0.021503786,-0.0183321,
772278722045047,3,0.7074337,-0.021503786,-0.0183321,
772278739928347,3,0.7076347,-0.021301182,-0.018447163,
772278762297731,3,0.70739573,-0.021279836,-0.018293856,
772278782103640,3,0.70704937,-0.021412121,-0.017894026,
772278799986942,3,0.706832,-0.02150344,-0.017615808,
772278822295290,3,0.70668197,-0.021485763,-0.017585753,
772278842101198,3,0.7067838,-0.021351838,-0.01780428,
772278862364871,3,0.7071158,-0.021223038,-0.018068468,
772278882506473,3,0.7074107,-0.021159401,-0.018199533,
772278902220827,3,0.7075751,-0.021172427,-0.018179873,
