772243987731082,2,-5.323,-40.763,-120.657,
772244009490114,2,-5.323,-40.763,-120.657,
772244028746707,2,-5.323,-40.763,-120.657,
772244047911746,2,-5.625,-40.763,-120.657,
772244069548709,2,-5.625,-40.763,-120.657,
772244089781862,2,-5.625,-40.763,-120.657,
772244108244996,2,-5.625,-40.763,-120.657,
772244129637820,2,-5.625,-40.763,-120.657,
772244147521120,2,-5.625,-40.763,-120.657,
772244167967898,2,-5.625,-40.763,-120.657,
772244189726931,2,-5.625,-40.763,-120.657,
772244208922487,2,-5.625,-40.763,-120.657,
772244227965455,2,-5.625,-40.763,-120.657,
772244249724490,2,-5.625,-40.763,-120.657,
772244269927128,2,-5.625,-40.763,-120.657,
772244288146121,2,-5.625,-40.763,-120.657,
772244309844118,2,-5.625,-40.763,-120.657,
772244327788454,2,-5.625,-40.763,-120.657,
772244348479374,2,-5.625,-40.763,-120.657,
772244369902712,2,-5.625,-40.763,-120.657,
772244389098269,2,-5.625,-40.763,-120.657,
772244408171755,2,-5.625,-40.763,-120.657,
772244429900272,2,-5.625,-40.763,-120.657,
772244450133425,2,-5.625,-40.763,-120.657,
772244468169313,2,-5.625,-40.763,-120.657,
772244489928347,2,-5.625,-40.763,-120.657,
772244507964236,2,-5.625,-40.763,-120.657,
772244528624636,2,-5.625,-40.763,-120.657,
772244550047976,2,-5.625,-40.763,-120.657,
772244569274051,2,-5.625,-40.763,-120.657,
772244588683231,2,-5.625,-40.763,-120.657,
772244610076052,2,-5.625,-41.076,-120.657,
772244630431276,2,-5.625,-41.076,-120.657,
772244648436648,2,-5.625,-41.076,-120.657,
772244670134647,2,-5.625,-41.076,-120.657,
772244688048464,2,-5.625,-41.076,-120.967,
772244708434206,2,-5.625,-41.076,-120.967,
772244730223758,2,-5.625,-41.076,-120.967,
772244749480350,2,-5.625,-41.076,-120.967,
772244768584353,2,-5.625,-41.076,-120.967,
772244790312868,2,-5.625,-41.076,-120.967,
772244810515506,2,-5.625,-41.076,-120.967,
772244828948124,2,-5.625,-41.076,-120.967,
772244850371462,2,-5.625,-41.076,-120.967,
772244868743044,2,-5.625,-41.076,-120.967,
772244888671023,2,-5.625,-41.076,-120.967,
772244910430057,2,-5.625,-41.076,-120.967,
772244929686648,2,-5.625,-41.076,-120.967,
772244948699099,2,-5.625,-41.076,-120.967,
772244970458133,2,-5.625,-41.076,-120.967,
772244990691288,2,-5.625,-41.076,-120.967,
772245008879763,2,-5.625,-41.076,-120.967,
772245030608278,2,-5.625,-41.076,-120.967,
772245048491580,2,-5.625,-41.076,-120.967,
772245069151981,2,-5.625,-41.076,-120.967,
772245090575320,2,-5.625,-41.076,-120.967,
772245109801394,2,-5.625,-41.076,-120.967,
772245128783328,2,-5.625,-41.076,-120.967,
772245150572879,2,-5.625,-41.076,-120.967,
772245170806033,2,-5.625,-41.076,-120.967,
772245188902956,2,-5.625,-41.076,-120.967,
772245210661990,2,-5.625,-41.076,-120.967,
772245228575809,2,-5.625,-41.076,-120.967,
772245249083621,2,-5.625,-41.076,-120.967,
772245270720583,2,-5.625,-41.076,-120.967,
772245290007693,2,-5.625,-41.076,-121.279,
772245309294803,2,-5.625,-41.076,-121.279,
772245330718142,2,-5.625,-41.076,-121.279,
772245351012331,2,-5.625,-41.076,-121.279,
772245369017703,2,-5.625,-41.076,-121.279,
772245390837772,2,-5.625,-41.076,-121.279,
772245408843142,2,-5.625,-41.076,-121.279,
772245429137331,2,-5.625,-41.076,-121.279,
772245450896365,2,-5.625,-41.076,-121.279,
772245470122440,2,-5.625,-41.076,-121.279,
772245489256960,2,-5.625,-41.076,-121.585,
772245510893923,2,-5.625,-41.076,-121.585,
772245531157596,2,-5.625,-41.076,-121.585,
772245549529178,2,-5.625,-41.384,-121.585,
772245570983034,2,-5.625,-41.384,-121.585,
772245588896853,2,-5.625,-41.384,-121.585,
772245609313113,2,-5.625,-41.384,-121.585,
772245631011112,2,-5.625,-41.384,-121.916,
772245650298220,2,-5.625,-41.384,-121.916,
772245669310671,2,-5.625,-41.384,-121.916,
772245691069705,2,-5.625,-41.384,-121.916,
772245711302860,2,-5.625,-41.384,-121.916,
772245729491335,2,-5.625,-41.384,-121.916,
772245751128298,2,-5.625,-41.384,-121.916,
772245769072635,2,-5.625,-41.384,-121.916,
772245789794071,2,-5.625,-41.384,-121.916,
772245811186892,2,-5.625,-41.384,-121.916,
772245835204225,2,-5.941,-41.384,-121.916,
772245849455935,2,-5.941,-41.384,-121.916,
772245871214969,2,-5.941,-41.384,-121.916,
772245891478640,2,-5.941,-41.384,-121.916,
772245909545046,2,-5.941,-41.384,-121.916,
772245931334597,2,-5.941,-41.384,-121.916,
772245949248417,2,-5.941,-41.384,-121.916,
772245969756228,2,-5.941,-41.384,-121.916,
772245991362673,2,-5.941,-41.384,-121.916,
772246010619266,2,-5.941,-41.384,-121.916,
772246030028446,2,-5.941,-41.384,-121.916,
772246051451784,2,-5.941,-41.384,-121.916,
772246071654421,2,-5.941,-41.384,-121.916,
772246089751346,2,-6.282,-41.384,-121.916,
772246111479862,2,-6.282,-41.384,-121.916,
772246129393679,2,-6.282,-41.384,-121.916,
772246149809939,2,-6.282,-41.384,-121.916,
772246171568972,2,-6.282,-41.384,-121.916,
772246190825565,2,-6.282,-41.384,-121.916,
772246209929568,2,-6.282,-41.384,-121.916,
772246231566530,2,-6.282,-41.384,-121.916,
772246251830203,2,-6.282,-41.384,-121.916,
772246270232303,2,-6.282,-41.384,-121.916,
772246291625124,2,-6.282,-41.384,-121.916,
772246310973269,2,-6.282,-41.384,-121.916,
772246329985721,2,-6.282,-41.384,-121.916,
772246351744754,2,-6.282,-41.384,-121.916,
772246370970828,2,-6.282,-41.384,-121.916,
772246389952761,2,-6.282,-41.384,-121.916,
772246411711795,2,-6.282,-41.384,-121.916,
772246431975467,2,-6.282,-41.384,-121.916,
772246450224978,2,-6.282,-41.384,-121.916,
772246471861940,2,-6.282,-41.384,-121.916,
772246489745242,2,-6.282,-41.384,-121.916,
772246510497196,2,-6.282,-41.384,-121.916,
772246531890017,2,-6.282,-41.384,-121.916,
772246551146609,2,-6.282,-41.384,-121.916,
772246570128543,2,-6.282,-41.384,-121.916,
772246591918094,2,-6.282,-41.384,-121.916,
772246612181765,2,-6.282,-41.384,-121.916,
772246630217653,2,-6.282,-41.384,-121.916,
772246652007205,2,-6.282,-41.384,-121.916,
772246669951542,2,-6.282,-41.384,-121.916,
772246690459353,2,-6.282,-41.384,-121.916,
772246712096315,2,-6.282,-41.384,-121.916,
772246731322391,2,-6.282,-41.384,-121.916,
772246750701053,2,-6.282,-41.384,-121.916,
772246772093874,2,-6.282,-41.384,-121.916,
772246792327028,2,-6.282,-41.384,-121.916,
772246810423953,2,-6.282,-41.384,-121.916,
772246832213504,2,-6.282,-41.384,-121.916,
772246850127322,2,-6.282,-41.384,-121.916,
772246870513064,2,-6.282,-41.384,-121.916,
772246892272097,2,-6.282,-41.384,-121.916,
772246911528690,2,-6.282,-41.384,-121.916,
772246930632693,2,-6.282,-41.384,-121.916,
772246952239138,2,-6.282,-41.384,-121.916,
772246972533328,2,-6.282,-41.384,-121.916,
772246990965946,2,-6.282,-41.384,-121.916,
772247012358767,2,-6.282,-41.384,-121.916,
772247030272585,2,-6.282,-41.384,-121.916,
772247054747683,2,-6.282,-41.384,-121.916,
772247071715458,2,-6.282,-41.384,-121.916,
772247089629275,2,-6.282,-41.384,-121.916,
772247111937624,2,-6.282,-41.384,-121.916,
772247131774051,2,-6.282,-41.384,-121.916,
772247152007205,2,-6.282,-41.384,-121.916,
772247172118287,2,-6.282,-41.384,-121.916,
772247191832644,2,-6.282,-41.384,-121.916,
772247209746463,2,-6.282,-41.384,-121.916,
772247232482058,2,-6.282,-41.384,-121.916,
772247251921754,2,-6.282,-41.384,-121.916,
772247269835573,2,-6.282,-41.384,-121.916,
772247292113406,2,-6.282,-41.384,-121.916,
772247311949832,2,-6.282,-41.384,-121.916,
772247332182985,2,-6.282,-41.384,-121.916,
772247352202517,2,-6.282,-41.384,-121.916,
772247372008426,2,-6.282,-41.384,-121.6,
772247389922244,2,-6.282,-41.056,-121.6,
772247412413698,2,-6.282,-41.056,-121.6,
772247432097536,2,-6.282,-41.056,-121.6,
772247449980838,2,-6.282,-41.056,-121.6,
772247472624880,2,-6.282,-41.056,-121.6,
772247492095094,2,-6.282,-41.056,-121.6,
772247512328249,2,-6.282,-41.056,-121.6,
772247532378299,2,-6.282,-41.056,-121.6,
772247552214724,2,-6.282,-41.056,-121.6,
772247570098024,2,-6.282,-41.056,-121.6,
772247592467409,2,-6.282,-41.056,-121.6,
772247612273318,2,-6.282,-41.056,-121.6,
772247630156619,2,-6.282,-41.056,-121.6,
772247652587037,2,-6.282,-41.056,-121.6,
772247672270876,2,-6.282,-41.056,-121.6,
772247692534549,2,-6.282,-41.056,-121.6,
772247712859255,2,-6.282,-41.056,-121.6,
772247732390504,2,-6.282,-41.056,-121.6,
772247750273806,2,-6.282,-41.056,-121.6,
772247772643191,2,-6.282,-41.056,-121.6,
772247792449099,2,-6.282,-41.056,-121.6,
772247810332399,2,-6.282,-41.056,-121.6,
772247832640749,2,-6.282,-41.056,-121.6,
772247852446658,2,-6.282,-41.056,-121.6,
772247872679812,2,-6.282,-41.056,-121.6,
772247892821412,2,-6.282,-41.056,-121.6,
772247912535769,2,-6.282,-41.056,-121.6,
772247930449588,2,-6.282,-41.056,-121.6,
772247953215701,2,-6.282,-41.056,-121.6,
772247972594362,2,-6.282,-41.056,-121.6,
772247990508181,2,-6.282,-41.056,-121.6,
772248012816531,2,-6.282,-41.056,-121.6,
772248032622439,2,-6.282,-41.056,-121.6,
772248052886110,2,-6.282,-41.056,-121.6,
772248072905642,2,-6.282,-41.056,-121.6,
772248092742068,2,-6.282,-41.056,-121.6,
772248110625369,2,-6.282,-41.056,-121.6,
772248133116823,2,-6.282,-41.056,-121.6,
772248152770144,2,-6.282,-41.056,-121.6,
772248170683963,2,-6.282,-41.056,-121.6,
772248193328005,2,-6.282,-41.056,-121.6,
772248212798219,2,-6.282,-41.056,-121.6,
772248233031374,2,-6.282,-41.056,-121.6,
772248253050906,2,-6.282,-41.056,-121.6,
772248272887332,2,-6.282,-41.056,-121.6,
772248290770631,2,-6.282,-41.056,-121.6,
772248313140017,2,-6.282,-41.056,-121.6,
772248332945926,2,-6.282,-41.056,-121.6,
772248350890261,2,-6.282,-41.056,-121.6,
772248373259645,2,-6.282,-41.056,-121.6,
772248392973999,2,-6.282,-41.056,-121.6,
772248413207154,2,-6.282,-41.056,-121.6,
772248433592897,2,-6.282,-41.056,-121.6,
772248453032595,2,-6.282,-41.056,-121.6,
772248470976932,2,-6.282,-41.056,-121.6,
772248493285280,2,-6.282,-41.056,-121.6,
772248513091187,2,-6.282,-41.056,-121.295,
772248531005006,2,-6.282,-41.056,-121.295,
772248553343874,2,-6.282,-41.056,-121.295,
772248573149783,2,-6.282,-41.056,-121.295,
772248593352420,2,-6.282,-41.056,-121.295,
772248613524537,2,-6.282,-41.056,-121.295,
772248633238892,2,-6.282,-41.056,-121.295,
772248651152711,2,-6.282,-41.056,-121.295,
772248673827272,2,-6.282,-41.056,-121.295,
772248693266970,2,-6.282,-41.056,-121.295,
772248711211307,2,-6.282,-41.056,-121.295,
772248733489138,2,-6.282,-41.056,-121.295,
772248753295045,2,-6.282,-41.056,-121.295,
772248773558717,2,-6.282,-41.056,-121.295,
772248793578249,2,-6.282,-41.056,-121.295,
772248813414676,2,-6.282,-41.056,-121.295,
772248831297976,2,-6.282,-41.056,-121.295,
772248858702760,2,-6.282,-41.056,-121.295,
772248872679810,2,-6.282,-41.056,-121.295,
772248891356568,2,-6.282,-41.056,-121.295,
772248914000612,2,-6.282,-41.056,-121.295,
772248933470828,2,-6.282,-41.056,-121.295,
772248953703983,2,-6.584,-41.056,-121.295,
772248973692995,2,-6.584,-41.056,-121.295,
772248993559937,2,-6.584,-41.056,-121.295,
772249011473756,2,-6.584,-41.056,-121.295,
772249033843142,2,-6.584,-41.056,-121.295,
772249053618533,2,-6.584,-41.056,-121.295,
772249071532351,2,-6.584,-41.056,-121.295,
772249093962770,2,-6.584,-41.056,-121.295,
772249113646608,2,-6.584,-41.056,-121.295,
772249133910280,2,-6.584,-41.056,-121.295,
772249154234988,2,-6.584,-41.056,-121.295,
772249173766238,2,-6.584,-41.056,-121.295,
772249191649537,2,-6.584,-41.056,-121.295,
772249213988404,2,-6.584,-41.056,-121.295,
772249233794313,2,-6.584,-41.056,-121.295,
772249251708132,2,-6.584,-40.71,-121.295,
772249273985965,2,-6.584,-40.71,-121.295,
772249293822390,2,-6.584,-40.71,-121.295,
772249314086060,2,-6.584,-40.71,-120.965,
772249334197145,2,-6.584,-40.71,-120.965,
772249353911501,2,-6.584,-40.71,-120.965,
772249371825320,2,-6.584,-40.71,-120.965,
772249394530398,2,-6.584,-40.71,-120.965,
772249413970094,2,-6.584,-40.71,-120.965,
772249431883912,2,-6.584,-40.71,-120.965,
772249454192263,2,-6.584,-40.71,-120.965,
772249474028689,2,-6.584,-40.71,-120.965,
772249494261843,2,-6.584,-40.71,-120.965,
772249514281373,2,-6.584,-40.71,-120.965,
772249534117799,2,-6.584,-40.71,-120.965,
772249552001100,2,-6.584,-40.71,-120.965,
772249574492556,2,-6.584,-40.71,-120.965,
772249594145877,2,-6.584,-40.71,-120.965,
772249612090212,2,-6.584,-40.71,-120.965,
772249634703736,2,-6.584,-40.71,-120.965,
772249654204469,2,-6.584,-40.71,-120.965,
772249674407107,2,-6.584,-40.71,-120.965,
772249694365603,2,-6.584,-40.71,-120.965,
772249714263064,2,-6.584,-40.71,-121.267,
772249732207399,2,-6.584,-40.71,-121.267,
772249754515748,2,-6.584,-40.71,-121.267,
772249774321657,2,-6.584,-40.71,-121.267,
772249792235476,2,-6.584,-40.71,-121.267,
772249814665896,2,-6.584,-40.71,-121.267,
772249834349733,2,-6.584,-40.71,-121.267,
772249854613404,2,-6.584,-40.71,-121.267,
772249874999147,2,-6.584,-40.71,-121.267,
772249894469363,2,-6.584,-41.02,-121.267,
772249912352664,2,-6.584,-41.02,-121.267,
772249934691530,2,-6.584,-41.02,-121.267,
772249954650025,2,-6.584,-41.02,-121.267,
772249972411256,2,-6.584,-41.02,-121.267,
772249994689089,2,-6.584,-41.02,-121.267,
772250014525516,2,-6.584,-41.02,-121.267,
772250034758670,2,-6.584,-41.02,-121.267,
772250054869752,2,-6.584,-41.02,-121.267,
772250074614625,2,-6.584,-41.02,-121.267,
772250092528444,2,-6.584,-41.02,-121.267,
772250115233523,2,-6.584,-41.02,-121.267,
772250134673220,2,-6.584,-41.02,-121.267,
772250152587037,2,-6.584,-41.02,-121.267,
772250174864869,2,-6.584,-41.02,-121.267,
772250194670778,2,-6.584,-41.02,-121.267,
772250214934451,2,-6.584,-41.02,-121.267,
772250234953983,2,-6.584,-41.02,-121.267,
772250254790407,2,-6.584,-41.02,-121.267,
772250272704224,2,-6.584,-41.02,-121.267,
772250295165162,2,-6.584,-41.02,-121.267,
772250314849001,2,-6.584,-41.02,-121.267,
772250332762820,2,-6.584,-41.02,-121.267,
772250355345828,2,-6.584,-41.02,-121.267,
772250374877077,2,-6.584,-41.02,-121.267,
772250395110231,2,-6.584,-41.02,-121.267,
772250415129763,2,-6.584,-41.02,-121.267,
772250434966189,2,-6.584,-41.02,-121.267,
772250452849490,2,-6.584,-41.02,-121.267,
772250475218873,2,-6.584,-41.02,-121.267,
772250494994264,2,-6.584,-41.02,-121.267,
772250512938600,2,-6.584,-41.02,-121.267,
772250535338503,2,-6.584,-41.02,-121.267,
772250555052860,2,-6.584,-41.02,-121.267,
772250575286013,2,-6.584,-41.02,-121.267,
772250595641236,2,-6.584,-41.02,-121.267,
772250615111452,2,-6.584,-41.02,-121.267,
772250633025271,2,-6.584,-41.02,-121.267,
772250655364139,2,-6.584,-41.02,-121.568,
772250675170046,2,-6.584,-41.02,-121.568,
772250693083864,2,-6.584,-41.02,-121.568,
772250715361695,2,-6.584,-41.02,-121.568,
772250735198122,2,-6.584,-41.02,-121.568,
772250755431277,2,-6.584,-41.02,-121.568,
772250775542361,2,-6.584,-41.02,-121.568,
772250795287233,2,-6.584,-41.02,-121.568,
772250814086060,2,-6.584,-41.02,-121.568,
772250835936647,2,-6.584,-41.02,-121.568,
772250855376345,2,-6.584,-41.02,-121.568,
772250873290164,2,-6.584,-41.02,-121.568,
772250895598513,2,-6.584,-41.02,-121.568,
772250915404420,2,-6.584,-41.02,-121.237,
772250935698610,2,-6.584,-41.02,-121.237,
772250955687624,2,-6.584,-41.02,-121.237,
772250975524051,2,-6.584,-41.02,-121.237,
772250993407351,2,-6.584,-41.02,-121.237,
772251015898805,2,-6.584,-41.02,-121.237,
772251035552125,2,-6.584,-41.02,-121.237,
772251053465944,2,-6.584,-41.02,-121.237,
772251076109988,2,-6.584,-41.02,-121.237,
772251095580202,2,-6.584,-41.02,-121.237,
772251115813356,2,-6.584,-41.02,-121.237,
772251135802369,2,-6.584,-41.02,-121.237,
772251155669313,2,-6.584,-41.02,-121.237,
772251173583132,2,-6.584,-41.02,-121.237,
772251195922000,2,-6.584,-41.02,-121.543,
772251215697390,2,-6.584,-41.02,-121.543,
772251233641724,2,-6.584,-41.02,-121.543,
772251256041627,2,-6.584,-41.02,-121.543,
772251275755984,2,-6.584,-41.02,-121.543,
772251296019656,2,-6.584,-41.02,-121.543,
772251316344363,2,-6.584,-41.02,-121.543,
772251335845094,2,-6.584,-41.02,-121.543,
772251353758912,2,-6.584,-41.02,-121.543,
772251376128298,2,-6.584,-41.02,-121.543,
772251395903689,2,-6.584,-41.02,-121.543,
772251413817507,2,-6.584,-41.02,-121.543,
772251436095338,2,-6.584,-41.02,-121.543,
772251455931764,2,-6.584,-41.02,-121.543,
772251476195436,2,-6.584,-41.02,-121.543,
772251496306521,2,-6.584,-41.02,-121.543,
772251516020877,2,-6.584,-41.02,-121.543,
772251533934694,2,-6.584,-41.02,-121.543,
772251556609253,2,-6.584,-41.02,-121.543,
772251576079469,2,-6.584,-41.02,-121.543,
772251594023806,2,-6.584,-41.02,-121.543,
772251616271121,2,-6.584,-41.02,-121.543,
772251636077029,2,-6.584,-41.02,-121.543,
772251656340700,2,-6.584,-41.02,-121.543,
772251676329713,2,-6.584,-41.02,-121.543,
772251696196657,2,-6.584,-41.02,-121.543,
772251714110476,2,-6.584,-41.02,-121.543,
772251736601931,2,-6.584,-41.02,-121.543,
772251756316285,2,-6.584,-41.02,-121.543,
772251774199586,2,-6.584,-41.02,-121.543,
772251796904665,2,-6.584,-41.02,-121.543,
772251816313845,2,-6.584,-41.323,-121.543,
772251836577518,2,-6.584,-41.323,-121.543,
772251856505495,2,-6.584,-41.323,-121.543,
772251876311402,2,-6.584,-41.323,-121.543,
772251895995241,2,-6.584,-41.323,-121.543,
772251916594607,2,-6.584,-41.323,-121.543,
772251936369998,2,-6.584,-41.323,-121.543,
772251954314334,2,-6.584,-41.323,-121.543,
772251976714235,2,-6.584,-41.323,-121.543,
772251996428590,2,-6.584,-41.323,-121.543,
772252016631227,2,-6.584,-41.323,-121.543,
772252036955935,2,-6.584,-41.323,-121.543,
772252056517702,2,-6.584,-41.323,-121.543,
772252074431520,2,-6.584,-41.323,-121.543,
772252096739869,2,-6.584,-41.323,-121.543,
772252116545778,2,-6.584,-41.323,-121.543,
772252134459597,2,-6.584,-41.323,-121.543,
772252156767947,2,-6.584,-41.323,-121.543,
772252176604372,2,-6.584,-41.323,-121.543,
772252196837525,2,-6.584,-41.323,-121.543,
772252216979127,2,-6.584,-41.323,-121.543,
772252236693484,2,-6.584,-41.323,-121.543,
772252254576785,2,-6.584,-41.323,-121.543,
772252277281863,2,-6.584,-41.323,-121.543,
772252296752077,2,-6.584,-41.323,-121.543,
772252314635377,2,-6.584,-41.323,-121.543,
772252336913210,2,-6.584,-41.323,-121.543,
772252356780154,2,-6.584,-41.323,-121.543,
772252377013308,2,-6.584,-41.323,-121.543,
772252397002320,2,-6.584,-41.323,-121.543,
772252416869264,2,-6.584,-41.323,-121.543,
772252434783083,2,-6.584,-41.323,-121.543,
772252457213503,2,-6.584,-41.323,-121.543,
772252476927860,2,-6.584,-41.323,-121.543,
772252494811159,2,-6.584,-41.323,-121.543,
772252517455201,2,-6.584,-41.323,-121.543,
772252536925416,2,-6.584,-41.323,-121.543,
772252557189089,2,-6.584,-41.323,-121.543,
772252577208621,2,-6.584,-41.323,-121.543,
772252597014529,2,-6.584,-41.323,-121.543,
772252614928346,2,-6.584,-41.323,-121.543,
772252637297731,2,-6.584,-41.323,-121.543,
772252657103640,2,-6.584,-41.323,-121.543,
772252675017459,2,-6.584,-41.323,-121.543,
772252697447878,2,-6.584,-41.323,-121.543,
772252717101197,2,-6.584,-41.011,-121.238,
772252737364869,2,-6.584,-41.011,-121.238,
772252757781129,2,-6.584,-41.011,-121.238,
772252777220828,2,-6.584,-41.011,-121.238,
772252795134647,2,-6.584,-41.011,-121.238,
772252817473513,2,-6.584,-41.011,-121.238,
772252837248902,2,-6.584,-41.011,-121.238,
772252855193239,2,-6.584,-41.011,-121.238,
772252877501589,2,-6.584,-41.011,-121.238,
772252897276980,2,-6.584,-41.011,-121.238,
772252917540652,2,-6.584,-41.011,-121.238,
772252937651735,2,-6.584,-41.011,-121.238,
772252957366090,2,-6.584,-41.011,-121.238,
772252975279909,2,-6.584,-41.011,-121.238,
772252997984988,2,-6.584,-41.011,-121.238,
772253017455202,2,-6.584,-41.011,-121.238,
772253035338502,2,-6.584,-41.011,-121.238,
772253057646851,2,-6.584,-41.011,-121.238,
772253077483278,2,-6.584,-41.011,-121.238,
772253097685915,2,-6.584,-41.011,-121.238,
772253117735965,2,-6.584,-41.011,-121.238,
772253137572390,2,-6.584,-41.011,-121.238,
772253155486207,2,-6.584,-41.011,-121.238,
772253177947145,2,-6.584,-41.011,-121.238,
772253197600466,2,-6.584,-41.011,-121.238,
772253215514285,2,-6.584,-41.011,-121.238,
772253238158328,2,-6.584,-41.011,-121.238,
772253257628541,2,-6.584,-41.011,-121.238,
772253277861695,2,-6.584,-41.011,-121.238,
772253297850710,2,-6.584,-41.011,-121.238,
772253317717654,2,-6.584,-41.011,-121.238,
772253335600955,2,-6.584,-41.011,-120.936,
772253357970338,2,-6.584,-41.011,-120.936,
772253377745728,2,-6.584,-41.011,-120.936,
772253395659548,2,-6.584,-41.011,-120.936,
772253418120486,2,-6.584,-41.011,-120.936,
772253437804324,2,-6.584,-41.011,-120.936,
772253458037477,2,-6.584,-41.011,-120.936,
772253478362184,2,-6.584,-41.011,-120.936,
772253497862916,2,-6.584,-41.011,-120.936,
772253515776736,2,-6.584,-41.011,-120.936,
772253538146121,2,-6.584,-41.011,-120.936,
772253557952029,2,-6.584,-41.011,-121.272,
772253575865846,2,-6.584,-41.011,-121.272,
772253598143678,2,-6.584,-41.011,-121.272,
772253617949587,2,-6.584,-41.011,-121.272,
772253638213259,2,-6.584,-41.011,-121.272,
772253658354861,2,-6.584,-41.011,-121.272,
772253678069215,2,-6.584,-41.011,-121.272,
772253695983033,2,-6.584,-41.011,-121.272,
772253718718630,2,-6.584,-41.011,-121.272,
772253738127810,2,-6.584,-41.331,-121.272,
772253756041629,2,-6.584,-41.331,-121.272,
772253778349977,2,-6.584,-41.331,-121.572,
772253798125367,2,-6.584,-41.331,-121.572,
772253818389040,2,-6.584,-41.331,-121.572,
772253838378055,2,-6.584,-41.331,-121.572,
772253858306034,2,-6.584,-41.331,-121.572,
772253876158816,2,-6.584,-41.331,-121.572,
772253898650270,2,-6.584,-41.331,-121.572,
772253918425661,2,-6.584,-41.331,-121.572,
772253936247927,2,-6.584,-41.331,-121.572,
772253958861454,2,-6.584,-41.331,-121.572,
772253978392703,2,-6.584,-41.331,-121.572,
772253998595338,2,-6.584,-41.331,-121.572,
772254018614870,2,-6.584,-41.331,-121.572,
772254038451297,2,-6.584,-41.331,-121.572,
772254056304080,2,-6.584,-41.331,-121.572,
772254078642947,2,-6.584,-41.331,-121.572,
772254098448854,2,-6.584,-41.331,-121.572,
772254116362673,2,-6.584,-41.331,-121.572,
772254138762577,2,-6.584,-41.331,-121.572,
772254158476932,2,-6.584,-41.331,-121.572,
772254178710085,2,-6.584,-41.331,-121.572,
772254199065310,2,-6.584,-41.331,-121.572,
772254218566043,2,-6.584,-41.331,-121.572,
772254236479862,2,-6.584,-41.331,-121.572,
772254258788210,2,-6.584,-41.331,-121.572,
772254278624636,2,-6.584,-41.331,-121.572,
772254296568972,2,-6.584,-41.331,-121.572,
772254318816287,2,-6.584,-41.331,-121.572,
772254338652712,2,-6.584,-41.331,-121.572,
772254358916384,2,-6.584,-41.331,-121.572,
772254378996952,2,-6.584,-41.331,-121.572,
772254398741824,2,-6.584,-41.331,-121.572,
772254416655642,2,-6.584,-41.331,-121.572,
772254439330203,2,-6.584,-41.331,-121.572,
772254458800418,2,-6.584,-41.331,-121.572,
772254476744754,2,-6.584,-41.331,-121.572,
772254498992067,2,-6.584,-41.331,-121.572,
772254518828494,2,-6.584,-41.331,-121.572,
772254539092166,2,-6.584,-41.331,-121.572,
772254559081180,2,-6.584,-41.331,-121.572,
772254578917604,2,-6.584,-41.331,-121.572,
772254596831423,2,-6.584,-41.331,-121.572,
772254619322879,2,-6.584,-41.331,-121.572,
772254638976199,2,-6.584,-41.331,-121.572,
772254656890017,2,-6.584,-41.331,-121.572,
772254679564578,2,-6.584,-41.331,-121.572,
772254698973758,2,-6.584,-41.331,-121.572,
772254719237430,2,-6.584,-41.331,-121.572,
772254739256960,2,-6.584,-41.331,-121.572,
772254759062869,2,-6.584,-41.331,-121.572,
772254776976687,2,-6.584,-41.331,-121.572,
772254799346072,2,-6.584,-41.331,-121.572,
772254819151979,2,-6.584,-41.331,-121.572,
772254837065798,2,-6.584,-41.331,-121.572,
772254859496219,2,-6.913,-41.331,-121.572,
772254879180057,2,-6.913,-41.03,-121.572,
772254899413210,2,-6.913,-41.03,-121.572,
772254919768435,2,-6.913,-41.03,-121.572,
772254939269168,2,-6.913,-41.03,-121.572,
772254957182987,2,-6.913,-41.03,-121.572,
772254979521852,2,-6.913,-41.03,-121.572,
772254999327761,2,-6.913,-41.03,-121.572,
772255017211062,2,-6.913,-41.03,-121.572,
772255039519412,2,-6.913,-41.03,-121.572,
772255059325319,2,-6.913,-41.03,-121.572,
772255079588992,2,-6.913,-41.03,-121.572,
772255099730594,2,-6.913,-41.03,-121.572,
772255119444949,2,-6.913,-41.03,-121.572,
772255137358767,2,-6.913,-41.03,-121.572,
772255160094363,2,-6.913,-41.03,-121.572,
772255179534061,2,-6.913,-41.03,-121.572,
772255197447879,2,-6.913,-41.03,-121.572,
772255219725710,2,-6.913,-41.03,-121.572,
772255239562136,2,-6.913,-41.03,-121.572,
772255259825809,2,-6.913,-41.03,-121.572,
772255279784305,2,-6.913,-41.03,-121.572,
772255299651247,2,-6.913,-41.03,-121.572,
772255317534548,2,-6.913,-41.03,-121.572,
772255339995487,2,-6.913,-41.03,-121.572,
772255359679324,2,-6.913,-41.03,-121.572,
772255377593142,2,-6.913,-41.03,-121.572,
772255400237185,2,-6.913,-41.03,-121.572,
772255419707401,2,-6.913,-41.03,-121.572,
772255439940555,2,-6.913,-41.03,-121.572,
772255459929567,2,-6.913,-41.03,-121.572,
772255479796511,2,-6.913,-41.03,-121.572,
772255497710330,2,-6.913,-41.03,-121.572,
772255520049197,2,-6.913,-41.03,-121.572,
772255539885622,2,-6.913,-41.03,-121.572,
772255557768923,2,-6.913,-41.03,-121.572,
772255580199344,2,-6.913,-41.03,-121.572,
772255599883182,2,-6.913,-41.03,-121.572,
772255620146852,2,-6.913,-41.03,-121.572,
772255640563113,2,-6.913,-41.03,-121.572,
772255660002811,2,-6.913,-41.349,-121.572,
772255677916629,2,-6.913,-41.349,-121.572,
772255700224977,2,-6.913,-41.349,-121.572,
772255720030886,2,-6.913,-41.349,-121.572,
772255737914187,2,-6.913,-41.349,-121.572,
772255760192020,2,-6.913,-41.349,-121.572,
772255780028444,2,-6.913,-41.349,-121.572,
772255800261599,2,-6.913,-41.349,-121.572,
772255820372684,2,-6.913,-41.349,-121.572,
772255840117557,2,-6.913,-41.349,-121.572,
772255858031374,2,-6.913,-41.349,-121.572,
772255880705935,2,-6.913,-41.349,-121.572,
772255900176151,2,-6.913,-41.349,-121.572,
772255918089969,2,-6.913,-41.349,-121.572,
772255940367800,2,-6.913,-41.349,-121.572,
772255960204226,2,-6.913,-41.349,-121.572,
772255980467899,2,-6.913,-41.349,-121.572,
772256000456912,2,-6.913,-41.349,-121.572,
772256020293337,2,-6.913,-41.349,-121.572,
772256038207155,2,-6.913,-41.349,-121.572,
772256060698612,2,-6.913,-41.349,-121.572,
772256080382449,2,-6.913,-41.349,-121.572,
772256098357302,2,-6.913,-41.349,-121.572,
772256120909793,2,-6.913,-41.349,-121.572,
772256140441043,2,-6.913,-41.349,-121.572,
772256160674197,2,-6.913,-41.349,-121.572,
772256180632692,2,-6.913,-41.349,-121.572,
772256200530154,2,-6.913,-41.349,-121.572,
772256218413456,2,-6.913,-41.349,-121.572,
772256240752322,2,-6.913,-41.349,-121.572,
772256260558229,2,-6.913,-41.349,-121.572,
772256278472049,2,-6.913,-41.349,-121.572,
772256300871952,2,-6.913,-41.349,-121.572,
772256320586307,2,-6.913,-41.349,-121.572,
772256340819460,2,-6.913,-41.349,-121.572,
772256361174685,2,-6.913,-41.349,-121.572,
772256380736454,2,-6.913,-41.349,-121.572,
772256398558719,2,-6.913,-41.349,-121.572,
772256420958620,2,-6.913,-41.349,-121.572,
772256440764529,2,-6.913,-41.349,-121.572,
772256458647831,2,-6.913,-41.349,-121.572,
772256480925662,2,-6.913,-41.349,-121.572,
772256500762087,2,-6.913,-41.036,-121.572,
772256520995242,2,-6.913,-41.036,-121.572,
772256541136844,2,-6.913,-41.036,-121.572,
772256560851199,2,-6.913,-41.036,-121.249,
772256578765017,2,-6.913,-41.036,-121.249,
772256601531130,2,-6.913,-41.036,-121.249,
772256620940311,2,-6.913,-41.036,-121.249,
772256638793094,2,-6.913,-41.036,-121.249,
772256661101442,2,-6.913,-41.036,-121.249,
772256680907351,2,-6.913,-41.036,-121.249,
772256701140506,2,-6.913,-40.722,-120.925,
772256721129520,2,-6.913,-40.722,-120.925,
772256740965944,2,-6.913,-40.722,-120.925,
772256758879763,2,-6.913,-40.722,-120.925,
772256781371219,2,-6.913,-40.722,-120.925,
772256801055057,2,-6.913,-40.722,-120.925,
772256818938356,2,-6.913,-40.722,-120.925,
772256841582400,2,-6.913,-40.722,-120.925,
772256861083133,2,-6.913,-40.722,-120.925,
772256881316287,2,-6.913,-40.722,-120.925,
772256901305300,2,-6.913,-40.722,-120.925,
772256921141726,2,-6.913,-40.722,-120.925,
772256939055545,2,-6.913,-40.722,-120.925,
772256961424930,2,-6.913,-40.722,-120.925,
772256981230837,2,-6.913,-40.722,-120.925,
772256999114138,2,-6.913,-40.722,-120.925,
772257021514041,2,-6.913,-40.722,-120.925,
772257041228397,2,-6.913,-40.722,-120.925,
772257061492067,2,-6.913,-41.027,-121.24,
772257081816775,2,-6.913,-41.027,-121.24,
772257101317508,2,-6.913,-41.027,-121.24,
772257119231326,2,-6.913,-41.027,-121.24,
772257141570192,2,-6.913,-41.027,-121.24,
772257161376101,2,-6.913,-41.027,-121.24,
772257179289920,2,-6.913,-41.027,-121.24,
772257201567752,2,-6.913,-41.027,-121.24,
772257221404177,2,-6.913,-41.027,-121.24,
772257241667849,2,-6.913,-41.027,-121.24,
772257261809452,2,-6.913,-41.027,-121.24,
772257281523807,2,-6.913,-41.027,-121.24,
772257299407106,2,-6.913,-41.027,-121.24,
772257322112185,2,-6.913,-41.027,-121.24,
772257341551883,2,-6.913,-41.027,-121.24,
772257359465700,2,-6.913,-41.027,-121.24,
772257381743532,2,-6.913,-41.027,-121.24,
772257401579959,2,-6.913,-41.027,-121.24,
772257421813114,2,-6.913,-41.027,-121.24,
772257441802126,2,-6.913,-41.027,-121.24,
772257461699587,2,-6.913,-41.027,-121.24,
772257479582888,2,-6.913,-41.027,-121.24,
772257502074344,2,-6.913,-41.027,-121.24,
772257521727663,2,-6.913,-41.027,-121.24,
772257539641481,2,-6.913,-41.027,-121.24,
772257562346560,2,-6.913,-41.027,-121.24,
772257581755741,2,-6.913,-41.027,-121.24,
772257602019411,2,-6.913,-41.027,-121.24,
772257622008425,2,-6.913,-41.027,-121.24,
772257641844851,2,-6.913,-41.027,-121.24,
772257659758670,2,-6.913,-41.027,-121.24,
772257682097536,2,-6.913,-41.027,-121.24,
772257701872927,2,-6.913,-41.027,-121.24,
772257719817263,2,-6.913,-41.027,-121.24,
772257742247684,2,-6.913,-41.027,-120.925,
772257761962038,2,-6.913,-41.027,-120.925,
772257782195192,2,-6.913,-41.027,-120.925,
772257802519900,2,-6.913,-41.027,-120.925,
772257822020633,2,-6.913,-40.702,-120.925,
772257839934450,2,-6.913,-40.702,-120.925,
772257862273317,2,-7.215,-40.702,-120.925,
772257882079226,2,-7.215,-40.702,-120.925,
772257899993045,2,-7.215,-40.702,-120.925,
772257922270876,2,-7.215,-40.702,-120.925,
772257942107302,2,-7.215,-40.702,-120.925,
772257962340457,2,-7.215,-40.702,-120.925,
772257982482059,2,-7.215,-40.702,-120.608,
772258002196413,2,-7.215,-40.702,-120.608,
772258020079714,2,-7.215,-40.702,-120.608,
772258042784793,2,-7.215,-40.702,-120.608,
772258062255008,2,-7.215,-40.702,-120.608,
772258080138308,2,-7.215,-40.702,-120.608,
772258102416140,2,-7.215,-40.702,-120.608,
772258122283084,2,-7.215,-40.702,-120.608,
772258142516239,2,-7.215,-40.702,-120.608,
772258162505251,2,-7.215,-40.702,-120.608,
772258182372194,2,-7.215,-40.702,-120.608,
772258200255496,2,-7.215,-40.702,-120.608,
772258222746952,2,-7.215,-40.702,-120.608,
772258242430788,2,-7.215,-40.702,-120.608,
772258260344606,2,-7.215,-40.702,-120.608,
772258282958132,2,-7.215,-40.702,-120.909,
772258302458866,2,-7.215,-40.702,-120.909,
772258322692019,2,-7.215,-40.702,-120.909,
772258342711550,2,-7.215,-40.702,-120.909,
772258362547976,2,-7.215,-40.702,-120.909,
772258380461795,2,-7.215,-40.702,-120.909,
772258402800661,2,-7.215,-40.702,-120.909,
772258422606569,2,-7.215,-40.702,-120.909,
772258440489871,2,-7.215,-40.702,-120.909,
772258462889774,2,-7.215,-40.702,-120.909,
772258482604128,2,-7.215,-40.702,-120.909,
772258502867800,2,-7.215,-40.702,-120.909,
772258523253543,2,-7.215,-40.702,-120.909,
772258542723758,2,-7.215,-40.702,-120.909,
772258560607058,2,-7.215,-40.702,-120.909,
772258582976441,2,-7.215,-40.702,-120.909,
772258602782350,2,-7.215,-40.702,-120.909,
772258620696169,2,-7.215,-40.702,-120.909,
772258642974002,2,-7.215,-40.702,-120.909,
772258662779909,2,-7.215,-40.702,-120.909,
772258683013062,2,-7.215,-40.702,-120.909,
772258703185182,2,-7.215,-40.702,-120.909,
772258722899538,2,-7.215,-40.702,-120.909,
772258740782840,2,-7.215,-40.702,-120.909,
772258763487918,2,-7.215,-40.702,-120.909,
772258782927614,2,-7.215,-40.702,-120.909,
772258800841431,2,-7.215,-40.702,-120.909,
772258823149781,2,-7.215,-40.702,-120.909,
772258842986208,2,-7.215,-40.702,-120.909,
772258863219363,2,-7.215,-40.702,-120.909,
772258883177860,2,-7.215,-40.702,-120.909,
772258903075319,2,-7.215,-40.702,-120.909,
772258920958619,2,-7.215,-40.702,-120.909,
772258943419557,2,-7.215,-40.702,-120.909,
772258963103396,2,-7.215,-41.004,-120.909,
772258981017215,2,-7.215,-41.004,-120.909,
772259003661257,2,-7.215,-41.004,-120.909,
772259023131471,2,-7.215,-41.004,-120.909,
772259043364624,2,-7.215,-41.004,-120.909,
772259063384156,2,-7.215,-41.004,-120.909,
772259083220583,2,-7.215,-41.004,-120.909,
772259101164919,2,-7.215,-41.004,-120.909,
772259123503787,2,-7.215,-41.004,-121.246,
772259143340212,2,-7.215,-41.004,-121.246,
772259161223511,2,-7.215,-41.004,-121.246,
772259183653932,2,-7.215,-41.004,-121.246,
772259203368288,2,-7.215,-41.004,-121.246,
772259223601443,2,-7.215,-41.004,-121.246,
772259243956668,2,-7.215,-41.325,-121.246,
772259263457399,2,-7.215,-41.325,-121.586,
772259281340699,2,-7.215,-41.325,-121.586,
772259303740602,2,-7.215,-41.325,-121.586,
772259323485476,2,-7.215,-41.325,-121.586,
772259341429812,2,-7.215,-41.325,-121.586,
772259363707643,2,-7.215,-41.325,-121.586,
772259383513551,2,-7.215,-41.325,-121.586,
772259403777223,2,-7.215,-41.325,-121.586,
772259423918826,2,-7.215,-41.325,-121.586,
772259443633182,2,-7.215,-41.325,-121.586,
772259461546999,2,-7.215,-41.325,-121.586,
772259484221558,2,-7.215,-41.325,-121.586,
772259503661256,2,-7.215,-41.325,-121.586,
772259521575075,2,-7.215,-41.325,-121.257,
772259543883426,2,-7.215,-41.325,-121.257,
772259563689334,2,-7.215,-41.325,-121.257,
772259583922487,2,-7.215,-41.007,-121.257,
772259603942018,2,-7.215,-41.007,-121.257,
772259623808962,2,-7.215,-41.007,-121.257,
772259641722781,2,-7.215,-41.007,-121.257,
772259664092165,2,-7.215,-41.007,-121.257,
772259683867555,2,-7.215,-41.007,-121.257,
772259701720338,2,-7.215,-41.007,-121.257,
772259724333864,2,-7.215,-41.007,-121.257,
772259743834597,2,-7.215,-41.007,-121.257,
772259764098270,2,-7.215,-41.007,-121.257,
772259784087282,2,-7.215,-41.007,-121.257,
772259803954224,2,-7.215,-41.007,-121.257,
772259821837526,2,-7.215,-41.007,-121.257,
772259844176394,2,-7.215,-41.007,-121.257,
772259863982303,2,-7.215,-41.007,-121.257,
772259881896121,2,-7.215,-41.007,-121.257,
772259904326539,2,-7.215,-41.007,-121.257,
772259924010377,2,-7.215,-41.007,-121.257,
772259944274050,2,-7.215,-41.007,-121.257,
772259964568240,2,-7.215,-41.007,-121.257,
772259984130007,2,-7.215,-41.007,-121.257,
772260002013307,2,-7.215,-41.007,-121.257,
772260024321656,2,-7.215,-41.007,-121.257,
772260044158083,2,-7.215,-41.007,-121.257,
772260062071902,2,-7.215,-41.007,-121.257,
772260084349735,2,-7.215,-41.007,-121.257,
772260104186159,2,-7.215,-41.007,-121.257,
772260124419312,2,-7.215,-41.007,-120.922,
772260144530397,2,-7.215,-41.007,-120.922,
772260164244753,2,-7.215,-41.007,-120.922,
772260182158572,2,-7.215,-41.007,-120.922,
772260204863650,2,-7.215,-41.007,-120.922,
772260224333864,2,-7.215,-41.007,-120.922,
772260242217164,2,-7.215,-41.007,-120.922,
772260264525515,2,-7.215,-41.007,-120.922,
772260284331423,2,-7.215,-41.007,-120.922,
772260304595095,2,-7.215,-41.007,-120.922,
772260324614625,2,-7.215,-41.007,-120.922,
772260344420533,2,-7.215,-41.007,-120.922,
772260362364870,2,-7.215,-41.007,-120.922,
772260384795290,2,-7.215,-41.007,-120.922,
772260404509647,2,-7.215,-41.007,-120.922,
772260422423464,2,-7.215,-41.007,-120.922,
772260445098023,2,-7.215,-41.007,-120.922,
772260464507204,2,-7.215,-41.007,-120.922,
772260484770876,2,-7.215,-41.007,-120.922,
772260504759891,2,-7.215,-41.007,-121.261,
772260524596316,2,-7.215,-41.007,-121.261,
772260542510133,2,-7.215,-41.007,-121.261,
772260564849000,2,-7.215,-41.007,-121.261,
772260584685427,2,-7.215,-41.007,-121.261,
772260602599246,2,-7.215,-41.007,-121.261,
772260624968630,2,-7.215,-41.007,-121.261,
772260644682984,2,-7.215,-41.007,-121.261,
772260664946656,2,-7.215,-41.007,-121.261,
772260685271364,2,-7.215,-41.007,-121.261,
772260704772097,2,-7.215,-41.007,-121.261,
772260722685916,2,-7.215,-41.007,-121.261,
772260745024782,2,-7.215,-41.007,-121.261,
772260764861207,2,-7.215,-41.007,-121.261,
772260782744508,2,-7.215,-41.007,-121.261,
772260805052859,2,-7.215,-41.007,-121.261,
772260824858767,2,-7.215,-41.007,-121.261,
772260845122439,2,-7.215,-41.007,-121.261,
772260865264039,2,-7.215,-41.007,-121.261,
772260884978395,2,-7.215,-41.007,-121.261,
772260902892214,2,-7.215,-41.007,-121.261,
772260925597293,2,-7.215,-41.007,-121.261,
772260945098025,2,-7.215,-41.007,-121.261,
772260963011842,2,-7.215,-41.007,-121.261,
772260985991578,2,-7.215,-41.007,-121.261,
772261005034547,2,-7.215,-41.007,-120.95,
772261025267703,2,-7.215,-41.007,-120.95,
772261045256717,2,-7.215,-41.007,-120.95,
772261065154177,2,-7.215,-41.007,-120.95,
772261083037476,2,-7.215,-41.007,-120.95,
772261105498414,2,-7.215,-41.007,-120.95,
772261125212771,2,-7.215,-41.007,-120.95,
772261143096072,2,-7.215,-41.007,-120.95,
772261165709597,2,-7.215,-41.007,-120.95,
772261185210328,2,-7.215,-41.007,-120.95,
772261205474000,2,-7.215,-41.007,-120.95,
772261225463015,2,-7.215,-41.007,-120.95,
772261245299441,2,-7.215,-41.007,-120.95,
772261263213259,2,-7.215,-41.007,-120.95,
772261285552125,2,-7.215,-41.007,-120.95,
772261305358033,2,-7.215,-41.007,-120.95,
772261323271852,2,-7.215,-41.007,-120.95,
772261345702273,2,-7.215,-41.007,-120.95,
772261365386111,2,-7.215,-41.007,-120.95,
772261385649782,2,-7.215,-41.007,-120.95,
772261406035523,2,-7.215,-41.007,-120.95,
772261425475221,2,-7.215,-41.007,-120.95,
772261443389040,2,-7.215,-41.007,-120.95,
772261465758426,2,-7.215,-41.007,-120.95,
772261485564334,2,-7.215,-41.007,-120.95,
772261503447633,2,-7.215,-41.007,-120.95,
772261525725465,2,-7.215,-41.007,-120.95,
772261545561891,2,-7.215,-41.007,-120.95,
772261565795047,2,-7.215,-41.007,-120.95,
772261585936648,2,-7.215,-41.007,-120.95,
772261605651002,2,-7.215,-41.007,-120.95,
772261623564820,2,-7.215,-41.007,-120.95,
772261646239381,2,-7.215,-41.007,-120.95,
772261665709597,2,-7.215,-41.007,-120.95,
772261683623416,2,-7.215,-41.007,-120.95,
772261705901247,2,-7.215,-41.007,-120.95,
772261725737671,2,-7.215,-41.007,-120.95,
772261745970827,2,-7.215,-41.007,-120.95,
772261765990359,2,-7.215,-41.007,-120.95,
772261785826785,2,-7.215,-41.007,-120.95,
772261803740603,2,-7.215,-41.007,-120.95,
772261826201539,2,-7.215,-41.007,-120.95,
772261845885377,2,-7.215,-41.007,-120.95,
772261863799196,2,-7.215,-41.007,-120.95,
772261886412722,2,-7.215,-41.007,-120.95,
772261905913454,2,-7.215,-41.007,-120.95,
772261926146608,2,-7.215,-41.007,-120.95,
772261946135621,2,-7.215,-41.007,-120.95,
772261966002565,2,-7.215,-41.007,-120.95,
772261983916384,2,-7.215,-41.007,-120.95,
772262006255252,2,-7.215,-41.007,-120.95,
772262026061159,2,-7.215,-41.007,-120.95,
772262043974976,2,-7.215,-41.007,-120.95,
772262066344362,2,-7.215,-41.007,-120.95,
772262086089235,2,-7.215,-41.007,-120.95,
772262106322391,2,-7.215,-41.007,-120.95,
772262126677615,2,-7.215,-41.007,-120.95,
772262146208864,2,-7.215,-41.007,-120.95,
772262164092164,2,-7.215,-41.007,-120.95,
772262186431032,2,-7.215,-41.007,-120.95,
772262206236941,2,-7.215,-41.007,-120.95,
772262224120242,2,-7.215,-41.007,-120.95,
772262246428590,2,-7.215,-41.007,-120.95,
772262266265016,2,-7.215,-41.007,-120.95,
772262286498171,2,-7.215,-41.007,-120.95,
772262306670290,2,-7.215,-41.007,-120.95,
772262326354129,2,-7.215,-41.007,-120.95,
772262344298464,2,-7.215,-41.007,-120.95,
772262367034058,2,-7.215,-41.007,-120.95,
772262386443239,2,-7.215,-40.704,-120.95,
772262404357058,2,-7.215,-40.704,-120.95,
772262426634891,2,-7.215,-40.704,-120.95,
772262446471316,2,-7.215,-40.704,-120.61,
772262466704469,2,-7.215,-40.704,-120.61,
772262486724000,2,-7.215,-40.704,-120.61,
772262506529909,2,-7.215,-40.704,-120.61,
772262524413211,2,-7.215,-40.704,-120.61,
772262546874148,2,-7.215,-40.704,-120.61,
772262566557984,2,-7.215,-40.704,-120.61,
772262584471803,2,-7.215,-40.704,-120.61,
772262607085329,2,-7.215,-40.704,-120.61,
772262626586062,2,-7.215,-40.704,-120.61,
772262646819217,2,-7.215,-40.704,-120.61,
772262666838747,2,-7.215,-40.704,-120.61,
772262686675171,2,-7.215,-40.704,-120.61,
772262704588991,2,-7.215,-40.704,-120.61,
772262726866823,2,-7.215,-40.704,-120.61,
772262746764285,2,-7.215,-40.704,-120.924,
772262764647586,2,-7.215,-40.704,-120.924,
772262787078004,2,-7.215,-40.704,-120.924,
772262806792360,2,-7.215,-40.704,-120.924,
772262826994997,2,-7.215,-40.704,-120.924,
772262847350222,2,-7.215,-40.704,-120.924,
772262866881472,2,-7.215,-40.704,-120.924,
772262884764772,2,-7.215,-40.704,-120.924,
772262907103639,2,-7.215,-40.704,-120.924,
772262926940065,2,-7.215,-40.704,-120.924,
772262944823367,2,-7.215,-40.704,-120.924,
772262967101199,2,-7.215,-40.704,-120.924,
772262986937624,2,-7.215,-40.704,-120.924,
772263007170777,2,-7.215,-40.704,-120.924,
772263027251344,2,-7.215,-40.704,-120.924,
772263047026735,2,-7.215,-40.704,-120.924,
772263064940555,2,-7.215,-40.704,-120.924,
772263087584597,2,-7.215,-40.704,-120.924,
772263107054811,2,-7.215,-40.704,-120.924,
772263124999147,2,-7.215,-40.704,-120.924,
772263147307497,2,-7.215,-40.704,-120.924,
772263167143923,2,-7.215,-40.704,-120.924,
772263187377077,2,-7.215,-40.704,-120.924,
772263207457643,2,-7.215,-40.704,-120.924,
772263227233033,2,-7.215,-40.704,-120.924,
772263245116335,2,-7.215,-40.704,-120.924,
772263267638308,2,-7.215,-40.704,-120.924,
772263287322147,2,-7.215,-40.704,-120.924,
772263305235964,2,-7.215,-40.704,-120.924,
772263327910523,2,-7.215,-41.018,-120.924,
772263347319704,2,-7.215,-41.018,-120.924,
772263367552859,2,-7.215,-41.018,-120.924,
772263387602908,2,-7.215,-41.018,-120.924,
772263407439334,2,-7.215,-41.018,-120.924,
772263425322633,2,-7.215,-41.018,-120.924,
772263447539430,2,-7.215,-41.018,-120.924,
772263467436891,2,-7.215,-41.018,-120.924,
772263485320193,2,-7.215,-41.018,-120.924,
772263507750613,2,-7.215,-41.018,-120.924,
772263527434449,2,-7.215,-41.018,-120.924,
772263547698121,2,-7.215,-41.018,-120.924,
772263568022829,2,-7.215,-41.018,-120.924,
772263587554079,2,-7.215,-41.018,-120.924,
772263605437381,2,-7.215,-41.018,-120.924,
772263627806765,2,-7.215,-41.018,-120.924,
772263647612671,2,-7.215,-41.018,-120.924,
772263665495973,2,-7.215,-41.018,-120.924,
772263687804323,2,-7.215,-41.018,-120.924,
772263707610232,2,-7.215,-40.701,-120.924,
772263727873904,2,-7.215,-40.701,-120.924,
772263748015504,2,-7.215,-40.701,-120.924,
772263767729860,2,-7.215,-40.701,-120.924,
772263785613161,2,-7.215,-40.701,-120.924,
772263808287722,2,-7.215,-40.701,-120.924,
772263827788454,2,-7.215,-40.701,-120.924,
772263845671754,2,-7.215,-40.701,-120.924,
772263867949586,2,-7.215,-40.701,-120.924,
772263887786012,2,-7.215,-40.701,-120.924,
772263908049685,2,-7.215,-40.701,-120.62,
772263928069217,2,-7.215,-40.701,-120.62,
772263947875124,2,-7.215,-40.701,-120.62,
772263965788941,2,-7.215,-40.701,-120.62,
772263988280398,2,-7.546,-40.701,-120.62,
772264009642703,2,-7.546,-40.701,-120.62,
772264025847537,2,-7.546,-40.396,-120.62,
772264048461062,2,-7.546,-40.396,-120.62,
772264067961793,2,-7.546,-40.396,-120.62,
772264088225465,2,-7.546,-40.396,-120.285,
772264108214479,2,-7.546,-40.396,-120.285,
772264128050906,2,-7.546,-40.396,-120.285,
772264145995242,2,-7.546,-40.396,-120.285,
772264168242555,2,-7.546,-40.396,-120.285,
772264188109498,2,-7.546,-40.396,-120.285,
772264206023317,2,-7.546,-40.396,-120.285,
772264228423221,2,-7.546,-40.396,-120.285,
772264248168094,2,-7.546,-40.396,-120.285,
772264268370729,2,-7.546,-40.396,-120.285,
772264288786989,2,-7.546,-40.396,-120.285,
772264308287722,2,-7.546,-40.396,-120.285,
772264326140505,2,-7.546,-40.396,-120.285,
772264348479374,2,-7.546,-40.396,-120.285,
772264368285281,2,-7.546,-40.396,-120.285,
772264386199098,2,-7.546,-40.396,-120.285,
772264408507448,2,-7.546,-40.396,-120.285,
772264428313356,2,-7.546,-40.698,-120.666,
772264448546512,2,-7.546,-40.698,-120.666,
772264468657595,2,-7.546,-40.698,-120.666,
772264488402468,2,-7.546,-40.698,-120.666,
772264506316286,2,-7.546,-40.698,-120.666,
772264528990848,2,-7.546,-40.698,-120.979,
772264548491579,2,-7.546,-41.018,-120.979,
772264566374879,2,-7.546,-41.018,-120.979,
772264588652713,2,-7.546,-41.018,-120.979,
772264608489139,2,-7.546,-41.018,-120.979,
772264628722292,2,-7.546,-41.018,-120.979,
772264648711306,2,-7.546,-41.018,-120.979,
772264668578250,2,-7.546,-41.018,-120.979,
772264686492068,2,-7.546,-41.018,-120.979,
772264708983523,2,-7.546,-41.018,-120.979,
772264728667360,2,-7.546,-41.018,-120.979,
772264746550661,2,-7.546,-41.018,-120.979,
772264769194706,2,-7.546,-41.018,-120.979,
772264788634402,2,-7.546,-41.018,-120.979,
772264808898073,2,-7.546,-41.018,-120.979,
772264828887088,2,-7.546,-41.018,-120.979,
772264848754032,2,-7.546,-41.018,-120.979,
772264866667849,2,-7.546,-41.018,-120.979,
772264889006716,2,-7.546,-41.018,-120.979,
772264908812625,2,-7.546,-41.018,-120.979,
772264926726443,2,-7.546,-41.018,-120.979,
772264949126345,2,-7.546,-41.018,-120.979,
772264968840700,2,-7.546,-41.018,-120.979,
772264989073855,2,-7.546,-41.018,-120.979,
772265009398563,2,-7.546,-41.018,-120.979,
772265028929812,2,-7.546,-41.018,-120.979,
772265046813112,2,-7.546,-41.018,-120.979,
772265069151980,2,-7.546,-41.018,-120.979,
772265088988407,2,-7.546,-41.018,-120.979,
772265106902224,2,-7.546,-41.018,-120.979,
772265129180056,2,-7.546,-41.018,-120.979,
772265149016482,2,-7.546,-41.018,-120.979,
772265169249637,2,-7.546,-41.018,-120.979,
772265189421755,2,-7.546,-41.018,-120.979,
772265209136110,2,-7.546,-41.018,-120.979,
772265227019411,2,-7.546,-41.018,-120.979,
772265249755008,2,-7.546,-41.018,-120.979,
772265269164187,2,-7.546,-41.018,-120.979,
772265287078004,2,-7.546,-41.018,-120.979,
772265309355838,2,-7.546,-41.018,-120.979,
772265329192264,2,-7.546,-41.018,-120.979,
772265349425417,2,-7.546,-41.018,-120.979,
772265369414431,2,-7.546,-41.018,-120.979,
772265389281375,2,-7.546,-41.018,-120.979,
772265407195193,2,-7.546,-41.018,-121.308,
772265429656130,2,-7.546,-41.018,-121.308,
772265449339968,2,-7.546,-41.018,-121.308,
772265467253786,2,-7.546,-41.018,-121.308,
772265489867313,2,-7.546,-41.018,-121.308,
772265509368044,2,-7.238,-41.018,-121.308,
772265529601198,2,-7.238,-41.018,-121.308,
772265549620730,2,-7.238,-41.018,-121.308,
772265569457157,2,-7.238,-41.018,-121.308,
772265587370974,2,-7.238,-41.018,-121.308,
772265609740359,2,-7.238,-41.018,-121.308,
772265629546267,2,-7.238,-41.018,-121.308,
772265647429568,2,-7.238,-41.018,-121.308,
772265669829470,2,-7.238,-41.018,-121.308,
772265689543825,2,-7.238,-41.018,-121.308,
772265709776980,2,-7.238,-41.018,-121.308,
772265730132206,2,-7.238,-41.018,-121.308,
772265749632937,2,-7.238,-41.018,-121.308,
772265767546754,2,-7.238,-41.018,-121.308,
772265789855105,2,-7.238,-41.018,-121.308,
772265809691532,2,-7.238,-41.018,-121.308,
772265827605349,2,-7.238,-41.018,-121.308,
772265849883181,2,-7.238,-41.018,-121.308,
772265869719607,2,-7.238,-41.018,-121.308,
772265889952762,2,-7.238,-41.018,-121.308,
772265910094363,2,-7.238,-41.018,-121.003,
772265929808718,2,-7.238,-41.018,-121.003,
772265947753054,2,-7.238,-41.018,-121.003,
772265970427616,2,-7.238,-41.018,-121.003,
772265989867312,2,-7.238,-41.018,-121.003,
772266007781129,2,-7.238,-41.018,-121.003,
772266030089480,2,-7.238,-41.018,-121.003,
772266049895389,2,-7.238,-40.696,-121.003,
772266070128542,2,-7.238,-40.696,-121.003,
772266090087038,2,-7.238,-40.696,-120.66,
772266109953982,2,-7.238,-40.696,-120.66,
772266127867801,2,-7.238,-40.696,-120.66,
772266150359255,2,-7.238,-40.696,-120.66,
772266170043093,2,-7.238,-40.696,-120.66,
772266187926394,2,-7.238,-40.696,-120.66,
772266210661991,2,-7.238,-40.696,-120.66,
772266230040652,2,-7.238,-40.696,-120.66,
772266250273806,2,-7.238,-40.696,-120.66,
772266270293338,2,-7.238,-40.696,-120.66,
772266290129764,2,-7.238,-40.696,-120.66,
772266308043582,2,-7.238,-40.696,-120.66,
772266330382448,2,-7.238,-40.696,-120.66,
772266350188357,2,-7.238,-40.696,-120.66,
772266368102176,2,-7.238,-40.696,-120.66,
772266390502078,2,-7.238,-40.696,-120.66,
772266410216433,2,-7.238,-40.696,-120.66,
772266430449588,2,-7.238,-40.696,-120.66,
772266450804813,2,-7.238,-40.696,-120.66,
772266470305544,2,-7.238,-40.696,-120.66,
772266488219362,2,-7.238,-41.006,-121.02,
772266510527713,2,-7.238,-41.006,-121.02,
772266530364139,2,-7.238,-41.006,-121.02,
772266548338992,2,-7.238,-41.006,-121.02,
772266570555788,2,-7.238,-41.006,-121.02,
772266590392215,2,-7.238,-41.006,-121.02,
772266610625370,2,-7.238,-41.006,-121.02,
772266630766970,2,-7.238,-41.006,-121.02,
772266650481325,2,-7.238,-41.006,-121.02,
772266668395145,2,-7.238,-41.006,-121.02,
772266691069706,2,-7.238,-41.006,-121.02,
772266710539919,2,-7.238,-41.006,-121.02,
772266728423220,2,-7.238,-41.006,-121.02,
772266750762088,2,-7.238,-41.006,-121.02,
772266770567997,2,-7.238,-41.006,-121.02,
772266790801150,2,-7.238,-41.006,-121.02,
772266810790163,2,-7.238,-41.006,-121.02,
772266830657107,2,-7.238,-41.006,-121.02,
772266848570927,2,-7.238,-41.006,-121.02,
772266871062380,2,-7.238,-41.006,-121.02,
772266890715700,2,-7.238,-41.006,-121.02,
772266908599002,2,-7.238,-41.006,-121.02,
772266931243046,2,-7.238,-41.006,-121.02,
772266950743777,2,-7.238,-41.006,-121.02,
772266970946413,2,-7.238,-41.006,-121.02,
772266990996463,2,-7.238,-41.006,-121.02,
772267010832889,2,-7.238,-41.006,-121.02,
772267028746707,2,-7.238,-41.006,-121.02,
772267051085573,2,-7.238,-41.006,-121.02,
772267070860965,2,-7.238,-41.006,-121.02,
772267088774784,2,-7.238,-41.006,-121.02,
772267111205203,2,-7.238,-41.006,-121.02,
772267130889040,2,-7.238,-41.006,-121.02,
772267151122195,2,-7.238,-41.006,-121.02,
772267171538456,2,-7.238,-41.006,-121.02,
772267190978152,2,-7.238,-41.006,-121.02,
772267208891970,2,-7.238,-41.006,-121.02,
772267231230838,2,-7.238,-41.006,-121.02,
772267251067264,2,-7.238,-41.006,-121.02,
772267268950564,2,-7.54,-41.006,-121.02,
772267291228396,2,-7.54,-41.006,-121.02,
772267311064822,2,-7.54,-41.006,-121.02,
772267331297977,2,-7.54,-41.006,-121.02,
772267351439578,2,-7.54,-41.006,-121.02,
772267371153933,2,-7.54,-41.006,-121.02,
772267389067752,2,-7.54,-41.006,-121.02,
772267411742313,2,-7.54,-41.006,-121.02,
772267431212527,2,-7.54,-41.006,-121.02,
772267449126345,2,-7.54,-41.006,-121.02,
772267471404178,2,-7.54,-41.006,-121.02,
772267491240604,2,-7.54,-41.006,-121.02,
772267511473757,2,-7.54,-41.006,-121.02,
772267531493288,2,-7.54,-41.006,-121.02,
772267551360232,2,-7.54,-41.006,-121.02,
772267569243534,2,-7.54,-41.006,-121.02,
772267591704470,2,-7.54,-41.006,-121.02,
772267611418825,2,-7.54,-41.006,-121.02,
772267629302127,2,-7.54,-41.006,-121.02,
772267651915652,2,-7.54,-41.006,-121.342,
772267671416383,2,-7.54,-41.006,-121.342,
772267691649538,2,-7.54,-41.006,-121.342,
772267711638553,2,-7.54,-41.006,-121.342,
772267731505496,2,-7.54,-41.006,-121.342,
772267749419313,2,-7.54,-41.006,-121.342,
772267771758181,2,-7.54,-41.006,-121.342,
772267791564090,2,-7.54,-41.006,-121.342,
772267809477908,2,-7.54,-41.006,-121.342,
772267831908327,2,-7.54,-41.006,-121.342,
772267851592165,2,-7.54,-41.006,-121.342,
772267871825320,2,-7.54,-41.006,-121.342,
772267892150027,2,-7.54,-41.006,-121.342,
772267911681276,2,-7.54,-41.31,-121.342,
772267929595095,2,-7.54,-41.31,-121.342,
772267951842410,2,-7.54,-41.31,-121.342,
772267971739871,2,-7.54,-41.31,-121.342,
772267989653688,2,-7.54,-41.31,-121.342,
772268011962038,2,-7.54,-41.31,-121.342,
772268031767947,2,-7.54,-41.31,-121.342,
772268052001101,2,-7.54,-41.31,-121.342,
772268072142702,2,-7.54,-41.31,-121.342,
772268091857058,2,-7.54,-41.31,-121.342,
772268109770877,2,-7.54,-41.31,-121.342,
772268132475955,2,-7.54,-41.31,-121.342,
772268151915651,2,-7.54,-40.979,-121.342,
772268169829470,2,-7.54,-40.979,-121.034,
772268192107303,2,-7.54,-40.979,-121.034,
772268211943728,2,-7.54,-40.979,-121.034,
772268232207399,2,-7.54,-40.979,-121.034,
772268252196413,2,-7.54,-40.979,-121.034,
772268272063357,2,-7.54,-40.979,-121.034,
772268289977176,2,-7.54,-40.979,-121.034,
772268312438112,2,-7.54,-40.979,-121.034,
772268332121950,2,-7.54,-40.979,-121.034,
772268350005252,2,-7.54,-40.979,-121.034,
772268372649295,2,-7.54,-40.979,-121.034,
772268392119508,2,-7.54,-40.979,-121.034,
772268412322146,2,-7.54,-40.979,-121.034,
772268432341678,2,-7.54,-40.979,-121.034,
772268452208621,2,-7.54,-40.979,-121.034,
772268470122438,2,-7.54,-40.979,-121.034,
772268492430788,2,-7.54,-40.979,-121.034,
772268512267215,2,-7.54,-40.979,-121.034,
772268530181033,2,-7.54,-40.979,-121.034,
772268552580934,2,-7.54,-40.979,-121.034,
772268572264773,2,-7.54,-40.979,-121.034,
772268592497928,2,-7.54,-40.979,-121.034,
772268612853152,2,-7.54,-40.979,-121.034,
772268632384401,2,-7.54,-40.979,-121.034,
772268650298220,2,-7.54,-40.979,-121.034,
772268672637088,2,-7.54,-40.979,-121.034,
772268692473513,2,-7.54,-40.979,-121.034,
772268710387331,2,-7.54,-40.979,-121.034,
772268732634646,2,-7.54,-40.979,-121.034,
772268752501590,2,-7.54,-40.979,-121.034,
772268772734744,2,-7.54,-40.979,-121.034,
772268792845827,2,-7.54,-40.979,-121.034,
772268812590700,2,-7.54,-40.979,-121.034,
772268830504520,2,-7.54,-40.979,-121.034,
772268853148562,2,-7.54,-40.979,-121.034,
772268872649293,2,-7.54,-40.979,-121.034,
772268890563111,2,-7.54,-40.979,-121.034,
772268912810426,2,-7.54,-40.979,-121.034,
772268932677370,2,-7.54,-40.979,-121.034,
772268952910525,2,-7.54,-40.979,-121.034,
772268972930057,2,-7.54,-40.979,-121.034,
772268992766481,2,-7.54,-40.979,-121.336,
772269010680299,2,-7.54,-40.979,-121.336,
772269033141237,2,-7.54,-40.979,-121.336,
772269052825075,2,-7.54,-40.979,-121.336,
772269070738895,2,-7.54,-40.979,-121.336,
772269093413455,2,-7.54,-40.979,-121.336,
772269112853151,2,-7.54,-40.979,-121.336,
772269133086304,2,-7.54,-40.979,-121.336,
772269153105836,2,-7.54,-40.979,-121.336,
772269172942262,2,-7.54,-40.979,-121.336,
772269190856082,2,-7.54,-40.979,-121.336,
772269213164432,2,-7.54,-40.979,-121.336,
772269233000856,2,-7.54,-40.979,-121.336,
772269250884156,2,-7.54,-40.979,-121.336,
772269273284059,2,-7.54,-40.979,-121.336,
772269292998415,2,-7.234,-40.979,-121.336,
772269313262088,2,-7.234,-40.979,-121.336,
772269333617312,2,-7.234,-40.979,-121.336,
772269353118043,2,-7.234,-40.979,-121.336,
772269371031861,2,-7.234,-40.979,-121.336,
772269393370728,2,-7.234,-40.979,-121.336,
772269413176637,2,-7.234,-40.979,-121.336,
772269431090457,2,-7.234,-40.979,-121.336,
772269453337772,2,-7.234,-40.979,-121.336,
772269473204714,2,-7.234,-40.979,-121.336,
772269493437867,2,-7.234,-40.979,-121.002,
772269513579469,2,-7.234,-40.979,-121.002,
772269533293825,2,-7.234,-40.979,-121.002,
772269551146609,2,-7.234,-40.979,-121.002,
772269573851687,2,-7.234,-40.979,-121.002,
772269593321901,2,-7.234,-40.979,-121.002,
772269611205201,2,-7.234,-40.979,-121.002,
772269633483034,2,-7.234,-40.979,-121.002,
772269653349978,2,-7.234,-40.979,-120.689,
772269673583132,2,-7.234,-40.979,-120.689,
772269693572145,2,-7.234,-40.979,-120.689,
772269713439088,2,-7.234,-40.979,-120.689,
772269731322389,2,-7.234,-40.979,-120.689,
772269753752810,2,-7.234,-40.979,-120.689,
772269773497684,2,-7.543,-40.979,-120.689,
772269791380983,2,-7.543,-40.979,-120.689,
772269813963990,2,-7.543,-40.979,-120.689,
772269833495241,2,-7.543,-40.979,-120.689,
772269853728396,2,-7.543,-40.979,-120.689,
772269873686892,2,-7.543,-40.979,-120.689,
772269893584353,2,-7.543,-40.979,-120.689,
772269911498170,2,-7.543,-40.979,-120.689,
772269933837037,2,-7.543,-40.979,-121.012,
772269953612429,2,-7.543,-40.979,-121.012,
772269971556765,2,-7.543,-40.979,-121.012,
772269993956667,2,-7.543,-40.979,-121.012,
772270013671022,2,-7.543,-40.979,-121.012,
772270033873658,2,-7.543,-40.979,-121.012,
772270054320436,2,-7.543,-40.979,-121.356,
772270073790652,2,-7.543,-40.979,-121.356,
772270096526248,2,-7.543,-40.979,-121.356,
772270114012819,2,-7.543,-40.979,-121.356,
772270133818726,2,-7.543,-40.979,-121.356,
772270151702028,2,-7.543,-40.979,-121.356,
772270174010378,2,-7.543,-40.979,-121.356,
772270193846805,2,-7.543,-40.979,-121.356,
772270214049441,2,-7.543,-40.979,-121.356,
772270234191041,2,-7.543,-40.979,-121.356,
772270253935914,2,-7.543,-40.979,-121.356,
772270271819216,2,-7.543,-40.979,-121.356,
772270294524295,2,-7.543,-40.979,-121.356,
772270313994509,2,-7.543,-40.979,-121.049,
772270331908326,2,-7.543,-40.979,-121.049,
772270354186158,2,-7.543,-40.979,-121.049,
772270374022585,2,-7.543,-40.979,-121.049,
772270394255740,2,-7.543,-40.979,-121.049,
772270414275272,2,-7.543,-40.979,-121.049,
772270434111696,2,-7.543,-40.979,-121.049,
772270452025513,2,-7.543,-40.979,-121.049,
772270474486452,2,-7.543,-40.979,-121.049,
772270494170290,2,-7.543,-40.979,-121.049,
772270512084109,2,-7.543,-40.979,-120.736,
772270534667117,2,-7.543,-40.979,-120.736,
772270554198366,2,-7.543,-40.661,-120.736,
772270574401002,2,-7.543,-40.661,-120.736,
772270594420534,2,-7.543,-40.661,-120.736,
772270614287478,2,-7.543,-40.661,-120.736,
772270632170779,2,-7.543,-40.661,-120.736,
772270654540162,2,-7.543,-40.661,-120.736,
772270674346070,2,-7.543,-40.661,-120.736,
772270692259889,2,-7.543,-40.661,-120.736,
772270714690310,2,-7.543,-40.661,-120.736,
772270734374149,2,-7.543,-40.661,-120.736,
772270754607302,2,-7.543,-40.661,-120.736,
772270774962525,2,-7.543,-40.661,-120.736,
772270794463258,2,-7.543,-40.661,-120.736,
772270812346560,2,-7.543,-40.661,-120.736,
772270834685428,2,-7.543,-40.661,-120.736,
772270854521853,2,-7.543,-40.661,-120.736,
772270872435670,2,-7.543,-41.012,-121.081,
772270894682985,2,-7.543,-41.012,-121.081,
772270914519411,2,-7.543,-41.012,-121.081,
772270934752566,2,-7.543,-41.012,-121.081,
772270954894167,2,-7.543,-41.012,-121.081,
772270974608522,2,-7.543,-41.012,-121.081,
772270992522340,2,-7.543,-41.012,-121.397,
772271015257936,2,-7.543,-41.012,-121.397,
772271034667117,2,-7.543,-41.012,-121.397,
772271052611453,2,-7.543,-41.012,-121.397,
772271074889284,2,-7.543,-41.012,-121.397,
772271094695191,2,-7.543,-41.012,-121.397,
772271114928346,2,-7.543,-41.012,-121.397,
772271134947878,2,-7.543,-41.012,-121.397,
772271154784305,2,-7.543,-41.012,-121.397,
772271172698123,2,-7.543,-41.012,-121.397,
772271195128541,2,-7.543,-41.012,-121.397,
772271214873414,2,-7.543,-41.012,-121.397,
772271232756716,2,-7.543,-41.012,-121.397,
772271255400759,2,-7.543,-41.012,-121.397,
772271274870974,2,-7.543,-41.012,-121.397,
772271295104127,2,-7.543,-41.012,-121.397,
772271315093141,2,-7.543,-41.012,-121.397,
772271334960085,2,-7.543,-41.012,-121.397,
772271352873904,2,-7.543,-41.012,-121.397,
772271375212772,2,-7.543,-41.012,-121.397,
772271395049196,2,-7.543,-41.012,-121.397,
772271412932496,2,-7.543,-40.713,-121.06,
772271435332399,2,-7.543,-40.713,-121.06,
772271455046755,2,-7.543,-40.713,-121.06,
772271475279910,2,-7.543,-40.713,-121.06,
772271495604617,2,-7.543,-40.713,-121.06,
772271515135866,2,-7.543,-40.713,-121.06,
772271533049684,2,-7.543,-40.713,-121.06,
772271555388552,2,-7.543,-40.713,-121.06,
772271575224978,2,-7.543,-40.713,-121.06,
772271593108279,2,-7.543,-40.713,-121.06,
772271615355592,2,-7.543,-40.713,-121.06,
772271635222535,2,-7.543,-40.713,-121.06,
772271655486208,2,-7.543,-40.713,-121.06,
772271675597292,2,-7.543,-40.713,-121.06,
772271695342166,2,-7.543,-40.713,-121.06,
772271713255983,2,-7.543,-40.713,-121.06,
772271735900025,2,-7.543,-40.713,-121.06,
772271755370241,2,-7.543,-40.713,-121.06,
772271773284060,2,-7.543,-40.713,-121.06,
772271795531375,2,-7.543,-40.713,-121.06,
772271815398318,2,-7.543,-40.713,-121.06,
772271835631471,2,-7.543,-40.713,-121.06,
772271855651002,2,-7.543,-40.713,-121.06,
772271875487429,2,-7.543,-40.713,-121.06,
772271893370730,2,-7.543,-40.713,-121.06,
772271915862185,2,-7.543,-40.713,-121.06,
772271935546022,2,-7.543,-40.713,-121.06,
772271953459840,2,-7.543,-40.713,-121.06,
772271976134401,2,-7.543,-40.713,-121.06,
772271995574099,2,-7.543,-40.713,-121.06,
772272015776736,2,-7.543,-40.713,-121.06,
772272035796266,2,-7.543,-40.713,-121.06,
772272055632691,2,-7.543,-40.713,-121.06,
772272073546510,2,-7.543,-40.713,-121.06,
772272095915896,2,-7.543,-40.713,-121.06,
772272115721805,2,-7.543,-40.713,-120.751,
772272133635623,2,-7.543,-40.713,-120.751,
772272156035524,2,-7.543,-40.713,-120.751,
772272175749879,2,-7.543,-40.713,-120.751,
772272195983034,2,-7.543,-40.713,-120.751,
772272216338259,2,-7.543,-40.713,-120.751,
772272235838992,2,-7.543,-40.713,-120.751,
772272253722291,2,-7.543,-40.713,-120.751,
772272276061158,2,-7.543,-40.713,-120.751,
772272295897585,2,-7.543,-40.713,-120.751,
772272313811404,2,-7.543,-40.713,-120.751,
772272336089236,2,-7.543,-40.713,-120.751,
772272355925661,2,-7.543,-40.713,-120.751,
772272376128296,2,-7.543,-40.713,-120.751,
772272396269899,2,-7.543,-40.713,-120.751,
772272415984255,2,-7.543,-40.713,-120.751,
772272433898074,2,-7.543,-40.713,-120.751,
772272456603152,2,-7.543,-40.713,-120.751,
772272476073366,2,-7.543,-40.713,-120.751,
772272494017701,2,-7.543,-41.035,-120.751,
772272516295534,2,-7.543,-41.035,-121.09,
772272536131961,2,-7.543,-41.035,-121.09,
772272556365115,2,-7.543,-41.035,-121.09,
772272576354127,2,-7.543,-41.035,-121.09,
772272596221070,2,-7.543,-41.035,-121.09,
772272614134889,2,-7.543,-41.035,-121.09,
772272636565310,2,-7.543,-41.035,-121.09,
772272656249149,2,-7.543,-41.035,-121.09,
772272674162966,2,-7.543,-41.035,-121.409,
772272696776490,2,-7.543,-41.035,-121.409,
772272716277223,2,-7.543,-41.035,-121.409,
772272736510378,2,-7.543,-41.035,-121.409,
772272756529910,2,-7.543,-41.035,-121.409,
772272776396853,2,-7.543,-41.035,-121.409,
772272794280153,2,-7.543,-41.035,-121.409,
772272816619020,2,-7.543,-41.035,-121.409,
772272836455446,2,-7.543,-41.035,-121.409,
772272854369265,2,-7.543,-41.035,-121.409,
772272876769167,2,-7.543,-41.035,-121.409,
772272896483522,2,-7.543,-41.035,-121.409,
772272916716676,2,-7.543,-41.035,-121.409,
772272937132936,2,-7.543,-41.035,-121.409,
772272956511599,2,-7.543,-41.035,-121.409,
772272974425418,2,-7.543,-41.035,-121.409,
772272996794802,2,-7.543,-41.035,-121.105,
772273016570191,2,-7.543,-41.035,-121.105,
772273034484010,2,-7.543,-41.035,-121.105,
772273056761843,2,-7.543,-41.035,-121.105,
772273076598269,2,-7.543,-41.035,-121.105,
772273096831423,2,-7.543,-41.035,-121.105,
772273119567018,2,-7.543,-41.035,-121.105,
772273136687379,2,-7.543,-41.035,-121.105,
772273154601198,2,-7.543,-41.035,-121.105,
772273177306277,2,-7.543,-41.035,-121.105,
772273196776492,2,-7.543,-41.035,-121.105,
772273214659791,2,-7.543,-41.035,-121.105,
772273236937623,2,-7.543,-41.035,-121.105,
772273256774049,2,-7.543,-41.035,-121.105,
772273277007204,2,-7.543,-41.035,-121.105,
772273297026736,2,-7.543,-41.035,-121.105,
772273316863161,2,-7.543,-41.035,-121.105,
772273334776978,2,-7.543,-41.035,-121.105,
772273357207399,2,-7.543,-41.035,-121.105,
772273376921755,2,-7.543,-41.035,-121.105,
772273394835574,2,-7.543,-41.035,-121.105,
772273417449099,2,-7.543,-41.035,-121.105,
772273436949830,2,-7.543,-41.035,-121.105,
772273457182985,2,-7.543,-41.035,-121.105,
772273477171999,2,-7.543,-41.035,-121.105,
772273497038943,2,-7.543,-41.035,-121.105,
772273514922244,2,-7.543,-41.035,-121.105,
772273537261109,2,-7.543,-41.035,-121.105,
772273557097535,2,-7.543,-41.035,-121.105,
772273574980837,2,-7.543,-41.035,-121.105,
772273597411257,2,-7.543,-41.035,-121.105,
772273617125613,2,-7.543,-41.035,-121.105,
772273637358766,2,-7.543,-41.035,-121.105,
772273657683472,2,-7.543,-41.035,-121.105,
772273677214723,2,-7.543,-41.035,-121.105,
772273695098025,2,-7.543,-41.035,-121.105,
772273717467410,2,-7.543,-41.035,-121.105,
772273737242800,2,-7.543,-41.035,-121.105,
772273755187135,2,-7.543,-41.035,-121.105,
772273777495485,2,-7.543,-41.035,-121.105,
772273797331911,2,-7.543,-41.035,-121.105,
772273817565066,2,-7.543,-41.035,-121.105,
772273837615115,2,-7.543,-41.035,-121.105,
772273857421022,2,-7.543,-41.035,-121.412,
772273875304322,2,-7.543,-41.035,-121.412,
772273898039919,2,-7.543,-41.035,-121.412,
772273917449099,2,-7.543,-41.035,-121.412,
772273935362918,2,-7.543,-41.035,-121.412,
772273957640749,2,-7.543,-41.035,-121.412,
772273977507691,2,-7.543,-41.035,-121.412,
772273997710329,2,-7.543,-41.035,-121.412,
772274017729860,2,-7.543,-41.035,-121.412,
772274037566287,2,-7.543,-41.035,-121.412,
772274055480105,2,-7.543,-41.035,-121.412,
772274077941041,2,-7.543,-41.035,-121.412,
772274097655397,2,-7.543,-41.035,-121.412,
772274115538698,2,-7.543,-41.035,-121.412,
772274138152224,2,-7.543,-41.035,-121.412,
772274157683474,2,-7.543,-41.035,-121.412,
772274177916627,2,-7.543,-41.035,-121.412,
772274197905641,2,-7.543,-41.035,-121.412,
772274217742067,2,-7.543,-41.035,-121.412,
772274235655886,2,-7.543,-41.035,-121.412,
772274257994754,2,-7.543,-41.035,-121.412,
772274277800661,2,-7.543,-41.035,-121.412,
772274295744996,2,-7.543,-41.035,-121.412,
772274318144899,2,-7.543,-41.035,-121.412,
772274337859255,2,-7.543,-41.035,-121.412,
772274358031375,2,-7.543,-41.035,-121.412,
772274378386599,2,-7.543,-41.035,-121.412,
772274397917848,2,-7.543,-41.035,-121.412,
772274415801149,2,-7.543,-41.035,-121.412,
772274438140016,2,-7.543,-41.035,-121.412,
772274457945925,2,-7.543,-41.035,-121.412,
772274475859744,2,-7.543,-41.035,-121.412,
772274498137574,2,-7.543,-41.035,-121.412,
772274517974000,2,-7.543,-41.035,-121.412,
772274538207155,2,-7.543,-41.035,-121.412,
772274558379276,2,-7.543,-41.035,-121.412,
772274578063113,2,-7.543,-41.035,-121.412,
772274596007448,2,-7.543,-41.035,-121.412,
772274618682009,2,-7.543,-41.035,-121.412,
772274638152224,2,-7.543,-41.035,-121.412,
772274656035526,2,-7.543,-41.035,-121.412,
772274678313356,2,-7.543,-41.035,-121.412,
772274698180299,2,-7.543,-41.035,-121.412,
772274718413455,2,-7.543,-41.035,-121.412,
772274738555057,2,-7.543,-41.035,-121.412,
772274758421999,2,-7.543,-41.035,-121.412,
772274776244264,2,-7.543,-41.035,-121.412,
772274798705204,2,-7.543,-41.035,-121.412,
772274818480594,2,-7.543,-41.035,-121.412,
772274836302858,2,-7.543,-41.035,-121.412,
772274859007937,2,-7.543,-41.035,-121.412,
772274878478153,2,-7.543,-41.035,-121.412,
772274898619754,2,-7.543,-41.035,-121.412,
772274918639284,2,-7.543,-41.035,-121.412,
772274938506228,2,-7.543,-41.035,-121.412,
772274956389529,2,-7.543,-41.035,-121.412,
772274978758914,2,-7.543,-41.035,-121.412,
772274998534304,2,-7.543,-41.035,-121.412,
772275016448122,2,-7.543,-41.035,-121.412,
772275038939579,2,-7.543,-41.035,-121.412,
772275058592899,2,-7.543,-41.035,-121.412,
772275078795534,2,-7.543,-41.035,-121.412,
772275099181277,2,-7.543,-41.035,-121.412,
772275118651493,2,-7.543,-41.035,-121.412,
772275136565311,2,-7.543,-41.035,-121.412,
772275158873659,2,-7.543,-41.035,-121.412,
772275178679568,2,-7.543,-41.035,-121.412,
772275196593386,2,-7.543,-41.035,-121.412,
772275218871219,2,-7.543,-41.035,-121.412,
772275238707643,2,-7.543,-41.035,-121.412,
772275258940798,2,-7.543,-41.035,-121.412,
772275279082401,2,-7.543,-41.035,-121.412,
772275298857791,2,-7.543,-41.035,-121.412,
772275316741091,2,-7.543,-41.035,-121.719,
772275339415652,2,-7.543,-41.035,-121.719,
772275358916385,2,-7.543,-41.035,-121.719,
772275376830203,2,-7.543,-41.363,-121.719,
772275399016481,2,-7.543,-41.363,-121.719,
772275420043093,2,-7.543,-41.363,-121.719,
772275439269168,2,-7.243,-41.363,-121.719,
772275459014041,2,-7.243,-41.363,-121.719,
772275478942018,2,-7.243,-41.363,-121.719,
772275496825319,2,-7.243,-41.363,-121.719,
772275519316776,2,-7.243,-41.363,-121.719,
772275539000613,2,-7.243,-41.363,-121.719,
772275556914431,2,-7.243,-41.363,-121.719,
772275579527957,2,-7.243,-41.363,-121.719,
772275599059207,2,-7.243,-41.363,-121.719,
772275619261844,2,-7.243,-41.363,-121.719,
772275639250856,2,-7.243,-41.363,-121.719,
772275659117800,2,-7.243,-41.363,-121.719,
772275677031619,2,-7.243,-41.363,-121.719,
772275699339969,2,-7.243,-41.363,-121.719,
772275719145876,2,-7.243,-41.363,-121.719,
772275737090212,2,-7.243,-41.363,-121.719,
772275759490116,2,-7.243,-41.363,-121.719,
772275779173953,2,-7.243,-41.363,-121.719,
772275799407106,2,-7.243,-41.363,-121.719,
772275819823367,2,-7.243,-41.363,-121.719,
772275839263065,2,-7.243,-41.363,-121.719,
772275857176883,2,-7.243,-41.363,-121.719,
772275879515749,2,-7.243,-41.363,-121.719,
772275899352175,2,-7.243,-41.363,-121.719,
772275917235476,2,-7.243,-41.363,-121.719,
772275939513309,2,-7.243,-41.363,-121.719,
772275959380251,2,-7.243,-41.363,-121.719,
772275979582888,2,-7.243,-41.363,-121.719,
772275999724491,2,-7.243,-41.363,-121.719,
772276019469363,2,-7.243,-41.363,-121.719,
772276037352663,2,-7.243,-41.363,-121.719,
772276060057742,2,-7.243,-41.363,-121.719,
772276079497440,2,-7.243,-41.363,-121.719,
772276097411258,2,-7.243,-41.363,-121.719,
772276119689089,2,-7.243,-41.363,-121.719,
772276139525515,2,-7.243,-41.363,-121.719,
772276159758670,2,-7.243,-41.363,-121.719,
772276179778201,2,-7.243,-41.363,-121.719,
772276199614626,2,-7.243,-41.363,-121.719,
772276217497927,2,-7.243,-41.363,-121.719,
772276239989383,2,-7.243,-41.363,-121.719,
772276259673221,2,-7.243,-41.363,-121.719,
772276277587038,2,-7.243,-41.363,-121.719,
772276300200564,2,-7.243,-41.363,-121.719,
772276319670780,2,-7.243,-41.363,-121.719,
772276339934451,2,-7.243,-41.363,-121.719,
772276360411745,2,-7.243,-41.363,-121.719,
772276379790408,2,-7.243,-41.363,-121.719,
772276397704226,2,-7.243,-41.363,-121.719,
772276420043094,2,-7.243,-41.363,-121.719,
772276439849001,2,-7.243,-41.363,-121.719,
772276457732302,2,-7.243,-41.363,-121.719,
772276480162723,2,-7.243,-41.363,-121.719,
772276499877078,2,-7.243,-41.056,-121.719,
772276520079714,2,-7.243,-41.056,-121.719,
772276540465457,2,-7.243,-41.056,-121.719,
772276559966190,2,-7.243,-41.056,-121.401,
772276577880008,2,-7.243,-41.056,-121.401,
772276600218874,2,-7.243,-41.056,-121.401,
772276620024783,2,-7.243,-41.056,-121.401,
772276637938601,2,-7.243,-41.056,-121.401,
772276660216434,2,-7.243,-41.056,-121.401,
772276680052858,2,-7.243,-41.056,-121.401,
772276700255496,2,-7.243,-41.056,-121.401,
772276720397098,2,-7.243,-41.056,-121.401,
772276740172488,2,-7.243,-41.056,-121.401,
772276758025271,2,-7.243,-41.056,-121.401,
772276780791384,2,-7.243,-41.056,-121.401,
772276800170047,2,-7.243,-41.056,-121.401,
772276818083866,2,-7.243,-41.056,-121.401,
772276840392214,2,-7.243,-41.056,-121.401,
772276860198123,2,-7.243,-41.056,-121.401,
772276880431278,2,-7.243,-41.056,-121.401,
772276900450809,2,-7.243,-41.056,-121.401,
772276920317751,2,-7.243,-41.056,-121.401,
772276938201052,2,-7.243,-41.056,-121.401,
772276960661991,2,-7.243,-41.056,-121.401,
772276980345828,2,-7.243,-41.056,-121.401,
772276998259646,2,-7.243,-41.056,-121.401,
772277020903689,2,-7.243,-41.056,-121.401,
772277040373905,2,-7.243,-41.056,-121.401,
772277060607059,2,-7.243,-41.056,-121.401,
772277080626589,2,-7.243,-41.056,-121.401,
772277100493533,2,-7.243,-41.056,-121.401,
772277118376835,2,-7.243,-41.056,-121.401,
772277140654666,2,-7.243,-41.056,-121.401,
772277160521608,2,-7.243,-41.056,-121.401,
772277178435428,2,-7.243,-41.056,-121.401,
772277200835330,2,-7.243,-41.056,-121.401,
772277220580203,2,-7.243,-41.056,-121.401,
772277240813356,2,-7.243,-41.056,-121.401,
772277261138064,2,-7.243,-41.056,-121.401,
772277280669315,2,-7.243,-41.056,-121.401,
772277298613651,2,-7.243,-41.056,-121.401,
772277320921999,2,-7.243,-41.056,-121.401,
772277340758425,2,-7.243,-41.056,-121.401,
772277358672245,2,-7.243,-41.056,-121.401,
772277380950076,2,-7.243,-41.056,-121.401,
772277400786501,2,-7.243,-41.056,-121.401,
772277421019656,2,-7.243,-41.056,-121.401,
772277441130741,2,-7.243,-41.056,-121.401,
772277460875613,2,-7.243,-41.056,-121.401,
772277478758913,2,-7.243,-41.056,-121.401,
772277501463992,2,-7.243,-41.056,-121.401,
772277520934207,2,-7.243,-41.056,-121.401,
772277538817508,2,-7.243,-41.056,-121.401,
772277561095339,2,-7.243,-41.056,-121.401,
772277580962283,2,-7.243,-41.056,-121.401,
772277601195438,2,-7.243,-41.056,-121.401,
772277621184451,2,-7.243,-41.056,-121.401,
772277641051393,2,-7.243,-41.056,-121.401,
772277658934695,2,-7.243,-41.056,-121.401,
772277681426151,2,-7.243,-41.056,-121.401,
772277701079471,2,-7.243,-41.056,-121.401,
772277718993288,2,-7.243,-41.056,-121.401,
772277741667849,2,-7.243,-41.056,-121.401,
772277761107547,2,-7.243,-41.056,-121.401,
772277781340701,2,-7.243,-41.056,-121.401,
772277801390749,2,-7.243,-41.056,-121.401,
772277821227175,2,-7.243,-41.056,-121.401,
772277839110477,2,-7.243,-41.056,-121.401,
772277861479860,2,-7.243,-41.056,-121.401,
772277881255251,2,-7.243,-41.056,-121.401,
772277899169070,2,-7.243,-41.056,-121.401,
772277921630008,2,-7.243,-41.056,-121.401,
772277941283327,2,-7.243,-41.056,-121.401,
772277961546999,2,-7.243,-41.056,-121.401,
772277981902224,2,-7.243,-41.056,-121.401,
772278001372440,2,-7.243,-41.056,-121.401,
772278019255740,2,-7.243,-41.056,-121.401,
772278041594606,2,-7.243,-41.056,-121.401,
772278061400515,2,-7.243,-41.056,-121.401,
772278079283817,2,-7.243,-41.056,-121.401,
772278101622683,2,-7.243,-41.056,-121.401,
772278121428591,2,-7.243,-41.056,-121.401,
772278141661746,2,-7.243,-41.056,-121.401,
772278161803348,2,-7.243,-40.748,-121.401,
772278181517702,2,-7.243,-40.748,-121.401,
772278199462038,2,-7.243,-40.748,-121.401,
772278222167117,2,-7.243,-40.748,-121.401,
772278241606815,2,-7.243,-40.748,-121.401,
772278259520632,2,-7.243,-40.748,-121.401,
772278281859499,2,-7.243,-40.748,-121.401,
772278301604373,2,-7.243,-40.748,-121.401,
772278321868045,2,-7.243,-40.748,-121.401,
772278341857058,2,-7.243,-40.748,-121.401,
772278361724001,2,-7.243,-40.748,-121.401,
772278379607303,2,-7.243,-40.748,-121.401,
772278402068241,2,-7.243,-40.748,-121.401,
772278421752077,2,-7.243,-40.748,-121.401,
772278439635378,2,-7.243,-40.748,-121.401,
772278462279422,2,-7.243,-40.748,-121.401,
772278481749637,2,-7.243,-40.748,-121.401,
772278502013308,2,-7.243,-40.748,-121.401,
772278522002321,2,-7.243,-40.748,-121.401,
772278541869265,2,-7.243,-40.748,-121.401,
772278559752567,2,-7.243,-40.748,-121.401,
772278582121950,2,-7.243,-40.748,-121.401,
772278601897341,2,-7.243,-40.748,-121.401,
772278619811160,2,-7.243,-40.748,-121.401,
772278642241580,2,-7.243,-40.748,-121.401,
772278661925417,2,-7.243,-40.748,-121.401,
772278682158571,2,-6.922,-40.748,-121.401,
772278702605349,2,-6.922,-40.748,-121.401,
772278722045047,2,-6.922,-40.748,-121.401,
772278739928347,2,-6.922,-40.748,-121.401,
772278762297731,2,-6.922,-40.748,-121.401,
772278782103640,2,-6.922,-40.748,-121.401,
772278799986942,2,-6.922,-40.748,-121.401,
772278822295290,2,-6.922,-40.748,-121.401,
772278842101198,2,-6.922,-40.748,-121.401,
772278862364871,2,-6.922,-40.748,-121.075,
772278882506473,2,-6.922,-40.748,-121.075,
772278902220827,2,-6.922,-40.432,-121.075,
