14383029270000,0,18.0,2400.0,0.0,
14383048496000,0,0.0,4500.0,0.0,
14383069248000,0,15.0,2400.0,0.0,
14384970676000,0,20.0,2400.0,0.0,
14384992527000,0,20.0,2400.0,0.0,
14385010380000,0,20.0,2400.0,0.0,
14385030369000,0,20.0,2400.0,0.0,
14385051456000,0,20.0,2400.0,0.0,
14385070530000,0,20.0,2400.0,0.0,
14385090549000,0,18.0,2400.0,0.0,
14385111332000,0,18.0,2400.0,0.0,
14385130711000,0,20.0,2400.0,0.0,
14385150608000,0,20.0,2400.0,0.0,
14385172306000,0,20.0,2400.0,0.0,
14385190617000,0,20.0,2400.0,0.0,
14385210697000,0,20.0,2400.0,0.0,
14385231419000,0,20.0,2400.0,0.0,
14385256016000,0,20.0,2400.0,0.0,
14385269962000,0,18.0,2400.0,0.0,
14385290470000,0,18.0,2400.0,0.0,
14385311985000,0,20.0,2400.0,0.0,
14385330143000,0,18.0,2400.0,0.0,
14385350864000,0,18.0,2400.0,0.0,
14385372074000,0,18.0,2400.0,0.0,
14385390202000,0,18.0,2400.0,0.0,
14385410953000,0,18.0,2400.0,0.0,
14385432041000,0,18.0,2400.0,0.0,
14385450199000,0,21.0,2400.0,0.0,
14385470615000,0,21.0,2400.0,0.0,
14385492161000,0,18.0,2400.0,0.0,
14385510166000,0,21.0,2400.0,0.0,
14385530766000,0,21.0,2400.0,0.0,
14385552219000,0,18.0,2400.0,0.0,
14385570316000,0,18.0,2400.0,0.0,
14385591923000,0,18.0,2400.0,0.0,
14385612492000,0,18.0,2400.0,0.0,
14385630589000,0,18.0,2400.0,0.0,
14385650944000,0,18.0,2400.0,0.0,
14385672520000,0,18.0,2400.0,0.0,
14385690586000,0,21.0,2400.0,0.0,
14385711063000,0,21.0,2400.0,0.0,
14385732578000,0,18.0,2400.0,0.0,
14385750645000,0,18.0,2400.0,0.0,
14385771519000,0,18.0,2400.0,0.0,
14385792423000,0,18.0,2400.0,0.0,
14385810459000,0,20.0,2400.0,0.0,
14385831272000,0,18.0,2400.0,0.0,
14385852512000,0,18.0,2400.0,0.0,
14385870640000,0,20.0,2400.0,0.0,
14385891056000,0,20.0,2400.0,0.0,
14385912510000,0,18.0,2400.0,0.0,
14385930637000,0,18.0,2400.0,0.0,
14385951511000,0,18.0,2400.0,0.0,
14385972568000,0,18.0,2400.0,0.0,
14385990726000,0,18.0,2400.0,0.0,
14386011143000,0,18.0,2400.0,0.0,
14386032566000,0,18.0,2400.0,0.0,
14386050693000,0,18.0,2400.0,0.0,
14386071537000,0,18.0,2400.0,0.0,
14386092655000,0,18.0,2400.0,0.0,
14386111576000,0,18.0,2400.0,0.0,
14386131626000,0,0.0,4500.0,0.0,
14386152744000,0,19.0,2400.0,0.0,
14386170933000,0,19.0,2400.0,0.0,
14386191318000,0,20.0,2400.0,0.0,
14386212803000,0,20.0,2400.0,0.0,
14386230930000,0,18.0,2400.0,0.0,
14386251499000,0,18.0,2400.0,0.0,
14386272800000,0,20.0,2400.0,0.0,
14386290897000,0,20.0,2400.0,0.0,
14386312138000,0,20.0,2400.0,0.0,
14386332920000,0,20.0,2400.0,0.0,
14386351047000,0,20.0,2400.0,0.0,
14386371372000,0,21.0,2400.0,0.0,
14386392918000,0,21.0,2400.0,0.0,
14386411076000,0,18.0,2400.0,0.0,
14386431492000,0,18.0,2400.0,0.0,
14386452946000,0,20.0,2400.0,0.0,
14386471104000,0,20.0,2400.0,0.0,
14386492008000,0,20.0,2400.0,0.0,
14386521946000,0,20.0,2400.0,0.0,
14386532719000,0,20.0,2400.0,0.0,
14386552494000,0,21.0,2400.0,0.0,
14386573093000,0,21.0,2400.0,0.0,
14386591312000,0,21.0,2400.0,0.0,
14386611790000,0,21.0,2400.0,0.0,
14386633274000,0,20.0,2400.0,0.0,
14386651401000,0,23.0,2400.0,0.0,
14386672153000,0,23.0,2400.0,0.0,
14386693272000,0,21.0,2400.0,0.0,
14386711399000,0,21.0,2400.0,0.0,
14386731998000,0,21.0,2400.0,0.0,
14386753361000,0,21.0,2400.0,0.0,
14386771488000,0,20.0,2400.0,0.0,
14386792362000,0,20.0,2400.0,0.0,
14386813816000,0,23.0,2400.0,0.0,
14386831425000,0,24.0,2400.0,0.0,
14386852268000,0,24.0,2400.0,0.0,
14386873417000,0,23.0,2400.0,0.0,
14386891483000,0,23.0,2400.0,0.0,
14386911900000,0,23.0,2400.0,0.0,
14386933414000,0,23.0,2400.0,0.0,
14386951572000,0,21.0,2400.0,0.0,
14386972233000,0,21.0,2400.0,0.0,
14386993504000,0,23.0,2400.0,0.0,
14387011600000,0,23.0,2400.0,0.0,
14387032810000,0,23.0,2400.0,0.0,
14387053501000,0,22.0,2400.0,0.0,
14387071629000,0,22.0,2400.0,0.0,
14387092106000,0,22.0,2400.0,0.0,
14387113682000,0,22.0,2400.0,0.0,
14387131779000,0,22.0,2400.0,0.0,
14387152287000,0,22.0,2400.0,0.0,
14387173649000,0,23.0,2400.0,0.0,
14387191746000,0,22.0,2400.0,0.0,
14387212772000,0,22.0,2400.0,0.0,
14387233707000,0,24.0,2400.0,0.0,
14387251896000,0,24.0,2400.0,0.0,
14387272617000,0,23.0,2400.0,0.0,
14387293797000,0,23.0,2400.0,0.0,
14387311893000,0,23.0,2400.0,0.0,
14387332371000,0,23.0,2400.0,0.0,
14387353886000,0,24.0,2400.0,0.0,
14387371952000,0,24.0,2400.0,0.0,
14387392887000,0,24.0,2400.0,0.0,
14387413975000,0,26.0,2400.0,0.0,
14387432072000,0,26.0,2400.0,0.0,
14387452671000,0,24.0,2400.0,0.0,
14387474064000,0,24.0,2400.0,0.0,
14387492161000,0,24.0,2400.0,0.0,
14387513432000,0,24.0,2400.0,0.0,
14387534153000,0,24.0,2400.0,0.0,
14387552341000,0,24.0,2400.0,0.0,
14387573154000,0,24.0,2400.0,0.0,
14387597233000,0,24.0,2400.0,0.0,
14387612949000,0,24.0,2400.0,0.0,
14387633305000,0,24.0,2400.0,0.0,
14387655125000,0,24.0,2400.0,0.0,
14387673069000,0,0.0,4500.0,0.0,
14387693516000,0,18.0,2400.0,0.0,
14387713047000,0,18.0,2400.0,0.0,
14387733036000,0,22.0,2400.0,0.0,
14387754215000,0,22.0,2400.0,0.0,
14387773106000,0,20.0,2400.0,0.0,
14387793095000,0,20.0,2400.0,0.0,
14387813511000,0,22.0,2400.0,0.0,
14387834476000,0,22.0,2400.0,0.0,
14387853153000,0,20.0,2400.0,0.0,
14387873478000,0,23.0,2400.0,0.0,
14387893223000,0,23.0,2400.0,0.0,
14387913242000,0,21.0,2400.0,0.0,
14387934116000,0,21.0,2400.0,0.0,
14387953251000,0,21.0,2400.0,0.0,
14387973240000,0,21.0,2400.0,0.0,
14387998875000,0,21.0,2400.0,0.0,
14388014530000,0,21.0,2400.0,0.0,
14388033176000,0,21.0,2400.0,0.0,
14388053654000,0,21.0,2400.0,0.0,
14388073246000,0,21.0,2400.0,0.0,
14388093296000,0,21.0,2400.0,0.0,
14388114964000,0,21.0,2400.0,0.0,
14388133579000,0,0.0,4500.0,0.0,
14388153507000,0,16.0,2400.0,0.0,
14388173923000,0,16.0,2400.0,0.0,
14388194797000,0,23.0,2400.0,0.0,
14388213444000,0,23.0,2400.0,0.0,
14388234196000,0,21.0,2400.0,0.0,
14388253452000,0,21.0,2400.0,0.0,
14388273502000,0,20.0,2400.0,0.0,
14388294285000,0,20.0,2400.0,0.0,
14388313663000,0,20.0,2400.0,0.0,
14388333561000,0,20.0,2400.0,0.0,
14388354038000,0,20.0,2400.0,0.0,
14388414219000,0,21.0,2400.0,0.0,
14388433720000,0,21.0,2400.0,0.0,
14388453861000,0,18.0,2400.0,0.0,
14388475468000,0,18.0,2400.0,0.0,
14388493870000,0,18.0,2400.0,0.0,
14388513798000,0,20.0,2400.0,0.0,
14388534122000,0,20.0,2400.0,0.0,
14388555180000,0,18.0,2400.0,0.0,
14388573856000,0,18.0,2400.0,0.0,
14388594212000,0,20.0,2400.0,0.0,
14388613865000,0,20.0,2400.0,0.0,
14388633884000,0,21.0,2400.0,0.0,
14388654880000,0,20.0,2400.0,0.0,
14388675877000,0,20.0,2400.0,0.0,
14388694157000,0,20.0,2400.0,0.0,
14388714695000,0,20.0,2400.0,0.0,
14388735447000,0,20.0,2400.0,0.0,
14388754154000,0,20.0,2400.0,0.0,
14388774662000,0,19.0,2400.0,0.0,
14388794224000,0,19.0,2400.0,0.0,
14388814182000,0,20.0,2400.0,0.0,
14388834995000,0,20.0,2400.0,0.0,
14388854038000,0,20.0,2400.0,0.0,
14388874119000,0,20.0,2400.0,0.0,
14388894627000,0,20.0,2400.0,0.0,
14388915440000,0,20.0,2400.0,0.0,
14388934116000,0,20.0,2400.0,0.0,
14388954899000,0,19.0,2400.0,0.0,
14388974186000,0,19.0,2400.0,0.0,
14388994297000,0,20.0,2400.0,0.0,
14389014957000,0,20.0,2400.0,0.0,
14389034214000,0,20.0,2400.0,0.0,
14389054264000,0,20.0,2400.0,0.0,
14389074650000,0,20.0,2400.0,0.0,
14389095646000,0,19.0,2400.0,0.0,
14389114323000,0,19.0,2400.0,0.0,
14389134861000,0,19.0,2400.0,0.0,
14389154362000,0,19.0,2400.0,0.0,
14389174381000,0,20.0,2400.0,0.0,
14389195560000,0,19.0,2400.0,0.0,
14389214390000,0,19.0,2400.0,0.0,
14389234440000,0,20.0,2400.0,0.0,
14389254734000,0,20.0,2400.0,0.0,
14389275822000,0,19.0,2400.0,0.0,
14389294498000,0,19.0,2400.0,0.0,
14389314945000,0,20.0,2400.0,0.0,
14389334507000,0,20.0,2400.0,0.0,
14389354588000,0,20.0,2400.0,0.0,
14389375523000,0,19.0,2400.0,0.0,
14389394627000,0,19.0,2400.0,0.0,
14389414707000,0,20.0,2400.0,0.0,
14389435856000,0,20.0,2400.0,0.0,
14389456028000,0,20.0,2400.0,0.0,
14389474735000,0,20.0,2400.0,0.0,
14389495182000,0,20.0,2400.0,0.0,
14389514774000,0,20.0,2400.0,0.0,
14389534733000,0,18.0,2400.0,0.0,
14389555515000,0,18.0,2400.0,0.0,
14389579136000,0,18.0,2400.0,0.0,
14389594730000,0,18.0,2400.0,0.0,
14389615299000,0,18.0,2400.0,0.0,
14389636234000,0,18.0,2400.0,0.0,
14389654880000,0,18.0,2400.0,0.0,
14389675571000,0,20.0,2400.0,0.0,
14389694950000,0,20.0,2400.0,0.0,
14389714878000,0,20.0,2400.0,0.0,
14389735630000,0,21.0,2400.0,0.0,
14389754917000,0,21.0,2400.0,0.0,
14389774967000,0,23.0,2400.0,0.0,
14389795322000,0,23.0,2400.0,0.0,
14389816227000,0,21.0,2400.0,0.0,
14389834995000,0,21.0,2400.0,0.0,
14389855625000,0,20.0,2400.0,0.0,
14389875126000,0,23.0,2400.0,0.0,
14389895145000,0,23.0,2400.0,0.0,
14389916233000,0,20.0,2400.0,0.0,
14389935184000,0,20.0,2400.0,0.0,
14389955204000,0,21.0,2400.0,0.0,
14389975559000,0,21.0,2400.0,0.0,
14389996555000,0,20.0,2400.0,0.0,
14390015202000,0,20.0,2400.0,0.0,
14390035587000,0,21.0,2400.0,0.0,
14390055241000,0,21.0,2400.0,0.0,
14390075169000,0,21.0,2400.0,0.0,
14390096134000,0,21.0,2400.0,0.0,
14390115360000,0,21.0,2400.0,0.0,
14390135349000,0,23.0,2400.0,0.0,
14390156040000,0,23.0,2400.0,0.0,
14390176731000,0,23.0,2400.0,0.0,
14390195408000,0,23.0,2400.0,0.0,
14390215824000,0,23.0,2400.0,0.0,
14390235386000,0,23.0,2400.0,0.0,
14390255436000,0,23.0,2400.0,0.0,
14390276218000,0,23.0,2400.0,0.0,
14390295444000,0,23.0,2400.0,0.0,
14390315556000,0,23.0,2400.0,0.0,
14390336033000,0,23.0,2400.0,0.0,
14390356815000,0,23.0,2400.0,0.0,
14390375523000,0,23.0,2400.0,0.0,
14390396763000,0,23.0,2400.0,0.0,
14390415562000,0,19.0,2400.0,0.0,
14390435673000,0,19.0,2400.0,0.0,
14390456364000,0,23.0,2400.0,0.0,
14390475559000,0,23.0,2400.0,0.0,
14390495609000,0,22.0,2400.0,0.0,
14390516056000,0,22.0,2400.0,0.0,
14390537052000,0,23.0,2400.0,0.0,
14390555759000,0,23.0,2400.0,0.0,
14390576298000,0,24.0,2400.0,0.0,
14390595829000,0,23.0,2400.0,0.0,
14390615818000,0,23.0,2400.0,0.0,
14390636845000,0,24.0,2400.0,0.0,
14390655827000,0,24.0,2400.0,0.0,
14390675846000,0,24.0,2400.0,0.0,
14390696232000,0,24.0,2400.0,0.0,
14390721470000,0,24.0,2400.0,0.0,
14390735783000,0,24.0,2400.0,0.0,
14390756229000,0,24.0,2400.0,0.0,
14390775944000,0,24.0,2400.0,0.0,
14390795933000,0,24.0,2400.0,0.0,
14390816929000,0,22.0,2400.0,0.0,
14390836033000,0,22.0,2400.0,0.0,
14390855961000,0,24.0,2400.0,0.0,
14390876652000,0,24.0,2400.0,0.0,
14390897434000,0,23.0,2400.0,0.0,
14390916019000,0,23.0,2400.0,0.0,
14390936466000,0,23.0,2400.0,0.0,
14390956089000,0,26.0,2400.0,0.0,
14390976139000,0,26.0,2400.0,0.0,
14390996983000,0,23.0,2400.0,0.0,
14391016148000,0,23.0,2400.0,0.0,
14391036106000,0,23.0,2400.0,0.0,
14391056644000,0,23.0,2400.0,0.0,
14391077518000,0,24.0,2400.0,0.0,
14391096226000,0,24.0,2400.0,0.0,
14391117069000,0,23.0,2400.0,0.0,
14391136875000,0,24.0,2400.0,0.0,
14391156406000,0,24.0,2400.0,0.0,
14391177067000,0,23.0,2400.0,0.0,
14391196323000,0,23.0,2400.0,0.0,
14391216343000,0,23.0,2400.0,0.0,
14391242069000,0,23.0,2400.0,0.0,
14391255680000,0,24.0,2400.0,0.0,
14391275700000,0,24.0,2400.0,0.0,
14391298161000,0,24.0,2400.0,0.0,
14391315769000,0,23.0,2400.0,0.0,
14391335758000,0,23.0,2400.0,0.0,
14391359257000,0,26.0,2400.0,0.0,
14391375889000,0,26.0,2400.0,0.0,
14391395817000,0,23.0,2400.0,0.0,
14391418156000,0,23.0,2400.0,0.0,
14391435917000,0,26.0,2400.0,0.0,
14391455936000,0,26.0,2400.0,0.0,
14391478275000,0,26.0,2400.0,0.0,
14391495975000,0,26.0,2400.0,0.0,
14391515903000,0,26.0,2400.0,0.0,
14391539249000,0,25.0,2400.0,0.0,
14391555973000,0,25.0,2400.0,0.0,
14391576023000,0,26.0,2400.0,0.0,
14391598637000,0,26.0,2400.0,0.0,
14391615971000,0,23.0,2400.0,0.0,
14391636021000,0,26.0,2400.0,0.0,
14391658298000,0,26.0,2400.0,0.0,
14391675999000,0,26.0,2400.0,0.0,
14391696018000,0,26.0,2400.0,0.0,
14391718815000,0,26.0,2400.0,0.0,
14391736149000,0,26.0,2400.0,0.0,
14391756138000,0,26.0,2400.0,0.0,
14391778629000,0,26.0,2400.0,0.0,
14391796207000,0,24.0,2400.0,0.0,
14391816563000,0,26.0,2400.0,0.0,
14391838901000,0,26.0,2400.0,0.0,
14391856235000,0,24.0,2400.0,0.0,
14391876255000,0,24.0,2400.0,0.0,
14391898960000,0,22.0,2400.0,0.0,
14391916264000,0,22.0,2400.0,0.0,
14391936314000,0,21.0,2400.0,0.0,
14391958622000,0,21.0,2400.0,0.0,
14391976353000,0,18.0,2400.0,0.0,
14391996403000,0,18.0,2400.0,0.0,
14392018833000,0,18.0,2400.0,0.0,
14392036411000,0,17.0,2400.0,0.0,
14392056431000,0,17.0,2400.0,0.0,
14392079533000,0,15.0,2400.0,0.0,
14392096500000,0,15.0,2400.0,0.0,
14392116489000,0,17.0,2400.0,0.0,
14392138767000,0,17.0,2400.0,0.0,
14392156528000,0,16.0,2400.0,0.0,
14392176548000,0,14.0,2400.0,0.0,
14392198856000,0,14.0,2400.0,0.0,
14392216587000,0,14.0,2400.0,0.0,
14392236637000,0,14.0,2400.0,0.0,
14392259434000,0,17.0,2400.0,0.0,
14392276615000,0,17.0,2400.0,0.0,
14392296635000,0,17.0,2400.0,0.0,
14392319797000,0,17.0,2400.0,0.0,
14392336735000,0,15.0,2400.0,0.0,
14392356815000,0,16.0,2400.0,0.0,
14392379124000,0,16.0,2400.0,0.0,
14392396732000,0,18.0,2400.0,0.0,
14392416813000,0,18.0,2400.0,0.0,
14392439548000,0,18.0,2400.0,0.0,
14392456852000,0,18.0,2400.0,0.0,
14392476871000,0,17.0,2400.0,0.0,
14392499302000,0,20.0,2400.0,0.0,
14392516911000,0,20.0,2400.0,0.0,
14392536930000,0,20.0,2400.0,0.0,
14392559544000,0,20.0,2400.0,0.0,
14392576908000,0,17.0,2400.0,0.0,
14392596897000,0,17.0,2400.0,0.0,
14392619633000,0,17.0,2400.0,0.0,
14392636967000,0,17.0,2400.0,0.0,
14392657047000,0,18.0,2400.0,0.0,
14392679325000,0,18.0,2400.0,0.0,
14392697056000,0,17.0,2400.0,0.0,
14392717106000,0,18.0,2400.0,0.0,
14392739567000,0,18.0,2400.0,0.0,
14392757023000,0,18.0,2400.0,0.0,
14392777042000,0,18.0,2400.0,0.0,
14392800144000,0,18.0,2400.0,0.0,
14392817081000,0,18.0,2400.0,0.0,
14392837131000,0,19.0,2400.0,0.0,
14392859318000,0,18.0,2400.0,0.0,
14392877171000,0,18.0,2400.0,0.0,
14392897190000,0,18.0,2400.0,0.0,
14392923771000,0,18.0,2400.0,0.0,
14392943394000,0,18.0,2400.0,0.0,
14392957249000,0,18.0,2400.0,0.0,
14392978214000,0,18.0,2400.0,0.0,
14392999210000,0,18.0,2400.0,0.0,
14393017338000,0,18.0,2400.0,0.0,
14393038120000,0,18.0,2400.0,0.0,
14393060215000,0,18.0,2400.0,0.0,
14393239658000,0,16.0,2400.0,0.0,
14393278934000,0,19.0,2400.0,0.0,
14393299656000,0,19.0,2400.0,0.0,
14393317631000,0,20.0,2400.0,0.0,
14393338444000,0,20.0,2400.0,0.0,
14393359623000,0,20.0,2400.0,0.0,
14393377689000,0,20.0,2400.0,0.0,
14393398106000,0,21.0,2400.0,0.0,
14393419682000,0,21.0,2400.0,0.0,
14393437778000,0,21.0,2400.0,0.0,
14393458317000,0,21.0,2400.0,0.0,
14393479740000,0,21.0,2400.0,0.0,
14393497868000,0,20.0,2400.0,0.0,
14393518986000,0,20.0,2400.0,0.0,
14393539738000,0,20.0,2400.0,0.0,
14393557865000,0,20.0,2400.0,0.0,
14393578342000,0,20.0,2400.0,0.0,
14393599857000,0,20.0,2400.0,0.0,
14393617985000,0,20.0,2400.0,0.0,
14393638401000,0,21.0,2400.0,0.0,
14393659824000,0,21.0,2400.0,0.0,
14393677952000,0,21.0,2400.0,0.0,
14393698887000,0,21.0,2400.0,0.0,
14393719944000,0,21.0,2400.0,0.0,
14393738041000,0,21.0,2400.0,0.0,
14393758793000,0,21.0,2400.0,0.0,
14393780094000,0,20.0,2400.0,0.0,
14393798099000,0,20.0,2400.0,0.0,
14393818546000,0,20.0,2400.0,0.0,
14393840122000,0,20.0,2400.0,0.0,
14393858158000,0,20.0,2400.0,0.0,
14393879002000,0,20.0,2400.0,0.0,
14393900181000,0,20.0,2400.0,0.0,
14393918247000,0,20.0,2400.0,0.0,
14393938786000,0,21.0,2400.0,0.0,
14393960209000,0,21.0,2400.0,0.0,
14393978336000,0,21.0,2400.0,0.0,
14393999088000,0,24.0,2400.0,0.0,
14394020206000,0,24.0,2400.0,0.0,
14394038303000,0,23.0,2400.0,0.0,
14394059147000,0,23.0,2400.0,0.0,
14394080296000,0,24.0,2400.0,0.0,
14394098392000,0,24.0,2400.0,0.0,
14394118809000,0,22.0,2400.0,0.0,
14394140324000,0,22.0,2400.0,0.0,
14394158421000,0,22.0,2400.0,0.0,
14394179020000,0,23.0,2400.0,0.0,
14394200413000,0,23.0,2400.0,0.0,
14394218510000,0,22.0,2400.0,0.0,
14394240208000,0,22.0,2400.0,0.0,
14394260441000,0,23.0,2400.0,0.0,
14394278538000,0,23.0,2400.0,0.0,
14394298923000,0,22.0,2400.0,0.0,
14394320530000,0,24.0,2400.0,0.0,
14394338657000,0,24.0,2400.0,0.0,
14394359043000,0,25.0,2400.0,0.0,
14394380527000,0,25.0,2400.0,0.0,
14394398655000,0,23.0,2400.0,0.0,
14394419620000,0,23.0,2400.0,0.0,
14394440678000,0,25.0,2400.0,0.0,
14394458775000,0,25.0,2400.0,0.0,
14394479496000,0,25.0,2400.0,0.0,
14394500736000,0,26.0,2400.0,0.0,
14394518803000,0,26.0,2400.0,0.0,
14394539280000,0,23.0,2400.0,0.0,
14394560642000,0,23.0,2400.0,0.0,
14394578800000,0,26.0,2400.0,0.0,
14394599613000,0,26.0,2400.0,0.0,
14394620762000,0,24.0,2400.0,0.0,
14394638828000,0,24.0,2400.0,0.0,
14394659458000,0,26.0,2400.0,0.0,
14394680912000,0,24.0,2400.0,0.0,
14394699009000,0,24.0,2400.0,0.0,
14394719852000,0,26.0,2400.0,0.0,
14394740940000,0,26.0,2400.0,0.0,
14394759037000,0,25.0,2400.0,0.0,
14394779880000,0,25.0,2400.0,0.0,
14394801029000,0,28.0,2400.0,0.0,
14394819096000,0,28.0,2400.0,0.0,
14394839481000,0,28.0,2400.0,0.0,
14394861027000,0,28.0,2400.0,0.0,
14394879215000,0,28.0,2400.0,0.0,
14394899754000,0,26.0,2400.0,0.0,
14394921116000,0,26.0,2400.0,0.0,
14394939213000,0,26.0,2400.0,0.0,
14394960422000,0,26.0,2400.0,0.0,
14394981266000,0,29.0,2400.0,0.0,
14394999332000,0,27.0,2400.0,0.0,
14395019657000,0,27.0,2400.0,0.0,
14395041203000,0,26.0,2400.0,0.0,
14395059299000,0,26.0,2400.0,0.0,
14395079746000,0,26.0,2400.0,0.0,
14395101261000,0,26.0,2400.0,0.0,
14395119419000,0,29.0,2400.0,0.0,
14395140385000,0,29.0,2400.0,0.0,
14395161381000,0,28.0,2400.0,0.0,
14395179508000,0,30.0,2400.0,0.0,
14395200687000,0,30.0,2400.0,0.0,
14395221500000,0,28.0,2400.0,0.0,
14395239536000,0,28.0,2400.0,0.0,
14395259922000,0,28.0,2400.0,0.0,
14395281345000,0,28.0,2400.0,0.0,
14395299534000,0,29.0,2400.0,0.0,
14395320408000,0,29.0,2400.0,0.0,
14395341557000,0,31.0,2400.0,0.0,
14395359592000,0,28.0,2400.0,0.0,
14395380405000,0,28.0,2400.0,0.0,
14395401615000,0,32.0,2400.0,0.0,
14395419712000,0,32.0,2400.0,0.0,
14395440495000,0,31.0,2400.0,0.0,
14395461674000,0,31.0,2400.0,0.0,
14395479740000,0,31.0,2400.0,0.0,
14395500584000,0,31.0,2400.0,0.0,
14395521702000,0,28.0,2400.0,0.0,
14395539829000,0,31.0,2400.0,0.0,
14395560184000,0,31.0,2400.0,0.0,
14395581730000,0,32.0,2400.0,0.0,
14395599827000,0,32.0,2400.0,0.0,
14395620487000,0,31.0,2400.0,0.0,
14395641880000,0,31.0,2400.0,0.0,
14395664524000,0,32.0,2400.0,0.0,
14395681065000,0,32.0,2400.0,0.0,
14395701817000,0,31.0,2400.0,0.0,
14395719913000,0,31.0,2400.0,0.0,
14395740299000,0,31.0,2400.0,0.0,
14395761936000,0,31.0,2400.0,0.0,
14395780064000,0,31.0,2400.0,0.0,
14395800480000,0,31.0,2400.0,0.0,
14395821934000,0,31.0,2400.0,0.0,
14395840092000,0,32.0,2400.0,0.0,
14395860996000,0,32.0,2400.0,0.0,
14395882023000,0,32.0,2400.0,0.0,
14395900211000,0,32.0,2400.0,0.0,
14395920811000,0,32.0,2400.0,0.0,
14395942020000,0,31.0,2400.0,0.0,
14395960178000,0,31.0,2400.0,0.0,
14395980625000,0,32.0,2400.0,0.0,
14396002201000,0,32.0,2400.0,0.0,
14396020267000,0,31.0,2400.0,0.0,
14396041050000,0,31.0,2400.0,0.0,
14396062260000,0,31.0,2400.0,0.0,
14396080357000,0,32.0,2400.0,0.0,
14396100895000,0,32.0,2400.0,0.0,
14396122318000,0,33.0,2400.0,0.0,
14396140446000,0,33.0,2400.0,0.0,
14396161747000,0,32.0,2400.0,0.0,
14396182316000,0,32.0,2400.0,0.0,
14396200474000,0,33.0,2400.0,0.0,
14396221439000,0,33.0,2400.0,0.0,
14396242496000,0,31.0,2400.0,0.0,
14396260471000,0,34.0,2400.0,0.0,
14396280888000,0,34.0,2400.0,0.0,
14396302464000,0,33.0,2400.0,0.0,
14396320560000,0,33.0,2400.0,0.0,
14396341190000,0,33.0,2400.0,0.0,
14396362553000,0,33.0,2400.0,0.0,
14396380589000,0,34.0,2400.0,0.0,
14396401737000,0,34.0,2400.0,0.0,
14396422672000,0,34.0,2400.0,0.0,
14396440708000,0,34.0,2400.0,0.0,
14396461124000,0,34.0,2400.0,0.0,
14396482670000,0,35.0,2400.0,0.0,
14396500736000,0,35.0,2400.0,0.0,
14396521275000,0,34.0,2400.0,0.0,
14396542698000,0,34.0,2400.0,0.0,
14396560764000,0,31.0,2400.0,0.0,
14396581791000,0,34.0,2400.0,0.0,
14396602756000,0,34.0,2400.0,0.0,
14396620945000,0,34.0,2400.0,0.0,
14396641605000,0,34.0,2400.0,0.0,
14396662724000,0,31.0,2400.0,0.0,
14396680820000,0,31.0,2400.0,0.0,
14396701328000,0,31.0,2400.0,0.0,
14396722874000,0,31.0,2400.0,0.0,
14396740940000,0,34.0,2400.0,0.0,
14396761845000,0,31.0,2400.0,0.0,
14396782932000,0,31.0,2400.0,0.0,
14396801029000,0,36.0,2400.0,0.0,
14396821934000,0,36.0,2400.0,0.0,
14396842899000,0,32.0,2400.0,0.0,
14396861057000,0,32.0,2400.0,0.0,
14396881809000,0,35.0,2400.0,0.0,
14396902958000,0,35.0,2400.0,0.0,
14396921146000,0,34.0,2400.0,0.0,
14396941990000,0,35.0,2400.0,0.0,
14396963078000,0,35.0,2400.0,0.0,
14396981174000,0,35.0,2400.0,0.0,
14397001591000,0,35.0,2400.0,0.0,
14397023197000,0,34.0,2400.0,0.0,
14397041264000,0,34.0,2400.0,0.0,
14397061771000,0,35.0,2400.0,0.0,
14397083164000,0,35.0,2400.0,0.0,
14397101322000,0,34.0,2400.0,0.0,
14397122959000,0,34.0,2400.0,0.0,
14397143284000,0,34.0,2400.0,0.0,
14397302616000,0,34.0,2400.0,0.0,
14397323612000,0,34.0,2400.0,0.0,
14397341740000,0,34.0,2400.0,0.0,
14397362492000,0,34.0,2400.0,0.0,
14397383671000,0,35.0,2400.0,0.0,
14397401768000,0,35.0,2400.0,0.0,
14397422031000,0,33.0,2400.0,0.0,
14397443577000,0,33.0,2400.0,0.0,
14397461613000,0,34.0,2400.0,0.0,
14397482426000,0,35.0,2400.0,0.0,
14397503544000,0,35.0,2400.0,0.0,
14397521671000,0,36.0,2400.0,0.0,
14397542240000,0,36.0,2400.0,0.0,
14397563663000,0,35.0,2400.0,0.0,
14397581760000,0,35.0,2400.0,0.0,
14397602543000,0,36.0,2400.0,0.0,
14397623753000,0,36.0,2400.0,0.0,
14397641788000,0,34.0,2400.0,0.0,
14397662601000,0,34.0,2400.0,0.0,
14397683720000,0,34.0,2400.0,0.0,
14397701817000,0,36.0,2400.0,0.0,
14397722233000,0,36.0,2400.0,0.0,
14397743809000,0,34.0,2400.0,0.0,
14397761875000,0,34.0,2400.0,0.0,
14397782474000,0,36.0,2400.0,0.0,
14397803837000,0,36.0,2400.0,0.0,
14397821964000,0,36.0,2400.0,0.0,
14397843113000,0,36.0,2400.0,0.0,
14397863926000,0,36.0,2400.0,0.0,
14397882084000,0,37.0,2400.0,0.0,
14397902409000,0,37.0,2400.0,0.0,
14397923954000,0,36.0,2400.0,0.0,
14397942112000,0,36.0,2400.0,0.0,
14397962620000,0,37.0,2400.0,0.0,
14397984074000,0,36.0,2400.0,0.0,
14398002354000,0,36.0,2400.0,0.0,
14398023289000,0,36.0,2400.0,0.0,
14398044224000,0,36.0,2400.0,0.0,
14398062290000,0,35.0,2400.0,0.0,
14398083378000,0,35.0,2400.0,0.0,
14398104099000,0,38.0,2400.0,0.0,
14398122257000,0,38.0,2400.0,0.0,
14398142673000,0,37.0,2400.0,0.0,
14398164188000,0,36.0,2400.0,0.0,
14398182316000,0,36.0,2400.0,0.0,
14398203220000,0,37.0,2400.0,0.0,
14398224369000,0,37.0,2400.0,0.0,
14398242435000,0,36.0,2400.0,0.0,
14398263065000,0,36.0,2400.0,0.0,
14398284489000,0,35.0,2400.0,0.0,
14398302738000,0,35.0,2400.0,0.0,
14398323582000,0,36.0,2400.0,0.0,
14398345097000,0,36.0,2400.0,0.0,
14398362736000,0,36.0,2400.0,0.0,
14398383427000,0,37.0,2400.0,0.0,
14398404484000,0,37.0,2400.0,0.0,
14398422611000,0,36.0,2400.0,0.0,
14398442966000,0,36.0,2400.0,0.0,
14398464451000,0,36.0,2400.0,0.0,
14398482578000,0,36.0,2400.0,0.0,
14398503361000,0,36.0,2400.0,0.0,
14398524570000,0,35.0,2400.0,0.0,
14398542698000,0,35.0,2400.0,0.0,
14398563816000,0,38.0,2400.0,0.0,
14398584599000,0,38.0,2400.0,0.0,
14398602726000,0,35.0,2400.0,0.0,
14398623112000,0,35.0,2400.0,0.0,
14398644657000,0,36.0,2400.0,0.0,
14398662937000,0,36.0,2400.0,0.0,
14398684391000,0,37.0,2400.0,0.0,
14398704746000,0,37.0,2400.0,0.0,
14398722874000,0,37.0,2400.0,0.0,
14398743839000,0,37.0,2400.0,0.0,
14398764957000,0,37.0,2400.0,0.0,
14398783024000,0,36.0,2400.0,0.0,
14398803715000,0,36.0,2400.0,0.0,
14398825199000,0,37.0,2400.0,0.0,
14398843052000,0,37.0,2400.0,0.0,
14398863468000,0,36.0,2400.0,0.0,
14398885044000,0,37.0,2400.0,0.0,
14398903110000,0,37.0,2400.0,0.0,
14398923923000,0,37.0,2400.0,0.0,
14398945103000,0,37.0,2400.0,0.0,
14398963016000,0,36.0,2400.0,0.0,
14398983555000,0,36.0,2400.0,0.0,
14399005009000,0,35.0,2400.0,0.0,
14399023106000,0,35.0,2400.0,0.0,
14399044376000,0,37.0,2400.0,0.0,
14399065128000,0,37.0,2400.0,0.0,
14399083225000,0,37.0,2400.0,0.0,
14399104038000,0,37.0,2400.0,0.0,
14399125126000,0,37.0,2400.0,0.0,
14399143223000,0,35.0,2400.0,0.0,
14399163609000,0,35.0,2400.0,0.0,
14399185215000,0,35.0,2400.0,0.0,
14399203281000,0,37.0,2400.0,0.0,
14399223850000,0,36.0,2400.0,0.0,
14399245213000,0,36.0,2400.0,0.0,
14399263523000,0,36.0,2400.0,0.0,
14399284550000,0,37.0,2400.0,0.0,
14399305271000,0,37.0,2400.0,0.0,
14399323399000,0,36.0,2400.0,0.0,
14399343754000,0,36.0,2400.0,0.0,
14399365330000,0,35.0,2400.0,0.0,
14399383427000,0,36.0,2400.0,0.0,
14399545811000,0,35.0,2400.0,0.0,
14399563969000,0,36.0,2400.0,0.0,
14399584324000,0,36.0,2400.0,0.0,
14399605900000,0,35.0,2400.0,0.0,
14399623783000,0,35.0,2400.0,0.0,
14399644627000,0,36.0,2400.0,0.0,
14399665775000,0,36.0,2400.0,0.0,
14399683811000,0,36.0,2400.0,0.0,
14399704472000,0,36.0,2400.0,0.0,
14399725864000,0,36.0,2400.0,0.0,
14399743992000,0,36.0,2400.0,0.0,
14399764713000,0,36.0,2400.0,0.0,
14399785892000,0,37.0,2400.0,0.0,
14399803898000,0,37.0,2400.0,0.0,
14399824680000,0,37.0,2400.0,0.0,
14399845829000,0,37.0,2400.0,0.0,
14399863895000,0,37.0,2400.0,0.0,
14399884312000,0,37.0,2400.0,0.0,
14399905827000,0,37.0,2400.0,0.0,
14399924015000,0,35.0,2400.0,0.0,
14399944553000,0,35.0,2400.0,0.0,
14399965977000,0,37.0,2400.0,0.0,
14399984074000,0,37.0,2400.0,0.0,
14400005650000,0,35.0,2400.0,0.0,
14400025974000,0,35.0,2400.0,0.0,
14400044193000,0,37.0,2400.0,0.0,
14400064548000,0,37.0,2400.0,0.0,
14400086094000,0,36.0,2400.0,0.0,
14400104588000,0,35.0,2400.0,0.0,
14400124546000,0,35.0,2400.0,0.0,
14400146091000,0,37.0,2400.0,0.0,
14400164188000,0,37.0,2400.0,0.0,
14400185123000,0,35.0,2400.0,0.0,
14400206150000,0,35.0,2400.0,0.0,
14400224247000,0,37.0,2400.0,0.0,
14400244968000,0,37.0,2400.0,0.0,
14400266178000,0,35.0,2400.0,0.0,
14400284306000,0,35.0,2400.0,0.0,
14400304783000,0,35.0,2400.0,0.0,
14400326237000,0,36.0,2400.0,0.0,
14400344425000,0,36.0,2400.0,0.0,
14400365269000,0,36.0,2400.0,0.0,
14400386387000,0,36.0,2400.0,0.0,
14400404453000,0,37.0,2400.0,0.0,
14400424961000,0,37.0,2400.0,0.0,
14400446384000,0,37.0,2400.0,0.0,
14400464573000,0,37.0,2400.0,0.0,
14400485355000,0,37.0,2400.0,0.0,
14400506535000,0,36.0,2400.0,0.0,
14400525608000,0,36.0,2400.0,0.0,
14400545505000,0,36.0,2400.0,0.0,
14400566502000,0,36.0,2400.0,0.0,
14400584599000,0,37.0,2400.0,0.0,
14400604984000,0,37.0,2400.0,0.0,
14400626591000,0,36.0,2400.0,0.0,
14400644749000,0,36.0,2400.0,0.0,
14400665195000,0,36.0,2400.0,0.0,
14400686588000,0,36.0,2400.0,0.0,
14400704777000,0,36.0,2400.0,0.0,
14400725956000,0,35.0,2400.0,0.0,
14400746708000,0,35.0,2400.0,0.0,
14400764835000,0,37.0,2400.0,0.0,
14400785221000,0,36.0,2400.0,0.0,
14400806705000,0,36.0,2400.0,0.0,
14400824833000,0,35.0,2400.0,0.0,
14400845249000,0,35.0,2400.0,0.0,
14400866734000,0,36.0,2400.0,0.0,
14400884953000,0,36.0,2400.0,0.0,
14400905949000,0,35.0,2400.0,0.0,
14400926884000,0,35.0,2400.0,0.0,
14400945072000,0,36.0,2400.0,0.0,
14400966343000,0,36.0,2400.0,0.0,
14400987064000,0,36.0,2400.0,0.0,
14401005039000,0,35.0,2400.0,0.0,
14401025486000,0,35.0,2400.0,0.0,
14401047001000,0,35.0,2400.0,0.0,
14401065037000,0,35.0,2400.0,0.0,
14401085850000,0,35.0,2400.0,0.0,
14401106998000,0,35.0,2400.0,0.0,
14401125156000,0,38.0,2400.0,0.0,
14401145664000,0,37.0,2400.0,0.0,
14401167088000,0,37.0,2400.0,0.0,
14401185154000,0,39.0,2400.0,0.0,
14401205936000,0,39.0,2400.0,0.0,
14401227116000,0,38.0,2400.0,0.0,
14401245243000,0,38.0,2400.0,0.0,
14401266056000,0,38.0,2400.0,0.0,
14401287174000,0,38.0,2400.0,0.0,
14401305271000,0,39.0,2400.0,0.0,
14401325687000,0,38.0,2400.0,0.0,
14401347202000,0,38.0,2400.0,0.0,
14401365391000,0,38.0,2400.0,0.0,
14401385990000,0,38.0,2400.0,0.0,
14401407322000,0,38.0,2400.0,0.0,
14401425388000,0,38.0,2400.0,0.0,
14401446568000,0,38.0,2400.0,0.0,
14401467411000,0,38.0,2400.0,0.0,
14401485508000,0,38.0,2400.0,0.0,
14401505924000,0,38.0,2400.0,0.0,
14401527470000,0,38.0,2400.0,0.0,
14401545567000,0,38.0,2400.0,0.0,
14401566013000,0,38.0,2400.0,0.0,
14401587498000,0,36.0,2400.0,0.0,
14401605778000,0,36.0,2400.0,0.0,
14401626713000,0,37.0,2400.0,0.0,
14401647709000,0,37.0,2400.0,0.0,
14401665623000,0,35.0,2400.0,0.0,
14401686375000,0,35.0,2400.0,0.0,
14401712467000,0,35.0,2400.0,0.0,
14401725620000,0,37.0,2400.0,0.0,
14401746037000,0,37.0,2400.0,0.0,
14401767551000,0,35.0,2400.0,0.0,
14401785679000,0,35.0,2400.0,0.0,
14401806553000,0,38.0,2400.0,0.0,
14401827702000,0,38.0,2400.0,0.0,
14401845829000,0,38.0,2400.0,0.0,
14401866276000,0,37.0,2400.0,0.0,
14401887699000,0,37.0,2400.0,0.0,
14401905888000,0,38.0,2400.0,0.0,
14401927158000,0,38.0,2400.0,0.0,
14401947849000,0,37.0,2400.0,0.0,
14401966129000,0,37.0,2400.0,0.0,
14401986973000,0,38.0,2400.0,0.0,
14402008091000,0,38.0,2400.0,0.0,
14402026218000,0,39.0,2400.0,0.0,
14402046604000,0,37.0,2400.0,0.0,
14402067936000,0,37.0,2400.0,0.0,
14402086094000,0,38.0,2400.0,0.0,
14402106663000,0,38.0,2400.0,0.0,
14402127964000,0,35.0,2400.0,0.0,
14402146122000,0,35.0,2400.0,0.0,
14402167240000,0,37.0,2400.0,0.0,
14402467106000,0,35.0,2400.0,0.0,
14402488560000,0,35.0,2400.0,0.0,
14402506718000,0,35.0,2400.0,0.0,
14402532444000,0,37.0,2400.0,0.0,
14402549198000,0,35.0,2400.0,0.0,
14402566471000,0,35.0,2400.0,0.0,
14402587009000,0,37.0,2400.0,0.0,
14402608433000,0,37.0,2400.0,0.0,
14402626560000,0,36.0,2400.0,0.0,
14402647373000,0,36.0,2400.0,0.0,
14402668461000,0,35.0,2400.0,0.0,
14402686619000,0,35.0,2400.0,0.0,
14402707493000,0,38.0,2400.0,0.0,
14402728550000,0,35.0,2400.0,0.0,
14402746647000,0,35.0,2400.0,0.0,
14402767094000,0,37.0,2400.0,0.0,
14402788578000,0,37.0,2400.0,0.0,
14402806797000,0,35.0,2400.0,0.0,
14402827335000,0,35.0,2400.0,0.0,
14402848728000,0,37.0,2400.0,0.0,
14402866856000,0,37.0,2400.0,0.0,
14402888523000,0,37.0,2400.0,0.0,
14402908726000,0,35.0,2400.0,0.0,
14402926792000,0,35.0,2400.0,0.0,
14402947208000,0,37.0,2400.0,0.0,
14402968784000,0,37.0,2400.0,0.0,
14402986912000,0,35.0,2400.0,0.0,
14403007389000,0,35.0,2400.0,0.0,
14403028873000,0,36.0,2400.0,0.0,
14403047031000,0,36.0,2400.0,0.0,
14403067905000,0,37.0,2400.0,0.0,
14403088963000,0,34.0,2400.0,0.0,
14403107090000,0,34.0,2400.0,0.0,
14403127842000,0,36.0,2400.0,0.0,
14403149021000,0,36.0,2400.0,0.0,
14403167118000,0,37.0,2400.0,0.0,
14403187504000,0,37.0,2400.0,0.0,
14403209080000,0,35.0,2400.0,0.0,
14403227207000,0,35.0,2400.0,0.0,
14403248020000,0,36.0,2400.0,0.0,
14403269138000,0,38.0,2400.0,0.0,
14403287235000,0,38.0,2400.0,0.0,
14403307774000,0,35.0,2400.0,0.0,
14403329136000,0,35.0,2400.0,0.0,
14403347233000,0,36.0,2400.0,0.0,
14403368076000,0,36.0,2400.0,0.0,
14403389255000,0,35.0,2400.0,0.0,
14403407352000,0,35.0,2400.0,0.0,
14403428196000,0,37.0,2400.0,0.0,
14403449314000,0,37.0,2400.0,0.0,
14403467686000,0,37.0,2400.0,0.0,
14403493473000,0,35.0,2400.0,0.0,
14403509281000,0,35.0,2400.0,0.0,
14403527470000,0,36.0,2400.0,0.0,
14403547977000,0,36.0,2400.0,0.0,
14403569340000,0,37.0,2400.0,0.0,
14403587437000,0,37.0,2400.0,0.0,
14403608677000,0,36.0,2400.0,0.0,
14403629429000,0,37.0,2400.0,0.0,
14403647526000,0,37.0,2400.0,0.0,
14403667942000,0,36.0,2400.0,0.0,
14403689487000,0,36.0,2400.0,0.0,
14403707645000,0,35.0,2400.0,0.0,
14403727970000,0,35.0,2400.0,0.0,
14403749485000,0,37.0,2400.0,0.0,
14403767582000,0,37.0,2400.0,0.0,
14403788517000,0,35.0,2400.0,0.0,
14403809574000,0,36.0,2400.0,0.0,
14403827732000,0,36.0,2400.0,0.0,
14403848911000,0,36.0,2400.0,0.0,
14403869694000,0,36.0,2400.0,0.0,
14403887791000,0,35.0,2400.0,0.0,
14403908207000,0,35.0,2400.0,0.0,
14403929752000,0,36.0,2400.0,0.0,
14403947880000,0,35.0,2400.0,0.0,
14403968632000,0,35.0,2400.0,0.0,
14403989750000,0,36.0,2400.0,0.0,
14404007847000,0,36.0,2400.0,0.0,
14404028355000,0,36.0,2400.0,0.0,
14404049778000,0,36.0,2400.0,0.0,
14404067905000,0,35.0,2400.0,0.0,
14404088688000,0,35.0,2400.0,0.0,
14404109867000,0,35.0,2400.0,0.0,
14404127995000,0,36.0,2400.0,0.0,
14404148838000,0,36.0,2400.0,0.0,
14404170109000,0,36.0,2400.0,0.0,
14404188145000,0,36.0,2400.0,0.0,
14404208439000,0,35.0,2400.0,0.0,
14404230076000,0,35.0,2400.0,0.0,
14404248081000,0,37.0,2400.0,0.0,
14404268681000,0,37.0,2400.0,0.0,
14404448978000,0,36.0,2400.0,0.0,
14404470585000,0,36.0,2400.0,0.0,
14404488712000,0,36.0,2400.0,0.0,
14404509251000,0,36.0,2400.0,0.0,
14404530277000,0,36.0,2400.0,0.0,
14404548374000,0,36.0,2400.0,0.0,
14404569126000,0,36.0,2400.0,0.0,
14404590336000,0,36.0,2400.0,0.0,
14404608433000,0,35.0,2400.0,0.0,
14404628910000,0,35.0,2400.0,0.0,
14404650394000,0,37.0,2400.0,0.0,
14404668552000,0,37.0,2400.0,0.0,
14404689304000,0,37.0,2400.0,0.0,
14404710422000,0,33.0,2400.0,0.0,
14404728519000,0,33.0,2400.0,0.0,
14404753605000,0,34.0,2400.0,0.0,
14404771671000,0,34.0,2400.0,0.0,
14404788609000,0,35.0,2400.0,0.0,
14404809818000,0,37.0,2400.0,0.0,
14404830509000,0,35.0,2400.0,0.0,
14404848606000,0,36.0,2400.0,0.0,
14404869511000,0,36.0,2400.0,0.0,
14404890659000,0,33.0,2400.0,0.0,
14404908726000,0,33.0,2400.0,0.0,
14404929203000,0,33.0,2400.0,0.0,
14404950718000,0,33.0,2400.0,0.0,
14404968815000,0,36.0,2400.0,0.0,
14404989353000,0,36.0,2400.0,0.0,
14405010776000,0,35.0,2400.0,0.0,
14405028873000,0,36.0,2400.0,0.0,
14405049992000,0,36.0,2400.0,0.0,
14405070774000,0,36.0,2400.0,0.0,
14405088871000,0,36.0,2400.0,0.0,
14405109348000,0,32.0,2400.0,0.0,
14405130863000,0,32.0,2400.0,0.0,
14405149021000,0,35.0,2400.0,0.0,
14405169407000,0,36.0,2400.0,0.0,
14405190952000,0,36.0,2400.0,0.0,
14405209019000,0,36.0,2400.0,0.0,
14405229954000,0,36.0,2400.0,0.0,
14405250980000,0,36.0,2400.0,0.0,
14405269077000,0,36.0,2400.0,0.0,
14405289860000,0,32.0,2400.0,0.0,
14405311069000,0,32.0,2400.0,0.0,
14405329136000,0,36.0,2400.0,0.0,
14405349552000,0,32.0,2400.0,0.0,
14405371159000,0,32.0,2400.0,0.0,
14405389194000,0,36.0,2400.0,0.0,
14405409946000,0,36.0,2400.0,0.0,
14405431126000,0,36.0,2400.0,0.0,
14405449223000,0,36.0,2400.0,0.0,
14405469791000,0,33.0,2400.0,0.0,
14405491215000,0,33.0,2400.0,0.0,
14405509312000,0,36.0,2400.0,0.0,
14405530186000,0,34.0,2400.0,0.0,
14405551243000,0,34.0,2400.0,0.0,
14405569340000,0,33.0,2400.0,0.0,
14405590153000,0,33.0,2400.0,0.0,
14405611362000,0,34.0,2400.0,0.0,
14405629398000,0,34.0,2400.0,0.0,
14405649815000,0,34.0,2400.0,0.0,
14405671360000,0,34.0,2400.0,0.0,
14405689518000,0,32.0,2400.0,0.0,
14405710148000,0,35.0,2400.0,0.0,
14405731449000,0,35.0,2400.0,0.0,
14405749546000,0,36.0,2400.0,0.0,
14405771214000,0,36.0,2400.0,0.0,
14405791538000,0,32.0,2400.0,0.0,
14405809605000,0,32.0,2400.0,0.0,
14405830082000,0,34.0,2400.0,0.0,
14405851871000,0,34.0,2400.0,0.0,
14405869663000,0,33.0,2400.0,0.0,
14405890110000,0,34.0,2400.0,0.0,
14405911686000,0,34.0,2400.0,0.0,
14405929752000,0,33.0,2400.0,0.0,
14405950718000,0,33.0,2400.0,0.0,
14405971653000,0,34.0,2400.0,0.0,
14405989780000,0,34.0,2400.0,0.0,
14406010532000,0,34.0,2400.0,0.0,
14406031742000,0,34.0,2400.0,0.0,
14406049808000,0,35.0,2400.0,0.0,
14406070347000,0,32.0,2400.0,0.0,
14406091862000,0,32.0,2400.0,0.0,
14406109867000,0,34.0,2400.0,0.0,
14406130650000,0,34.0,2400.0,0.0,
14406151798000,0,32.0,2400.0,0.0,
14406169926000,0,32.0,2400.0,0.0,
14406190433000,0,34.0,2400.0,0.0,
14406211887000,0,34.0,2400.0,0.0,
14406229984000,0,33.0,2400.0,0.0,
14406250767000,0,33.0,2400.0,0.0,
14406271915000,0,33.0,2400.0,0.0,
14406290073000,0,34.0,2400.0,0.0,
14406310825000,0,34.0,2400.0,0.0,
14406331913000,0,33.0,2400.0,0.0,
14406350101000,0,33.0,2400.0,0.0,
14406370518000,0,33.0,2400.0,0.0,
14406392063000,0,33.0,2400.0,0.0,
14406410191000,0,33.0,2400.0,0.0,
14406430729000,0,33.0,2400.0,0.0,
14406452091000,0,33.0,2400.0,0.0,
14406470219000,0,33.0,2400.0,0.0,
14406493473000,0,33.0,2400.0,0.0,
14406512180000,0,33.0,2400.0,0.0,
14406530308000,0,33.0,2400.0,0.0,
14406550724000,0,34.0,2400.0,0.0,
14406572239000,0,34.0,2400.0,0.0,
14406590366000,0,31.0,2400.0,0.0,
14406610813000,0,31.0,2400.0,0.0,
14406632297000,0,31.0,2400.0,0.0,
14406650425000,0,31.0,2400.0,0.0,
14406671391000,0,31.0,2400.0,0.0,
14406695591000,0,33.0,2400.0,0.0,
14406710514000,0,33.0,2400.0,0.0,
14406733097000,0,31.0,2400.0,0.0,
14406752445000,0,34.0,2400.0,0.0,
14406770573000,0,33.0,2400.0,0.0,
14406790989000,0,33.0,2400.0,0.0,
14406812473000,0,33.0,2400.0,0.0,
14406830509000,0,33.0,2400.0,0.0,
14406851383000,0,33.0,2400.0,0.0,
14406872593000,0,31.0,2400.0,0.0,
14406890659000,0,31.0,2400.0,0.0,
14406911259000,0,31.0,2400.0,0.0,
14406932621000,0,33.0,2400.0,0.0,
14406950687000,0,33.0,2400.0,0.0,
14406971592000,0,31.0,2400.0,0.0,
14406992649000,0,31.0,2400.0,0.0,
14407010746000,0,34.0,2400.0,0.0,
14407031559000,0,34.0,2400.0,0.0,
14407052708000,0,33.0,2400.0,0.0,
14407070805000,0,33.0,2400.0,0.0,
14407091221000,0,31.0,2400.0,0.0,
14407112705000,0,31.0,2400.0,0.0,
14407130833000,0,31.0,2400.0,0.0,
14407151432000,0,34.0,2400.0,0.0,
14407172825000,0,34.0,2400.0,0.0,
14407190952000,0,32.0,2400.0,0.0,
14407212131000,0,32.0,2400.0,0.0,
14407232914000,0,31.0,2400.0,0.0,
14407251011000,0,31.0,2400.0,0.0,
14407271366000,0,34.0,2400.0,0.0,
14407292881000,0,33.0,2400.0,0.0,
14407311069000,0,33.0,2400.0,0.0,
14407331547000,0,33.0,2400.0,0.0,
14407353001000,0,33.0,2400.0,0.0,
14407371098000,0,33.0,2400.0,0.0,
14407392033000,0,33.0,2400.0,0.0,
14407413029000,0,31.0,2400.0,0.0,
14407431126000,0,31.0,2400.0,0.0,
14407451969000,0,31.0,2400.0,0.0,
14407473148000,0,31.0,2400.0,0.0,
14407491276000,0,31.0,2400.0,0.0,
14407511600000,0,33.0,2400.0,0.0,
14407533146000,0,33.0,2400.0,0.0,
14407551273000,0,31.0,2400.0,0.0,
14407572117000,0,31.0,2400.0,0.0,
14407593174000,0,31.0,2400.0,0.0,
14407611362000,0,31.0,2400.0,0.0,
14407632053000,0,30.0,2400.0,0.0,
14407653233000,0,32.0,2400.0,0.0,
14407671391000,0,32.0,2400.0,0.0,
14407692631000,0,30.0,2400.0,0.0,
14407713291000,0,30.0,2400.0,0.0,
14407731358000,0,31.0,2400.0,0.0,
14407752201000,0,31.0,2400.0,0.0,
14407773411000,0,32.0,2400.0,0.0,
14407791996000,0,32.0,2400.0,0.0,
14407811832000,0,32.0,2400.0,0.0,
14407833378000,0,31.0,2400.0,0.0,
14407851505000,0,31.0,2400.0,0.0,
14407872135000,0,31.0,2400.0,0.0,
14407893497000,0,31.0,2400.0,0.0,
14407911594000,0,31.0,2400.0,0.0,
14407932774000,0,31.0,2400.0,0.0,
14407953617000,0,31.0,2400.0,0.0,
14407971683000,0,31.0,2400.0,0.0,
14407992069000,0,31.0,2400.0,0.0,
14408013645000,0,31.0,2400.0,0.0,
14408032566000,0,31.0,2400.0,0.0,
14408052250000,0,0.0,4500.0,0.0,
14408073765000,0,25.0,2400.0,0.0,
14408091831000,0,25.0,2400.0,0.0,
14408112736000,0,32.0,2400.0,0.0,
14408133701000,0,32.0,2400.0,0.0,
14408151829000,0,31.0,2400.0,0.0,
14408172611000,0,31.0,2400.0,0.0,
14408193821000,0,31.0,2400.0,0.0,
14408211948000,0,31.0,2400.0,0.0,
14408232365000,0,31.0,2400.0,0.0,
14408253818000,0,31.0,2400.0,0.0,
14408271946000,0,31.0,2400.0,0.0,
14408292789000,0,31.0,2400.0,0.0,
14408313938000,0,31.0,2400.0,0.0,
14408332066000,0,29.0,2400.0,0.0,
14408352573000,0,29.0,2400.0,0.0,
14408373966000,0,31.0,2400.0,0.0,
14408392124000,0,29.0,2400.0,0.0,
14408412846000,0,28.0,2400.0,0.0,
14408434025000,0,29.0,2400.0,0.0,
14408452122000,0,29.0,2400.0,0.0,
14408472965000,0,29.0,2400.0,0.0,
14408494083000,0,29.0,2400.0,0.0,
14408512180000,0,30.0,2400.0,0.0,
14408532566000,0,30.0,2400.0,0.0,
14408554203000,0,29.0,2400.0,0.0,
14408572300000,0,30.0,2400.0,0.0,
14408592838000,0,30.0,2400.0,0.0,
14408614170000,0,28.0,2400.0,0.0,
14408632267000,0,28.0,2400.0,0.0,
14408654392000,0,30.0,2400.0,0.0,
14408674229000,0,30.0,2400.0,0.0,
14408692356000,0,30.0,2400.0,0.0,
14408712711000,0,30.0,2400.0,0.0,
14408734257000,0,30.0,2400.0,0.0,
14408752415000,0,29.0,2400.0,0.0,
14408772831000,0,29.0,2400.0,0.0,
14408794346000,0,30.0,2400.0,0.0,
14408812534000,0,30.0,2400.0,0.0,
14408833469000,0,29.0,2400.0,0.0,
14408854404000,0,29.0,2400.0,0.0,
14408872532000,0,29.0,2400.0,0.0,
14408893314000,0,29.0,2400.0,0.0,
14408914524000,0,28.0,2400.0,0.0,
14408932651000,0,28.0,2400.0,0.0,
14408953007000,0,28.0,2400.0,0.0,
14408974552000,0,29.0,2400.0,0.0,
14408992680000,0,29.0,2400.0,0.0,
14409013493000,0,28.0,2400.0,0.0,
14409034550000,0,28.0,2400.0,0.0,
14409052708000,0,28.0,2400.0,0.0,
14409073276000,0,28.0,2400.0,0.0,
14409094669000,0,28.0,2400.0,0.0,
14409112858000,0,28.0,2400.0,0.0,
14409133549000,0,28.0,2400.0,0.0,
14409154758000,0,28.0,2400.0,0.0,
14409172855000,0,28.0,2400.0,0.0,
14409193638000,0,28.0,2400.0,0.0,
14409214725000,0,28.0,2400.0,0.0,
14409232853000,0,28.0,2400.0,0.0,
14409253452000,0,28.0,2400.0,0.0,
14409274845000,0,28.0,2400.0,0.0,
14409293308000,0,26.0,2400.0,0.0,
14409313541000,0,26.0,2400.0,0.0,
14409334934000,0,28.0,2400.0,0.0,
14409353001000,0,28.0,2400.0,0.0,
14409374149000,0,26.0,2400.0,0.0,
14409394993000,0,26.0,2400.0,0.0,
14409413059000,0,27.0,2400.0,0.0,
14409433445000,0,27.0,2400.0,0.0,
14409454990000,0,27.0,2400.0,0.0,
14409473179000,0,27.0,2400.0,0.0,
14409493534000,0,27.0,2400.0,0.0,
14409515018000,0,27.0,2400.0,0.0,
14409533115000,0,27.0,2400.0,0.0,
14409554172000,0,26.0,2400.0,0.0,
14409575108000,0,26.0,2400.0,0.0,
14409593266000,0,27.0,2400.0,0.0,
14409614506000,0,27.0,2400.0,0.0,
14409635166000,0,26.0,2400.0,0.0,
14409653324000,0,26.0,2400.0,0.0,
14409673771000,0,26.0,2400.0,0.0,
14409695255000,0,26.0,2400.0,0.0,
14409713291000,0,26.0,2400.0,0.0,
14409735355000,0,24.0,2400.0,0.0,
14409755924000,0,24.0,2400.0,0.0,
14409773472000,0,24.0,2400.0,0.0,
14409794315000,0,25.0,2400.0,0.0,
14409815372000,0,25.0,2400.0,0.0,
14409834324000,0,25.0,2400.0,0.0,
14409855167000,0,25.0,2400.0,0.0,
14409875370000,0,24.0,2400.0,0.0,
14409893772000,0,24.0,2400.0,0.0,
14409914310000,0,23.0,2400.0,0.0,
14409936314000,0,23.0,2400.0,0.0,
14409953617000,0,24.0,2400.0,0.0,
14409975101000,0,23.0,2400.0,0.0,
14409997013000,0,23.0,2400.0,0.0,
14410013554000,0,23.0,2400.0,0.0,
14410034641000,0,23.0,2400.0,0.0,
14410056705000,0,23.0,2400.0,0.0,
14410073673000,0,23.0,2400.0,0.0,
14410094822000,0,21.0,2400.0,0.0,
14410115574000,0,21.0,2400.0,0.0,
14410133793000,0,23.0,2400.0,0.0,
14410154148000,0,21.0,2400.0,0.0,
14410175663000,0,21.0,2400.0,0.0,
14410193821000,0,21.0,2400.0,0.0,
14410214237000,0,21.0,2400.0,0.0,
14410236820000,0,22.0,2400.0,0.0,
14410253880000,0,22.0,2400.0,0.0,
14410274815000,0,22.0,2400.0,0.0,
14410297306000,0,22.0,2400.0,0.0,
14410314396000,0,22.0,2400.0,0.0,
14410334812000,0,22.0,2400.0,0.0,
14410355930000,0,22.0,2400.0,0.0,
14410374577000,0,22.0,2400.0,0.0,
14410395817000,0,22.0,2400.0,0.0,
14410415836000,0,22.0,2400.0,0.0,
14410435307000,0,22.0,2400.0,0.0,
14410454838000,0,22.0,2400.0,0.0,
14410476597000,0,22.0,2400.0,0.0,
14410494053000,0,22.0,2400.0,0.0,
14410514622000,0,22.0,2400.0,0.0,
14410537815000,0,22.0,2400.0,0.0,
14410554142000,0,22.0,2400.0,0.0,
14410575596000,0,22.0,2400.0,0.0,
14410597202000,0,22.0,2400.0,0.0,
14410614323000,0,22.0,2400.0,0.0,
14410635044000,0,22.0,2400.0,0.0,
14410656284000,0,22.0,2400.0,0.0,
14410674259000,0,22.0,2400.0,0.0,
14410694675000,0,22.0,2400.0,0.0,
14410717045000,0,22.0,2400.0,0.0,
14410734348000,0,0.0,4500.0,0.0,
14410754917000,0,23.0,2400.0,0.0,
14410776249000,0,23.0,2400.0,0.0,
14410794407000,0,22.0,2400.0,0.0,
14410815647000,0,22.0,2400.0,0.0,
14410843723000,0,22.0,2400.0,0.0,
14410854557000,0,22.0,2400.0,0.0,
14410874943000,0,22.0,2400.0,0.0,
14410896488000,0,22.0,2400.0,0.0,
14410914616000,0,21.0,2400.0,0.0,
14410935032000,0,21.0,2400.0,0.0,
14410956547000,0,21.0,2400.0,0.0,
14410974644000,0,21.0,2400.0,0.0,
14410995640000,0,21.0,2400.0,0.0,
14411016605000,0,21.0,2400.0,0.0,
14411034702000,0,21.0,2400.0,0.0,
14411055302000,0,21.0,2400.0,0.0,
14411076481000,0,21.0,2400.0,0.0,
14411094639000,0,21.0,2400.0,0.0,
14411115116000,0,21.0,2400.0,0.0,
14411136631000,0,21.0,2400.0,0.0,
14411154850000,0,22.0,2400.0,0.0,
14411175724000,0,22.0,2400.0,0.0,
14411196781000,0,21.0,2400.0,0.0,
14411214909000,0,21.0,2400.0,0.0,
14411235538000,0,22.0,2400.0,0.0,
14411256840000,0,22.0,2400.0,0.0,
14411274967000,0,22.0,2400.0,0.0,
14411295811000,0,22.0,2400.0,0.0,
14411316898000,0,22.0,2400.0,0.0,
14411335026000,0,21.0,2400.0,0.0,
14411355808000,0,21.0,2400.0,0.0,
14411376957000,0,21.0,2400.0,0.0,
14411395023000,0,21.0,2400.0,0.0,
14411415409000,0,23.0,2400.0,0.0,
14411436954000,0,23.0,2400.0,0.0,
14411455021000,0,23.0,2400.0,0.0,
14411475559000,0,23.0,2400.0,0.0,
14411496952000,0,23.0,2400.0,0.0,
14411515141000,0,23.0,2400.0,0.0,
14411536777000,0,23.0,2400.0,0.0,
14411557072000,0,23.0,2400.0,0.0,
14411575230000,0,23.0,2400.0,0.0,
14411595646000,0,23.0,2400.0,0.0,
14411617100000,0,23.0,2400.0,0.0,
14411635258000,0,23.0,2400.0,0.0,
14411655704000,0,23.0,2400.0,0.0,
14411677158000,0,23.0,2400.0,0.0,
14411695316000,0,23.0,2400.0,0.0,
14411716221000,0,23.0,2400.0,0.0,
14411737247000,0,23.0,2400.0,0.0,
14411755283000,0,23.0,2400.0,0.0,
14411776066000,0,23.0,2400.0,0.0,
14411797245000,0,22.0,2400.0,0.0,
14411815433000,0,22.0,2400.0,0.0,
14411835880000,0,23.0,2400.0,0.0,
14411857365000,0,23.0,2400.0,0.0,
14411875462000,0,21.0,2400.0,0.0,
14411896702000,0,21.0,2400.0,0.0,
14411917332000,0,21.0,2400.0,0.0,
14411935490000,0,21.0,2400.0,0.0,
14411955967000,0,21.0,2400.0,0.0,
14411977360000,0,21.0,2400.0,0.0,
14411995487000,0,21.0,2400.0,0.0,
14412016270000,0,23.0,2400.0,0.0,
14412037449000,0,23.0,2400.0,0.0,
14412055607000,0,22.0,2400.0,0.0,
14412076420000,0,22.0,2400.0,0.0,
14412097507000,0,21.0,2400.0,0.0,
14412115635000,0,21.0,2400.0,0.0,
14412136082000,0,22.0,2400.0,0.0,
14412157536000,0,22.0,2400.0,0.0,
14412175663000,0,22.0,2400.0,0.0,
14412196232000,0,21.0,2400.0,0.0,
14412217655000,0,21.0,2400.0,0.0,
14412235813000,0,21.0,2400.0,0.0,
14412256962000,0,21.0,2400.0,0.0,
14412277683000,0,20.0,2400.0,0.0,
14412295811000,0,20.0,2400.0,0.0,
14412316227000,0,21.0,2400.0,0.0,
14412337742000,0,21.0,2400.0,0.0,
14412355839000,0,21.0,2400.0,0.0,
14412376286000,0,21.0,2400.0,0.0,
14412397770000,0,21.0,2400.0,0.0,
14412415928000,0,19.0,2400.0,0.0,
14412436863000,0,19.0,2400.0,0.0,
14412457859000,0,21.0,2400.0,0.0,
14412475925000,0,21.0,2400.0,0.0,
14412497227000,0,19.0,2400.0,0.0,
14412517887000,0,21.0,2400.0,0.0,
14412536015000,0,21.0,2400.0,0.0,
14412556431000,0,19.0,2400.0,0.0,
14412577946000,0,19.0,2400.0,0.0,
14412596073000,0,20.0,2400.0,0.0,
14412616917000,0,20.0,2400.0,0.0,
14412638065000,0,19.0,2400.0,0.0,
14412656162000,0,20.0,2400.0,0.0,
14412676731000,0,20.0,2400.0,0.0,
14412698063000,0,20.0,2400.0,0.0,
14412716190000,0,20.0,2400.0,0.0,
14412736973000,0,20.0,2400.0,0.0,
14412758152000,0,20.0,2400.0,0.0,
14412776279000,0,19.0,2400.0,0.0,
14412797123000,0,19.0,2400.0,0.0,
14412818211000,0,20.0,2400.0,0.0,
14412836338000,0,18.0,2400.0,0.0,
14412856754000,0,18.0,2400.0,0.0,
14412878300000,0,19.0,2400.0,0.0,
14412896427000,0,19.0,2400.0,0.0,
14412916996000,0,17.0,2400.0,0.0,
14412938389000,0,17.0,2400.0,0.0,
14412956455000,0,19.0,2400.0,0.0,
14412977665000,0,19.0,2400.0,0.0,
14412998447000,0,18.0,2400.0,0.0,
14413016575000,0,18.0,2400.0,0.0,
14413036961000,0,18.0,2400.0,0.0,
14413058475000,0,18.0,2400.0,0.0,
14413076603000,0,18.0,2400.0,0.0,
14413097050000,0,18.0,2400.0,0.0,
14413118534000,0,18.0,2400.0,0.0,
14413136631000,0,18.0,2400.0,0.0,
14413157597000,0,18.0,2400.0,0.0,
14413178623000,0,18.0,2400.0,0.0,
14413196720000,0,18.0,2400.0,0.0,
14413217411000,0,18.0,2400.0,0.0,
14413238651000,0,18.0,2400.0,0.0,
14413256779000,0,18.0,2400.0,0.0,
14413277225000,0,17.0,2400.0,0.0,
14413298740000,0,17.0,2400.0,0.0,
14413316837000,0,17.0,2400.0,0.0,
14413337681000,0,17.0,2400.0,0.0,
14413358677000,0,17.0,2400.0,0.0,
14413376926000,0,18.0,2400.0,0.0,
14413397434000,0,18.0,2400.0,0.0,
14413418827000,0,18.0,2400.0,0.0,
14413436954000,0,18.0,2400.0,0.0,
14413458225000,0,18.0,2400.0,0.0,
14413478916000,0,18.0,2400.0,0.0,
14413497013000,0,18.0,2400.0,0.0,
14413517826000,0,18.0,2400.0,0.0,
14413538975000,0,17.0,2400.0,0.0,
14413557041000,0,18.0,2400.0,0.0,
14413577457000,0,18.0,2400.0,0.0,
14413599033000,0,18.0,2400.0,0.0,
14413617069000,0,18.0,2400.0,0.0,
14413637669000,0,16.0,2400.0,0.0,
14413659153000,0,16.0,2400.0,0.0,
14413677219000,0,18.0,2400.0,0.0,
14413698338000,0,18.0,2400.0,0.0,
14413719181000,0,16.0,2400.0,0.0,
14413737308000,0,16.0,2400.0,0.0,
14413757633000,0,16.0,2400.0,0.0,
14413779148000,0,16.0,2400.0,0.0,
14413797245000,0,16.0,2400.0,0.0,
14413817753000,0,16.0,2400.0,0.0,
14413839237000,0,16.0,2400.0,0.0,
14413857456000,0,16.0,2400.0,0.0,
14413880985000,0,16.0,2400.0,0.0,
14413899265000,0,16.0,2400.0,0.0,
14413917332000,0,16.0,2400.0,0.0,
14413938084000,0,16.0,2400.0,0.0,
14413959324000,0,16.0,2400.0,0.0,
14413977451000,0,16.0,2400.0,0.0,
14413997898000,0,15.0,2400.0,0.0,
14414019352000,0,15.0,2400.0,0.0,
14414037449000,0,16.0,2400.0,0.0,
14414058323000,0,16.0,2400.0,0.0,
14414079441000,0,15.0,2400.0,0.0,
14414097538000,0,15.0,2400.0,0.0,
14414118046000,0,15.0,2400.0,0.0,
14414139500000,0,15.0,2400.0,0.0,
14414157658000,0,15.0,2400.0,0.0,
14414178440000,0,15.0,2400.0,0.0,
14414358585000,0,15.0,2400.0,0.0,
14414379978000,0,15.0,2400.0,0.0,
14414398136000,0,15.0,2400.0,0.0,
14414419743000,0,15.0,2400.0,0.0,
14414440128000,0,15.0,2400.0,0.0,
14414458164000,0,15.0,2400.0,0.0,
14414478550000,0,15.0,2400.0,0.0,
14414500187000,0,15.0,2400.0,0.0,
14414518192000,0,15.0,2400.0,0.0,
14414538609000,0,14.0,2400.0,0.0,
14414559849000,0,14.0,2400.0,0.0,
14414577946000,0,15.0,2400.0,0.0,
14414598911000,0,14.0,2400.0,0.0,
14414619999000,0,14.0,2400.0,0.0,
14414638096000,0,15.0,2400.0,0.0,
14414658756000,0,15.0,2400.0,0.0,
14414680027000,0,14.0,2400.0,0.0,
14414698063000,0,14.0,2400.0,0.0,
14414718601000,0,15.0,2400.0,0.0,
14414740177000,0,15.0,2400.0,0.0,
14414758213000,0,14.0,2400.0,0.0,
14414778965000,0,14.0,2400.0,0.0,
14414800175000,0,14.0,2400.0,0.0,
14414818241000,0,15.0,2400.0,0.0,
14414838810000,0,15.0,2400.0,0.0,
14414860264000,0,14.0,2400.0,0.0,
14414878361000,0,14.0,2400.0,0.0,
14414899113000,0,15.0,2400.0,0.0,
14414920200000,0,15.0,2400.0,0.0,
14414938358000,0,15.0,2400.0,0.0,
14414959202000,0,14.0,2400.0,0.0,
14414980350000,0,14.0,2400.0,0.0,
14414998447000,0,15.0,2400.0,0.0,
14415018803000,0,15.0,2400.0,0.0,
14415040348000,0,14.0,2400.0,0.0,
14415058537000,0,14.0,2400.0,0.0,
14415079136000,0,15.0,2400.0,0.0,
14415100468000,0,15.0,2400.0,0.0,
14415118565000,0,15.0,2400.0,0.0,
14415139805000,0,15.0,2400.0,0.0,
14415160496000,0,15.0,2400.0,0.0,
14415178532000,0,15.0,2400.0,0.0,
14415198948000,0,15.0,2400.0,0.0,
14415220554000,0,15.0,2400.0,0.0,
14415238651000,0,15.0,2400.0,0.0,
14415259129000,0,15.0,2400.0,0.0,
14415280643000,0,15.0,2400.0,0.0,
14415298740000,0,15.0,2400.0,0.0,
14415319736000,0,15.0,2400.0,0.0,
14415340733000,0,15.0,2400.0,0.0,
14415358738000,0,15.0,2400.0,0.0,
14415379948000,0,15.0,2400.0,0.0,
14415400761000,0,15.0,2400.0,0.0,
14415418858000,0,15.0,2400.0,0.0,
14415439274000,0,15.0,2400.0,0.0,
14415460758000,0,15.0,2400.0,0.0,
14415478855000,0,15.0,2400.0,0.0,
14415499668000,0,15.0,2400.0,0.0,
14415521641000,0,15.0,2400.0,0.0,
14415538914000,0,0.0,4500.0,0.0,
14415559513000,0,14.0,2400.0,0.0,
14415580936000,0,14.0,2400.0,0.0,
14415599033000,0,15.0,2400.0,0.0,
14415619846000,0,15.0,2400.0,0.0,
14415640995000,0,15.0,2400.0,0.0,
14415659122000,0,15.0,2400.0,0.0,
14415679935000,0,15.0,2400.0,0.0,
14415701054000,0,15.0,2400.0,0.0,
14415719212000,0,15.0,2400.0,0.0,
14415739597000,0,15.0,2400.0,0.0,
14415761112000,0,15.0,2400.0,0.0,
14415779240000,0,15.0,2400.0,0.0,
14415799778000,0,15.0,2400.0,0.0,
14415821171000,0,15.0,2400.0,0.0,
14415839268000,0,15.0,2400.0,0.0,
14415860508000,0,15.0,2400.0,0.0,
14415881321000,0,15.0,2400.0,0.0,
14415899357000,0,15.0,2400.0,0.0,
14415919834000,0,15.0,2400.0,0.0,
14415941441000,0,15.0,2400.0,0.0,
14415959354000,0,15.0,2400.0,0.0,
14415979771000,0,15.0,2400.0,0.0,
14416001316000,0,15.0,2400.0,0.0,
14416019474000,0,15.0,2400.0,0.0,
14416040409000,0,15.0,2400.0,0.0,
14416061253000,0,15.0,2400.0,0.0,
14416079411000,0,15.0,2400.0,0.0,
14416100315000,0,15.0,2400.0,0.0,
14416121586000,0,15.0,2400.0,0.0,
14416139622000,0,15.0,2400.0,0.0,
14416159977000,0,15.0,2400.0,0.0,
14416181492000,0,15.0,2400.0,0.0,
14416199619000,0,15.0,2400.0,0.0,
14416220371000,0,15.0,2400.0,0.0,
14416241520000,0,15.0,2400.0,0.0,
14416259647000,0,15.0,2400.0,0.0,
14416440098000,0,14.0,2400.0,0.0,
14416460178000,0,15.0,2400.0,0.0,
14416481724000,0,15.0,2400.0,0.0,
14416499882000,0,15.0,2400.0,0.0,
14416520420000,0,15.0,2400.0,0.0,
14416541752000,0,15.0,2400.0,0.0,
14416559971000,0,15.0,2400.0,0.0,
14416581150000,0,14.0,2400.0,0.0,
14416601932000,0,14.0,2400.0,0.0,
14416619968000,0,14.0,2400.0,0.0,
14416640354000,0,15.0,2400.0,0.0,
14416661900000,0,15.0,2400.0,0.0,
14416679966000,0,14.0,2400.0,0.0,
14416700504000,0,14.0,2400.0,0.0,
14416721989000,0,15.0,2400.0,0.0,
14416740177000,0,15.0,2400.0,0.0,
14416760990000,0,15.0,2400.0,0.0,
14416781986000,0,14.0,2400.0,0.0,
14416800175000,0,14.0,2400.0,0.0,
14416821110000,0,15.0,2400.0,0.0,
14416842319000,0,15.0,2400.0,0.0,
14416860203000,0,14.0,2400.0,0.0,
14416880619000,0,14.0,2400.0,0.0,
14416902073000,0,15.0,2400.0,0.0,
14416924778000,0,15.0,2400.0,0.0,
14416941105000,0,14.0,2400.0,0.0,
14416962193000,0,14.0,2400.0,0.0,
14416980320000,0,14.0,2400.0,0.0,
14417000828000,0,15.0,2400.0,0.0,
14417022251000,0,15.0,2400.0,0.0,
14417040409000,0,14.0,2400.0,0.0,
14417061161000,0,14.0,2400.0,0.0,
14417082340000,0,15.0,2400.0,0.0,
14417100437000,0,15.0,2400.0,0.0,
14417121311000,0,14.0,2400.0,0.0,
14417142460000,0,14.0,2400.0,0.0,
14417160465000,0,14.0,2400.0,0.0,
14417180912000,0,14.0,2400.0,0.0,
14417202457000,0,14.0,2400.0,0.0,
14417220615000,0,14.0,2400.0,0.0,
14417241154000,0,14.0,2400.0,0.0,
14417262608000,0,14.0,2400.0,0.0,
14417280643000,0,14.0,2400.0,0.0,
14417302311000,0,14.0,2400.0,0.0,
14417322483000,0,14.0,2400.0,0.0,
14417340672000,0,14.0,2400.0,0.0,
14417361118000,0,14.0,2400.0,0.0,
14417382633000,0,14.0,2400.0,0.0,
14417400761000,0,14.0,2400.0,0.0,
14417421177000,0,14.0,2400.0,0.0,
14417442631000,0,14.0,2400.0,0.0,
14417460789000,0,14.0,2400.0,0.0,
14417481785000,0,13.0,2400.0,0.0,
14417502750000,0,14.0,2400.0,0.0,
14417520817000,0,14.0,2400.0,0.0,
14417541599000,0,14.0,2400.0,0.0,
14417562748000,0,14.0,2400.0,0.0,
14417580845000,0,14.0,2400.0,0.0,
14417601353000,0,14.0,2400.0,0.0,
14417622807000,0,14.0,2400.0,0.0,
14417640934000,0,13.0,2400.0,0.0,
14417661747000,0,13.0,2400.0,0.0,
14417682926000,0,14.0,2400.0,0.0,
14417701054000,0,14.0,2400.0,0.0,
14417721622000,0,14.0,2400.0,0.0,
14417742985000,0,14.0,2400.0,0.0,
14417761112000,0,14.0,2400.0,0.0,
14417781864000,0,14.0,2400.0,0.0,
14417803043000,0,15.0,2400.0,0.0,
14417821171000,0,15.0,2400.0,0.0,
14417841984000,0,15.0,2400.0,0.0,
14417863071000,0,15.0,2400.0,0.0,
14417881229000,0,15.0,2400.0,0.0,
14417901615000,0,15.0,2400.0,0.0,
14417923130000,0,15.0,2400.0,0.0,
14417941318000,0,15.0,2400.0,0.0,
14417961857000,0,15.0,2400.0,0.0,
14417983219000,0,15.0,2400.0,0.0,
14418001316000,0,15.0,2400.0,0.0,
14418022465000,0,15.0,2400.0,0.0,
14418043278000,0,15.0,2400.0,0.0,
14418061344000,0,15.0,2400.0,0.0,
14418081730000,0,15.0,2400.0,0.0,
14418103580000,0,15.0,2400.0,0.0,
14418121494000,0,15.0,2400.0,0.0,
14418141972000,0,15.0,2400.0,0.0,
14418163334000,0,15.0,2400.0,0.0,
14418181461000,0,15.0,2400.0,0.0,
14418202396000,0,15.0,2400.0,0.0,
14418223515000,0,15.0,2400.0,0.0,
14418241611000,0,15.0,2400.0,0.0,
14418262791000,0,14.0,2400.0,0.0,
14418283543000,0,14.0,2400.0,0.0,
14418301701000,0,15.0,2400.0,0.0,
14418322147000,0,15.0,2400.0,0.0,
14418343571000,0,14.0,2400.0,0.0,
14418361607000,0,14.0,2400.0,0.0,
14418382420000,0,14.0,2400.0,0.0,
14418403568000,0,15.0,2400.0,0.0,
14418421726000,0,15.0,2400.0,0.0,
14418442265000,0,14.0,2400.0,0.0,
14418463657000,0,14.0,2400.0,0.0,
14418481815000,0,14.0,2400.0,0.0,
14418502659000,0,14.0,2400.0,0.0,
14418523807000,0,14.0,2400.0,0.0,
14418541874000,0,14.0,2400.0,0.0,
14418562656000,0,14.0,2400.0,0.0,
14418583805000,0,14.0,2400.0,0.0,
14418601902000,0,14.0,2400.0,0.0,
14418622257000,0,14.0,2400.0,0.0,
14418643803000,0,14.0,2400.0,0.0,
14418661900000,0,14.0,2400.0,0.0,
14418682621000,0,14.0,2400.0,0.0,
14418703892000,0,14.0,2400.0,0.0,
14418722050000,0,14.0,2400.0,0.0,
14418743198000,0,14.0,2400.0,0.0,
14418763981000,0,14.0,2400.0,0.0,
14418786350000,0,14.0,2400.0,0.0,
14418802433000,0,14.0,2400.0,0.0,
14418824039000,0,14.0,2400.0,0.0,
14418842197000,0,14.0,2400.0,0.0,
14418862583000,0,14.0,2400.0,0.0,
14418884068000,0,14.0,2400.0,0.0,
14418902195000,0,14.0,2400.0,0.0,
14418923069000,0,14.0,2400.0,0.0,
14418944065000,0,14.0,2400.0,0.0,
14418962254000,0,14.0,2400.0,0.0,
14418982975000,0,14.0,2400.0,0.0,
14419004154000,0,14.0,2400.0,0.0,
14419022312000,0,14.0,2400.0,0.0,
14419042698000,0,14.0,2400.0,0.0,
14419064213000,0,14.0,2400.0,0.0,
14419082310000,0,14.0,2400.0,0.0,
14419103184000,0,14.0,2400.0,0.0,
14419124302000,0,14.0,2400.0,0.0,
14419142429000,0,14.0,2400.0,0.0,
14419162998000,0,14.0,2400.0,0.0,
14419184391000,0,14.0,2400.0,0.0,
14419202549000,0,14.0,2400.0,0.0,
14419223728000,0,14.0,2400.0,0.0,
14419244358000,0,14.0,2400.0,0.0,
14419262577000,0,14.0,2400.0,0.0,
14419283359000,0,14.0,2400.0,0.0,
14419304478000,0,14.0,2400.0,0.0,
14419322605000,0,14.0,2400.0,0.0,
14419343052000,0,14.0,2400.0,0.0,
14419364567000,0,14.0,2400.0,0.0,
14419382664000,0,14.0,2400.0,0.0,
14419403202000,0,14.0,2400.0,0.0,
14419424595000,0,14.0,2400.0,0.0,
14419442631000,0,14.0,2400.0,0.0,
14419463810000,0,14.0,2400.0,0.0,
14419484714000,0,14.0,2400.0,0.0,
14419502750000,0,14.0,2400.0,0.0,
14419523106000,0,14.0,2400.0,0.0,
14419544712000,0,14.0,2400.0,0.0,
14419562809000,0,14.0,2400.0,0.0,
14419583256000,0,13.0,2400.0,0.0,
14419604801000,0,13.0,2400.0,0.0,
14419622898000,0,14.0,2400.0,0.0,
14419643833000,0,14.0,2400.0,0.0,
14419664829000,0,14.0,2400.0,0.0,
14419682987000,0,14.0,2400.0,0.0,
14419703709000,0,14.0,2400.0,0.0,
14419724857000,0,14.0,2400.0,0.0,
14419742954000,0,14.0,2400.0,0.0,
14419763432000,0,13.0,2400.0,0.0,
14419784946000,0,13.0,2400.0,0.0,
14419803135000,0,14.0,2400.0,0.0,
14419823795000,0,14.0,2400.0,0.0,
14419844944000,0,13.0,2400.0,0.0,
14419863041000,0,13.0,2400.0,0.0,
14419883579000,0,13.0,2400.0,0.0,
14419905033000,0,13.0,2400.0,0.0,
14419923099000,0,14.0,2400.0,0.0,
14419948765000,0,14.0,2400.0,0.0,
14419965061000,0,14.0,2400.0,0.0,
14419983158000,0,14.0,2400.0,0.0,
14420004002000,0,14.0,2400.0,0.0,
14420025150000,0,13.0,2400.0,0.0,
14420043217000,0,13.0,2400.0,0.0,
14420063572000,0,13.0,2400.0,0.0,
14420085117000,0,13.0,2400.0,0.0,
14420103428000,0,13.0,2400.0,0.0,
14420123844000,0,13.0,2400.0,0.0,
14420145267000,0,13.0,2400.0,0.0,
14420163334000,0,13.0,2400.0,0.0,
14420184971000,0,13.0,2400.0,0.0,
14420205235000,0,12.0,2400.0,0.0,
14420223850000,0,12.0,2400.0,0.0,
14420243839000,0,13.0,2400.0,0.0,
14420265385000,0,13.0,2400.0,0.0,
14420283512000,0,12.0,2400.0,0.0,
14420303928000,0,12.0,2400.0,0.0,
14420325443000,0,12.0,2400.0,0.0,
14420343540000,0,13.0,2400.0,0.0,
14420364536000,0,13.0,2400.0,0.0,
14420385532000,0,13.0,2400.0,0.0,
14420403782000,0,13.0,2400.0,0.0,
14420424564000,0,12.0,2400.0,0.0,
14420445682000,0,12.0,2400.0,0.0,
14420463718000,0,13.0,2400.0,0.0,
14420484135000,0,13.0,2400.0,0.0,
14420505558000,0,13.0,2400.0,0.0,
14420523716000,0,13.0,2400.0,0.0,
14420544529000,0,13.0,2400.0,0.0,
14420565617000,0,13.0,2400.0,0.0,
14420583775000,0,13.0,2400.0,0.0,
14420604252000,0,13.0,2400.0,0.0,
14420625767000,0,13.0,2400.0,0.0,
14420643864000,0,13.0,2400.0,0.0,
14420665379000,0,13.0,2400.0,0.0,
14420685764000,0,0.0,4500.0,0.0,
14420703922000,0,12.0,2471.0,0.0,
14420724766000,0,12.0,2471.0,0.0,
14420746098000,0,13.0,2400.0,0.0,
14420763981000,0,13.0,2400.0,0.0,
14420784397000,0,13.0,2400.0,0.0,
14420805912000,0,13.0,2400.0,0.0,
14420824070000,0,13.0,2400.0,0.0,
14420844608000,0,13.0,2400.0,0.0,
14420865971000,0,13.0,2400.0,0.0,
14420884068000,0,13.0,2400.0,0.0,
14420905247000,0,13.0,2400.0,0.0,
14420926029000,0,13.0,2400.0,0.0,
14420944950000,0,13.0,2400.0,0.0,
14420964573000,0,0.0,4500.0,0.0,
14420986149000,0,13.0,2400.0,0.0,
14421004185000,0,13.0,2400.0,0.0,
14421024662000,0,13.0,2400.0,0.0,
14421046177000,0,13.0,2400.0,0.0,
14421064243000,0,13.0,2400.0,0.0,
14421085178000,0,13.0,2400.0,0.0,
14421106205000,0,13.0,2400.0,0.0,
14421124363000,0,13.0,2400.0,0.0,
14421145512000,0,13.0,2400.0,0.0,
14421166203000,0,13.0,2400.0,0.0,
14421184422000,0,13.0,2400.0,0.0,
14421204807000,0,13.0,2400.0,0.0,
14421226322000,0,13.0,2400.0,0.0,
14421265263000,0,13.0,2400.0,0.0,
14421286411000,0,13.0,2400.0,0.0,
14421304752000,0,13.0,2400.0,0.0,
14421325047000,0,13.0,2400.0,0.0,
14421346470000,0,13.0,2400.0,0.0,
14421364628000,0,13.0,2400.0,0.0,
14421385410000,0,13.0,2400.0,0.0,
14421406620000,0,13.0,2400.0,0.0,
14421424686000,0,13.0,2400.0,0.0,
14421445499000,0,13.0,2400.0,0.0,
14421466465000,0,13.0,2400.0,0.0,
14421484592000,0,13.0,2400.0,0.0,
14421504978000,0,13.0,2400.0,0.0,
14421527409000,0,13.0,2400.0,0.0,
14421544651000,0,0.0,4500.0,0.0,
14421565250000,0,10.0,2400.0,0.0,
14421586643000,0,10.0,2400.0,0.0,
14421604771000,0,12.0,2400.0,0.0,
14421625950000,0,12.0,2400.0,0.0,
14421646732000,0,11.0,2400.0,0.0,
14421664829000,0,11.0,2400.0,0.0,
14421685245000,0,13.0,2400.0,0.0,
14421706852000,0,13.0,2400.0,0.0,
14421724888000,0,13.0,2400.0,0.0,
14421745335000,0,12.0,2400.0,0.0,
14421766758000,0,12.0,2400.0,0.0,
14421784855000,0,12.0,2400.0,0.0,
14421805851000,0,12.0,2400.0,0.0,
14421826878000,0,12.0,2400.0,0.0,
14421845005000,0,12.0,2400.0,0.0,
14421865726000,0,12.0,2400.0,0.0,
14421886936000,0,12.0,2400.0,0.0,
14421905003000,0,12.0,2400.0,0.0,
14421925449000,0,13.0,2400.0,0.0,
14421946964000,0,13.0,2400.0,0.0,
14421965122000,0,12.0,2400.0,0.0,
14421985935000,0,12.0,2400.0,0.0,
14422007084000,0,11.0,2400.0,0.0,
14422025181000,0,11.0,2400.0,0.0,
14422045719000,0,13.0,2400.0,0.0,
14422067081000,0,12.0,2400.0,0.0,
14422085178000,0,12.0,2400.0,0.0,
14422106510000,0,13.0,2400.0,0.0,
14422127201000,0,13.0,2400.0,0.0,
14422145298000,0,12.0,2400.0,0.0,
14422166050000,0,12.0,2400.0,0.0,
14422187199000,0,13.0,2400.0,0.0,
14422205357000,0,13.0,2400.0,0.0,
14422225742000,0,12.0,2400.0,0.0,
14422247318000,0,12.0,2400.0,0.0,
14422265385000,0,12.0,2400.0,0.0,
14422285984000,0,12.0,2400.0,0.0,
14422307377000,0,12.0,2400.0,0.0,
14422325474000,0,12.0,2400.0,0.0,
14422346622000,0,12.0,2400.0,0.0,
14422367374000,0,12.0,2400.0,0.0,
14422385441000,0,12.0,2400.0,0.0,
14422405857000,0,12.0,2400.0,0.0,
14422428257000,0,12.0,2400.0,0.0,
14422445591000,0,0.0,4500.0,0.0,
14422471043000,0,9.0,2400.0,0.0,
14422487522000,0,9.0,2400.0,0.0,
14422505619000,0,13.0,2400.0,0.0,
14422526554000,0,13.0,2400.0,0.0,
14422547520000,0,13.0,2400.0,0.0,
14422565617000,0,13.0,2400.0,0.0,
14422586399000,0,13.0,2400.0,0.0,
14422607609000,0,13.0,2400.0,0.0,
14422625706000,0,13.0,2400.0,0.0,
14422646152000,0,13.0,2400.0,0.0,
14422667667000,0,13.0,2400.0,0.0,
14422685795000,0,11.0,2400.0,0.0,
14422706608000,0,11.0,2400.0,0.0,
14422727726000,0,13.0,2400.0,0.0,
14422745792000,0,13.0,2400.0,0.0,
14422766392000,0,12.0,2400.0,0.0,
14422787846000,0,12.0,2400.0,0.0,
14422805943000,0,12.0,2400.0,0.0,
14422826694000,0,12.0,2400.0,0.0,
14422847874000,0,12.0,2400.0,0.0,
14422865940000,0,12.0,2400.0,0.0,
14422886784000,0,12.0,2400.0,0.0,
14422907963000,0,12.0,2400.0,0.0,
14422926029000,0,12.0,2400.0,0.0,
14422946445000,0,12.0,2400.0,0.0,
14422969425000,0,12.0,2400.0,0.0,
14422986057000,0,0.0,4500.0,0.0,
14423006626000,0,10.0,2485.0,0.0,
14423027927000,0,10.0,2485.0,0.0,
14423046085000,0,12.0,2400.0,0.0,
14423067753000,0,12.0,2400.0,0.0,
14423088016000,0,12.0,2400.0,0.0,
14423106174000,0,12.0,2400.0,0.0,
14423126591000,0,12.0,2400.0,0.0,
14423148167000,0,12.0,2400.0,0.0,
14423166233000,0,12.0,2400.0,0.0,
14423186710000,0,13.0,2400.0,0.0,
14423208164000,0,13.0,2400.0,0.0,
14423226261000,0,13.0,2400.0,0.0,
14423247196000,0,13.0,2400.0,0.0,
14423427494000,0,12.0,2400.0,0.0,
14423448643000,0,12.0,2400.0,0.0,
14423466740000,0,12.0,2400.0,0.0,
14423487308000,0,12.0,2400.0,0.0,
14423508671000,0,12.0,2400.0,0.0,
14423526798000,0,12.0,2400.0,0.0,
14423547642000,0,15.0,2400.0,0.0,
14423568790000,0,15.0,2400.0,0.0,
14423586918000,0,14.0,2400.0,0.0,
14423607639000,0,14.0,2400.0,0.0,
14423628788000,0,12.0,2400.0,0.0,
14423646915000,0,12.0,2400.0,0.0,
14423667393000,0,12.0,2400.0,0.0,
14423689060000,0,12.0,2400.0,0.0,
14423706974000,0,12.0,2400.0,0.0,
14423727604000,0,12.0,2400.0,0.0,
14423748905000,0,12.0,2400.0,0.0,
14423767063000,0,14.0,2400.0,0.0,
14423788181000,0,14.0,2400.0,0.0,
14423809055000,0,15.0,2400.0,0.0,
14423827122000,0,15.0,2400.0,0.0,
14423847507000,0,15.0,2400.0,0.0,
14423869175000,0,15.0,2400.0,0.0,
14423887180000,0,15.0,2400.0,0.0,
14423907627000,0,15.0,2400.0,0.0,
14423929203000,0,15.0,2400.0,0.0,
14423947208000,0,15.0,2400.0,0.0,
14423968143000,0,15.0,2400.0,0.0,
14423989201000,0,16.0,2400.0,0.0,
14424006992000,0,16.0,2400.0,0.0,
14424028263000,0,14.0,2400.0,0.0,
14424048954000,0,13.0,2400.0,0.0,
14424067051000,0,13.0,2400.0,0.0,
14424087528000,0,14.0,2400.0,0.0,
14424108982000,0,14.0,2400.0,0.0,
14424127140000,0,14.0,2400.0,0.0,
14424147953000,0,14.0,2400.0,0.0,
14424169102000,0,15.0,2400.0,0.0,
14424187168000,0,15.0,2400.0,0.0,
14424207706000,0,14.0,2400.0,0.0,
14424229160000,0,15.0,2400.0,0.0,
14424247257000,0,15.0,2400.0,0.0,
14424268040000,0,16.0,2400.0,0.0,
14424289158000,0,16.0,2400.0,0.0,
14424307255000,0,16.0,2400.0,0.0,
14424328068000,0,16.0,2400.0,0.0,
14424349277000,0,14.0,2400.0,0.0,
14424367313000,0,14.0,2400.0,0.0,
14424387730000,0,14.0,2400.0,0.0,
14424409336000,0,14.0,2400.0,0.0,
14424427433000,0,14.0,2400.0,0.0,
14424447971000,0,16.0,2400.0,0.0,
14424469395000,0,16.0,2400.0,0.0,
14424487522000,0,16.0,2400.0,0.0,
14424508701000,0,16.0,2400.0,0.0,
14424529484000,0,17.0,2400.0,0.0,
14424547550000,0,17.0,2400.0,0.0,
14424567966000,0,17.0,2400.0,0.0,
14424589542000,0,17.0,2400.0,0.0,
14424607670000,0,17.0,2400.0,0.0,
14424628117000,0,18.0,2400.0,0.0,
14424649601000,0,18.0,2400.0,0.0,
14424667667000,0,17.0,2400.0,0.0,
14424688572000,0,17.0,2400.0,0.0,
14424709660000,0,15.0,2400.0,0.0,
14424727756000,0,15.0,2400.0,0.0,
14424748478000,0,15.0,2400.0,0.0,
14424769718000,0,15.0,2400.0,0.0,
14424787846000,0,15.0,2400.0,0.0,
14424808231000,0,15.0,2400.0,0.0,
14424829777000,0,15.0,2400.0,0.0,
14424847843000,0,15.0,2400.0,0.0,
14424868687000,0,15.0,2400.0,0.0,
14424889835000,0,16.0,2400.0,0.0,
14424907902000,0,16.0,2400.0,0.0,
14424928471000,0,15.0,2400.0,0.0,
14424949863000,0,18.0,2400.0,0.0,
14424967991000,0,18.0,2400.0,0.0,
14424989262000,0,18.0,2400.0,0.0,
14425010044000,0,18.0,2400.0,0.0,
14425028049000,0,18.0,2400.0,0.0,
14425048893000,0,18.0,2400.0,0.0,
14425069889000,0,16.0,2400.0,0.0,
14425088016000,0,16.0,2400.0,0.0,
14425108616000,0,16.0,2400.0,0.0,
14425130283000,0,18.0,2400.0,0.0,
14425148289000,0,18.0,2400.0,0.0,
14425168735000,0,18.0,2400.0,0.0,
14425190189000,0,18.0,2400.0,0.0,
14425208195000,0,18.0,2400.0,0.0,
14425229343000,0,18.0,2400.0,0.0,
14425250187000,0,19.0,2400.0,0.0,
14425268284000,0,19.0,2400.0,0.0,
14425288670000,0,19.0,2400.0,0.0,
14425310368000,0,18.0,2400.0,0.0,
14425328464000,0,18.0,2400.0,0.0,
14425348881000,0,17.0,2400.0,0.0,
14425370274000,0,17.0,2400.0,0.0,
14425388401000,0,18.0,2400.0,0.0,
14425409336000,0,18.0,2400.0,0.0,
14425430424000,0,18.0,2400.0,0.0,
14425448460000,0,17.0,2400.0,0.0,
14425469120000,0,17.0,2400.0,0.0,
14425490360000,0,20.0,2400.0,0.0,
14425508610000,0,20.0,2400.0,0.0,
14425529118000,0,20.0,2400.0,0.0,
14425550632000,0,20.0,2400.0,0.0,
14425568699000,0,21.0,2400.0,0.0,
14425589542000,0,21.0,2400.0,0.0,
14425610538000,0,20.0,2400.0,0.0,
14425628635000,0,20.0,2400.0,0.0,
14425649174000,0,20.0,2400.0,0.0,
14425670536000,0,20.0,2400.0,0.0,
14425688602000,0,20.0,2400.0,0.0,
14425709415000,0,20.0,2400.0,0.0,
14425730656000,0,20.0,2400.0,0.0,
14425748722000,0,21.0,2400.0,0.0,
14425769535000,0,21.0,2400.0,0.0,
14425790714000,0,22.0,2400.0,0.0,
14425808811000,0,21.0,2400.0,0.0,
14425829197000,0,21.0,2400.0,0.0,
14425850773000,0,19.0,2400.0,0.0,
14425868839000,0,19.0,2400.0,0.0,
14425889439000,0,21.0,2400.0,0.0,
14425910801000,0,21.0,2400.0,0.0,
14425928928000,0,20.0,2400.0,0.0,
14425950565000,0,20.0,2400.0,0.0,
14425970890000,0,21.0,2400.0,0.0,
14425988987000,0,19.0,2400.0,0.0,
14426012455000,0,19.0,2400.0,0.0,
14426031010000,0,20.0,2400.0,0.0,
14426049107000,0,20.0,2400.0,0.0,
14426069431000,0,19.0,2400.0,0.0,
14426090916000,0,19.0,2400.0,0.0,
14426109043000,0,21.0,2400.0,0.0,
14426129948000,0,21.0,2400.0,0.0,
14426151035000,0,21.0,2400.0,0.0,
14426169102000,0,21.0,2400.0,0.0,
14426189854000,0,21.0,2400.0,0.0,
14426211094000,0,23.0,2400.0,0.0,
14426229160000,0,23.0,2400.0,0.0,
14426249607000,0,20.0,2400.0,0.0,
14426271122000,0,20.0,2400.0,0.0,
14426391453000,0,22.0,2400.0,0.0,
14426409489000,0,22.0,2400.0,0.0,
14426430271000,0,24.0,2400.0,0.0,
14426451450000,0,24.0,2400.0,0.0,
14426469547000,0,22.0,2400.0,0.0,
14426490330000,0,22.0,2400.0,0.0,
14426511356000,0,22.0,2400.0,0.0,
14426529453000,0,22.0,2400.0,0.0,
14426549870000,0,22.0,2400.0,0.0,
14426571384000,0,23.0,2400.0,0.0,
14426589542000,0,23.0,2400.0,0.0,
14426610142000,0,22.0,2400.0,0.0,
14426631412000,0,22.0,2400.0,0.0,
14426649631000,0,23.0,2400.0,0.0,
14426670719000,0,23.0,2400.0,0.0,
14426691471000,0,22.0,2400.0,0.0,
14426709599000,0,23.0,2400.0,0.0,
14426730106000,0,23.0,2400.0,0.0,
14426751652000,0,24.0,2400.0,0.0,
14426769749000,0,24.0,2400.0,0.0,
14426790134000,0,23.0,2400.0,0.0,
14426811588000,0,23.0,2400.0,0.0,
14426829777000,0,23.0,2400.0,0.0,
14426850742000,0,24.0,2400.0,0.0,
14426871738000,0,23.0,2400.0,0.0,
14426889835000,0,23.0,2400.0,0.0,
14426911045000,0,23.0,2400.0,0.0,
14426931828000,0,23.0,2400.0,0.0,
14426949894000,0,23.0,2400.0,0.0,
14426970341000,0,22.0,2400.0,0.0,
14426991886000,0,22.0,2400.0,0.0,
14427009983000,0,23.0,2400.0,0.0,
14427030796000,0,23.0,2400.0,0.0,
14427051945000,0,23.0,2400.0,0.0,
14427070042000,0,25.0,2400.0,0.0,
14427090549000,0,25.0,2400.0,0.0,
14427111942000,0,25.0,2400.0,0.0,
14427130131000,0,25.0,2400.0,0.0,
14427150852000,0,25.0,2400.0,0.0,
14427171940000,0,25.0,2400.0,0.0,
14427190098000,0,25.0,2400.0,0.0,
14427210941000,0,25.0,2400.0,0.0,
14427232059000,0,25.0,2400.0,0.0,
14427250187000,0,23.0,2400.0,0.0,
14427270603000,0,23.0,2400.0,0.0,
14427292210000,0,25.0,2400.0,0.0,
14427310245000,0,25.0,2400.0,0.0,
14427330814000,0,23.0,2400.0,0.0,
14427352238000,0,23.0,2400.0,0.0,
14427370213000,0,23.0,2400.0,0.0,
14427391422000,0,23.0,2400.0,0.0,
14427412266000,0,23.0,2400.0,0.0,
14427430363000,0,24.0,2400.0,0.0,
14427450748000,0,24.0,2400.0,0.0,
14427472324000,0,23.0,2400.0,0.0,
14427490452000,0,23.0,2400.0,0.0,
14427510807000,0,24.0,2400.0,0.0,
14427532322000,0,24.0,2400.0,0.0,
14427550541000,0,24.0,2400.0,0.0,
14427571415000,0,24.0,2400.0,0.0,
14427592442000,0,24.0,2400.0,0.0,
14427610538000,0,27.0,2400.0,0.0,
14427631290000,0,27.0,2400.0,0.0,
14427652470000,0,24.0,2400.0,0.0,
14427670536000,0,24.0,2400.0,0.0,
14427690983000,0,25.0,2400.0,0.0,
14427712559000,0,25.0,2400.0,0.0,
14427730656000,0,25.0,2400.0,0.0,
14427751438000,0,25.0,2400.0,0.0,
14427772617000,0,25.0,2400.0,0.0,
14427790684000,0,25.0,2400.0,0.0,
14427811192000,0,25.0,2400.0,0.0,
14427832645000,0,25.0,2400.0,0.0,
14427850742000,0,25.0,2400.0,0.0,
14427872044000,0,28.0,2400.0,0.0,
14427892704000,0,28.0,2400.0,0.0,
14427910770000,0,26.0,2400.0,0.0,
14427931583000,0,26.0,2400.0,0.0,
14427952763000,0,26.0,2400.0,0.0,
14427970860000,0,28.0,2400.0,0.0,
14427991306000,0,28.0,2400.0,0.0,
14428012852000,0,26.0,2400.0,0.0,
14428030949000,0,26.0,2400.0,0.0,
14428051578000,0,28.0,2400.0,0.0,
14428072849000,0,28.0,2400.0,0.0,
14428090916000,0,28.0,2400.0,0.0,
14428112125000,0,28.0,2400.0,0.0,
14428132877000,0,28.0,2400.0,0.0,
14428151005000,0,26.0,2400.0,0.0,
14428171421000,0,26.0,2400.0,0.0,
14428192997000,0,26.0,2400.0,0.0,
14428211124000,0,26.0,2400.0,0.0,
14428231571000,0,26.0,2400.0,0.0,
14428253056000,0,26.0,2400.0,0.0,
14428271091000,0,27.0,2400.0,0.0,
14428291996000,0,27.0,2400.0,0.0,
14428451542000,0,29.0,2400.0,0.0,
14428472385000,0,29.0,2400.0,0.0,
14428493504000,0,29.0,2400.0,0.0,
14428511417000,0,29.0,2400.0,0.0,
14428531925000,0,29.0,2400.0,0.0,
14428553745000,0,29.0,2400.0,0.0,
14428571537000,0,29.0,2400.0,0.0,
14428592350000,0,28.0,2400.0,0.0,
14428613316000,0,30.0,2400.0,0.0,
14428631412000,0,30.0,2400.0,0.0,
14428652256000,0,28.0,2400.0,0.0,
14428673466000,0,28.0,2400.0,0.0,
14428691502000,0,29.0,2400.0,0.0,
14428711887000,0,29.0,2400.0,0.0,
14428733433000,0,28.0,2400.0,0.0,
14428751621000,0,28.0,2400.0,0.0,
14428772129000,0,29.0,2400.0,0.0,
14428793522000,0,28.0,2400.0,0.0,
14428811588000,0,28.0,2400.0,0.0,
14428833286000,0,32.0,2400.0,0.0,
14428853489000,0,32.0,2400.0,0.0,
14428871647000,0,32.0,2400.0,0.0,
14428892033000,0,32.0,2400.0,0.0,
14428913639000,0,29.0,2400.0,0.0,
14428931705000,0,29.0,2400.0,0.0,
14428952244000,0,31.0,2400.0,0.0,
14428973728000,0,31.0,2400.0,0.0,
14428991825000,0,31.0,2400.0,0.0,
14429012791000,0,31.0,2400.0,0.0,
14429034061000,0,31.0,2400.0,0.0,
14429056431000,0,32.0,2400.0,0.0,
14429072758000,0,32.0,2400.0,0.0,
14429093937000,0,30.0,2400.0,0.0,
14429111942000,0,30.0,2400.0,0.0,
14429132420000,0,31.0,2400.0,0.0,
14429153904000,0,28.0,2400.0,0.0,
14429171940000,0,28.0,2400.0,0.0,
14429192814000,0,31.0,2400.0,0.0,
14429213963000,0,31.0,2400.0,0.0,
14429232090000,0,31.0,2400.0,0.0,
14429252689000,0,31.0,2400.0,0.0,
14429273930000,0,30.0,2400.0,0.0,
14429292057000,0,30.0,2400.0,0.0,
14429312870000,0,30.0,2400.0,0.0,
14429334080000,0,30.0,2400.0,0.0,
14429352207000,0,30.0,2400.0,0.0,
14429373020000,0,31.0,2400.0,0.0,
14429394047000,0,31.0,2400.0,0.0,
14429412327000,0,31.0,2400.0,0.0,
14429432713000,0,31.0,2400.0,0.0,
14429454380000,0,34.0,2400.0,0.0,
14429472263000,0,34.0,2400.0,0.0,
14429492802000,0,34.0,2400.0,0.0,
14429514194000,0,34.0,2400.0,0.0,
14429532352000,0,34.0,2400.0,0.0,
14429553471000,0,31.0,2400.0,0.0,
14429574253000,0,31.0,2400.0,0.0,
14429592380000,0,34.0,2400.0,0.0,
14429612797000,0,34.0,2400.0,0.0,
14429634342000,0,31.0,2400.0,0.0,
14429652439000,0,31.0,2400.0,0.0,
14429672855000,0,34.0,2400.0,0.0,
14429694340000,0,32.0,2400.0,0.0,
14429712437000,0,32.0,2400.0,0.0,
14429733433000,0,31.0,2400.0,0.0,
14429754429000,0,31.0,2400.0,0.0,
14429772556000,0,31.0,2400.0,0.0,
14429793735000,0,31.0,2400.0,0.0,
14429814518000,0,33.0,2400.0,0.0,
14429832615000,0,33.0,2400.0,0.0,
14429853031000,0,35.0,2400.0,0.0,
14429874607000,0,35.0,2400.0,0.0,
14429892673000,0,35.0,2400.0,0.0,
14429913456000,0,33.0,2400.0,0.0,
14429934666000,0,33.0,2400.0,0.0,
14429952763000,0,33.0,2400.0,0.0,
14429973240000,0,33.0,2400.0,0.0,
14429994877000,0,34.0,2400.0,0.0,
14430012852000,0,34.0,2400.0,0.0,
14430033634000,0,35.0,2400.0,0.0,
14430054722000,0,34.0,2400.0,0.0,
14430072819000,0,34.0,2400.0,0.0,
14430093662000,0,35.0,2400.0,0.0,
14430114780000,0,35.0,2400.0,0.0,
14430132877000,0,33.0,2400.0,0.0,
14430153355000,0,33.0,2400.0,0.0,
14430174900000,0,34.0,2400.0,0.0,
14430192997000,0,34.0,2400.0,0.0,
14430213566000,0,33.0,2400.0,0.0,
14430234928000,0,34.0,2400.0,0.0,
14430253025000,0,34.0,2400.0,0.0,
14430274204000,0,34.0,2400.0,0.0,
14430295109000,0,34.0,2400.0,0.0,
14430313053000,0,33.0,2400.0,0.0,
14430333500000,0,33.0,2400.0,0.0,
14430355106000,0,34.0,2400.0,0.0,
14430595554000,0,33.0,2400.0,0.0,
14430613468000,0,33.0,2400.0,0.0,
14430634251000,0,31.0,2400.0,0.0,
14430655460000,0,31.0,2400.0,0.0,
14430673588000,0,32.0,2400.0,0.0,
14430694096000,0,32.0,2400.0,0.0,
14430715397000,0,33.0,2400.0,0.0,
14430733555000,0,31.0,2400.0,0.0,
14430754734000,0,31.0,2400.0,0.0,
14430775394000,0,32.0,2400.0,0.0,
14430793522000,0,32.0,2400.0,0.0,
14430814487000,0,31.0,2400.0,0.0,
14430835514000,0,31.0,2400.0,0.0,
14430853611000,0,31.0,2400.0,0.0,
14430874027000,0,31.0,2400.0,0.0,
14430895573000,0,32.0,2400.0,0.0,
14430913700000,0,30.0,2400.0,0.0,
14430934238000,0,30.0,2400.0,0.0,
14430955723000,0,32.0,2400.0,0.0,
14430973820000,0,32.0,2400.0,0.0,
14430995029000,0,34.0,2400.0,0.0,
14431015690000,0,34.0,2400.0,0.0,
14431033817000,0,31.0,2400.0,0.0,
14431054142000,0,31.0,2400.0,0.0,
14431075687000,0,32.0,2400.0,0.0,
14431093815000,0,34.0,2400.0,0.0,
14431114292000,0,34.0,2400.0,0.0,
14431135776000,0,31.0,2400.0,0.0,
14431153873000,0,31.0,2400.0,0.0,
14431174870000,0,34.0,2400.0,0.0,
14431195805000,0,34.0,2400.0,0.0,
14431213993000,0,34.0,2400.0,0.0,
14431234837000,0,34.0,2400.0,0.0,
14431255863000,0,33.0,2400.0,0.0,
14431273960000,0,31.0,2400.0,0.0,
14431294437000,0,31.0,2400.0,0.0,
14431315952000,0,34.0,2400.0,0.0,
14431334080000,0,34.0,2400.0,0.0,
14431354923000,0,31.0,2400.0,0.0,
14431376011000,0,31.0,2400.0,0.0,
14431394169000,0,31.0,2400.0,0.0,
14431414616000,0,31.0,2400.0,0.0,
14431436008000,0,31.0,2400.0,0.0,
14431454258000,0,32.0,2400.0,0.0,
14431475010000,0,32.0,2400.0,0.0,
14431496128000,0,33.0,2400.0,0.0,
14431514164000,0,33.0,2400.0,0.0,
14431535038000,0,31.0,2400.0,0.0,
14431556095000,0,31.0,2400.0,0.0,
14431574284000,0,33.0,2400.0,0.0,
14431594639000,0,33.0,2400.0,0.0,
14431616154000,0,33.0,2400.0,0.0,
14431634342000,0,34.0,2400.0,0.0,
14431654911000,0,34.0,2400.0,0.0,
