153829607805000,3,9.741462,0.82095104,0.77483904,
153829626238000,3,9.745181,0.8224758,0.7248177,
153829644579000,3,9.744902,0.825731,0.7248788,
153831488664000,3,9.802793,0.22390462,0.15978988,
153831525926000,3,9.803316,0.20800388,0.14868163,
153831548326000,3,9.80368,0.1953817,0.14164837,
153831565996000,3,9.803969,0.18479834,0.13569003,
153831589281000,3,9.804243,0.17598552,0.12740181,
153831608690000,3,9.804423,0.16961189,0.1221303,
153831626054000,3,9.804619,0.16032676,0.1188523,
153831646227000,3,9.804937,0.14303952,0.11464053,
153831668504000,3,9.805422,0.11942133,0.0993316,
153831686113000,3,9.8058,0.09649638,0.085877955,
153831706102000,3,9.806117,0.07218115,0.072574235,
153831729326000,3,9.8065195,0.032462593,0.038945816,
153831746294000,3,9.8065195,0.032462593,0.038945816,
153831768449000,3,9.806584,0.023244098,0.027822658,
153831788835000,3,9.806624,0.015278818,0.017149873,
153831806169000,3,9.80664,0.011949381,0.0072936644,
153831826219000,3,9.806634,0.014064182,-0.010723931,
153831848528000,3,9.80664,0.01134937,-0.009053952,
153831866106000,3,9.806607,0.0175982,-0.023790333,
153831886125000,3,9.806571,0.019259997,-0.034580316,
153831908586000,3,9.806557,0.017633857,-0.039300915,
153831926134000,3,9.806566,0.015562311,-0.03755553,
153831949419000,3,9.806569,0.015607611,-0.036871057,
153831969225000,3,9.806545,0.016653322,-0.04239917,
153831986253000,3,9.806502,0.01702537,-0.051087506,
153832006212000,3,9.80646,0.014550212,-0.059124976,
153832028490000,3,9.806438,0.008684535,-0.06403934,
153832046312000,3,9.806433,0.0030450667,-0.06530688,
153832066393000,3,9.806422,-0.0011918402,-0.06696984,
153832088670000,3,9.806386,-0.004282792,-0.071933314,
153832106401000,3,9.806323,-0.0069815298,-0.07981705,
153832129655000,3,9.806224,-0.009693126,-0.091034025,
153832149217000,3,9.806118,-0.009552841,-0.10171441,
153832166338000,3,9.805993,-0.0077463766,-0.1133502,
153832186357000,3,9.805813,-0.0026440849,-0.12810732,
153832209032000,3,9.805612,0.0015896073,-0.14267449,
153832226396000,3,9.8055105,0.0026715572,-0.14942776,
153832246416000,3,9.805459,0.0017190789,-0.15287147,
153832268816000,3,9.805382,0.0014461072,-0.15777679,
153832286516000,3,9.805285,-4.638181E-4,-0.16360271,
153832309831000,3,9.805242,-0.0036132222,-0.16618279,
153832329363000,3,9.805227,-0.006207915,-0.16698271,
153832346880000,3,9.805183,-0.0069479197,-0.16951661,
153832366777000,3,9.805021,-0.0053340546,-0.17863107,
153832389207000,3,9.804825,-0.0054503744,-0.18907267,
153832406725000,3,9.804795,-0.0053273328,-0.19073504,
153832426775000,3,9.804883,-0.0056090723,-0.18609366,
153832449358000,3,9.804913,-0.0049161213,-0.18452947,
153832466753000,3,9.804853,-0.004571838,-0.18771103,
153832490099000,3,9.804752,-0.0021031098,-0.19289428,
153832509416000,3,9.804713,-6.4560445E-4,-0.19494185,
153832526750000,3,9.8046875,-3.6328036E-4,-0.19621845,
153832546739000,3,9.804619,8.7853643E-4,-0.19962563,
153832569017000,3,9.804555,0.0030514966,-0.20272097,
153832586778000,3,9.804466,0.0037666592,-0.20700142,
153832606767000,3,9.804327,0.0031453124,-0.21346769,
153832629320000,3,9.804182,-5.1613286E-4,-0.22001083,
153832646867000,3,9.804218,-0.007411153,-0.21825697,
153832669176000,3,9.80441,-0.016424773,-0.20894875,
153832690447000,3,9.804585,-0.02671645,-0.19946489,
153832706895000,3,9.804671,-0.033402503,-0.194196,
153832726946000,3,9.804679,-0.043207858,-0.19192456,
153832749254000,3,9.804398,-0.053283848,-0.2033122,
153832766924000,3,9.803983,-0.061458092,-0.22033085,
153832786943000,3,9.803553,-0.069645494,-0.23649639,
153832809282000,3,9.803343,-0.07789309,-0.24250148,
153832826982000,3,9.803346,-0.08094985,-0.24134676,
153832850298000,3,9.803187,-0.081079036,-0.2476707,
153832869859000,3,9.802849,-0.08108897,-0.26070055,
153832887041000,3,9.802542,-0.08142215,-0.27192396,
153832907060000,3,9.802212,-0.08330109,-0.2830252,
153832929704000,3,9.801941,-0.08826894,-0.29076838,
153832947099000,3,9.801704,-0.09405191,-0.29687604,
153832967149000,3,9.80153,-0.10269962,-0.2997858,
153832989458000,3,9.801468,-0.11172932,-0.29857728,
153833007158000,3,9.801309,-0.11958558,-0.30070233,
153833030443000,3,9.800961,-0.123927996,-0.3101523,
153833049883000,3,9.800623,-0.12517186,-0.32019582,
153833067247000,3,9.800304,-0.12632424,-0.32933894,
153833087267000,3,9.8000555,-0.1297966,-0.33534548,
153833109636000,3,9.799813,-0.13244301,-0.341312,
153833127275000,3,9.799553,-0.13441403,-0.34796616,
153833147264000,3,9.799231,-0.13739684,-0.35583356,
153833170000000,3,9.798913,-0.14186609,-0.3627087,
153833187303000,3,9.798812,-0.14575872,-0.36391136,
153833210619000,3,9.798787,-0.14980975,-0.36292934,
153833230089000,3,9.79867,-0.15374884,-0.36445028,
153833247392000,3,9.7983055,-0.1593208,-0.37175798,
153833267442000,3,9.798058,-0.16888328,-0.3740721,
153833289720000,3,9.79879,-0.17938977,-0.34919688,
153833307420000,3,9.799857,-0.18543197,-0.31436026,
153833327440000,3,9.801204,-0.18646249,-0.26832828,
153833349931000,3,9.802091,-0.18266806,-0.23677696,
153833367509000,3,9.802285,-0.17866029,-0.23166123,
153833390825000,3,9.802208,-0.16897038,-0.24195641,
153833410570000,3,9.802045,-0.16615006,-0.25040773,
153833427568000,3,9.801977,-0.16583325,-0.253252,
153833447588000,3,9.801823,-0.16552813,-0.25937545,
153833469926000,3,9.801124,-0.16354923,-0.28566346,
153833487627000,3,9.800171,-0.16136779,-0.31777123,
153833507677000,3,9.799065,-0.16239013,-0.34983343,
153833530046000,3,9.798586,-0.16492227,-0.36185178,
153833547716000,3,9.799325,-0.16138649,-0.3428481,
153833569994000,3,9.800993,-0.14428222,-0.30019408,
153833590501000,3,9.802281,-0.12450521,-0.26490358,
153833710252000,3,9.804954,-0.049243048,-0.17565116,
153833727892000,3,9.805128,-0.0424018,-0.16745588,
153833750291000,3,9.805329,-0.03272943,-0.15768735,
153833770616000,3,9.8055105,-0.025498891,-0.14738339,
153833787889000,3,9.805714,-0.017004618,-0.1344152,
153833807909000,3,9.805869,-0.0050166594,-0.12360329,
153833830370000,3,9.806,0.008982641,-0.112503804,
153833847948000,3,9.806059,0.014105098,-0.106691025,
153833867998000,3,9.805971,0.013891747,-0.11453911,
153833890733000,3,9.80549,0.0042880527,-0.15079057,
153833908006000,3,9.804785,-0.008274199,-0.19108371,
153833931352000,3,9.803678,-0.026950551,-0.23992461,
153833950792000,3,9.802954,-0.039538816,-0.2662845,
153833968065000,3,9.802461,-0.048785076,-0.2824442,
153833988084000,3,9.802114,-0.057449736,-0.29267684,
153834010423000,3,9.802189,-0.062145784,-0.28914866,
153834028185000,3,9.802426,-0.060528412,-0.28132367,
153834048143000,3,9.802566,-0.055628948,-0.27750733,
153834070634000,3,9.802766,-0.049772333,-0.27155104,
153834088182000,3,9.802861,-0.045095865,-0.2688178,
153834111528000,3,9.802743,-0.0324284,-0.2748802,
153834131303000,3,9.802542,-0.020836452,-0.28308687,
153834148241000,3,9.802427,-0.011312252,-0.28753743,
153834168260000,3,9.802046,-7.4351183E-4,-0.30049714,
153834190569000,3,9.800749,0.005482815,-0.34010348,
153834213060000,3,9.79876,0.010586568,-0.39317426,
153834228349000,3,9.797213,0.011974223,-0.42999214,
153834250719000,3,9.795126,0.012745208,-0.4751485,
153834268327000,3,9.794009,0.01357932,-0.49758098,
153834291673000,3,9.793027,0.022867082,-0.51622635,
153834311235000,3,9.792645,0.03705606,-0.52262276,
153834328447000,3,9.79268,0.056238897,-0.5202631,
153834348436000,3,9.793094,0.087604344,-0.5079472,
153834371050000,3,9.79397,0.13220657,-0.4806775,
153834388475000,3,9.794569,0.1684934,-0.45653906,
153834408464000,3,9.794966,0.21192367,-0.42909548,
153834430833000,3,9.795713,0.25887248,-0.38387454,
153834448503000,3,9.796919,0.28834203,-0.32806936,
153834471849000,3,9.797868,0.33349225,-0.24698271,
153834491319000,3,9.798863,0.36475044,-0.14018705,
153834508592000,3,9.798882,0.38826954,-0.039463118,
153834528612000,3,9.798054,0.40724665,0.05172639,
153834551286000,3,9.796901,0.42288405,0.11095453,
153834568712000,3,9.7963505,0.42813745,0.13643502,
153834588731000,3,9.796116,0.43367872,0.13579349,
153834611864000,3,9.796344,0.43863255,0.09817396,
153834628740000,3,9.7966,0.43375325,0.09419395,
153834650896000,3,9.796009,0.43344548,0.14391981,
153834671495000,3,9.794847,0.43339142,0.20867023,
153834688799000,3,9.793897,0.428079,0.25837505,
153834708849000,3,9.793669,0.41576925,0.28561172,
153834731126000,3,9.794028,0.4024325,0.29234132,
153834748888000,3,9.794593,0.39278528,0.28647828,
153834768877000,3,9.795607,0.38398704,0.26279083,
153834791338000,3,9.797199,0.37681028,0.20810032,
153834808946000,3,9.798478,0.3704627,0.1517267,
153834831072000,3,9.79947,0.3647478,0.08796616,
153834852159000,3,9.799471,0.3711685,0.05454057,
153834868944000,3,9.799083,0.38203737,0.049213238,
153834888963000,3,9.798289,0.40229192,0.045748193,
153834911333000,3,9.797056,0.43040246,0.053549513,
153834928972000,3,9.795695,0.45711073,0.07603227,
153834948991000,3,9.793946,0.48687634,0.10938831,
153834971361000,3,9.791738,0.5206506,0.14546967,
153834989030000,3,9.790275,0.538698,0.1753779,
153835011369000,3,9.78934,0.5426801,0.21139322,
153835031908000,3,9.789486,0.5367112,0.21981677,
153835049120000,3,9.790112,0.5245716,0.22121027,
153835069109000,3,9.790676,0.51859164,0.21001579,
153835091783000,3,9.792176,0.5115464,0.14832273,
153835109178000,3,9.793456,0.5052274,0.058078095,
153835129167000,3,9.793613,0.50092125,-0.067859195,
153835151567000,3,9.79193,0.49390143,-0.21112551,
153835169267000,3,9.789898,0.48220193,-0.30950463,
153835192583000,3,9.785733,0.471217,-0.43333706,
153835211961000,3,9.780726,0.4601786,-0.54407763,
153835229295000,3,9.776527,0.45233577,-0.620719,
153835249315000,3,9.773711,0.44871175,-0.666046,
153835271745000,3,9.774852,0.45210254,-0.64674747,
153835289354000,3,9.778422,0.45861852,-0.5852584,
153835309343000,3,9.783269,0.47269118,-0.48438483,
153835332048000,3,9.786819,0.49236763,-0.38230976,
153835349382000,3,9.787828,0.50374246,-0.33919162,
153835372728000,3,9.787609,0.5186895,-0.32256052,
153835392137000,3,9.786439,0.5252645,-0.3465724,
153835409441000,3,9.784845,0.52433485,-0.39023733,
153835429491000,3,9.781275,0.52130324,-0.47467035,
153835451799000,3,9.774355,0.518691,-0.6027894,
153835469560000,3,9.767578,0.5154899,-0.70645666,
153835489519000,3,9.757399,0.51295567,-0.8369188,
153835512102000,3,9.743554,0.5105454,-0.98634034,
153835529649000,3,9.731979,0.5080711,-1.0958138,
153835552904000,3,9.718704,0.5165008,-1.2043235,
153835573106000,3,9.716577,0.538134,-1.2119994,
153835589616000,3,9.721079,0.5498527,-1.1699156,
153835609697000,3,9.731059,0.5682415,-1.0742515,
153835632036000,3,9.743737,0.5865704,-0.94120884,
153835649767000,3,9.754223,0.5944009,-0.8199016,
153835669756000,3,9.76389,0.59782857,-0.6924194,
153835692186000,3,9.771124,0.5918021,-0.5876143,
153835709795000,3,9.774461,0.575126,-0.5473194,
153835732042000,3,9.775872,0.55008394,-0.5478382,
153835752611000,3,9.775538,0.5185431,-0.58338094,
153835769823000,3,9.774072,0.48572397,-0.6340426,
153835850176000,3,9.742578,0.3340759,-1.0681595,
153835872453000,3,9.72463,0.29485476,-1.2308681,
153835890184000,3,9.705552,0.25307518,-1.3815202,
153835912431000,3,9.693866,0.21906829,-1.4667596,
153835932878000,3,9.684196,0.17203882,-1.5353163,
153835950212000,3,9.681634,0.1362506,-1.5549235,
153835970110000,3,9.684072,0.11203239,-1.5416245,
153835992540000,3,9.694426,0.08423165,-1.4769617,
153836010149000,3,9.706496,0.061986502,-1.3966047,
153836030138000,3,9.72259,0.031388532,-1.2808833,
153836052843000,3,9.7427025,-0.002430442,-1.1180904,
153836070116000,3,9.758818,-0.02528554,-0.9670786,
153836093401000,3,9.778744,-0.03710925,-0.73836017,
153836112871000,3,9.791896,-0.037488896,-0.5364531,
153836130144000,3,9.799381,-0.039815,-0.3754016,
153836150163000,3,9.803181,-0.044377778,-0.2570207,
153836172624000,3,9.803276,-0.043761987,-0.25351855,
153836190233000,3,9.801171,-0.03115151,-0.32628918,
153836210374000,3,9.79658,-0.0044447044,-0.44429773,
153836232896000,3,9.789232,0.01862053,-0.58392334,
153836250414000,3,9.784684,0.016299393,-0.6557871,
153836272569000,3,9.780731,-0.0016430911,-0.712529,
153836293382000,3,9.778777,-0.036069676,-0.7380019,
153836310320000,3,9.778338,-0.07060879,-0.7412939,
153836330339000,3,9.778244,-0.10410277,-0.73856974,
153836352922000,3,9.777519,-0.1276251,-0.74447984,
153836370439000,3,9.77682,-0.13538346,-0.75224346,
153836390459000,3,9.775601,-0.1402195,-0.7670298,
153836412889000,3,9.773219,-0.13985768,-0.79687434,
153836430528000,3,9.771914,-0.1305702,-0.8142925,
153836453844000,3,9.771986,-0.1062009,-0.81695586,
153836473344000,3,9.774098,-0.0862579,-0.7936989,
153836490587000,3,9.77658,-0.07621084,-0.76357937,
153836510545000,3,9.77919,-0.06658201,-0.7303303,
153836533617000,3,9.780778,-0.06778233,-0.7086568,
153836550584000,3,9.780883,-0.07519641,-0.70644146,
153836570573000,3,9.78116,-0.0769865,-0.7024021,
153836592912000,3,9.7815075,-0.073102936,-0.6979703,
153836610643000,3,9.780527,-0.0735878,-0.71152943,
153836633897000,3,9.777685,-0.07608546,-0.7493074,
153836653368000,3,9.7748575,-0.08299568,-0.784654,
153836670671000,3,9.772206,-0.08937895,-0.81632197,
153836690691000,3,9.770999,-0.09956103,-0.8295114,
153836713121000,3,9.772416,-0.10885113,-0.8114464,
153836730730000,3,9.772588,-0.12425007,-0.8071441,
153836750841000,3,9.765764,-0.1401482,-0.8835414,
153836773485000,3,9.762846,-0.14978461,-0.9136624,
153836790788000,3,9.758208,-0.14855303,-0.9621467,
153836813097000,3,9.752693,-0.14282647,-1.0173358,
153836833513000,3,9.7472,-0.12634295,-1.0707693,
153836850847000,3,9.74281,-0.11316548,-1.1114264,
153836870897000,3,9.736969,-0.11570144,-1.1612223,
153836893175000,3,9.732542,-0.13206834,-1.1960685,
153836910905000,3,9.729224,-0.15020342,-1.2206688,
153836930925000,3,9.723584,-0.1687091,-1.262468,
153836953508000,3,9.717714,-0.19369741,-1.3034377,
153836970964000,3,9.714011,-0.21595336,-1.3273066,
153836993303000,3,9.714026,-0.2531848,-1.3206103,
153837014024000,3,9.716864,-0.29772535,-1.2900802,
153837030992000,3,9.719425,-0.33288842,-1.2618864,
153837051225000,3,9.723295,-0.37530163,-1.2194542,
153837073412000,3,9.729921,-0.41713908,-1.1511124,
153837091051000,3,9.736871,-0.44343936,-1.0803157,
153837111101000,3,9.745337,-0.4709648,-0.98843354,
153837133440000,3,9.75283,-0.49909842,-0.89643973,
153837151262000,3,9.759035,-0.5167776,-0.8152046,
153837173448000,3,9.765672,-0.5398957,-0.7145277,
153837194048000,3,9.769472,-0.561658,-0.6421657,
153837211168000,3,9.772027,-0.5749293,-0.58938164,
153837231554000,3,9.774329,-0.5904025,-0.5332222,
153837259691000,3,9.776114,-0.5926374,-0.49672964,
153837271257000,3,9.776072,-0.59449357,-0.4954165,
153837291246000,3,9.77501,-0.59795624,-0.51189154,
153837313585000,3,9.774691,-0.59606624,-0.5200997,
153837331316000,3,9.773792,-0.5965736,-0.5361816,
153837354601000,3,9.772209,-0.6009788,-0.5595967,
153837374101000,3,9.770487,-0.60049367,-0.5893904,
153837391374000,3,9.768021,-0.593245,-0.63578916,
153837411394000,3,9.763924,-0.57780516,-0.70874566,
153837433794000,3,9.75805,-0.562811,-0.7963193,
153837451463000,3,9.75291,-0.55167526,-0.8641695,
153837471544000,3,9.745171,-0.5461349,-0.9506863,
153837494768000,3,9.733283,-0.5478747,-1.0646248,
153837511491000,3,9.727184,-0.55590487,-1.1150064,
153837534837000,3,9.717932,-0.5669848,-1.187749,
153837554216000,3,9.712983,-0.5755349,-1.223579,
153837571550000,3,9.709412,-0.58375823,-1.2477918,
153837592210000,3,9.706203,-0.59233344,-1.2685288,
153837613908000,3,9.70314,-0.6025921,-1.2869828,
153837631639000,3,9.7022705,-0.60611796,-1.2918893,
153837674272000,3,9.698144,-0.60624593,-1.322451,
153837691881000,3,9.693884,-0.59986675,-1.3561668,
153837715166000,3,9.685756,-0.5893436,-1.417468,
153837734911000,3,9.677953,-0.58692896,-1.4707711,
153837751909000,3,9.672246,-0.5886609,-1.5071471,
153837771776000,3,9.667297,-0.58962125,-1.5382161,
153837794115000,3,9.663653,-0.58845574,-1.5613866,
153837811815000,3,9.662299,-0.58932346,-1.5694208,
153837831834000,3,9.663891,-0.5895093,-1.559512,
153837854173000,3,9.667658,-0.58907413,-1.5361539,
153837871935000,3,9.669962,-0.59118634,-1.5207571,
153837895189000,3,9.671126,-0.59968966,-1.5099943,
153837914720000,3,9.672141,-0.6080901,-1.5001012,
153837931902000,3,9.673498,-0.6190809,-1.4868045,
153837951952000,3,9.67414,-0.6370532,-1.4749889,
153837974626000,3,9.675442,-0.6575144,-1.4573739,
153837991991000,3,9.674742,-0.669711,-1.4564532,
153838011949000,3,9.671966,-0.6858955,-1.4673078,
153838034288000,3,9.669391,-0.7029656,-1.4761925,
153838052049000,3,9.667439,-0.71609807,-1.4826456,
153838074358000,3,9.664284,-0.73102474,-1.495864,
153838094804000,3,9.661102,-0.73811525,-1.5128415,
153838112047000,3,9.659661,-0.7378361,-1.52214,
153838132097000,3,9.658713,-0.7298352,-1.531991,
153838154558000,3,9.655469,-0.7220304,-1.5559535,
153838172105000,3,9.652267,-0.7148241,-1.5789783,
153838192155000,3,9.649417,-0.701663,-1.6021365,
153838214891000,3,9.645541,-0.6809312,-1.6340929,
153838232225000,3,9.6431055,-0.66315705,-1.6556373,
153838255449000,3,9.640136,-0.63790715,-1.6826234,
153838274889000,3,9.637158,-0.6144421,-1.7082232,
153838292223000,3,9.635645,-0.59640783,-1.7230998,
153838312273000,3,9.637301,-0.5717384,-1.7221926,
153838334551000,3,9.638704,-0.5454773,-1.7228608,
153838352342000,3,9.641062,-0.52974373,-1.7145476,
153838372453000,3,9.642168,-0.5105556,-1.7141473,
153838394884000,3,9.641488,-0.4935244,-1.7229508,
153838412309000,3,9.639993,-0.47587037,-1.736223,
153838435655000,3,9.629385,-0.44406244,-1.8022622,
153838455888000,3,9.607802,-0.42399028,-1.9185283,
153838472398000,3,9.592277,-0.42548227,-1.9943817,
153838492418000,3,9.571166,-0.43923432,-2.09051,
153838517748000,3,9.545234,-0.47517246,-2.1984336,
153838533189000,3,9.53198,-0.49657035,-2.2505946,
153838553362000,3,9.518337,-0.5217381,-2.3020558,
153838573564000,3,9.509827,-0.54561204,-2.331507,
153838594530000,3,9.506363,-0.5804188,-2.3372214,
153838616472000,3,9.50657,-0.6260811,-2.3245459,
153838634111000,3,9.508781,-0.6532205,-2.3079793,
153838653490000,3,9.513113,-0.67402565,-2.2840257,
153838733354000,3,9.540776,-0.68888944,-2.1608875,
153838753893000,3,9.542068,-0.6889315,-2.155161,
153838774919000,3,9.546311,-0.7045394,-2.1311896,
153838796892000,3,9.553814,-0.71835196,-2.0926037,
153838814348000,3,9.563221,-0.71979165,-2.0486815,
153838833665000,3,9.570205,-0.7105399,-2.0190802,
153838853655000,3,9.569903,-0.69292,-2.0266216,
153838874223000,3,9.564587,-0.6765958,-2.0570114,
153838893694000,3,9.557246,-0.66519207,-2.094505,
153838913683000,3,9.548192,-0.65482116,-2.1386037,
153838934496000,3,9.536892,-0.6378549,-2.193454,
153838955003000,3,9.526047,-0.6118752,-2.2473085,
153838976976000,3,9.512908,-0.5836626,-2.3096137,
153838994402000,3,9.501114,-0.56739396,-2.361632,
153839013658000,3,9.490442,-0.5549699,-2.4070554,
153839033647000,3,9.481368,-0.5469874,-2.444352,
153839054094000,3,9.473308,-0.5462284,-2.4755735,
153839073625000,3,9.466074,-0.54938626,-2.502405,
153839093614000,3,9.459417,-0.5548972,-2.5262458,
153839114214000,3,9.455022,-0.56555444,-2.5402958,
153839135088000,3,9.4537945,-0.5812813,-2.5413153,
153839156053000,3,9.456464,-0.59539956,-2.5280848,
153839174852000,3,9.461401,-0.6116507,-2.505632,
153839193742000,3,9.467124,-0.63613635,-2.4777591,
153839213762000,3,9.477248,-0.6545602,-2.4338744,
153839234117000,3,9.485673,-0.6694985,-2.396708,
153839254106000,3,9.482655,-0.67570496,-2.4068863,
153839273821000,3,9.460408,-0.67767656,-2.4923477,
153839294237000,3,9.429534,-0.6887293,-2.6038375,
153839315233000,3,9.385703,-0.724059,-2.7485874,
153839336015000,3,9.350323,-0.746248,-2.860943,
153839354845000,3,9.334609,-0.7186343,-2.9187295,
153839373918000,3,9.332545,-0.68097943,-2.934327,
153839393999000,3,9.338643,-0.654227,-2.9209797,
153839415178000,3,9.345434,-0.62596333,-2.905407,
153839434007000,3,9.344354,-0.59965163,-2.914432,
153839454179000,3,9.348626,-0.5203116,-2.9159718,
153839474657000,3,9.354585,-0.41624212,-2.9135623,
153839495592000,3,9.35488,-0.2909487,-2.9277883,
153839516466000,3,9.346952,-0.13769728,-2.9641023,
153839534959000,3,9.346775,0.010039164,-2.9678376,
153839554155000,3,9.354043,0.14403877,-2.9413445,
153839574144000,3,9.35659,0.2322966,-2.9275663,
153839594652000,3,9.379327,0.34336394,-2.8426573,
153839614153000,3,9.443824,0.49942806,-2.5952153,
153839634081000,3,9.519198,0.6553131,-2.2640245,
153839654863000,3,9.568441,0.76613253,-2.0070758,
153839675554000,3,9.578095,0.80819595,-1.9435347,
153839696489000,3,9.571014,0.8279197,-1.9699353,
153839715074000,3,9.56264,0.8451944,-2.0029829,
153839734331000,3,9.550247,0.85449064,-2.0574288,
153839754320000,3,9.535207,0.85835314,-2.124488,
153839774706000,3,9.527555,0.8881556,-2.1464503,
153839794328000,3,9.535419,0.9410081,-2.0882244,
153839814409000,3,9.54864,0.9909294,-2.0029724,
153839834917000,3,9.547574,1.0124354,-1.9972991,
153839855730000,3,9.5339985,1.0301722,-2.0523224,
153839877672000,3,9.520787,1.0583184,-2.0987942,
153839895525000,3,9.512169,1.0831317,-2.1250632,
153839914476000,3,9.500229,1.1066084,-2.1659799,
153839934526000,3,9.486041,1.1193857,-2.2208955,
153839954790000,3,9.471667,1.1211487,-2.2805536,
153839974443000,3,9.470304,1.1244419,-2.2846022,
153839994493000,3,9.48393,1.112733,-2.2332306,
153840014909000,3,9.498316,1.0817636,-2.1868196,
153840035967000,3,9.511387,1.0360966,-2.1518445,
153840057878000,3,9.532068,0.99186146,-2.0799677,
153840075487000,3,9.552596,0.95953393,-1.9994034,
153840094652000,3,9.571633,0.93185765,-1.9198619,
153840114641000,3,9.587715,0.9255153,-1.8410654,
153840135393000,3,9.599041,0.94827014,-1.7690649,
153840154710000,3,9.604113,0.98119193,-1.722999,
153840174669000,3,9.602303,1.0138369,-1.7141464,
153840195116000,3,9.597261,1.0379893,-1.727871,
153840216081000,3,9.596448,1.0445199,-1.7284678,
153840238023000,3,9.600032,1.0377631,-1.7125545,
153840255479000,3,9.60443,1.0253716,-1.6952736,
153840274858000,3,9.606906,1.0057201,-1.6930165,
153840294725000,3,9.606772,0.97843003,-1.7096692,
153840315355000,3,9.605208,0.94431883,-1.7374201,
153840334886000,3,9.604232,0.9119378,-1.7599802,
153840354906000,3,9.604293,0.8806878,-1.7754881,
153840376054000,3,9.600031,0.8647917,-1.8060786,
153840396227000,3,9.597651,0.86602294,-1.8180975,
153840418291000,3,9.594807,0.8748677,-1.8288524,
153840435716000,3,9.5915,0.8756071,-1.8457638,
153840455003000,3,9.584907,0.87444067,-1.8802409,
153840475053000,3,9.576923,0.87351274,-1.9209067,
153840495378000,3,9.568257,0.86948043,-1.9654157,
153840515062000,3,9.561699,0.8628616,-1.9999425,
153840535082000,3,9.562043,0.85132223,-2.0032456,
153840555559000,3,9.568737,0.8335969,-1.9785768,
153840576402000,3,9.57895,0.81117934,-1.938068,
153840597368000,3,9.59082,0.7921175,-1.8865652,
153840616228000,3,9.600674,0.7835481,-1.839439,
153840635118000,3,9.609013,0.77819157,-1.797688,
153840655168000,3,9.614985,0.7736919,-1.7674414,
153840675523000,3,9.61935,0.7721891,-1.7441888,
153840735826000,3,9.642545,0.7712492,-1.6114848,
153840756700000,3,9.648219,0.7615236,-1.5818828,
153840777666000,3,9.652662,0.75198185,-1.5591809,
153840796312000,3,9.660057,0.7453256,-1.5159745,
153840815385000,3,9.669675,0.7372709,-1.4574758,
153840835374000,3,9.677963,0.7286773,-1.4058617,
153840856004000,3,9.683339,0.71944356,-1.3732228,
153840875383000,3,9.686183,0.7030559,-1.3616049,
153840895403000,3,9.686409,0.686637,-1.3683593,
153840915788000,3,9.685169,0.6726193,-1.3840164,
153840936815000,3,9.682529,0.6626812,-1.4070796,
153840957689000,3,9.679524,0.6574854,-1.4300045,
153840976274000,3,9.676727,0.6566496,-1.4491858,
153840995470000,3,9.673504,0.6608254,-1.4686773,
153841015520000,3,9.670106,0.66940296,-1.4870652,
153841036028000,3,9.66563,0.6791744,-1.5115131,
153841055528000,3,9.659614,0.68532795,-1.5468098,
153841075609000,3,9.652828,0.6899784,-1.5865847,
153841096330000,3,9.64536,0.6919146,-1.6305487,
153841116930000,3,9.640608,0.6895649,-1.6593939,
153841137926000,3,9.64326,0.6832684,-1.6465272,
153841156419000,3,9.650513,0.6737886,-1.6074872,
153841175615000,3,9.659919,0.6552809,-1.5578794,
153841195757000,3,9.669007,0.63080055,-1.5108914,
153841216051000,3,9.678277,0.6006433,-1.463068,
153841235704000,3,9.686895,0.56628627,-1.4190816,
153841255724000,3,9.695187,0.5259487,-1.3773589,
153841276292000,3,9.704634,0.4715566,-1.3297005,
153841297075000,3,9.710286,0.41504094,-1.3070912,
153841319170000,3,9.712843,0.36573914,-1.3028172,
153841337389000,3,9.712698,0.33150518,-1.3130136,
153841355852000,3,9.71448,0.31521192,-1.3037971,
153841375810000,3,9.718387,0.2935092,-1.2795467,
153841396227000,3,9.720275,0.26730976,-1.270902,
153841415880000,3,9.718074,0.24802025,-1.2914816,
153841435930000,3,9.714679,0.23372138,-1.319391,
153841456316000,3,9.711863,0.21877398,-1.3424838,
153841477312000,3,9.713192,0.20486908,-1.3350469,
153841499254000,3,9.717896,0.1928025,-1.3021985,
153841516893000,3,9.723701,0.17515755,-1.2607086,
153841536058000,3,9.73233,0.12536679,-1.1985008,
153841556017000,3,9.741911,0.069004275,-1.1228607,
153841576738000,3,9.762084,0.021586979,-0.9336136,
153841596056000,3,9.782239,0.019175533,-0.6912357,
153841616106000,3,9.795642,0.02556845,-0.46384093,
153841636491000,3,9.8022175,0.025922962,-0.29366878,
153841657457000,3,9.803092,-0.008984393,-0.26398674,
153841679460000,3,9.799101,-0.052578915,-0.38112962,
153841776384000,3,9.773705,0.08136515,-0.79903734,
153841796434000,3,9.79394,0.10624241,-0.48769468,
153841817064000,3,9.800157,0.1414467,-0.3275982,
153841837633000,3,9.796208,0.1555442,-0.4248504,
153841859728000,3,9.783296,0.1282368,-0.6641209,
153841877123000,3,9.767961,0.06769904,-0.86761725,
153841896349000,3,9.747056,-0.010163082,-1.0794413,
153841916368000,3,9.729627,-0.06833909,-1.2247844,
153841936693000,3,9.724471,-0.08552315,-1.2640122,
153841956438000,3,9.732273,-0.06049597,-1.204004,
153841976457000,3,9.744045,-0.018635435,-1.1061844,
153841996965000,3,9.752645,0.0060629533,-1.0277432,
153842017839000,3,9.753714,0.0017287235,-1.0175638,
153842038744000,3,9.747899,-0.017324938,-1.0717119,
153842057603000,3,9.73956,-0.066264614,-1.1432343,
153842076555000,3,9.733025,-0.1417562,-1.1910131,
153842096513000,3,9.733422,-0.24003538,-1.1718746,
153842116899000,3,9.741741,-0.34590983,-1.0720135,
153842136522000,3,9.752777,-0.4431842,-0.9259157,
153842156633000,3,9.761872,-0.5463836,-0.76006466,
153842177385000,3,9.767131,-0.65021926,-0.5922794,
153842198015000,3,9.770356,-0.7105092,-0.4535165,
153842218980000,3,9.773343,-0.7377622,-0.3284455,
153842237535000,3,9.775506,-0.7489616,-0.22124855,
153842297899000,3,9.779437,-0.7085089,0.17613691,
153842316759000,3,9.779296,-0.6747008,0.2838517,
153842336809000,3,9.777093,-0.6294582,0.42736617,
153842357469000,3,9.774139,-0.5928283,0.53399175,
153842378191000,3,9.771019,-0.5729352,0.6077464,
153842399126000,3,9.766791,-0.58333325,0.6632377,
153842417589000,3,9.762255,-0.6085805,0.70598465,
153842436876000,3,9.758944,-0.6331012,0.72980744,
153842456926000,3,9.756255,-0.65339404,0.747619,
153842477464000,3,9.753733,-0.6680285,0.76736534,
153842496965000,3,9.752827,-0.67925096,0.76901835,
153842516954000,3,9.755009,-0.69654584,0.72461516,
153842537737000,3,9.75984,-0.7147452,0.6364207,
153842558336000,3,9.763757,-0.7347133,0.5473887,
153842579301000,3,9.763132,-0.7789687,0.49484777,
153842597826000,3,9.757372,-0.84782445,0.49528733,
153842617082000,3,9.749941,-0.9317636,0.49079382,
153842637041000,3,9.743097,-1.0217849,0.4454048,
153842657396000,3,9.738045,-1.1046607,0.3472896,
153842677110000,3,9.733423,-1.1640561,0.2753554,
153842697160000,3,9.728407,-1.2103447,0.2521601,
153842717607000,3,9.723062,-1.2479361,0.27410045,
153842738512000,3,9.715343,-1.2997102,0.3053639,
153842759538000,3,9.705628,-1.3618288,0.34147653,
153842778337000,3,9.700714,-1.3902991,0.36553428,
153842797228000,3,9.696953,-1.4128762,0.3785127,
153842817247000,3,9.695404,-1.4245865,0.37426558,
153842837633000,3,9.698473,-1.4077275,0.35820436,
153842857286000,3,9.706592,-1.3550215,0.3411185,
153842877336000,3,9.715567,-1.2838883,0.3602803,
153842897691000,3,9.716416,-1.2565643,0.42740154,
153842918657000,3,9.714228,-1.257584,0.47187957,
153842939684000,3,9.714671,-1.2637419,0.44553223,
153842958208000,3,9.716608,-1.2722791,0.3730936,
153842977373000,3,9.713012,-1.2964172,0.38350102,
153842997362000,3,9.704288,-1.3410584,0.44584087,
153843018053000,3,9.692916,-1.4077374,0.48588148,
153843037492000,3,9.682496,-1.4890529,0.4498767,
153843057512000,3,9.670592,-1.5859722,0.367045,
153843077928000,3,9.660541,-1.6747069,0.19924393,
153843098863000,3,9.649357,-1.7465135,0.09996347,
153843119829000,3,9.639194,-1.7907478,0.22263913,
153843138292000,3,9.631261,-1.7937238,0.43793726,
153843157579000,3,9.625825,-1.7796605,0.588826,
153843177477000,3,9.632072,-1.753139,0.5657412,
153843198015000,3,9.644742,-1.721491,0.4310767,
153843217607000,3,9.657198,-1.6798394,0.295095,
153843237627000,3,9.671198,-1.6171125,0.15259324,
153843258836000,3,9.685324,-1.5323663,0.12955694,
153843279314000,3,9.691352,-1.4814465,0.23108108,
153843306291000,3,9.694186,-1.4078994,0.4592989,
153843318498000,3,9.692108,-1.3870825,0.5562436,
153843337755000,3,9.687223,-1.3749647,0.6615011,
153843357713000,3,9.682354,-1.3836522,0.7126871,
153843378160000,3,9.678475,-1.3985364,0.73593324,
153843397783000,3,9.680046,-1.390857,0.72979724,
153843417833000,3,9.691217,-1.3366394,0.68123865,
153843438371000,3,9.700192,-1.3014754,0.6187097,
153843459245000,3,9.704554,-1.2922692,0.5675386,
153843480241000,3,9.706968,-1.2903055,0.52941287,
153843498979000,3,9.711655,-1.262984,0.5089263,
153843517961000,3,9.718093,-1.2136741,0.5060083,
153843537889000,3,9.7267475,-1.1469951,0.49516544,
153843558305000,3,9.738651,-1.0601879,0.4528151,
153843577959000,3,9.750208,-0.9795754,0.37986997,
153843597978000,3,9.761328,-0.8953268,0.29203415,
153843618364000,3,9.770695,-0.8171911,0.1900269,
153843639360000,3,9.776779,-0.75963,0.089308806,
153843660326000,3,9.77998,-0.72253746,0.018886488,
153843678880000,3,9.781631,-0.6998922,-0.014682898,
153843698412000,3,9.782605,-0.68546593,-0.03471914,
153843718095000,3,9.782502,-0.68603903,-0.0489125,
153843738847000,3,9.78207,-0.690788,-0.06583149,
153843778246000,3,9.7800255,-0.7174048,-0.0824585,
153843798692000,3,9.778744,-0.735928,-0.07060294,
153843820146000,3,9.777583,-0.754445,-0.01003741,
153843840624000,3,9.774388,-0.7937103,0.041734863,
153843858995000,3,9.772692,-0.81234664,0.0704343,
153843878282000,3,9.77082,-0.83224463,0.09405249,
153843898271000,3,9.770194,-0.8386653,0.10176439,
153843918779000,3,9.771231,-0.8260484,0.10531331,
153843938371000,3,9.773048,-0.80781484,0.07324965,
153843958330000,3,9.774701,-0.7908663,-0.011999942,
153843979021000,3,9.775791,-0.76777536,-0.12191052,
153843999681000,3,9.7759,-0.74063134,-0.23161125,
153844020738000,3,9.777487,-0.69201547,-0.30375412,
153844039079000,3,9.780143,-0.64503014,-0.32116526,
153844058366000,3,9.782195,-0.6103665,-0.32636693,
153844078416000,3,9.782559,-0.59703565,-0.3398273,
153844098833000,3,9.779672,-0.6137296,-0.3895736,
153844118456000,3,9.773984,-0.64485246,-0.47304657,
153844138536000,3,9.765826,-0.6800337,-0.58015496,
153844159013000,3,9.756117,-0.71539545,-0.69051737,
153844179918000,3,9.747827,-0.74552405,-0.77101856,
153844200884000,3,9.74434,-0.7615262,-0.79893506,
153844220110000,3,9.747372,-0.75806266,-0.76449883,
153844238573000,3,9.753517,-0.7390686,-0.70219374,
153844258592000,3,9.763623,-0.7016823,-0.5913491,
153844279039000,3,9.773835,-0.6506021,-0.46828154,
153844298723000,3,9.782114,-0.5999997,-0.3473615,
153844318651000,3,9.787686,-0.5574074,-0.24677199,
153844339067000,3,9.790926,-0.5277955,-0.17199674,
153844360063000,3,9.792248,-0.51900166,-0.11375585,
153844380998000,3,9.792115,-0.52893066,-0.07150807,
153844399614000,3,9.791259,-0.5474995,-0.043168113,
153844418779000,3,9.789823,-0.573594,-0.02701894,
153844438768000,3,9.7878685,-0.606407,-0.01729045,
153844459489000,3,9.785431,-0.6444582,-0.020034196,
153844478807000,3,9.783384,-0.67403764,-0.038539868,
153844498827000,3,9.781923,-0.69163376,-0.07752982,
153844519273000,3,9.781129,-0.69393915,-0.1355597,
153844540208000,3,9.779458,-0.69445205,-0.2243325,
153844561174000,3,9.776222,-0.69377255,-0.33847296,
153844579607000,3,9.77187,-0.69345284,-0.44732672,
153844598924000,3,9.765355,-0.6998709,-0.56429654,
153844618944000,3,9.756236,-0.72175914,-0.68211746,
153844639452000,3,9.745991,-0.75651485,-0.7834081,
153844658983000,3,9.736341,-0.80364716,-0.8533441,
153844679033000,3,9.727825,-0.84771514,-0.9061931,
153844699785000,3,9.722866,-0.8792519,-0.9290637,
153844720476000,3,9.720228,-0.90436614,-0.93257135,
153844741411000,3,9.718477,-0.9351722,-0.9203525,
153844759905000,3,9.718095,-0.9638594,-0.8944354,
153844779070000,3,9.720272,-0.9906556,-0.83983403,
153844799120000,3,9.72452,-1.0095993,-0.76472884,
153844819505000,3,9.729008,-1.0186048,-0.69229954,
153844839250000,3,9.73391,-1.0120836,-0.6301222,
153844859178000,3,9.739986,-0.9900945,-0.56813425,
153844879655000,3,9.747089,-0.9625877,-0.4879098,
153844900591000,3,9.753679,-0.94160986,-0.38669047,
153844921526000,3,9.757938,-0.9388959,-0.26738137,
153844940355000,3,9.757736,-0.9656445,-0.15657589,
153844959276000,3,9.75562,-0.9982456,-0.0420356,
153845039415000,3,9.727907,-1.0215429,0.70333797,
153845059862000,3,9.719513,-1.0187986,0.8145663,
153845080858000,3,9.719039,-0.9881542,0.8568781,
153845101823000,3,9.729763,-0.93690443,0.790126,
153845120531000,3,9.741422,-0.8897455,0.69530344,
153845139665000,3,9.7508135,-0.8545333,0.60151047,
153845159532000,3,9.75768,-0.8285528,0.5211261,
153845180803000,3,9.765596,-0.7721906,0.45520666,
153845199632000,3,9.7694235,-0.7455086,0.415904,
153845219621000,3,9.774046,-0.7253569,0.3350845,
153845240068000,3,9.777484,-0.7292127,0.19857846,
153845260973000,3,9.780903,-0.70987,-0.02021306,
153845281877000,3,9.7813,-0.66289926,-0.23902036,
153845300371000,3,9.778557,-0.61461776,-0.41529667,
153845319688000,3,9.773189,-0.57438076,-0.570325,
153845339677000,3,9.768112,-0.54398036,-0.67709845,
153845360124000,3,9.765945,-0.51658964,-0.72790366,
153845379717000,3,9.767472,-0.48902652,-0.72645694,
153845399706000,3,9.771268,-0.46280253,-0.6917764,
153845420457000,3,9.774671,-0.4399337,-0.65779346,
153845441118000,3,9.77864,-0.4204843,-0.6097449,
153845462083000,3,9.784084,-0.40001932,-0.5310928,
153845480547000,3,9.789216,-0.37935704,-0.4446727,
153845499803000,3,9.794764,-0.35553575,-0.32647887,
153845519823000,3,9.798826,-0.34301412,-0.18909547,
153845540239000,3,9.800681,-0.33994946,-0.03851707,
153845559892000,3,9.800095,-0.33852643,0.118118435,
153845579912000,3,9.797327,-0.34260026,0.25576925,
153845600450000,3,9.793869,-0.34637335,0.36131403,
153845621294000,3,9.790821,-0.3554513,0.42879882,
153845643205000,3,9.7883835,-0.377562,0.46407706,
153845661058000,3,9.786248,-0.39955288,0.48998046,
153845679979000,3,9.782926,-0.42493835,0.53311235,
153845699999000,3,9.779197,-0.45655572,0.57381696,
153845720384000,3,9.775415,-0.49378452,0.6064736,
153845739977000,3,9.771567,-0.5307678,0.63651484,
153845760057000,3,9.767685,-0.5667027,0.6645272,
153845780473000,3,9.762676,-0.5955454,0.7112635,
153845801439000,3,9.755848,-0.62560034,0.77616733,
153845823503000,3,9.748879,-0.6552076,0.8369173,
153845840990000,3,9.7434845,-0.66935563,0.8870681,
153845860185000,3,9.737064,-0.6775448,0.9491569,
153845880205000,3,9.731652,-0.67936873,1.0018892,
153845900896000,3,9.726674,-0.67960376,1.0489693,
153845920213000,3,9.721258,-0.6803411,1.0975603,
153845940263000,3,9.713397,-0.6800626,1.1652666,
153845960771000,3,9.704164,-0.67302084,1.2436382,
153845981615000,3,9.69369,-0.6624229,1.3281434,
153846003648000,3,9.683962,-0.65136755,1.4025036,
153846021074000,3,9.678916,-0.64046884,1.4417908,
153846040331000,3,9.674858,-0.6249781,1.4754437,
153846066209000,3,9.669353,-0.60557055,1.5189705,
153846080827000,3,9.665951,-0.5978332,1.5435034,
153846100450000,3,9.6617365,-0.5874074,1.5735909,
153846120378000,3,9.657875,-0.5774498,1.6007485,
153846141618000,3,9.655779,-0.56839204,1.6165508,
153846161729000,3,9.654958,-0.5619556,1.6236925,
153846182665000,3,9.653816,-0.55457306,1.6329943,
153846201189000,3,9.653136,-0.54765904,1.639337,
153846220506000,3,9.653565,-0.5380118,1.6400074,
153846240495000,3,9.655825,-0.5353154,1.6275407,
153846260881000,3,9.663385,-0.5386688,1.5808859,
153846280565000,3,9.66755,-0.5426634,1.5538331,
153846300554000,3,9.668496,-0.54791707,1.5460882,
153846322038000,3,9.668951,-0.5738152,1.5337875,
153846341905000,3,9.667157,-0.600598,1.53484,
153846362993000,3,9.668241,-0.62160546,1.5195763,
153846381761000,3,9.671011,-0.63956106,1.494289,
153846400713000,3,9.669886,-0.6520602,1.4961697,
153846420732000,3,9.667845,-0.66620296,1.5031048,
153846441118000,3,9.667739,-0.6768261,1.49904,
153846460741000,3,9.669096,-0.67675096,1.4902927,
153846480730000,3,9.670153,-0.6768053,1.4834085,
153846501146000,3,9.671187,-0.67627287,1.4768802,
153846522173000,3,9.672445,-0.6727017,1.4702687,
153846543047000,3,9.671982,-0.6672221,1.4758033,
153846561754000,3,9.671489,-0.66138154,1.4816365,
153846580888000,3,9.672789,-0.6550389,1.4759666,
153846600877000,3,9.674468,-0.6442226,1.4697043,
153846621568000,3,9.674857,-0.63061816,1.4730408,
153846640947000,3,9.672518,-0.621537,1.4921459,
153846660936000,3,9.667659,-0.61691964,1.5251755,
153846681322000,3,9.661987,-0.6207795,1.5591841,
153846702287000,3,9.657568,-0.63890964,1.5791093,
153846723222000,3,9.653417,-0.65641165,1.5972096,
153846741716000,3,9.647791,-0.67355686,1.6238378,
153846761247000,3,9.639478,-0.6992954,1.6618823,
153846781084000,3,9.636877,-0.72961515,1.6639196,
153846801561000,3,9.64339,-0.7541414,1.6145316,
153846821092000,3,9.647771,-0.7772487,1.5769557,
153846841112000,3,9.645066,-0.8064882,1.5788229,
153846861864000,3,9.637563,-0.823874,1.6152391,
153846882402000,3,9.630587,-0.83036685,1.6530806,
153846904558000,3,9.627592,-0.83103114,1.6700977,
153846921983000,3,9.627845,-0.82489806,1.6716882,
153846941240000,3,9.626245,-0.8161919,1.6851337,
153846961198000,3,9.62,-0.8069453,1.7247827,
153846981554000,3,9.608703,-0.7942735,1.7923075,
153847001299000,3,9.596339,-0.7760969,1.8650297,
153847021227000,3,9.587411,-0.75418144,1.9191508,
153847041765000,3,9.58201,-0.7266797,1.9563732,
153847062700000,3,9.57636,-0.69276834,1.9959447,
153847084764000,3,9.569577,-0.6558435,2.0404522,
153847103044000,3,9.570633,-0.6292194,2.043888,
153847121355000,3,9.574893,-0.6161273,2.027857,
153847141344000,3,9.57974,-0.6082906,2.007231,
153847161790000,3,9.580425,-0.6011676,2.0061035,
153847181535000,3,9.57852,-0.5969918,2.0164223,
153847201463000,3,9.57741,-0.59537387,2.0221627,
153847221849000,3,9.577349,-0.5917203,2.0235217,
153847242815000,3,9.579126,-0.5882488,2.016108,
153847263841000,3,9.578507,-0.58525604,2.0199163,
153847282457000,3,9.575799,-0.58463734,2.0328994,
153847301592000,3,9.5738325,-0.5834008,2.042491,
153847321611000,3,9.573919,-0.57748604,2.0437663,
153847342332000,3,9.573113,-0.57206106,2.04906,
153847361620000,3,9.573137,-0.5674609,2.050228,
153847381639000,3,9.574721,-0.5672361,2.0428748,
153847402055000,3,9.576648,-0.5708429,2.0328243,
153847423021000,3,9.579615,-0.5693693,2.0192046,
153847445024000,3,9.587931,-0.561656,1.9815468,
153847462450000,3,9.59894,-0.5571961,1.9288048,
153847481676000,3,9.608525,-0.56168056,1.8791324,
153847501726000,3,9.611348,-0.57342184,1.8610581,
153847522264000,3,9.6068945,-0.58751494,1.8795731,
153847541795000,3,9.600927,-0.5997858,1.9059985,
153847561815000,3,9.5981865,-0.61161125,1.9160224,
153847582506000,3,9.598106,-0.61693275,1.9147198,
153847603471000,3,9.598699,-0.6181381,1.9113586,
153847624193000,3,9.59617,-0.61886257,1.9237761,
153847642778000,3,9.592367,-0.61870563,1.9427053,
153847662004000,3,9.591365,-0.61446697,1.9489918,
153847682054000,3,9.596991,-0.6068512,1.9235104,
153847702348000,3,9.606833,-0.60209817,1.8752652,
153847721941000,3,9.615229,-0.5976207,1.8332015,
153847741960000,3,9.619457,-0.5900588,1.8133568,
153847762560000,3,9.624257,-0.5800202,1.7909944,
153847842058000,3,9.645405,-0.5976333,1.6671444,
153847862108000,3,9.642047,-0.6005039,1.6854464,
153847882494000,3,9.638938,-0.60350424,1.7020729,
153847902177000,3,9.637795,-0.6117451,1.7055897,
153847922136000,3,9.635776,-0.6187892,1.7144454,
153847942552000,3,9.632298,-0.61707306,1.7344787,
153847963518000,3,9.627807,-0.61096275,1.7613816,
153847985521000,3,9.624077,-0.59589463,1.786744,
153848003099000,3,9.6238985,-0.5930562,1.7886505,
153848027025000,3,9.617817,-0.5743062,1.8270568,
153848042192000,3,9.616244,-0.5715768,1.8361765,
153848063371000,3,9.611822,-0.5701728,1.8596193,
153848082231000,3,9.607042,-0.5623346,1.8865056,
153848102281000,3,9.599476,-0.5424392,1.9303359,
153848122697000,3,9.592856,-0.5123346,1.9710459,
153848143724000,3,9.592352,-0.5105854,1.9739541,
153848164598000,3,9.601966,-0.544149,1.9174294,
153848183061000,3,9.617081,-0.57822806,1.8297044,
153848202379000,3,9.633073,-0.5955115,1.7377237,
153848222429000,3,9.646027,-0.5908017,1.6659862,
153848242937000,3,9.655175,-0.5714739,1.6190803,
153848262468000,3,9.661686,-0.55509704,1.5855885,
153848282457000,3,9.666662,-0.5517606,1.5561466,
153848303178000,3,9.669757,-0.5639301,1.5323718,
153848323900000,3,9.669255,-0.5716408,1.532688,
153848344865000,3,9.666256,-0.5698799,1.5521365,
153848363298000,3,9.664008,-0.5633388,1.5684385,
153848382585000,3,9.663564,-0.560273,1.5722718,
153848402605000,3,9.66688,-0.5634335,1.5505992,
153848422960000,3,9.671222,-0.56363225,1.5232167,
153848442644000,3,9.671954,-0.558788,1.5203458,
153848462663000,3,9.668166,-0.54844874,1.5479443,
153848483202000,3,9.661451,-0.5347738,1.5939801,
153848504015000,3,9.65465,-0.52256113,1.638623,
153848525011000,3,9.650881,-0.5191487,1.6617347,
153848543840000,3,9.650157,-0.51795155,1.6663127,
153848562730000,3,9.649592,-0.5125202,1.6712545,
153848582689000,3,9.645964,-0.5017881,1.6952871,
153848603319000,3,9.639969,-0.4907041,1.7322301,
153848622789000,3,9.635696,-0.48255965,1.7580881,
153848642839000,3,9.633771,-0.47549513,1.7705262,
153848663194000,3,9.634258,-0.4630074,1.7711788,
153848684099000,3,9.637595,-0.44220865,1.7582906,
153848705217000,3,9.642275,-0.4150129,1.7391698,
153848723802000,3,9.643486,-0.38652533,1.7390187,
153848742937000,3,9.6397915,-0.35312897,1.7663842,
153848762926000,3,9.634713,-0.32281187,1.7995839,
153848783647000,3,9.631257,-0.3000225,1.8218867,
153848923296000,3,9.627654,-0.2919754,1.8421254,
153848943285000,3,9.628364,-0.28541738,1.8394423,
153848963701000,3,9.626592,-0.27516398,1.8502421,
153848983232000,3,9.623622,-0.25600657,1.8683524,
153849003252000,3,9.6191025,-0.2286866,1.8949864,
153849024431000,3,9.611406,-0.19559476,1.9372702,
153849044634000,3,9.606146,-0.17555004,1.9650793,
153849065599000,3,9.601103,-0.15174569,1.9915363,
153849084062000,3,9.59636,-0.13579905,2.0153987,
153849103349000,3,9.591946,-0.12234511,2.0371516,
153849123399000,3,9.589638,-0.1119225,2.0485926,
153849143785000,3,9.588143,-0.108807586,2.055739,
153849163408000,3,9.585324,-0.106581725,2.068959,
153849183458000,3,9.581908,-0.10512714,2.0848012,
153849203966000,3,9.579048,-0.108339965,2.0977366,
153849224840000,3,9.579708,-0.1114616,2.0945535,
153849245805000,3,9.5812435,-0.11366262,2.0873976,
153849264543000,3,9.581968,-0.11511721,2.0839937,
153849283464000,3,9.582359,-0.11604075,2.082139,
153849303514000,3,9.5841675,-0.116384156,2.0737805,
153849323869000,3,9.585483,-0.11447657,2.0678058,
153849348039000,3,9.586849,-0.11057372,2.0616655,
153849363573000,3,9.587587,-0.106563605,2.0584445,
153849383928000,3,9.590805,-0.10012071,2.0437226,
153849404985000,3,9.596538,-0.09482962,2.016895,
153849426958000,3,9.603412,-0.09421704,1.9839313,
153849444536000,3,9.608969,-0.095633045,1.9567794,
153849463609000,3,9.613295,-0.09467472,1.9354552,
153849483629000,3,9.61588,-0.09251667,1.9226767,
153849504381000,3,9.618883,-0.08520722,1.9079326,
153849523668000,3,9.621906,-0.07167846,1.8931887,
153849543687000,3,9.622423,-0.05632862,1.8910909,
153849564043000,3,9.621803,-0.044498485,1.8945459,
153849585039000,3,9.621254,-0.04069792,1.8974221,
153849606035000,3,9.622232,-0.041905835,1.8924265,
153849624498000,3,9.623159,-0.045619305,1.8876196,
153849643785000,3,9.624295,-0.050429918,1.8816955,
153849663805000,3,9.6269245,-0.06067542,1.8678898,
153849684251000,3,9.630147,-0.0735539,1.8507454,
153849703874000,3,9.632256,-0.084206514,1.8392788,
153849723894000,3,9.633514,-0.09008388,1.832401,
153849744646000,3,9.635484,-0.09383213,1.8218238,
153849765154000,3,9.639454,-0.09747224,1.8005046,
153849786211000,3,9.644805,-0.10123773,1.7714038,
153849804735000,3,9.648767,-0.10305297,1.7495872,
153849823961000,3,9.652173,-0.105427586,1.7305647,
153849844011000,3,9.655323,-0.10634645,1.712843,
153849864305000,3,9.658369,-0.10701602,1.69554,
153849883989000,3,9.662112,-0.109582365,1.6739018,
153849904070000,3,9.665929,-0.116439104,1.6512566,
153849924577000,3,9.669321,-0.12076982,1.6309596,
153849945787000,3,9.673054,-0.12207565,1.6085687,
153849967363000,3,9.677451,-0.11943302,1.5821097,
153849985704000,3,9.680937,-0.1096075,1.5613538,
153850004167000,3,9.681733,-0.100799926,1.5570033,
153850104662000,3,9.669251,-0.04267039,1.6352834,
153850125719000,3,9.666476,-0.040225334,1.6516736,
153850147661000,3,9.663642,-0.0416504,1.6681381,
153850165270000,3,9.661797,-0.045820378,1.6786876,
153850184312000,3,9.660702,-0.05464549,1.6847163,
153850204424000,3,9.659805,-0.05747662,1.6897441,
153850225084000,3,9.6585655,-0.059970193,1.6967403,
153850244463000,3,9.658868,-0.061277475,1.694967,
153850264482000,3,9.660492,-0.062245443,1.6856422,
153850284898000,3,9.66288,-0.062452365,1.6718978,
153850305742000,3,9.663855,-0.06749416,1.6660569,
153850326707000,3,9.664695,-0.074323125,1.6608906,
153850345232000,3,9.66682,-0.07786241,1.6483055,
153850364458000,3,9.6684,-0.080028355,1.6389061,
153850384477000,3,9.669386,-0.083522335,1.6329049,
153850404985000,3,9.671223,-0.08765549,1.6217762,
153850424516000,3,9.674503,-0.09472996,1.6016839,
153850444566000,3,9.678307,-0.10871201,1.5776503,
153850465318000,3,9.6817255,-0.124012455,1.5553719,
153850485918000,3,9.683981,-0.1361632,1.5402503,
153850506883000,3,9.685286,-0.14329378,1.5313749,
153850525407000,3,9.685601,-0.14826515,1.5289018,
153850544664000,3,9.685443,-0.15071167,1.5296689,
153850564684000,3,9.685258,-0.15000527,1.5309093,
153850585100000,3,9.684165,-0.14837241,1.5379604,
153850604784000,3,9.683104,-0.14772885,1.5446924,
153850624712000,3,9.682777,-0.1469412,1.5468223,
153850645311000,3,9.682677,-0.14884587,1.5472543,
153850666185000,3,9.682105,-0.14980565,1.5507448,
153850688219000,3,9.681169,-0.15004823,1.5565509,
153850705919000,3,9.680264,-0.15069705,1.5621043,
153850724870000,3,9.679873,-0.15121582,1.5644788,
153850744920000,3,9.6801605,-0.15068945,1.562748,
153850765184000,3,9.680116,-0.15135464,1.5629654,
153850784837000,3,9.679692,-0.1464917,1.5660508,
153850804857000,3,9.6796,-0.13075082,1.5680063,
153850825243000,3,9.678828,-0.11403292,1.5740666,
153850846239000,3,9.67662,-0.10225509,1.5883845,
153850867235000,3,9.675604,-0.08680121,1.5954809,
153850885820000,3,9.675447,-0.0692109,1.5972844,
153850904985000,3,9.6727085,-0.05837328,1.6142133,
153850924974000,3,9.667547,-0.0528589,1.6450297,
