153829607805000,3,261.28003,-4.8020625,85.452255,
153829626238000,3,261.30942,-4.8110023,85.746346,
153829644579000,3,261.33304,-4.830088,85.745865,
153831488664000,3,260.71857,-1.3082862,89.06614,
153831525926000,3,260.75247,-1.2153628,89.131096,
153831548326000,3,260.75122,-1.1416017,89.17222,
153831565996000,3,260.74243,-1.0797564,89.20706,
153831589281000,3,260.70734,-1.0282582,89.255516,
153831608690000,3,260.71152,-0.99101424,89.28632,
153831626054000,3,260.7412,-0.9367578,89.30549,
153831646227000,3,260.7548,-0.83574426,89.33012,
153831668504000,3,260.7563,-0.69774157,89.4196,
153831686113000,3,260.75217,-0.5637934,89.49822,
153831706102000,3,260.7337,-0.4217253,89.575966,
153831729326000,3,260.67938,-0.18966445,89.77245,
153831746294000,3,260.67938,-0.18966445,89.77245,
153831768449000,3,260.6793,-0.13580479,89.83745,
153831788835000,3,260.67163,-0.089267194,89.8998,
153831806169000,3,260.6579,-0.0698148,89.95739,
153831826219000,3,260.62646,-179.91783,89.93734,
153831848528000,3,260.6258,-179.93369,89.947105,
153831866106000,3,260.66028,-179.89719,89.861,
153831886125000,3,260.67908,-179.88747,89.797966,
153831908586000,3,260.69128,-179.89697,89.77038,
153831926134000,3,260.6945,-179.90907,89.78059,
153831949419000,3,260.67957,-179.90881,89.78458,
153831969225000,3,260.6602,-179.90271,89.75228,
153831986253000,3,260.68225,-179.90053,89.701515,
153832006212000,3,260.68542,-179.91498,89.65456,
153832028490000,3,260.68552,-179.94926,89.62585,
153832046312000,3,260.6844,-179.98221,89.61844,
153832066393000,3,260.66534,179.99304,89.60872,
153832088670000,3,260.64667,179.97498,89.57972,
153832106401000,3,260.67438,179.95921,89.53366,
153832129655000,3,260.67654,179.94337,89.468124,
153832149217000,3,260.68622,179.94418,89.40572,
153832166338000,3,260.67468,179.95476,89.33774,
153832186357000,3,260.67035,179.98456,89.25151,
153832209032000,3,260.68106,-179.9907,89.16639,
153832226396000,3,260.7007,-179.98439,89.12693,
153832246416000,3,260.70175,-179.98996,89.106804,
153832268816000,3,260.69116,-179.99155,89.07815,
153832286516000,3,260.6844,179.99728,89.0441,
153832309831000,3,260.6845,179.97888,89.02902,
153832329363000,3,260.68896,179.96375,89.02435,
153832346880000,3,260.68347,179.95941,89.009544,
153832366777000,3,260.70178,179.96884,88.95628,
153832389207000,3,260.70215,179.96817,88.89527,
153832406725000,3,260.68964,179.96887,88.88556,
153832426775000,3,260.68262,179.96724,88.91268,
153832449358000,3,260.66754,179.97128,88.921814,
153832466753000,3,260.67218,179.97328,88.90323,
153832490099000,3,260.67154,179.98772,88.87293,
153832509416000,3,260.68628,179.99623,88.86097,
153832526750000,3,260.69104,179.99788,88.85351,
153832546739000,3,260.6821,-179.99487,88.833595,
153832569017000,3,260.6778,-179.98216,88.81551,
153832586778000,3,260.67548,-179.97798,88.7905,
153832606767000,3,260.6732,-179.98161,88.75271,
153832629320000,3,260.67703,179.997,88.71447,
153832646867000,3,260.70325,179.95671,88.72472,
153832669176000,3,260.68777,179.90404,88.77911,
153832690447000,3,260.68402,179.8439,88.83453,
153832706895000,3,260.66187,179.80484,88.865326,
153832726946000,3,260.64224,179.74756,88.878586,
153832749254000,3,260.6198,179.68869,88.812035,
153832766924000,3,260.60986,179.64093,88.71258,
153832786943000,3,260.59467,179.5931,88.618095,
153832809282000,3,260.57764,179.54489,88.582985,
153832826982000,3,260.54465,179.52704,88.58974,
153832850298000,3,260.53534,179.52629,88.552765,
153832869859000,3,260.54803,179.52623,88.47661,
153832887041000,3,260.5544,179.52429,88.41102,
153832907060000,3,260.55276,179.5133,88.34613,
153832929704000,3,260.5421,179.48427,88.30086,
153832947099000,3,260.53882,179.45049,88.265144,
153832967149000,3,260.52155,179.39996,88.24812,
153832989458000,3,260.4958,179.3472,88.25517,
153833007158000,3,260.4676,179.3013,88.24273,
153833030443000,3,260.43295,179.27592,88.18748,
153833049883000,3,260.42392,179.26866,88.12875,
153833067247000,3,260.43417,179.26192,88.0753,
153833087267000,3,260.43256,179.24164,88.04018,
153833109636000,3,260.4118,179.22618,88.00529,
153833127275000,3,260.42255,179.21466,87.96638,
153833147264000,3,260.41464,179.19724,87.920364,
153833170000000,3,260.41574,179.17111,87.88015,
153833187303000,3,260.40356,179.14836,87.87311,
153833210619000,3,260.3763,179.12471,87.87884,
153833230089000,3,260.35037,179.10168,87.869934,
153833247392000,3,260.337,179.06912,87.82719,
153833267442000,3,260.31033,179.01324,87.813614,
153833289720000,3,260.29132,178.95184,87.95903,
153833307420000,3,260.27454,178.91655,88.1627,
153833327440000,3,260.2887,178.91052,88.4318,
153833349931000,3,260.29337,178.9327,88.61625,
153833367509000,3,260.29333,178.95612,88.64616,
153833390825000,3,260.3108,179.01273,88.586006,
153833410570000,3,260.37222,179.02922,88.53661,
153833427568000,3,260.3973,179.03107,88.51999,
153833447588000,3,260.41855,179.03285,88.48419,
153833469926000,3,260.46866,179.0444,88.330536,
153833487627000,3,260.46854,179.05717,88.14284,
153833507677000,3,260.52325,179.05118,87.955376,
153833530046000,3,260.60928,179.03639,87.88509,
153833547716000,3,260.59357,179.05705,87.996216,
153833569994000,3,260.70984,179.157,88.24564,
153833590501000,3,260.79745,179.27255,88.45197,
153833710252000,3,261.0268,179.7123,88.97369,
153833727892000,3,260.94824,179.75226,89.021576,
153833750291000,3,260.99573,179.80878,89.07866,
153833770616000,3,260.99976,179.85103,89.13887,
153833787889000,3,260.9414,179.90065,89.214645,
153833807909000,3,260.94113,179.97069,89.277824,
153833830370000,3,260.98282,-179.94751,89.34268,
153833847948000,3,260.9548,-179.91759,89.37664,
153833867998000,3,260.98285,-179.91884,89.33079,
153833890733000,3,261.06403,-179.97495,89.118965,
153833908006000,3,261.05344,179.95166,88.883514,
153833931352000,3,261.1903,179.84254,88.59808,
153833950792000,3,261.2243,179.769,88.444016,
153833968065000,3,261.17172,179.71497,88.349556,
153833988084000,3,261.21228,179.66434,88.28974,
153834010423000,3,261.3046,179.63692,88.310356,
153834028185000,3,261.2381,179.64635,88.3561,
153834048143000,3,261.25983,179.67499,88.37841,
153834070634000,3,261.35165,179.7092,88.41323,
153834088182000,3,261.30447,179.73653,88.42921,
153834111528000,3,261.42834,179.81053,88.39378,
153834131303000,3,261.4996,179.87827,88.34582,
153834148241000,3,261.49896,179.9339,88.31981,
153834168260000,3,261.58115,179.99567,88.24406,
153834190569000,3,261.74133,-179.96796,88.012535,
153834213060000,3,261.88068,-179.93814,87.70225,
153834228349000,3,261.76974,-179.93004,87.486946,
153834250719000,3,262.0064,-179.92554,87.22283,
153834268327000,3,261.99908,-179.92065,87.09161,
153834291673000,3,262.2322,-179.8664,86.98252,
153834311235000,3,262.27576,-179.7835,86.94508,
153834328447000,3,262.16846,-179.67142,86.95886,
153834348436000,3,262.23907,-179.48816,87.03085,
153834371050000,3,262.46292,-179.22755,87.19024,
153834388475000,3,262.51575,-179.01552,87.33129,
153834408464000,3,262.78278,-178.76173,87.4916,
153834430833000,3,263.1986,-178.48735,87.755844,
153834448503000,3,263.3093,-178.31511,88.082054,
153834471849000,3,263.74744,-178.05118,88.55601,
153834491319000,3,263.68103,-177.86844,89.18036,
153834508592000,3,262.8224,-177.73093,89.76925,
153834528612000,3,262.61536,-2.3800406,89.697525,
153834551286000,3,262.74728,-2.4714847,89.35113,
153834568712000,3,262.6573,-2.502207,89.20209,
153834588731000,3,262.6735,-2.5346134,89.20582,
153834611864000,3,262.9721,-2.563585,89.42583,
153834628740000,3,262.83093,-2.5350492,89.44912,
153834650896000,3,262.94775,-2.5332494,89.158295,
153834671495000,3,262.98615,-2.5329332,88.77955,
153834688799000,3,262.88574,-2.5018651,88.488815,
153834708849000,3,262.88702,-2.4298782,88.32957,
153834731126000,3,263.0053,-2.3518898,88.29029,
153834748888000,3,262.96863,-2.295479,88.32465,
153834768877000,3,262.99152,-2.2440348,88.46327,
153834791338000,3,263.09955,-2.2020726,88.78318,
153834808946000,3,263.07233,-2.1649594,89.11286,
153834831072000,3,263.22174,-2.1315465,89.48569,
153834852159000,3,263.372,-2.169086,89.681114,
153834868944000,3,263.2871,-2.232635,89.71225,
153834888963000,3,263.35126,-2.3510678,89.73249,
153834911333000,3,263.53735,-2.5154533,89.68684,
153834928972000,3,263.482,-2.6716573,89.55529,
153834948991000,3,263.54938,-2.845766,89.36009,
153834971361000,3,263.7397,-3.0433547,89.14886,
153834989030000,3,263.74414,-3.1489515,88.97375,
153835011369000,3,264.02472,-3.1722524,88.76293,
153835031908000,3,264.09192,-3.1373262,88.71368,
153835049120000,3,263.9223,-3.0662956,88.705605,
153835069109000,3,263.89432,-3.031308,88.771164,
153835091783000,3,264.0371,-2.9900892,89.13221,
153835109178000,3,263.92636,-2.9531205,89.660225,
153835129167000,3,264.35577,-177.07207,89.60301,
153835151567000,3,265.5779,-177.11313,88.764824,
153835169267000,3,266.2615,-177.18156,88.18922,
153835192583000,3,266.46973,-177.24583,87.464455,
153835211961000,3,266.45563,-177.3104,86.81606,
153835229295000,3,266.37036,-177.35628,86.36713,
153835249315000,3,265.8242,-177.37746,86.10151,
153835271745000,3,266.70612,-177.35764,86.21458,
153835289354000,3,266.67157,-177.31952,86.57482,
153835309343000,3,266.75772,-177.23721,87.16552,
153835332048000,3,266.9694,-177.1221,87.762955,
153835349382000,3,266.8571,-177.05557,88.015236,
153835372728000,3,266.98474,-176.96811,88.11245,
153835392137000,3,267.11725,-176.92964,87.9718,
153835409441000,3,267.03015,-176.93509,87.716156,
153835429491000,3,267.09616,-176.95284,87.2217,
153835451799000,3,267.2521,-176.96811,86.47101,
153835469560000,3,267.21326,-176.98685,85.86319,
153835489519000,3,267.22946,-177.00166,85.09759,
153835512102000,3,267.31683,-177.01576,84.219635,
153835529649000,3,267.23547,-177.03024,83.57559,
153835552904000,3,267.43387,-176.98093,82.93603,
153835573106000,3,267.3094,-176.85435,82.88992,
153835589616000,3,267.6733,-176.78578,83.13756,
153835609697000,3,267.87836,-176.67816,83.70039,
153835632036000,3,268.07416,-176.57088,84.48256,
153835649767000,3,268.0101,-176.52505,85.19524,
153835669756000,3,267.92212,-176.50499,85.94359,
153835692186000,3,267.70636,-176.54027,86.5585,
153835709795000,3,267.50143,-176.63788,86.79508,
153835732042000,3,267.22403,-176.78442,86.79251,
153835752611000,3,266.919,-176.96898,86.58477,
153835769823000,3,266.64175,-177.16096,86.28843,
153835850176000,3,265.19345,-178.04776,83.74318,
153835872453000,3,265.00427,-178.27704,82.78631,
153835890184000,3,264.69452,-178.52122,81.89875,
153835912431000,3,264.36865,-178.71997,81.39595,
153835932878000,3,264.04755,-178.99481,80.9914,
153835950212000,3,263.85626,-179.20392,80.8759,
153835970110000,3,263.7799,-179.34543,80.95488,
153835992540000,3,263.72394,-179.50786,81.33751,
153836010149000,3,263.65067,-179.63785,81.81228,
153836030138000,3,263.62726,-179.8166,82.4949,
153836052843000,3,263.59277,179.9858,83.45328,
153836070116000,3,263.61694,179.85226,84.34058,
153836093401000,3,263.66354,179.78319,85.681984,
153836112871000,3,263.61304,179.78098,86.86416,
153836130144000,3,263.6421,179.76738,87.806145,
153836150163000,3,263.3884,179.74072,88.49816,
153836172624000,3,263.26834,179.74432,88.51863,
153836190233000,3,263.33453,179.818,88.093285,
153836210374000,3,263.48843,179.97404,87.40328,
153836232896000,3,263.68958,-179.8912,86.58638,
153836250414000,3,263.79538,-179.90477,86.16567,
153836272569000,3,263.79944,179.9904,85.83335,
153836293382000,3,263.71655,179.78926,85.68408,
153836310320000,3,263.60495,179.58746,85.66471,
153836330339000,3,263.46576,179.39177,85.68054,
153836352922000,3,263.36664,179.25433,85.64578,
153836370439000,3,263.34268,179.20898,85.60025,
153836390459000,3,263.31418,179.18074,85.51355,
153836412889000,3,263.23508,179.18285,85.33861,
153836430528000,3,263.20526,179.23712,85.23656,
153836453844000,3,263.25897,179.37952,85.221085,
153836473344000,3,263.4445,179.49603,85.35752,
153836490587000,3,263.45435,179.55473,85.534096,
153836510545000,3,263.47968,179.611,85.728966,
153836533617000,3,263.41757,179.60397,85.85593,
153836550584000,3,263.42993,179.56067,85.86889,
153836570573000,3,263.42926,179.5502,85.89254,
153836592912000,3,263.42868,179.57289,85.91852,
153836610643000,3,263.41968,179.57005,85.83909,
153836633897000,3,263.3884,179.55547,85.61774,
153836653368000,3,263.37228,179.51509,85.41055,
153836670671000,3,263.35782,179.4778,85.224884,
153836690691000,3,263.32004,179.4183,85.1475,
153836713121000,3,263.2962,179.36401,85.25337,
153836730730000,3,263.2421,179.27403,85.2785,
153836750841000,3,263.273,179.18115,84.83034,
153836773485000,3,263.22223,179.12485,84.65351,
153836790788000,3,263.1922,179.13203,84.36891,
153836813097000,3,263.2072,179.16551,84.04482,
153836833513000,3,263.31195,179.26181,83.73097,
153836850847000,3,263.37405,179.33882,83.49203,
153836870897000,3,263.37146,179.32399,83.19907,
153836893175000,3,263.28284,179.22836,82.99384,
153836910905000,3,263.19324,179.12239,82.8488,
153836930925000,3,263.06873,179.01427,82.60235,
153836953508000,3,262.8902,178.86824,82.36051,
153836970964000,3,262.79062,178.73819,82.21938,
153836993303000,3,262.55637,178.52058,82.25817,
153837014024000,3,262.33868,178.26027,82.43723,
153837030992000,3,262.0974,178.05472,82.602585,
153837051225000,3,261.7481,177.80675,82.85153,
153837073412000,3,261.32794,177.5621,83.25291,
153837091051000,3,261.04126,177.40831,83.66887,
153837111101000,3,260.7482,177.2473,84.20851,
153837133440000,3,260.43323,177.08273,84.74837,
153837151262000,3,260.2542,176.9793,85.224976,
153837173448000,3,259.9935,176.84404,85.815285,
153837194048000,3,259.7916,176.71669,86.23925,
153837211168000,3,259.70505,176.63902,86.5485,
153837231554000,3,259.55325,176.54846,86.87742,
153837259691000,3,259.5526,176.53539,87.09127,
153837271257000,3,259.61316,176.52452,87.09894,
153837291246000,3,259.46112,176.50424,87.00231,
153837313585000,3,259.55103,176.51532,86.95423,
153837331316000,3,259.63477,176.51233,86.859955,
153837354601000,3,259.57474,176.48656,86.722595,
153837374101000,3,259.55145,176.4894,86.547905,
153837391374000,3,259.53412,176.53183,86.27594,
153837411394000,3,259.6139,176.6222,85.84829,
153837433794000,3,259.6964,176.70995,85.33463,
153837451463000,3,259.9127,176.77512,84.936455,
153837471544000,3,260.01166,176.80754,84.42817,
153837494768000,3,259.92746,176.79736,83.75781,
153837511491000,3,260.04095,176.75037,83.460846,
153837534837000,3,260.06497,176.68552,83.03174,
153837554216000,3,260.199,176.63548,82.82007,
153837571550000,3,260.2001,176.58736,82.67685,
153837592210000,3,260.10278,176.53716,82.55407,
153837613908000,3,259.87592,176.47711,82.44463,
153837631639000,3,259.75195,176.45648,82.4155,
153837674272000,3,259.63263,176.45572,82.23497,
153837691881000,3,259.67523,176.49306,82.03605,
153837715166000,3,259.6386,176.55466,81.67412,
153837734911000,3,259.65277,176.56879,81.3588,
153837751909000,3,259.7985,176.55865,81.14329,
153837771776000,3,259.99222,176.55302,80.95915,
153837794115000,3,260.2265,176.55986,80.82186,
153837811815000,3,260.44916,176.55478,80.77417,
153837831834000,3,260.49817,176.55368,80.83292,
153837854173000,3,260.44406,176.55624,80.971405,
153837871935000,3,260.35736,176.54388,81.06252,
153837895189000,3,260.29578,176.4941,81.12581,
153837914720000,3,260.23422,176.44493,81.18395,
153837931902000,3,260.09668,176.3806,81.262085,
153837951952000,3,259.79437,176.27538,81.33104,
153837974626000,3,259.36856,176.15556,81.43415,
153837991991000,3,259.09833,176.08414,81.43887,
153838011949000,3,258.82678,175.98935,81.37359,
153838034288000,3,258.5637,175.88937,81.31987,
153838052049000,3,258.45724,175.81244,81.28078,
153838074358000,3,258.2648,175.72499,81.20143,
153838094804000,3,258.2013,175.68346,81.10027,
153838112047000,3,258.2797,175.68509,81.04514,
153838132097000,3,258.409,175.73196,80.98726,
153838154558000,3,258.4807,175.7777,80.845634,
153838172105000,3,258.7035,175.8199,80.70949,
153838192155000,3,259.00256,175.897,80.57292,
153838214891000,3,259.4246,176.01843,80.384575,
153838232225000,3,259.8014,176.12253,80.2578,
153838255449000,3,260.18546,176.27037,80.09913,
153838274889000,3,260.51215,176.40775,79.94851,
153838292223000,3,260.75983,176.51332,79.86121,
153838312273000,3,261.22565,176.6577,79.86815,
153838334551000,3,261.75095,176.81139,79.865746,
153838352342000,3,262.06482,176.90344,79.91605,
153838372453000,3,262.49994,177.0157,79.919495,
153838394884000,3,262.7541,177.11534,79.868095,
153838412309000,3,262.9413,177.21861,79.79013,
153838435655000,3,263.6562,177.40466,79.39901,
153838455888000,3,264.07562,177.52205,78.70745,
153838472398000,3,263.61633,177.51332,78.25467,
153838492418000,3,263.37067,177.43289,77.6791,
153838517748000,3,263.11954,177.2227,77.02997,
153838533189000,3,262.83972,177.09753,76.7152,
153838553362000,3,262.47235,176.95029,76.403824,
153838573564000,3,262.07715,176.8106,76.22461,
153838594530000,3,261.46973,176.60689,76.1873,
153838616472000,3,260.6786,176.33961,76.25965,
153838634111000,3,260.21805,176.1807,76.35696,
153838653490000,3,259.82016,176.05887,76.49927,
153838733354000,3,259.61984,175.97182,77.2384,
153838753893000,3,259.56085,175.97157,77.27279,
153838774919000,3,259.42035,175.88014,77.41523,
153838796892000,3,259.1661,175.79924,77.645424,
153838814348000,3,259.2401,175.7908,77.90857,
153838833665000,3,259.5982,175.845,78.08669,
153838853655000,3,260.07385,175.94821,78.043106,
153838874223000,3,260.44272,176.04382,77.86254,
153838893694000,3,260.6895,176.1106,77.63884,
153838913683000,3,260.9239,176.17133,77.37526,
153838934496000,3,261.27893,176.27068,77.04741,
153838955003000,3,261.7185,176.42278,76.72594,
153838976976000,3,262.19595,176.58792,76.35336,
153838994402000,3,262.3077,176.68314,76.04124,
153839013658000,3,262.4065,176.75583,75.7682,
153839033647000,3,262.46475,176.80255,75.5436,
153839054094000,3,262.4292,176.80699,75.35492,
153839073625000,3,262.3218,176.78851,75.19231,
153839093614000,3,262.20123,176.75626,75.04747,
153839114214000,3,262.00946,176.6939,74.96139,
153839135088000,3,261.7507,176.60185,74.953766,
153839156053000,3,261.51776,176.51923,75.03261,
153839174852000,3,261.27948,176.42409,75.16705,
153839193742000,3,260.97803,176.28073,75.33338,
153839213762000,3,260.88904,176.17287,75.59699,
153839234117000,3,261.03973,176.08537,75.820076,
153839254106000,3,261.31488,176.04903,75.75795,
153839273821000,3,261.7351,176.03749,75.24077,
153839294237000,3,262.07544,175.97275,74.56324,
153839315233000,3,262.01523,175.76581,73.67742,
153839336015000,3,262.11035,175.6358,72.98732,
153839354845000,3,262.74927,175.79758,72.63667,
153839373918000,3,263.28543,176.01814,72.545876,
153839393999000,3,263.67776,176.17482,72.63115,
153839415178000,3,264.98105,176.3403,72.73003,
153839434007000,3,264.51022,176.49432,72.677704,
153839454179000,3,265.81003,176.95863,72.676544,
153839474657000,3,267.25848,177.56735,72.70037,
153839495592000,3,268.84164,178.29988,72.6215,
153839516466000,3,269.9807,179.19548,72.40516,
153839534959000,3,269.7445,-179.94135,72.38404,
153839554155000,3,266.4944,-179.15842,72.54443,
153839574144000,3,269.73087,-178.64267,72.62572,
153839594652000,3,270.3166,-177.99347,73.13915,
153839614153000,3,271.4535,-177.08081,74.63411,
153839634081000,3,273.33994,-176.16844,76.62147,
153839654863000,3,274.85764,-175.51927,78.1534,
153839675554000,3,275.41498,-175.2727,78.529594,
153839696489000,3,275.7471,-175.15707,78.36963,
153839715074000,3,275.90994,-175.05579,78.16991,
153839734331000,3,276.1678,-175.00127,77.84247,
153839754320000,3,276.53894,-174.9786,77.43939,
153839774706000,3,277.32623,-174.80379,77.30388,
153839794328000,3,278.331,-174.49365,77.64743,
153839814409000,3,279.27325,-174.20055,78.15311,
153839834917000,3,279.55746,-174.07425,78.18444,
153839855730000,3,279.81134,-173.97005,77.851685,
153839877672000,3,280.3281,-173.80466,77.56836,
153839895525000,3,280.5263,-173.65881,77.40665,
153839914476000,3,280.88846,-173.5208,77.15654,
153839934526000,3,281.12152,-173.44565,76.823105,
153839954790000,3,281.09122,-173.43529,76.46221,
153839974443000,3,280.87326,-173.41592,76.43719,
153839994493000,3,280.22614,-173.48477,76.74965,
153840014909000,3,279.23355,-173.66687,77.0346,
153840035967000,3,277.85443,-173.93524,77.252075,
153840057878000,3,276.55957,-174.19508,77.69059,
153840075487000,3,275.68488,-174.38489,78.17838,
153840094652000,3,275.01276,-174.54736,78.65822,
153840114641000,3,274.87842,-174.58456,79.13018,
153840135393000,3,275.401,-174.45102,79.557785,
153840154710000,3,276.1328,-174.25774,79.8292,
153840174669000,3,276.94495,-174.06601,79.87851,
153840195116000,3,277.55408,-173.92412,79.79392,
153840216081000,3,277.74295,-173.88574,79.78962,
153840238023000,3,277.59293,-173.92546,79.885376,
153840255479000,3,277.2135,-173.99825,79.98985,
153840274858000,3,276.67856,-174.11368,80.00543,
153840294725000,3,276.01178,-174.27394,79.909004,
153840315355000,3,275.2661,-174.47421,79.747025,
153840334886000,3,274.63605,-174.66425,79.61573,
153840354906000,3,274.14545,-174.8476,79.52632,
153840376054000,3,273.9204,-174.94084,79.34534,
153840396227000,3,273.80792,-174.93362,79.27347,
153840418291000,3,273.7742,-174.88173,79.20839,
153840435716000,3,273.63287,-174.87741,79.10731,
153840455003000,3,273.62918,-174.88425,78.9014,
153840475053000,3,273.72125,-174.8897,78.6583,
153840495378000,3,273.85052,-174.91335,78.392334,
153840515062000,3,273.86148,-174.95216,78.18622,
153840535082000,3,273.6508,-175.01984,78.16768,
153840555559000,3,273.2363,-175.12378,78.3173,
153840576402000,3,272.67062,-175.25522,78.562,
153840597368000,3,272.2284,-175.36697,78.87169,
153840616228000,3,272.06033,-175.41719,79.15387,
153840635118000,3,271.97348,-175.44861,79.4034,
153840655168000,3,271.95963,-175.47496,79.58408,
153840675523000,3,271.96002,-175.48378,79.72274,
153840735826000,3,271.7785,-175.48929,80.512276,
153840756700000,3,271.4358,-175.54628,80.68886,
153840777666000,3,271.22977,-175.6022,80.82435,
153840796312000,3,271.13086,-175.6412,81.08119,
153840815385000,3,271.0121,-175.6884,81.428535,
153840835374000,3,270.91806,-175.73875,81.73479,
153840856004000,3,270.80542,-175.79285,81.928535,
153840875383000,3,270.58438,-175.88884,81.99826,
153840895403000,3,270.31213,-175.985,81.95927,
153840915788000,3,270.00934,-176.06711,81.86746,
153840936815000,3,269.79816,-176.12529,81.731575,
153840957689000,3,269.65195,-176.15573,81.5962,
153840976274000,3,269.6632,-176.16061,81.48269,
153840995470000,3,269.77457,-176.13617,81.36701,
153841015520000,3,269.9107,-176.08594,81.25756,
153841036028000,3,270.0407,-176.02872,81.11206,
153841055528000,3,270.10754,-175.99268,80.90237,
153841075609000,3,270.15237,-175.96544,80.66605,
153841096330000,3,270.16168,-175.95409,80.40486,
153841116930000,3,270.1306,-175.96786,80.23364,
153841137926000,3,270.04822,-176.00475,80.31054,
153841156419000,3,269.91168,-176.06026,80.54306,
153841175615000,3,269.6081,-176.16864,80.83865,
153841195757000,3,269.19608,-176.31198,81.118706,
153841216051000,3,268.696,-176.48851,81.40367,
153841235704000,3,268.21808,-176.6896,81.66574,
153841255724000,3,267.7197,-176.92564,81.91431,
153841276292000,3,267.11188,-177.24385,82.19808,
153841297075000,3,266.6272,-177.57437,82.33356,
153841319170000,3,266.24173,-177.86266,82.36032,
153841337389000,3,266.09393,-178.0628,82.30113,
153841355852000,3,265.88098,-178.15804,82.35592,
153841375810000,3,265.68427,-178.28491,82.499435,
153841396227000,3,265.43875,-178.43803,82.55097,
153841415880000,3,265.29062,-178.55078,82.430046,
153841435930000,3,265.2827,-178.63434,82.26574,
153841456316000,3,265.3019,-178.7217,82.1298,
153841477312000,3,265.38,-178.80295,82.17392,
153841499254000,3,265.68027,-178.87346,82.36783,
153841516893000,3,265.8491,-178.97658,82.61263,
153841536058000,3,265.72687,-179.26752,82.979576,
153841556017000,3,265.72186,-179.59683,83.42506,
153841576738000,3,266.2998,-179.87389,84.53703,
153841596056000,3,266.65598,-179.88797,85.95807,
153841616106000,3,266.80154,-179.85062,87.28897,
153841636491000,3,267.01825,-179.84854,88.283966,
153841657457000,3,266.7063,179.94751,88.45746,
153841679460000,3,265.9203,179.69281,87.772644,
153841776384000,3,265.8118,-179.52461,85.32625,
153841796434000,3,265.88556,-179.37927,87.149284,
153841817064000,3,265.7688,-179.17357,88.08544,
153841837633000,3,265.60822,-179.09119,87.5167,
153841859728000,3,265.61987,-179.25075,86.11654,
153841877123000,3,264.99847,-179.60446,84.92416,
153841896349000,3,264.9745,179.94063,83.680504,
153841916368000,3,265.1375,179.60072,82.82524,
153841936693000,3,265.5808,179.50032,82.59407,
153841956438000,3,265.57294,179.64655,82.94763,
153841976457000,3,265.08557,179.89111,83.52328,
153841996965000,3,264.58765,-179.96457,83.98432,
153842017839000,3,263.95178,-179.9899,84.04412,
153842038744000,3,263.26703,179.89879,83.72594,
153842057603000,3,262.16425,179.61284,83.30523,
153842076555000,3,261.28152,179.17175,83.023506,
153842096513000,3,260.22906,178.59744,83.1348,
153842116899000,3,259.13507,177.97859,83.72025,
153842136522000,3,258.08643,177.40979,84.57667,
153842156633000,3,256.9848,176.80608,85.547905,
153842177385000,3,255.7215,176.19829,86.52983,
153842198015000,3,256.67072,175.84517,87.34238,
153842218980000,3,257.9999,175.68552,88.075226,
153842237535000,3,259.01978,175.6199,88.703445,
153842297899000,3,260.71097,4.143104,88.96816,
153842316759000,3,260.68246,3.9450853,88.33741,
153842336809000,3,260.571,3.680167,87.49714,
153842357469000,3,260.50125,3.4657378,86.87286,
153842378191000,3,260.47516,3.349306,86.44086,
153842399126000,3,260.38754,3.410163,86.11516,
153842417589000,3,260.29407,3.5579443,85.86369,
153842436876000,3,260.13547,3.7014956,85.72318,
153842456926000,3,260.0892,3.8203135,85.618004,
153842477464000,3,260.09918,3.9060102,85.50158,
153842496965000,3,260.10693,3.9717333,85.49151,
153842516954000,3,260.03073,4.073029,85.75179,
153842537737000,3,260.03906,4.1796355,86.269135,
153842558336000,3,260.12274,4.296621,86.79117,
153842579301000,3,260.32504,4.555958,87.09843,
153842597826000,3,260.47473,4.959643,87.09414,
153842617082000,3,260.43616,5.4520936,87.11827,
153842637041000,3,260.24478,5.9806776,87.38255,
153842657396000,3,260.08307,6.467756,87.95752,
153842677110000,3,260.08563,6.8171215,88.379555,
153842697160000,3,260.05157,7.089568,88.51523,
153842717607000,3,259.90997,7.310944,88.385216,
153842738512000,3,259.74542,7.616021,88.19972,
153842759538000,3,259.7136,7.982341,87.98498,
153842778337000,3,259.7662,8.150342,87.84206,
153842797228000,3,259.63187,8.283619,87.76464,
153842817247000,3,259.5577,8.352764,87.789345,
153842837633000,3,259.56113,8.253221,87.884796,
153842857286000,3,259.69357,7.9421816,87.98728,
153842877336000,3,259.8496,7.5227685,87.87629,
153842897691000,3,259.79114,7.36177,87.48132,
153842918657000,3,259.71054,7.3677773,87.21899,
153842939684000,3,259.72046,7.4040565,87.37415,
153842958208000,3,259.981,7.4543586,87.80106,
153842977373000,3,260.42633,7.5966115,87.73895,
153842997362000,3,260.27313,7.85982,87.36953,
153843018053000,3,259.68484,8.25328,87.13031,
153843037492000,3,259.21967,8.733639,87.33979,
153843057512000,3,258.7139,9.306987,87.8264,
153843077928000,3,258.32544,9.832742,88.81847,
153843098863000,3,258.90604,10.258807,89.40646,
153843119829000,3,259.70505,10.521557,88.67686,
153843138292000,3,259.89807,10.539243,87.39653,
153843157579000,3,259.7213,10.455678,86.4995,
153843177477000,3,259.58472,10.298149,86.63859,
153843198015000,3,259.6996,10.110271,87.44084,
153843217607000,3,259.7309,9.863176,88.24976,
153843237627000,3,259.5977,9.491402,89.096054,
153843258836000,3,259.9021,8.989756,89.23362,
153843279314000,3,259.997,8.688679,88.634094,
153843306291000,3,259.96185,8.254235,87.28742,
153843318498000,3,259.88983,8.131357,86.71532,
153843337755000,3,259.7662,8.059847,86.09357,
153843357713000,3,259.72058,8.111113,85.79024,
153843378160000,3,259.77264,8.198963,85.65171,
153843397783000,3,259.8211,8.153635,85.68852,
153843417833000,3,259.89056,7.8337574,85.97904,
153843438371000,3,260.01956,7.626427,86.35043,
153843459245000,3,260.10803,7.572162,86.65306,
153843480241000,3,260.1399,7.5605884,86.87821,
153843498979000,3,260.19458,7.3995914,87.00024,
153843517961000,3,260.06116,7.109171,87.01938,
153843537889000,3,259.9584,6.7167425,87.085724,
153843558305000,3,259.94928,6.206324,87.33785,
153843577959000,3,260.06073,5.7327724,87.768875,
153843597978000,3,260.19226,5.23828,88.28637,
153843618364000,3,260.3446,4.780018,88.88582,
153843639360000,3,260.48956,4.4426217,89.47663,
153843660326000,3,260.6729,4.225285,89.88935,
153843678880000,3,260.67523,175.90736,89.914,
153843698412000,3,260.56787,175.99187,89.79665,
153843718095000,3,260.38303,175.98851,89.713524,
153843738847000,3,260.14523,175.96071,89.61442,
153843778246000,3,259.76553,175.80478,89.51693,
153843798692000,3,259.72778,175.69626,89.586334,
153843820146000,3,260.20837,175.58775,89.941185,
153843840624000,3,260.38364,4.642365,89.75536,
153843858995000,3,260.175,4.7516155,89.58707,
153843878282000,3,260.16107,4.868281,89.4485,
153843898271000,3,259.91266,4.905931,89.403244,
153843918779000,3,259.76727,4.831949,89.3825,
153843938371000,3,259.6494,4.725047,89.57058,
153843958330000,3,259.54285,175.3743,89.92966,
153843979021000,3,258.9043,175.50964,89.28552,
153843999681000,3,258.33496,175.66872,88.6428,
153844020738000,3,258.11807,175.9535,88.22058,
153844039079000,3,258.3478,176.22867,88.11917,
153844058366000,3,258.4961,176.4316,88.08913,
153844078416000,3,258.5443,176.50964,88.01046,
153844098833000,3,258.11877,176.41191,87.71883,
153844118456000,3,257.22675,176.2297,87.22913,
153844138536000,3,256.1513,176.0237,86.60025,
153844159013000,3,255.31375,175.81656,85.95148,
153844179918000,3,254.55841,175.64005,85.47752,
153844200884000,3,254.09154,175.54628,85.31283,
153844220110000,3,254.0896,175.56657,85.5154,
153844238573000,3,254.5292,175.67786,85.88216,
153844258592000,3,255.45552,175.89688,86.53403,
153844279039000,3,256.72787,176.19604,87.25696,
153844298723000,3,257.92297,176.49228,87.966286,
153844318651000,3,258.90723,176.74158,88.55574,
153844339067000,3,259.6029,176.91484,88.9936,
153844360063000,3,260.08612,176.9663,89.33443,
153844380998000,3,260.359,176.9082,89.5816,
153844399614000,3,260.42523,176.79955,89.7474,
153844418779000,3,260.39673,176.64684,89.84187,
153844438768000,3,260.3434,176.45479,89.89879,
153844459489000,3,260.1847,176.23201,89.8827,
153844478807000,3,259.99707,176.05879,89.77429,
153844498827000,3,259.71634,175.95575,89.54589,
153844519273000,3,259.34,175.94225,89.20597,
153844540208000,3,258.70187,175.93924,88.68591,
153844561174000,3,257.84555,175.94322,88.0171,
153844579607000,3,257.01117,175.94508,87.379,
153844598924000,3,255.99615,175.9075,86.69281,
153844618944000,3,255.32507,175.77928,86.00061,
153844639452000,3,254.79343,175.57562,85.4043,
153844658983000,3,253.94066,175.2994,84.9911,
153844679033000,3,253.07454,175.041,84.677986,
153844699785000,3,252.54184,174.85603,84.5417,
153844720476000,3,252.34012,174.70868,84.51974,
153844741411000,3,252.33366,174.52791,84.59015,
153844759905000,3,252.51599,174.3595,84.74142,
153844779070000,3,253.03174,174.20216,85.06189,
153844799120000,3,253.90887,174.09091,85.50356,
153844819505000,3,254.77585,174.03801,85.929794,
153844839250000,3,255.626,174.07631,86.29614,
153844859178000,3,256.61694,174.20546,86.66171,
153844879655000,3,257.938,174.36697,87.134346,
153844900591000,3,259.4133,174.49013,87.72966,
153844921526000,3,261.2218,174.50604,88.430405,
153844940355000,3,262.36917,174.34903,89.080696,
153844959276000,3,263.15823,174.1576,89.75313,
153845039415000,3,262.11224,5.9792557,85.864655,
153845059862000,3,261.80768,5.9631343,85.20939,
153845080858000,3,261.62018,5.7831483,84.96155,
153845101823000,3,259.99115,5.4822664,85.35737,
153845120531000,3,260.20996,5.2055354,85.91738,
153845139665000,3,260.39978,4.9989877,86.47,
153845159532000,3,261.73203,4.8466334,86.94292,
153845180803000,3,262.48444,4.516232,87.33119,
153845199632000,3,262.08292,4.3598723,87.56227,
153845219621000,3,262.08316,4.2418027,88.03649,
153845240068000,3,260.6928,4.264393,88.836494,
153845260973000,3,260.67456,175.84892,89.88159,
153845281877000,3,260.31387,176.12402,88.600174,
153845300371000,3,258.71826,176.40671,87.5681,
153845319688000,3,258.6708,176.64223,86.66023,
153845339677000,3,258.93762,176.82014,86.03476,
153845360124000,3,259.1914,176.98041,85.73735,
153845379717000,3,259.42902,177.14165,85.74645,
153845399706000,3,259.59485,177.29504,85.95039,
153845420457000,3,259.7339,177.4288,86.15005,
153845441118000,3,259.9224,177.54254,86.43195,
153845462083000,3,260.19623,177.66223,86.89296,
153845480547000,3,260.4061,177.78304,87.39914,
153845499803000,3,260.7168,177.92232,88.09093,
153845519823000,3,261.00864,177.99553,88.894455,
153845540239000,3,261.90137,178.01343,89.774826,
153845559892000,3,261.98712,1.9782484,89.309456,
153845579912000,3,261.80487,2.0020645,88.50458,
153845600450000,3,261.7457,2.0241222,87.887215,
153845621294000,3,261.75223,2.0771947,87.49228,
153845643205000,3,261.83292,2.2064676,87.28558,
153845661058000,3,261.83252,2.3350513,87.1337,
153845679979000,3,261.83588,2.4834983,86.8808,
153845699999000,3,261.813,2.6684113,86.641884,
153845720384000,3,261.81775,2.886178,86.44988,
153845739977000,3,261.43915,3.10255,86.27305,
153845760057000,3,261.76102,3.3128312,86.10799,
153845780473000,3,261.7427,3.4816422,85.83305,
153845801439000,3,261.69052,3.6575809,85.45118,
153845823503000,3,261.6249,3.8309324,85.09333,
153845840990000,3,261.52057,3.9137821,84.79801,
153845860185000,3,261.44696,3.9617407,84.43247,
153845880205000,3,261.40396,3.972423,84.12202,
153845900896000,3,261.38806,3.9737995,83.84475,
153845920213000,3,261.37793,3.9781177,83.5584,
153845940263000,3,261.37628,3.9764867,83.15921,
153845960771000,3,261.3727,3.935247,82.69706,
153845981615000,3,261.3576,3.873184,82.19842,
153846003648000,3,261.30283,3.808447,81.7593,
153846021074000,3,261.2628,3.744632,81.527405,
153846040331000,3,261.24387,3.6539383,81.32904,
153846066209000,3,261.26657,3.5403247,81.072296,
153846080827000,3,261.29056,3.4950337,80.927345,
153846100450000,3,261.32605,3.4340086,80.74956,
153846120378000,3,261.3501,3.375728,80.58904,
153846141618000,3,261.39838,3.3227172,80.495804,
153846161729000,3,261.38315,3.2850492,80.45379,
153846182665000,3,261.37595,3.2418466,80.398994,
153846201189000,3,261.32986,3.2013872,80.36174,
153846220506000,3,261.2978,3.1449363,80.35829,
153846240495000,3,261.226,3.1291587,80.43243,
153846260881000,3,261.24316,3.1487806,80.70897,
153846280565000,3,261.30524,3.172155,80.86913,
153846300554000,3,261.3617,3.2028973,80.91476,
153846322038000,3,261.30713,3.3544564,80.98627,
153846341905000,3,261.29456,3.5112174,80.97853,
153846362993000,3,261.20352,3.634193,81.06778,
153846381761000,3,261.1688,3.7393174,81.21657,
153846400713000,3,261.1316,3.8125029,81.20467,
153846420732000,3,261.09558,3.8953202,81.16271,
153846441118000,3,261.06036,3.957532,81.18614,
153846460741000,3,261.08102,3.9570918,81.23798,
153846480730000,3,261.10767,3.9574103,81.27877,
153846501146000,3,261.1059,3.954292,81.31748,
153846522173000,3,261.07437,3.933378,81.35687,
153846543047000,3,261.05798,3.901288,81.32442,
153846561754000,3,261.08,3.8670857,81.290215,
153846580888000,3,261.10443,3.8299448,81.32418,
153846600877000,3,261.11932,3.766611,81.361916,
153846621568000,3,261.23596,3.6869578,81.34294,
153846640947000,3,261.3167,3.6337926,81.23031,
153846660936000,3,261.29883,3.6067612,81.034874,
153846681322000,3,261.26776,3.6293576,80.83304,
153846702287000,3,261.1981,3.735503,80.71374,
153846723222000,3,261.13452,3.8379831,80.605225,
153846741716000,3,261.09726,3.9383857,80.44599,
153846761247000,3,261.047,4.089134,80.218155,
153846781084000,3,260.95667,4.2667503,80.2038,
153846801561000,3,260.9879,4.410458,80.49548,
153846821092000,3,261.11035,4.5458775,80.716934,
153846841112000,3,261.1911,4.7172704,80.70357,
153846861864000,3,261.12872,4.8191996,80.48575,
153846882402000,3,261.02118,4.8572702,80.260155,
153846904558000,3,260.95236,4.8611655,80.158844,
153846921983000,3,260.915,4.8252044,80.14991,
153846941240000,3,260.9558,4.7741594,80.07063,
153846961198000,3,260.9721,4.7199497,79.835365,
153846981554000,3,260.86548,4.645666,79.43406,
153847001299000,3,260.76624,4.5391264,79.00178,
153847021227000,3,260.72577,4.4106927,78.68048,
153847041765000,3,260.71,4.2495527,78.46044,
153847062700000,3,260.7463,4.0509033,78.22672,
153847084764000,3,260.80368,3.8346565,77.963486,
153847103044000,3,260.8464,3.6787689,77.9451,
153847121355000,3,260.92413,3.6021228,78.04208,
153847141344000,3,260.99405,3.5562472,78.166084,
153847161790000,3,260.97284,3.5145516,78.17337,
153847181535000,3,260.90955,3.4901085,78.11196,
153847201463000,3,260.83203,3.480638,78.07774,
153847221849000,3,260.79993,3.4592526,78.06989,
153847242815000,3,260.8446,3.4389336,78.114494,
153847263841000,3,260.83786,3.421417,78.091934,
153847282457000,3,260.80878,3.4177957,78.01431,
153847301592000,3,260.8712,3.410558,77.95701,
153847321611000,3,260.7149,3.37594,77.949814,
153847342332000,3,260.71802,3.3441901,77.918526,
153847361620000,3,260.73596,3.3172677,77.91187,
153847381639000,3,260.7492,3.3159525,77.955894,
153847402055000,3,260.76447,3.337061,78.01578,
153847423021000,3,260.72897,3.3284369,78.09734,
153847445024000,3,260.6726,3.283296,78.32303,
153847462450000,3,260.7397,3.2571964,78.63833,
153847481676000,3,260.82297,3.2834396,78.93437,
153847501726000,3,260.85138,3.352154,79.04136,
153847522264000,3,260.81958,3.4346383,78.93001,
153847541795000,3,260.73306,3.506463,78.7715,
153847561815000,3,260.7442,3.575686,78.71082,
153847582506000,3,260.59076,3.606838,78.7182,
153847603471000,3,260.58383,3.6138942,78.73818,
153847624193000,3,260.61795,3.6181357,78.663994,
153847642778000,3,260.6287,3.617217,78.550964,
153847662004000,3,260.62115,3.5924034,78.513725,
153847682054000,3,260.60223,3.5478215,78.666466,
153847702348000,3,260.62183,3.5199986,78.95469,
153847721941000,3,260.66827,3.49379,79.20576,
153847741960000,3,260.67908,3.4495277,79.32449,
153847762560000,3,260.67566,3.390772,79.45831,
153847842058000,3,260.7656,3.4938636,80.19369,
153847862108000,3,260.74902,3.5106664,80.08478,
153847882494000,3,260.7079,3.5282292,79.98577,
153847902177000,3,260.69632,3.5764697,79.96434,
153847922136000,3,260.7273,3.6177063,79.911224,
153847942552000,3,260.75278,3.6076593,79.7922,
153847963518000,3,260.74594,3.5718894,79.63254,
153847985521000,3,260.72437,3.4836864,79.482574,
153848003099000,3,260.72424,3.4670722,79.47142,
153848027025000,3,260.72302,3.35733,79.24393,
153848042192000,3,260.72742,3.3413558,79.189766,
153848063371000,3,260.77457,3.333139,79.05015,
153848082231000,3,260.74338,3.2872677,78.89036,
153848102281000,3,260.71457,3.1708431,78.630165,
153848122697000,3,260.72073,2.9947004,78.38902,
153848143724000,3,260.81497,2.984467,78.371765,
153848164598000,3,260.8077,3.1808476,78.70707,
153848183061000,3,260.79248,3.380283,79.22789,
153848202379000,3,260.77136,3.4814436,79.77431,
153848222429000,3,260.79688,3.4538763,80.20099,
153848242937000,3,260.835,3.3407538,80.48062,
153848262468000,3,260.86465,3.244913,80.680214,
153848282457000,3,260.89502,3.2253888,80.85494,
153848303178000,3,260.9603,3.2966044,80.995186,
153848323900000,3,260.9884,3.3417306,80.9929,
153848344865000,3,260.982,3.331425,80.87773,
153848363298000,3,260.90268,3.2931445,80.781456,
153848382585000,3,260.87122,3.2752028,80.758896,
153848402605000,3,260.89102,3.2936988,80.8872,
153848422960000,3,260.91736,3.2948618,81.049446,
153848442644000,3,260.94952,3.2665126,81.06671,
153848462663000,3,260.95276,3.2060082,80.903725,
153848483202000,3,260.963,3.12599,80.63154,
153848504015000,3,260.9235,3.0545328,80.36734,
153848525011000,3,260.902,3.0345674,80.23034,
153848543840000,3,260.90704,3.0275633,80.203224,
153848562730000,3,260.92114,2.9957864,80.17417,
153848582689000,3,260.93573,2.9329996,80.03201,
153848603319000,3,260.95593,2.8681576,79.813095,
153848622789000,3,260.95923,2.8205147,79.6598,
153848642839000,3,260.96298,2.7791905,79.5862,
153848663194000,3,260.971,2.7061467,79.58296,
153848684099000,3,260.96304,2.5844996,79.66063,
153848705217000,3,260.9796,2.4254553,79.775536,
153848723802000,3,261.0492,2.258876,79.777664,
153848742937000,3,261.0979,2.0636175,79.61638,
153848762926000,3,261.1173,1.8863832,79.420135,
153848783647000,3,261.15332,1.7531682,79.28827,
153848923296000,3,261.12485,1.7061311,79.16812,
153848943285000,3,261.1395,1.6677989,79.1843,
153848963701000,3,261.15277,1.6078684,79.12036,
153848983232000,3,261.14978,1.4958994,79.01314,
153849003252000,3,261.17447,1.3362325,78.85531,
153849024431000,3,261.2288,1.1428467,78.60418,
153849044634000,3,261.2166,1.0257136,78.43881,
153849065599000,3,261.29227,0.8866162,78.28144,
153849084062000,3,261.3227,0.7934372,78.13929,
153849103349000,3,261.32422,0.7148252,78.0096,
153849123399000,3,261.32965,0.65392625,77.94141,
153849143785000,3,261.34692,0.63572603,77.89874,
153849163408000,3,261.34286,0.6227206,77.81977,
153849183458000,3,261.3197,0.61422163,77.72508,
153849203966000,3,261.29266,0.6329938,77.64767,
153849224840000,3,261.24414,0.6512333,77.666664,
153849245805000,3,261.22314,0.6640937,77.70943,
153849264543000,3,261.22833,0.6725927,77.72977,
153849283464000,3,261.23547,0.67798895,77.74084,
153849303514000,3,261.23956,0.6799954,77.7908,
153849323869000,3,261.24606,0.6688495,77.82655,
153849348039000,3,261.253,0.64604545,77.863304,
153849363573000,3,261.2525,0.62261474,77.882614,
153849383928000,3,261.2424,0.58496976,77.97066,
153849404985000,3,261.27094,0.5540548,78.13094,
153849426958000,3,261.32925,0.55047566,78.32769,
153849444536000,3,261.3529,0.5587491,78.489624,
153849463609000,3,261.35715,0.55314976,78.61675,
153849483629000,3,261.34763,0.54054064,78.69293,
153849504381000,3,261.31815,0.49783313,78.780846,
153849523668000,3,261.32303,0.41878825,78.868774,
153849543687000,3,261.3434,0.32910424,78.881386,
153849564043000,3,261.37994,0.2599852,78.86088,
153849585039000,3,261.37772,0.23778008,78.84377,
153849606035000,3,261.3673,0.24483742,78.87351,
153849624498000,3,261.36774,0.26653373,78.902115,
153849643785000,3,261.3647,0.2946403,78.937355,
153849663805000,3,261.36743,0.35450104,79.01947,
153849684251000,3,261.36826,0.42974588,79.12139,
153849703874000,3,261.3631,0.49198627,79.18951,
153849723894000,3,261.33545,0.5263264,79.23036,
153849744646000,3,261.31467,0.5482267,79.29322,
153849765154000,3,261.30328,0.5694952,79.41993,
153849786211000,3,261.29834,0.59149635,79.59281,
153849804735000,3,261.32034,0.6021025,79.722374,
153849823961000,3,261.34512,0.6159771,79.83528,
153849844011000,3,261.33945,0.62134594,79.94045,
153849864305000,3,261.32526,0.6252582,80.043106,
153849883989000,3,261.33356,0.64025307,80.17142,
153849904070000,3,261.34467,0.6803165,80.305595,
153849924577000,3,261.33875,0.70562077,80.425835,
153849945787000,3,261.3318,0.7132507,80.55847,
153849967363000,3,261.3357,0.6978099,80.71519,
153849985704000,3,261.3438,0.64039993,80.83816,
153850004167000,3,261.37524,0.5889383,80.864,
153850104662000,3,261.4239,0.24930438,80.400856,
153850125719000,3,261.4286,0.23501894,80.303734,
153850147661000,3,261.42523,0.24334499,80.20612,
153850165270000,3,261.43155,0.26770854,80.14355,
153850184312000,3,261.40613,0.3192703,80.10774,
153850204424000,3,261.42245,0.3358116,80.07791,
153850225084000,3,261.36652,0.35038066,80.0364,
153850244463000,3,261.36523,0.35801864,80.046906,
153850264482000,3,261.35645,0.36367416,80.1022,
153850284898000,3,261.37552,0.36488312,80.183716,
153850305742000,3,261.39716,0.3943407,80.218315,
153850326707000,3,261.39276,0.43424028,80.24889,
153850345232000,3,261.38486,0.4549193,80.32346,
153850364458000,3,261.3839,0.46757433,80.37916,
153850384477000,3,261.3868,0.4879888,80.41469,
153850404985000,3,261.36664,0.51213783,80.48059,
153850424516000,3,261.38074,0.55347246,80.59954,
153850444566000,3,261.39935,0.63516766,80.74171,
153850465318000,3,261.39584,0.7245675,80.873405,
153850485918000,3,261.39218,0.795565,80.96273,
153850506883000,3,261.35748,0.83722997,81.015144,
153850525407000,3,261.35434,0.8662786,81.0297,
153850544664000,3,261.34323,0.88057417,81.02513,
153850564684000,3,261.33484,0.87644655,81.01781,
153850585100000,3,261.34113,0.86690533,80.97611,
153850604784000,3,261.3326,0.8631449,80.93629,
153850624712000,3,261.3255,0.8585425,80.9237,
153850645311000,3,261.33557,0.8696719,80.92112,
153850666185000,3,261.32602,0.8752801,80.900444,
153850688219000,3,261.33218,0.87669754,80.86608,
153850705919000,3,261.35187,0.8804887,80.8332,
153850724870000,3,261.36685,0.88352,80.819145,
153850744920000,3,261.35907,0.8804443,80.8294,
153850765184000,3,261.36688,0.88433117,80.828094,
153850784837000,3,261.34326,0.855916,80.809906,
153850804857000,3,261.25845,0.76394004,80.798546,
153850825243000,3,261.3078,0.66625726,80.76286,
153850846239000,3,261.33398,0.59744066,80.67822,
153850867235000,3,261.333,0.5071465,80.636345,
153850885820000,3,261.4027,0.40437105,80.6258,
153850904985000,3,261.50333,0.34105042,80.525604,
153850924974000,3,261.53278,0.30883193,80.34305,
